5.526481e-02 2.984456e-02
1.050014e-02 1.761694e-02
7.363265e-03 1.412664e-02
6.216479e-03 1.238998e-02
5.424659e-03 1.118413e-02
4.513545e-03 9.699319e-03
3.538758e-03 8.321404e-03
2.950603e-03 7.218103e-03
2.578864e-03 6.574797e-03
2.296767e-03 6.001407e-03
2.065524e-03 5.604139e-03
1.885525e-03 5.269655e-03
1.757827e-03 5.077817e-03
1.664500e-03 4.755414e-03
1.589326e-03 4.594762e-03
1.526735e-03 4.284389e-03
1.469096e-03 4.258288e-03
1.416734e-03 4.087786e-03
1.369797e-03 3.913833e-03
1.324584e-03 3.905201e-03
1.283984e-03 3.831298e-03
1.245984e-03 3.685927e-03
1.212037e-03 3.660593e-03
1.180322e-03 3.747096e-03
1.150880e-03 3.561787e-03
1.122973e-03 3.431871e-03
1.097368e-03 3.452363e-03
1.074685e-03 3.338822e-03
1.051901e-03 3.241145e-03
1.032721e-03 3.274644e-03
1.012091e-03 3.271946e-03
9.950671e-04 3.215388e-03
9.789053e-04 3.132000e-03
9.635694e-04 3.096045e-03
9.479746e-04 3.039324e-03
9.355619e-04 2.975728e-03
9.228358e-04 2.915723e-03
9.112451e-04 3.050844e-03
8.990546e-04 3.105905e-03
8.898974e-04 2.847671e-03
8.795387e-04 2.825868e-03
8.691654e-04 2.804875e-03
8.597402e-04 2.846811e-03
8.513321e-04 2.820176e-03
8.426267e-04 2.703206e-03
8.349781e-04 2.736371e-03
8.263385e-04 2.702809e-03
8.194404e-04 2.648195e-03
8.118593e-04 2.698077e-03
8.038762e-04 2.643969e-03
7.976408e-04 2.570316e-03
7.906995e-04 2.522679e-03
7.853526e-04 2.623732e-03
7.784779e-04 2.528152e-03
7.736549e-04 2.499924e-03
7.673705e-04 2.695341e-03
7.624320e-04 2.483200e-03
7.570585e-04 2.483837e-03
7.516862e-04 2.546284e-03
7.470456e-04 2.442970e-03
7.423507e-04 2.426237e-03
7.389978e-04 2.426174e-03
7.341478e-04 2.317610e-03
7.288997e-04 2.321364e-03
7.258542e-04 2.315030e-03
7.220023e-04 2.270956e-03
7.179025e-04 2.392683e-03
7.132915e-04 2.312411e-03
7.102420e-04 2.308945e-03
7.061772e-04 2.240184e-03
7.037896e-04 2.306419e-03
7.000845e-04 2.307404e-03
6.981572e-04 2.354970e-03
6.934389e-04 2.173303e-03
6.911519e-04 2.230273e-03
6.881759e-04 2.279949e-03
6.847772e-04 2.265766e-03
6.823849e-04 2.222644e-03
6.796360e-04 2.208068e-03
6.765072e-04 2.172074e-03
6.745062e-04 2.158314e-03
6.717073e-04 2.080558e-03
6.699072e-04 2.140142e-03
6.667612e-04 2.112073e-03
6.654056e-04 2.085848e-03
6.632001e-04 2.174971e-03
6.607255e-04 2.342072e-03
6.577062e-04 2.274711e-03
6.560508e-04 2.156195e-03
6.539636e-04 2.090727e-03
6.522594e-04 2.056342e-03
6.503554e-04 2.205305e-03
6.478003e-04 1.991678e-03
6.468894e-04 2.103892e-03
6.442345e-04 1.983290e-03
6.416376e-04 2.076485e-03
6.402306e-04 2.036450e-03
6.392642e-04 2.175078e-03
6.375758e-04 1.989891e-03
6.342400e-04 2.084100e-03
6.325903e-04 1.950443e-03
6.325176e-04 1.998587e-03
6.300899e-04 1.973884e-03
6.290816e-04 2.046863e-03
6.275590e-04 1.954443e-03
6.249204e-04 2.038406e-03
6.239356e-04 1.941538e-03
6.229592e-04 2.026340e-03
6.211670e-04 1.982293e-03
6.200994e-04 1.915101e-03
6.187138e-04 1.952512e-03
6.170067e-04 1.928807e-03
6.158983e-04 2.115283e-03
6.143671e-04 1.935875e-03
6.134364e-04 1.880012e-03
6.112806e-04 1.876825e-03
6.106411e-04 1.969595e-03
6.091516e-04 1.825051e-03
6.075616e-04 1.832304e-03
6.068215e-04 1.968878e-03
6.059783e-04 2.064874e-03
6.038578e-04 1.871637e-03
6.037112e-04 1.787673e-03
6.022464e-04 1.866303e-03
6.008305e-04 1.808268e-03
5.997503e-04 1.898048e-03
5.985561e-04 1.848323e-03
5.974839e-04 1.840771e-03
5.967692e-04 1.791654e-03
5.963176e-04 1.840109e-03
5.948346e-04 1.860412e-03
5.940344e-04 1.834787e-03
5.924524e-04 1.913789e-03
5.919808e-04 1.803759e-03
5.908585e-04 1.828868e-03
5.893081e-04 1.815115e-03
5.898245e-04 1.856373e-03
5.882077e-04 1.891925e-03
5.880572e-04 1.954896e-03
5.860607e-04 1.754759e-03
5.856714e-04 1.790437e-03
5.849099e-04 1.735599e-03
5.841424e-04 1.722423e-03
5.830090e-04 1.729254e-03
5.832067e-04 1.745060e-03
5.810122e-04 1.751407e-03
5.808668e-04 1.763537e-03
5.803966e-04 1.761761e-03
5.795491e-04 1.889958e-03
5.783686e-04 1.762362e-03
5.781285e-04 1.769713e-03
5.778273e-04 1.835230e-03
5.767011e-04 1.745963e-03
5.758888e-04 1.725998e-03
5.754283e-04 1.687910e-03
5.742512e-04 1.662432e-03
5.738878e-04 1.748211e-03
5.732031e-04 1.696377e-03
5.731620e-04 1.732540e-03
5.719378e-04 1.697453e-03
5.714608e-04 1.729731e-03
5.718561e-04 1.729670e-03
5.701116e-04 1.738369e-03
5.702171e-04 1.689417e-03
5.696333e-04 1.679878e-03
5.687821e-04 1.747474e-03
5.684381e-04 1.640097e-03
5.679281e-04 1.759159e-03
5.668038e-04 1.650378e-03
5.669241e-04 1.686011e-03
5.660912e-04 1.739364e-03
5.659373e-04 1.623536e-03
5.643583e-04 1.664714e-03
5.642408e-04 1.724216e-03
5.637154e-04 1.674074e-03
5.635231e-04 1.628147e-03
5.631567e-04 1.747887e-03
5.622945e-04 1.812607e-03
5.623353e-04 1.727987e-03
5.613078e-04 1.675052e-03
5.617679e-04 1.730624e-03
5.612893e-04 1.667710e-03
5.604547e-04 1.741395e-03
5.598634e-04 1.647756e-03
5.601180e-04 1.612235e-03
5.589841e-04 1.762244e-03
5.589821e-04 1.739475e-03
5.594464e-04 1.670173e-03
5.578167e-04 1.672380e-03
5.578171e-04 1.639757e-03
5.572596e-04 1.691115e-03
5.568094e-04 1.717320e-03
5.562449e-04 1.681985e-03
5.557012e-04 1.718783e-03
5.559380e-04 1.695963e-03
5.554049e-04 1.688561e-03
5.550551e-04 1.684938e-03
5.549983e-04 1.688327e-03
5.544496e-04 1.676870e-03
5.540536e-04 1.668337e-03
5.533928e-04 1.593787e-03
5.530091e-04 1.641439e-03
5.528016e-04 1.659418e-03
5.526908e-04 1.520831e-03
5.520219e-04 1.548424e-03
5.526417e-04 1.534807e-03
5.515676e-04 1.534307e-03
5.509596e-04 1.564205e-03
5.510862e-04 1.586480e-03
5.516149e-04 1.549636e-03
5.499381e-04 1.605985e-03
5.503577e-04 1.551914e-03
5.494947e-04 1.539876e-03
5.497636e-04 1.581845e-03
5.489232e-04 1.683921e-03
5.493797e-04 1.477326e-03
5.493202e-04 1.602039e-03
5.488862e-04 1.519528e-03
5.481227e-04 1.619862e-03
5.486056e-04 1.599583e-03
5.472448e-04 1.599623e-03
5.478753e-04 1.601809e-03
5.472451e-04 1.613939e-03
5.470450e-04 1.536659e-03
5.468454e-04 1.657131e-03
5.476226e-04 1.527609e-03
5.459798e-04 1.519540e-03
5.457984e-04 1.709778e-03
5.455785e-04 1.651649e-03
5.456077e-04 1.608324e-03
5.443800e-04 1.566976e-03
5.454170e-04 1.675236e-03
5.452159e-04 1.665096e-03
5.439904e-04 1.516409e-03
5.449865e-04 1.589813e-03
5.442184e-04 1.568581e-03
5.442267e-04 1.550138e-03
5.439878e-04 1.610767e-03
5.443524e-04 1.609509e-03
5.440718e-04 1.530110e-03
5.432692e-04 1.730476e-03
5.438401e-04 1.544590e-03
5.431028e-04 1.573250e-03
5.433553e-04 1.593507e-03
5.433156e-04 1.604348e-03
5.429856e-04 1.609037e-03
5.426311e-04 1.524155e-03
5.430652e-04 1.663418e-03
5.423148e-04 1.549609e-03
5.420152e-04 1.626755e-03
5.425298e-04 1.618914e-03
5.419855e-04 1.502064e-03
5.419097e-04 1.543006e-03
5.421208e-04 1.518092e-03
5.412300e-04 1.537625e-03
5.414172e-04 1.582573e-03
5.407924e-04 1.569860e-03
5.400949e-04 1.678428e-03
5.408964e-04 1.531087e-03
5.412278e-04 1.574615e-03
5.408350e-04 1.592227e-03
5.402972e-04 1.562706e-03
5.403343e-04 1.578080e-03
5.406191e-04 1.483803e-03
5.405194e-04 1.583998e-03
5.402162e-04 1.642375e-03
5.402707e-04 1.568133e-03
5.399708e-04 1.674925e-03
5.394411e-04 1.521031e-03
5.398813e-04 1.617122e-03
5.393517e-04 1.522972e-03
5.396023e-04 1.473652e-03
5.394359e-04 1.639504e-03
5.402819e-04 1.571800e-03
5.386839e-04 1.578407e-03
5.382602e-04 1.491819e-03
5.388149e-04 1.522034e-03
5.384455e-04 1.493739e-03
5.392486e-04 1.515660e-03
5.385982e-04 1.561963e-03
5.383621e-04 1.544897e-03
5.386787e-04 1.585557e-03
5.387037e-04 1.687321e-03
5.376986e-04 1.558787e-03
5.388437e-04 1.573009e-03
5.389879e-04 1.535661e-03
5.383529e-04 1.528991e-03
5.380812e-04 1.561640e-03
5.378821e-04 1.590660e-03
5.380232e-04 1.559438e-03
5.383147e-04 1.571989e-03
5.382007e-04 1.545765e-03
5.380686e-04 1.515537e-03
5.378800e-04 1.611175e-03
5.381306e-04 1.647309e-03
5.376605e-04 1.565777e-03
5.371561e-04 1.565743e-03
5.376351e-04 1.621643e-03
5.378228e-04 1.526607e-03
5.380605e-04 1.602698e-03
5.373755e-04 1.509058e-03
5.373546e-04 1.537079e-03
5.379685e-04 1.606596e-03
5.371747e-04 1.601074e-03
5.379385e-04 1.651418e-03
5.384024e-04 1.483535e-03
5.370599e-04 1.613310e-03
5.380519e-04 1.542929e-03
5.376318e-04 1.493039e-03
5.379884e-04 1.574149e-03
5.370585e-04 1.490442e-03
5.378840e-04 1.586677e-03
5.370979e-04 1.631279e-03
5.380246e-04 1.610674e-03
5.372012e-04 1.619616e-03
5.377858e-04 1.503803e-03
5.370862e-04 1.527776e-03
5.371114e-04 1.504540e-03
5.374216e-04 1.538970e-03
5.368135e-04 1.539958e-03
5.369338e-04 1.529991e-03
5.367069e-04 1.656461e-03
5.363932e-04 1.598220e-03
5.361534e-04 1.503302e-03
5.369956e-04 1.459148e-03
5.368500e-04 1.566949e-03
5.365751e-04 1.557484e-03
5.363973e-04 1.529673e-03
5.359165e-04 1.526940e-03
5.359178e-04 1.464432e-03
5.348928e-04 1.463320e-03
5.356474e-04 1.462624e-03
5.352228e-04 1.566319e-03
5.345733e-04 1.511061e-03
5.345275e-04 1.576807e-03
5.344971e-04 1.462719e-03
5.343955e-04 1.500130e-03
5.349647e-04 1.550626e-03
5.349161e-04 1.557767e-03
5.341143e-04 1.537177e-03
5.342639e-04 1.447367e-03
5.339734e-04 1.607080e-03
5.338139e-04 1.606481e-03
5.332785e-04 1.471044e-03
5.339731e-04 1.444270e-03
5.325460e-04 1.480599e-03
5.335456e-04 1.567967e-03
5.332798e-04 1.489080e-03
5.326622e-04 1.500808e-03
5.332053e-04 1.495550e-03
5.328786e-04 1.541412e-03
5.329678e-04 1.417624e-03
5.322006e-04 1.545389e-03
5.324433e-04 1.559838e-03
5.319419e-04 1.508433e-03
5.319569e-04 1.514059e-03
5.315935e-04 1.648162e-03
5.317466e-04 1.451476e-03
5.316767e-04 1.453030e-03
5.317553e-04 1.567209e-03
5.312647e-04 1.482753e-03
5.311611e-04 1.533974e-03
5.308877e-04 1.575802e-03
5.306428e-04 1.571807e-03
5.308792e-04 1.453251e-03
5.312478e-04 1.481405e-03
5.303252e-04 1.521770e-03
5.307438e-04 1.572543e-03
5.302196e-04 1.511659e-03
5.299260e-04 1.488231e-03
5.299317e-04 1.495692e-03
5.300877e-04 1.479251e-03
5.291056e-04 1.545421e-03
5.293172e-04 1.628769e-03
5.293312e-04 1.499831e-03
5.281634e-04 1.486470e-03
5.288490e-04 1.557394e-03
5.278905e-04 1.513078e-03
5.281626e-04 1.444870e-03
5.281822e-04 1.531608e-03
5.274359e-04 1.520111e-03
5.273568e-04 1.399352e-03
5.277438e-04 1.508305e-03
5.271867e-04 1.506465e-03
5.278392e-04 1.425950e-03
5.259205e-04 1.488752e-03
5.263290e-04 1.418497e-03
5.266738e-04 1.532610e-03
5.262165e-04 1.471605e-03
5.258828e-04 1.466711e-03
5.257860e-04 1.500670e-03
5.255304e-04 1.401743e-03
5.254379e-04 1.443506e-03
5.245906e-04 1.475245e-03
5.251933e-04 1.481382e-03
5.249020e-04 1.358622e-03
5.244801e-04 1.396179e-03
5.236071e-04 1.489084e-03
5.245466e-04 1.383458e-03
5.245591e-04 1.406135e-03
