5.537116e-01 5.175834e-01
4.803157e-01 4.552492e-01
4.270521e-01 4.091476e-01
3.871496e-01 3.739702e-01
3.565152e-01 3.467095e-01
3.327249e-01 3.254254e-01
3.140309e-01 3.085233e-01
2.991765e-01 2.949674e-01
2.871835e-01 2.839222e-01
2.773934e-01 2.748281e-01
2.692747e-01 2.672121e-01
2.624699e-01 2.608117e-01
2.566951e-01 2.553431e-01
2.517435e-01 2.506394e-01
2.474480e-01 2.465524e-01
2.436956e-01 2.429623e-01
2.403687e-01 2.397687e-01
2.374086e-01 2.369333e-01
2.347562e-01 2.343806e-01
2.323496e-01 2.320654e-01
2.301559e-01 2.299529e-01
2.281389e-01 2.280014e-01
2.262858e-01 2.262018e-01
2.245544e-01 2.245473e-01
2.229504e-01 2.229907e-01
2.214343e-01 2.215257e-01
2.199988e-01 2.201575e-01
2.186576e-01 2.188561e-01
2.173697e-01 2.176189e-01
2.161438e-01 2.164258e-01
2.149760e-01 2.152962e-01
2.138419e-01 2.142070e-01
2.127594e-01 2.131640e-01
2.117086e-01 2.121521e-01
2.106986e-01 2.111693e-01
2.097116e-01 2.102276e-01
2.087534e-01 2.093095e-01
2.078270e-01 2.084083e-01
2.069156e-01 2.075433e-01
2.060333e-01 2.066837e-01
2.051567e-01 2.058491e-01
2.043180e-01 2.050286e-01
2.034772e-01 2.042370e-01
2.026601e-01 2.034572e-01
2.018592e-01 2.026771e-01
2.010683e-01 2.019234e-01
2.002921e-01 2.011729e-01
1.995238e-01 2.004406e-01
1.987701e-01 1.997119e-01
1.980269e-01 1.990005e-01
1.972906e-01 1.983010e-01
1.965637e-01 1.975995e-01
1.958517e-01 1.969208e-01
1.951343e-01 1.962313e-01
1.944358e-01 1.955691e-01
1.937467e-01 1.948873e-01
1.930594e-01 1.942324e-01
1.923779e-01 1.935786e-01
1.917083e-01 1.929386e-01
1.910373e-01 1.923019e-01
1.903845e-01 1.916693e-01
1.897253e-01 1.910373e-01
1.890772e-01 1.904101e-01
1.884324e-01 1.897843e-01
1.877968e-01 1.891787e-01
1.871605e-01 1.885536e-01
1.865360e-01 1.879635e-01
1.859136e-01 1.873652e-01
1.852921e-01 1.867716e-01
1.846782e-01 1.861833e-01
1.840692e-01 1.855972e-01
1.834641e-01 1.850192e-01
1.828668e-01 1.844212e-01
1.822660e-01 1.838545e-01
1.816688e-01 1.832783e-01
1.810852e-01 1.827139e-01
1.804949e-01 1.821510e-01
1.799129e-01 1.815912e-01
1.793378e-01 1.810299e-01
1.787609e-01 1.804783e-01
1.781870e-01 1.799217e-01
1.776210e-01 1.793881e-01
1.770566e-01 1.788219e-01
1.764922e-01 1.782930e-01
1.759398e-01 1.777559e-01
1.753815e-01 1.772105e-01
1.748299e-01 1.766800e-01
1.742777e-01 1.761482e-01
1.737345e-01 1.756158e-01
1.731933e-01 1.750931e-01
1.726511e-01 1.745742e-01
1.721149e-01 1.740527e-01
1.715812e-01 1.735383e-01
1.710439e-01 1.730213e-01
1.705249e-01 1.725105e-01
1.699926e-01 1.719999e-01
1.694702e-01 1.714935e-01
1.689546e-01 1.709904e-01
1.684288e-01 1.704862e-01
1.679179e-01 1.699886e-01
1.674045e-01 1.694935e-01
1.668970e-01 1.689939e-01
1.663906e-01 1.685054e-01
1.658783e-01 1.680142e-01
1.653807e-01 1.675307e-01
1.648819e-01 1.670426e-01
1.643814e-01 1.665622e-01
1.638862e-01 1.660753e-01
1.633974e-01 1.656030e-01
1.629017e-01 1.651140e-01
1.624154e-01 1.646558e-01
1.619365e-01 1.641755e-01
1.614452e-01 1.637094e-01
1.609680e-01 1.632440e-01
1.604868e-01 1.627653e-01
1.600149e-01 1.623055e-01
1.595337e-01 1.618529e-01
1.590654e-01 1.613867e-01
1.585966e-01 1.609282e-01
1.581249e-01 1.604762e-01
1.576663e-01 1.600250e-01
1.571988e-01 1.595633e-01
1.567384e-01 1.591220e-01
1.562775e-01 1.586731e-01
1.558204e-01 1.582322e-01
1.553675e-01 1.577858e-01
1.549150e-01 1.573376e-01
1.544638e-01 1.569132e-01
1.540132e-01 1.564724e-01
1.535716e-01 1.560318e-01
1.531231e-01 1.555959e-01
1.526804e-01 1.551636e-01
1.522433e-01 1.547407e-01
1.518004e-01 1.543052e-01
1.513679e-01 1.538962e-01
1.509314e-01 1.534676e-01
1.505002e-01 1.530418e-01
1.500688e-01 1.526192e-01
1.496359e-01 1.521905e-01
1.492086e-01 1.517743e-01
1.487900e-01 1.513755e-01
1.483596e-01 1.509578e-01
1.479429e-01 1.505484e-01
1.475229e-01 1.501402e-01
1.471032e-01 1.497370e-01
1.466835e-01 1.493231e-01
1.462738e-01 1.489191e-01
1.458607e-01 1.485167e-01
1.454457e-01 1.481206e-01
1.450434e-01 1.477083e-01
1.446305e-01 1.473116e-01
1.442261e-01 1.469196e-01
1.438238e-01 1.465319e-01
1.434213e-01 1.461369e-01
1.430214e-01 1.457434e-01
1.426192e-01 1.453532e-01
1.422262e-01 1.449666e-01
1.418286e-01 1.445764e-01
1.414372e-01 1.441969e-01
1.410418e-01 1.438161e-01
1.406567e-01 1.434327e-01
1.402675e-01 1.430611e-01
1.398740e-01 1.426709e-01
1.394958e-01 1.422962e-01
1.391102e-01 1.419356e-01
1.387223e-01 1.415582e-01
1.383448e-01 1.411865e-01
1.379650e-01 1.408046e-01
1.375903e-01 1.404343e-01
1.372121e-01 1.400806e-01
1.368386e-01 1.397043e-01
1.364666e-01 1.393382e-01
1.360928e-01 1.389752e-01
1.357235e-01 1.386156e-01
1.353545e-01 1.382485e-01
1.349902e-01 1.378960e-01
1.346231e-01 1.375448e-01
1.342594e-01 1.371833e-01
1.338975e-01 1.368253e-01
1.335352e-01 1.364738e-01
1.331798e-01 1.361210e-01
1.328178e-01 1.357794e-01
1.324651e-01 1.354377e-01
1.321072e-01 1.350802e-01
1.317559e-01 1.347366e-01
1.314040e-01 1.343887e-01
1.310510e-01 1.340458e-01
1.306996e-01 1.337115e-01
1.303523e-01 1.333619e-01
1.300081e-01 1.330233e-01
1.296627e-01 1.326917e-01
1.293173e-01 1.323543e-01
1.289754e-01 1.320147e-01
1.286379e-01 1.316742e-01
1.282935e-01 1.313471e-01
1.279522e-01 1.310190e-01
1.276221e-01 1.306924e-01
1.272825e-01 1.303636e-01
1.269486e-01 1.300373e-01
1.266176e-01 1.297049e-01
1.262805e-01 1.293529e-01
1.259535e-01 1.290101e-01
1.256227e-01 1.286923e-01
1.252972e-01 1.283657e-01
1.249679e-01 1.280517e-01
1.246453e-01 1.277370e-01
1.243184e-01 1.274122e-01
1.239975e-01 1.271047e-01
1.236764e-01 1.267814e-01
1.233565e-01 1.264542e-01
1.230361e-01 1.261557e-01
1.227168e-01 1.258525e-01
1.224012e-01 1.255348e-01
1.220879e-01 1.252269e-01
1.217730e-01 1.249190e-01
1.214562e-01 1.246123e-01
1.211479e-01 1.243169e-01
1.208365e-01 1.240099e-01
1.205260e-01 1.236999e-01
1.202157e-01 1.233960e-01
1.199098e-01 1.231044e-01
1.196015e-01 1.227972e-01
1.193010e-01 1.224936e-01
1.189941e-01 1.222012e-01
1.186913e-01 1.219048e-01
1.183886e-01 1.215987e-01
1.180933e-01 1.213099e-01
1.177890e-01 1.210216e-01
1.174950e-01 1.207281e-01
1.171894e-01 1.204427e-01
1.169032e-01 1.201460e-01
1.166029e-01 1.198586e-01
1.163106e-01 1.195715e-01
1.160171e-01 1.192917e-01
1.157259e-01 1.190022e-01
1.154385e-01 1.187118e-01
1.151449e-01 1.184377e-01
1.148586e-01 1.181538e-01
1.145698e-01 1.178702e-01
1.142866e-01 1.175849e-01
1.139979e-01 1.173132e-01
1.137146e-01 1.170353e-01
1.134324e-01 1.167546e-01
1.131476e-01 1.164795e-01
1.128653e-01 1.162137e-01
1.125854e-01 1.159311e-01
1.123089e-01 1.156542e-01
1.120279e-01 1.153832e-01
1.117518e-01 1.151137e-01
1.114781e-01 1.148423e-01
1.111978e-01 1.145665e-01
1.109266e-01 1.142991e-01
1.106501e-01 1.140358e-01
1.103816e-01 1.137662e-01
1.101077e-01 1.134990e-01
1.098371e-01 1.132447e-01
1.095684e-01 1.129844e-01
1.093001e-01 1.127131e-01
1.090313e-01 1.124486e-01
1.087665e-01 1.121979e-01
1.084997e-01 1.119276e-01
1.082356e-01 1.116714e-01
1.079729e-01 1.114195e-01
1.077091e-01 1.111502e-01
1.074457e-01 1.109072e-01
1.071867e-01 1.106443e-01
1.069240e-01 1.103904e-01
1.066675e-01 1.101284e-01
1.064071e-01 1.098798e-01
1.061490e-01 1.096393e-01
1.058937e-01 1.093782e-01
1.056373e-01 1.091280e-01
1.053832e-01 1.088847e-01
1.051281e-01 1.086362e-01
1.048773e-01 1.083891e-01
1.046227e-01 1.081355e-01
1.043731e-01 1.078922e-01
1.041228e-01 1.076387e-01
1.038710e-01 1.074015e-01
1.036230e-01 1.071568e-01
1.033795e-01 1.069166e-01
1.031259e-01 1.066726e-01
1.028830e-01 1.064334e-01
1.026371e-01 1.061896e-01
1.023916e-01 1.059533e-01
1.021509e-01 1.057091e-01
1.019067e-01 1.054663e-01
1.016633e-01 1.052369e-01
1.014228e-01 1.050041e-01
1.011832e-01 1.047624e-01
1.009414e-01 1.045362e-01
1.007043e-01 1.043038e-01
1.004658e-01 1.040640e-01
1.002273e-01 1.038357e-01
9.999239e-02 1.035999e-01
9.975871e-02 1.033696e-01
9.952183e-02 1.031427e-01
9.928920e-02 1.029060e-01
9.905403e-02 1.026765e-01
9.882182e-02 1.024590e-01
9.858932e-02 1.022253e-01
9.836101e-02 1.020076e-01
9.812908e-02 1.017778e-01
9.790130e-02 1.015556e-01
9.767088e-02 1.013262e-01
9.744413e-02 1.010994e-01
9.721709e-02 1.008807e-01
9.699029e-02 1.006518e-01
9.676444e-02 1.004380e-01
9.654051e-02 1.002148e-01
9.631564e-02 9.999638e-02
9.609396e-02 9.977712e-02
9.587018e-02 9.955758e-02
9.564848e-02 9.934215e-02
9.542552e-02 9.912193e-02
9.520403e-02 9.890312e-02
9.498917e-02 9.868819e-02
9.476744e-02 9.847485e-02
9.455094e-02 9.825990e-02
9.432982e-02 9.805205e-02
9.411541e-02 9.783126e-02
9.389851e-02 9.761821e-02
9.368487e-02 9.740868e-02
9.346673e-02 9.719404e-02
9.325749e-02 9.698965e-02
9.303922e-02 9.677488e-02
9.282838e-02 9.656746e-02
9.261662e-02 9.636258e-02
9.240825e-02 9.615329e-02
9.219259e-02 9.594838e-02
9.198125e-02 9.573339e-02
9.177654e-02 9.553123e-02
9.156528e-02 9.532693e-02
9.135970e-02 9.512435e-02
9.115079e-02 9.491611e-02
9.094404e-02 9.471493e-02
9.073796e-02 9.451020e-02
9.053268e-02 9.430780e-02
9.032639e-02 9.410383e-02
9.012319e-02 9.390670e-02
8.991804e-02 9.370921e-02
8.971716e-02 9.350367e-02
8.951478e-02 9.331311e-02
8.931421e-02 9.311078e-02
8.910970e-02 9.291149e-02
8.891269e-02 9.272038e-02
8.870949e-02 9.251679e-02
8.851449e-02 9.232884e-02
8.831311e-02 9.212995e-02
8.811669e-02 9.193494e-02
8.791810e-02 9.174372e-02
8.771840e-02 9.154869e-02
8.752817e-02 9.135414e-02
8.732889e-02 9.116216e-02
8.713435e-02 9.096465e-02
8.694176e-02 9.078308e-02
8.674630e-02 9.058887e-02
8.655261e-02 9.040128e-02
8.636284e-02 9.021422e-02
8.617093e-02 9.002068e-02
8.597643e-02 8.983119e-02
8.578707e-02 8.965194e-02
8.559360e-02 8.946387e-02
8.540992e-02 8.927608e-02
8.521649e-02 8.909287e-02
8.503181e-02 8.890281e-02
8.483956e-02 8.871557e-02
8.465347e-02 8.853033e-02
8.446668e-02 8.835293e-02
8.428112e-02 8.816846e-02
8.409442e-02 8.798514e-02
8.391261e-02 8.780292e-02
8.372434e-02 8.762190e-02
8.354245e-02 8.744166e-02
8.335753e-02 8.726503e-02
8.317635e-02 8.708113e-02
8.299384e-02 8.689897e-02
8.281064e-02 8.672122e-02
8.263191e-02 8.654770e-02
8.244825e-02 8.636940e-02
8.227039e-02 8.618922e-02
8.209076e-02 8.601118e-02
8.190992e-02 8.583757e-02
8.173425e-02 8.566598e-02
8.155509e-02 8.549432e-02
8.137421e-02 8.531250e-02
8.120089e-02 8.513623e-02
8.102510e-02 8.496125e-02
8.085012e-02 8.479120e-02
8.067314e-02 8.462261e-02
8.049665e-02 8.445029e-02
8.032440e-02 8.427911e-02
8.015247e-02 8.409540e-02
7.997576e-02 8.393368e-02
7.980589e-02 8.376160e-02
7.963230e-02 8.359569e-02
7.945862e-02 8.342483e-02
7.929091e-02 8.325873e-02
7.911818e-02 8.309315e-02
7.894825e-02 8.292025e-02
7.877825e-02 8.272956e-02
7.860727e-02 8.255366e-02
7.844093e-02 8.238374e-02
7.827241e-02 8.221617e-02
7.810540e-02 8.205195e-02
7.793932e-02 8.188448e-02
7.777079e-02 8.172400e-02
7.760420e-02 8.155851e-02
7.743876e-02 8.139676e-02
7.727464e-02 8.123431e-02
7.710917e-02 8.107277e-02
7.694508e-02 8.090890e-02
7.678157e-02 8.074957e-02
7.661876e-02 8.058617e-02
7.645582e-02 8.042715e-02
7.629288e-02 8.026814e-02
7.613263e-02 8.010518e-02
7.596863e-02 7.995137e-02
7.580730e-02 7.979096e-02
7.564835e-02 7.963460e-02
7.549042e-02 7.948073e-02
7.532894e-02 7.931676e-02
7.517239e-02 7.916527e-02
7.500993e-02 7.900734e-02
7.485333e-02 7.885390e-02
7.469399e-02 7.869529e-02
7.454017e-02 7.854810e-02
7.438231e-02 7.838706e-02
7.422371e-02 7.823422e-02
7.406938e-02 7.808668e-02
7.391258e-02 7.792620e-02
7.375827e-02 7.777461e-02
7.360715e-02 7.762513e-02
7.344741e-02 7.747210e-02
7.329620e-02 7.732483e-02
7.314224e-02 7.717150e-02
7.299069e-02 7.701773e-02
7.283913e-02 7.686912e-02
7.268482e-02 7.671718e-02
7.253488e-02 7.656886e-02
7.238143e-02 7.642475e-02
7.223351e-02 7.627299e-02
7.208080e-02 7.612512e-02
7.193244e-02 7.597556e-02
7.178331e-02 7.583088e-02
7.163263e-02 7.568152e-02
7.148375e-02 7.553266e-02
7.133576e-02 7.539436e-02
7.118993e-02 7.524773e-02
7.104208e-02 7.510107e-02
7.089157e-02 7.495884e-02
7.074854e-02 7.481457e-02
7.060109e-02 7.467114e-02
7.045764e-02 7.452442e-02
7.030948e-02 7.438509e-02
7.016572e-02 7.424189e-02
7.002116e-02 7.410164e-02
6.987543e-02 7.395566e-02
6.973382e-02 7.381729e-02
6.958911e-02 7.367736e-02
6.944775e-02 7.353169e-02
6.930226e-02 7.339543e-02
6.916303e-02 7.325561e-02
6.901909e-02 7.311381e-02
6.887858e-02 7.297508e-02
6.873744e-02 7.283910e-02
6.859833e-02 7.270174e-02
6.845595e-02 7.256139e-02
6.831687e-02 7.242344e-02
6.817736e-02 7.228754e-02
6.803881e-02 7.214753e-02
6.789944e-02 7.201089e-02
6.776133e-02 7.187378e-02
6.762429e-02 7.174367e-02
6.748449e-02 7.160714e-02
6.734992e-02 7.147067e-02
6.721135e-02 7.133248e-02
6.707640e-02 7.119788e-02
6.693973e-02 7.106831e-02
6.680413e-02 7.093440e-02
6.666949e-02 7.080077e-02
6.653339e-02 7.067072e-02
6.640003e-02 7.053829e-02
6.626537e-02 7.040139e-02
6.613173e-02 7.027528e-02
6.599907e-02 7.013266e-02
6.586412e-02 7.000361e-02
6.573288e-02 6.987448e-02
6.559952e-02 6.974496e-02
6.546874e-02 6.961859e-02
6.533704e-02 6.948651e-02
6.520426e-02 6.935688e-02
6.507611e-02 6.923024e-02
6.494289e-02 6.909283e-02
6.481442e-02 6.897421e-02
6.468435e-02 6.884016e-02
6.455357e-02 6.871700e-02
6.442712e-02 6.858101e-02
6.429649e-02 6.845745e-02
6.416678e-02 6.832857e-02
6.404079e-02 6.820714e-02
6.391298e-02 6.808217e-02
6.378585e-02 6.795228e-02
6.365723e-02 6.783292e-02
6.353075e-02 6.770519e-02
6.340580e-02 6.757528e-02
6.327800e-02 6.745184e-02
6.315359e-02 6.732609e-02
6.302907e-02 6.720710e-02
6.290165e-02 6.708766e-02
6.277832e-02 6.695879e-02
6.265465e-02 6.683825e-02
6.252849e-02 6.671241e-02
6.240636e-02 6.658927e-02
6.228460e-02 6.646982e-02
6.215874e-02 6.634410e-02
6.203789e-02 6.622332e-02
6.191405e-02 6.609714e-02
6.179294e-02 6.598154e-02
6.167167e-02 6.585731e-02
6.154965e-02 6.573693e-02
6.142845e-02 6.562141e-02
6.130848e-02 6.549620e-02
6.118745e-02 6.537636e-02
6.106885e-02 6.526207e-02
6.094602e-02 6.513918e-02
6.082879e-02 6.502455e-02
6.070907e-02 6.490044e-02
6.059184e-02 6.478925e-02
6.047146e-02 6.466631e-02
6.035582e-02 6.454913e-02
6.023539e-02 6.443323e-02
6.011870e-02 6.431901e-02
5.999947e-02 6.419880e-02
5.988532e-02 6.408549e-02
5.976735e-02 6.396838e-02
5.964927e-02 6.385643e-02
5.953728e-02 6.373988e-02
5.941830e-02 6.363083e-02
5.930533e-02 6.351041e-02
5.918912e-02 6.339710e-02
5.907333e-02 6.328018e-02
5.895770e-02 6.316567e-02
5.884724e-02 6.305902e-02
5.872853e-02 6.293680e-02
5.861739e-02 6.282675e-02
5.850606e-02 6.271275e-02
5.839057e-02 6.260300e-02
5.827866e-02 6.249120e-02
5.816523e-02 6.237582e-02
5.805404e-02 6.226791e-02
5.794116e-02 6.215874e-02
5.782832e-02 6.204205e-02
5.771796e-02 6.193627e-02
5.760927e-02 6.182507e-02
5.749731e-02 6.171828e-02
5.738629e-02 6.160499e-02
5.727603e-02 6.149473e-02
5.716769e-02 6.138726e-02
5.705667e-02 6.127582e-02
5.694633e-02 6.116721e-02
5.683862e-02 6.106136e-02
5.672934e-02 6.094795e-02
5.662124e-02 6.084540e-02
5.651252e-02 6.073817e-02
5.640438e-02 6.063075e-02
5.629798e-02 6.051794e-02
5.618860e-02 6.042041e-02
5.608296e-02 6.030815e-02
5.597559e-02 6.020280e-02
5.587021e-02 6.009607e-02
5.576047e-02 5.999111e-02
5.565891e-02 5.988298e-02
5.555120e-02 5.977772e-02
5.544452e-02 5.967621e-02
5.534121e-02 5.956780e-02
5.523578e-02 5.946776e-02
5.512941e-02 5.936024e-02
5.502816e-02 5.925848e-02
5.492192e-02 5.915545e-02
5.481939e-02 5.905186e-02
5.471703e-02 5.894657e-02
5.460906e-02 5.884387e-02
5.451098e-02 5.874272e-02
5.440427e-02 5.864268e-02
5.430450e-02 5.854278e-02
5.420142e-02 5.843852e-02
5.409883e-02 5.833294e-02
5.399798e-02 5.823147e-02
5.389806e-02 5.813111e-02
5.379402e-02 5.802991e-02
5.369409e-02 5.792990e-02
5.359361e-02 5.782571e-02
5.349411e-02 5.772338e-02
5.339087e-02 5.763042e-02
5.329314e-02 5.753261e-02
5.319400e-02 5.743028e-02
5.309451e-02 5.732802e-02
5.299435e-02 5.722922e-02
5.289616e-02 5.713120e-02
5.279611e-02 5.700667e-02
5.269808e-02 5.690333e-02
5.260221e-02 5.680232e-02
5.250094e-02 5.670103e-02
5.240614e-02 5.660092e-02
5.230720e-02 5.650520e-02
5.221227e-02 5.641068e-02
5.211367e-02 5.631484e-02
5.201883e-02 5.621912e-02
5.192012e-02 5.612338e-02
5.182686e-02 5.602284e-02
5.172712e-02 5.593271e-02
5.163511e-02 5.583511e-02
5.153732e-02 5.574576e-02
5.144457e-02 5.564385e-02
5.134877e-02 5.554871e-02
5.125239e-02 5.545613e-02
5.116126e-02 5.536784e-02
5.106385e-02 5.526554e-02
5.097201e-02 5.517532e-02
5.087914e-02 5.508344e-02
5.078304e-02 5.498399e-02
5.069186e-02 5.489763e-02
5.059719e-02 5.480605e-02
5.050502e-02 5.471233e-02
5.041407e-02 5.462121e-02
5.032123e-02 5.452538e-02
5.022726e-02 5.443789e-02
5.013904e-02 5.434635e-02
5.004333e-02 5.425196e-02
4.995506e-02 5.416160e-02
4.986190e-02 5.406593e-02
4.977148e-02 5.397961e-02
4.968197e-02 5.388613e-02
4.958919e-02 5.380045e-02
4.950138e-02 5.371097e-02
4.941083e-02 5.362144e-02
4.931939e-02 5.353003e-02
4.923179e-02 5.344029e-02
4.914284e-02 5.335458e-02
4.905121e-02 5.326337e-02
4.896343e-02 5.317103e-02
4.887732e-02 5.308638e-02
4.878424e-02 5.299443e-02
4.869892e-02 5.290492e-02
4.861160e-02 5.282223e-02
4.852263e-02 5.273357e-02
4.843642e-02 5.264654e-02
4.834639e-02 5.255837e-02
4.825982e-02 5.247236e-02
4.817434e-02 5.238668e-02
4.808681e-02 5.230217e-02
4.800138e-02 5.221324e-02
4.791421e-02 5.212644e-02
4.782958e-02 5.204441e-02
4.774221e-02 5.195417e-02
4.765750e-02 5.187140e-02
4.756994e-02 5.178488e-02
4.748612e-02 5.170098e-02
4.740162e-02 5.161539e-02
4.731524e-02 5.153053e-02
4.723261e-02 5.144792e-02
4.714717e-02 5.136517e-02
4.706272e-02 5.127689e-02
4.697990e-02 5.119410e-02
4.689670e-02 5.110624e-02
4.681102e-02 5.102506e-02
4.672908e-02 5.094193e-02
4.664556e-02 5.085963e-02
4.656285e-02 5.077596e-02
4.648036e-02 5.069396e-02
4.639785e-02 5.060966e-02
4.631633e-02 5.052935e-02
4.623309e-02 5.044575e-02
4.615217e-02 5.036096e-02
4.607052e-02 5.028368e-02
4.598756e-02 5.020255e-02
4.590754e-02 5.011980e-02
4.582625e-02 5.003730e-02
4.574579e-02 4.995524e-02
4.566596e-02 4.987643e-02
4.558361e-02 4.979794e-02
4.550547e-02 4.971442e-02
4.542332e-02 4.963411e-02
4.534601e-02 4.955591e-02
4.526399e-02 4.947584e-02
4.518639e-02 4.939611e-02
4.510649e-02 4.931790e-02
4.502659e-02 4.924032e-02
4.494896e-02 4.915661e-02
4.486928e-02 4.908019e-02
4.479135e-02 4.900176e-02
4.471399e-02 4.892291e-02
4.463539e-02 4.884499e-02
4.455699e-02 4.876427e-02
4.447900e-02 4.868629e-02
4.440228e-02 4.861238e-02
4.432464e-02 4.853534e-02
4.424773e-02 4.845883e-02
4.417122e-02 4.837652e-02
4.409390e-02 4.830474e-02
4.401683e-02 4.822448e-02
4.394225e-02 4.814781e-02
4.386452e-02 4.807186e-02
4.379026e-02 4.799696e-02
4.371264e-02 4.791901e-02
4.363836e-02 4.784071e-02
4.356191e-02 4.776825e-02
4.348782e-02 4.768859e-02
4.341189e-02 4.761620e-02
4.333767e-02 4.753843e-02
4.326258e-02 4.746613e-02
4.318864e-02 4.739172e-02
4.311307e-02 4.731480e-02
4.304051e-02 4.724128e-02
4.296478e-02 4.716570e-02
4.289303e-02 4.708772e-02
4.281855e-02 4.701479e-02
4.274605e-02 4.694232e-02
4.267227e-02 4.686414e-02
4.259848e-02 4.679341e-02
4.252665e-02 4.672005e-02
4.245315e-02 4.664575e-02
4.238155e-02 4.657026e-02
4.231082e-02 4.650091e-02
4.223522e-02 4.642582e-02
4.216667e-02 4.635355e-02
4.209284e-02 4.628035e-02
4.202336e-02 4.620808e-02
4.195008e-02 4.613546e-02
4.187994e-02 4.606159e-02
4.180683e-02 4.599281e-02
4.173845e-02 4.591586e-02
4.166627e-02 4.584396e-02
4.159696e-02 4.577381e-02
4.152583e-02 4.570092e-02
4.145511e-02 4.563341e-02
4.138705e-02 4.555951e-02
4.131539e-02 4.548923e-02
4.124659e-02 4.542115e-02
4.117676e-02 4.534995e-02
4.110714e-02 4.528158e-02
4.103906e-02 4.520784e-02
4.096832e-02 4.513968e-02
4.090017e-02 4.507305e-02
4.083356e-02 4.500575e-02
4.076234e-02 4.493388e-02
4.069530e-02 4.486003e-02
4.062682e-02 4.479250e-02
4.055857e-02 4.472761e-02
4.049181e-02 4.465379e-02
4.042374e-02 4.458994e-02
4.035635e-02 4.451825e-02
4.028800e-02 4.445001e-02
4.022141e-02 4.438278e-02
4.015300e-02 4.431418e-02
4.008856e-02 4.424526e-02
4.002109e-02 4.417912e-02
3.995323e-02 4.411213e-02
3.988794e-02 4.404249e-02
3.982166e-02 4.397571e-02
3.975595e-02 4.391307e-02
3.968927e-02 4.384279e-02
3.962336e-02 4.377624e-02
3.955911e-02 4.370732e-02
3.949260e-02 4.364238e-02
3.942809e-02 4.357350e-02
3.936157e-02 4.351160e-02
3.929774e-02 4.344307e-02
3.923262e-02 4.337340e-02
3.916836e-02 4.331138e-02
3.910411e-02 4.324321e-02
3.903806e-02 4.317822e-02
3.897651e-02 4.311108e-02
3.891043e-02 4.304751e-02
3.884745e-02 4.298462e-02
3.878452e-02 4.291679e-02
3.871978e-02 4.285252e-02
3.865711e-02 4.279052e-02
3.859360e-02 4.272467e-02
3.853157e-02 4.266038e-02
3.846840e-02 4.259423e-02
3.840603e-02 4.253345e-02
3.834182e-02 4.247167e-02
3.827991e-02 4.240688e-02
3.821824e-02 4.233944e-02
3.815579e-02 4.227969e-02
3.809341e-02 4.221357e-02
3.803210e-02 4.215125e-02
3.797107e-02 4.208764e-02
3.790844e-02 4.202487e-02
3.784776e-02 4.196473e-02
3.778689e-02 4.190043e-02
3.772440e-02 4.183363e-02
3.766471e-02 4.177262e-02
3.760389e-02 4.171283e-02
3.754268e-02 4.164985e-02
3.748305e-02 4.159086e-02
3.742184e-02 4.152970e-02
3.736305e-02 4.146728e-02
3.730124e-02 4.140897e-02
3.724361e-02 4.134762e-02
3.718198e-02 4.128351e-02
3.712214e-02 4.122590e-02
3.706498e-02 4.116029e-02
3.700435e-02 4.110043e-02
3.694388e-02 4.103805e-02
3.688722e-02 4.097850e-02
3.682672e-02 4.091922e-02
3.676959e-02 4.085723e-02
3.671088e-02 4.079832e-02
3.665128e-02 4.073913e-02
3.659283e-02 4.067875e-02
3.653541e-02 4.061665e-02
3.647703e-02 4.056051e-02
3.642032e-02 4.050208e-02
3.636131e-02 4.044292e-02
3.630402e-02 4.038250e-02
3.624813e-02 4.032383e-02
3.618948e-02 4.026554e-02
3.613203e-02 4.020477e-02
3.607529e-02 4.015032e-02
3.601913e-02 4.009335e-02
3.596253e-02 4.003258e-02
3.590469e-02 3.997429e-02
3.584863e-02 3.991587e-02
3.579164e-02 3.985766e-02
3.573679e-02 3.979882e-02
3.568171e-02 3.974309e-02
3.562457e-02 3.968649e-02
3.556772e-02 3.962781e-02
3.551266e-02 3.957017e-02
3.545787e-02 3.951539e-02
3.540158e-02 3.945815e-02
3.534659e-02 3.940197e-02
3.529284e-02 3.934260e-02
3.523640e-02 3.928629e-02
3.518299e-02 3.923244e-02
3.512691e-02 3.917634e-02
3.507339e-02 3.912163e-02
3.501775e-02 3.906485e-02
3.496355e-02 3.900942e-02
3.491016e-02 3.895329e-02
3.485616e-02 3.889523e-02
3.480166e-02 3.883863e-02
3.474718e-02 3.878582e-02
3.469406e-02 3.872969e-02
3.464235e-02 3.867441e-02
3.458641e-02 3.861788e-02
3.453446e-02 3.856401e-02
3.448066e-02 3.851062e-02
3.442836e-02 3.845420e-02
3.437411e-02 3.840148e-02
3.432311e-02 3.834622e-02
3.426883e-02 3.829110e-02
3.421659e-02 3.823324e-02
3.416494e-02 3.818279e-02
3.411112e-02 3.812885e-02
3.406126e-02 3.807646e-02
3.400870e-02 3.802267e-02
3.395645e-02 3.797084e-02
3.390382e-02 3.791502e-02
3.385262e-02 3.786074e-02
3.380202e-02 3.780726e-02
3.374980e-02 3.775615e-02
3.369839e-02 3.770422e-02
3.364775e-02 3.764837e-02
3.359645e-02 3.759676e-02
3.354574e-02 3.754312e-02
3.349395e-02 3.749152e-02
3.344313e-02 3.743637e-02
3.339476e-02 3.738797e-02
3.334318e-02 3.733177e-02
3.329266e-02 3.728167e-02
3.324353e-02 3.722971e-02
3.319060e-02 3.717837e-02
3.314451e-02 3.712721e-02
3.309251e-02 3.707421e-02
3.304377e-02 3.702554e-02
3.299388e-02 3.697173e-02
3.294422e-02 3.692167e-02
3.289445e-02 3.686950e-02
3.284648e-02 3.681844e-02
3.279670e-02 3.676989e-02
3.274718e-02 3.671813e-02
3.269986e-02 3.666534e-02
3.264906e-02 3.661646e-02
3.260269e-02 3.656396e-02
3.255357e-02 3.651637e-02
3.250400e-02 3.646670e-02
3.245645e-02 3.641632e-02
3.240969e-02 3.636087e-02
3.236025e-02 3.631579e-02
3.231217e-02 3.626756e-02
3.226523e-02 3.621283e-02
3.221592e-02 3.616812e-02
3.216988e-02 3.612158e-02
3.212292e-02 3.606780e-02
3.207475e-02 3.601872e-02
3.202681e-02 3.597107e-02
3.198058e-02 3.592415e-02
3.193437e-02 3.587094e-02
3.188594e-02 3.582366e-02
3.183905e-02 3.577663e-02
3.179356e-02 3.572733e-02
3.174726e-02 3.567982e-02
3.169933e-02 3.563023e-02
3.165286e-02 3.558447e-02
3.160936e-02 3.553738e-02
3.156080e-02 3.548876e-02
3.151469e-02 3.544197e-02
3.147111e-02 3.539174e-02
3.142386e-02 3.534338e-02
3.137788e-02 3.529644e-02
3.133335e-02 3.524942e-02
3.128687e-02 3.520426e-02
3.124297e-02 3.515640e-02
3.119681e-02 3.511129e-02
3.115151e-02 3.506131e-02
3.110666e-02 3.501393e-02
3.106153e-02 3.496527e-02
3.101771e-02 3.492266e-02
3.097315e-02 3.487589e-02
3.092814e-02 3.482770e-02
3.088361e-02 3.478241e-02
3.083994e-02 3.473827e-02
3.079371e-02 3.468774e-02
3.075154e-02 3.464403e-02
3.070773e-02 3.459840e-02
3.066241e-02 3.454918e-02
3.061920e-02 3.450586e-02
3.057531e-02 3.445939e-02
3.053191e-02 3.441624e-02
3.048907e-02 3.437169e-02
3.044496e-02 3.432412e-02
3.040241e-02 3.427997e-02
3.035867e-02 3.423170e-02
3.031590e-02 3.418879e-02
3.027173e-02 3.414394e-02
3.022984e-02 3.409638e-02
3.018691e-02 3.405707e-02
3.014418e-02 3.400739e-02
3.010151e-02 3.396605e-02
3.005833e-02 3.391676e-02
3.001767e-02 3.387519e-02
2.997411e-02 3.383392e-02
2.993150e-02 3.378878e-02
2.989071e-02 3.374440e-02
2.984829e-02 3.369792e-02
2.980577e-02 3.365480e-02
2.976579e-02 3.361257e-02
2.972168e-02 3.356839e-02
2.968247e-02 3.352347e-02
2.964008e-02 3.348009e-02
2.959806e-02 3.343608e-02
2.955607e-02 3.339466e-02
2.951611e-02 3.334896e-02
2.947404e-02 3.330949e-02
2.943399e-02 3.326477e-02
2.939357e-02 3.322043e-02
2.935117e-02 3.318012e-02
2.931111e-02 3.313689e-02
2.927128e-02 3.309279e-02
2.922998e-02 3.305098e-02
2.919083e-02 3.301028e-02
2.914856e-02 3.296846e-02
2.910983e-02 3.292409e-02
2.906885e-02 3.288288e-02
2.902831e-02 3.283890e-02
2.898970e-02 3.279866e-02
2.894871e-02 3.275659e-02
2.891042e-02 3.271635e-02
2.887013e-02 3.267246e-02
2.883099e-02 3.263113e-02
2.879023e-02 3.259115e-02
2.875262e-02 3.254800e-02
2.871238e-02 3.250868e-02
2.867358e-02 3.246700e-02
2.863472e-02 3.242553e-02
2.859479e-02 3.238548e-02
2.855604e-02 3.234382e-02
2.851753e-02 3.230323e-02
2.847946e-02 3.226540e-02
2.844035e-02 3.222677e-02
2.840172e-02 3.218242e-02
2.836407e-02 3.214347e-02
2.832440e-02 3.210393e-02
2.828726e-02 3.206163e-02
2.824887e-02 3.202373e-02
2.821077e-02 3.198380e-02
2.817281e-02 3.194463e-02
2.813577e-02 3.190139e-02
2.809613e-02 3.186411e-02
2.805970e-02 3.182530e-02
2.802206e-02 3.178503e-02
2.798462e-02 3.174799e-02
2.794689e-02 3.170378e-02
2.790955e-02 3.166792e-02
2.787214e-02 3.162743e-02
2.783487e-02 3.158746e-02
2.779823e-02 3.154955e-02
2.776142e-02 3.151156e-02
2.772440e-02 3.147253e-02
2.768657e-02 3.143433e-02
2.765119e-02 3.139434e-02
2.761381e-02 3.135761e-02
2.757794e-02 3.132308e-02
2.754099e-02 3.127905e-02
2.750516e-02 3.124264e-02
2.746719e-02 3.120237e-02
2.743291e-02 3.116578e-02
2.739564e-02 3.112749e-02
2.736010e-02 3.108852e-02
2.732389e-02 3.105219e-02
2.728801e-02 3.101484e-02
2.725207e-02 3.097497e-02
2.721628e-02 3.093726e-02
2.718145e-02 3.089909e-02
2.714463e-02 3.086266e-02
2.710991e-02 3.082609e-02
2.707378e-02 3.078932e-02
2.703968e-02 3.074876e-02
2.700450e-02 3.071203e-02
2.696696e-02 3.067709e-02
2.693222e-02 3.063698e-02
2.690068e-02 3.060251e-02
2.686360e-02 3.056505e-02
2.682868e-02 3.052563e-02
2.679556e-02 3.048887e-02
2.675818e-02 3.045053e-02
2.672580e-02 3.041859e-02
2.668969e-02 3.038057e-02
2.665580e-02 3.034422e-02
2.662132e-02 3.030795e-02
2.658711e-02 3.027086e-02
2.655281e-02 3.023493e-02
2.652050e-02 3.019894e-02
2.648382e-02 3.016228e-02
2.645193e-02 3.012736e-02
2.641730e-02 3.009271e-02
2.638260e-02 3.005519e-02
2.635031e-02 3.002071e-02
2.631689e-02 2.998218e-02
2.628226e-02 2.995043e-02
2.624819e-02 2.991102e-02
2.621654e-02 2.987803e-02
2.618284e-02 2.984371e-02
2.614936e-02 2.980608e-02
2.611561e-02 2.977188e-02
2.608349e-02 2.973577e-02
2.604985e-02 2.970102e-02
2.601764e-02 2.966529e-02
2.598375e-02 2.963050e-02
2.595153e-02 2.959738e-02
2.591879e-02 2.956172e-02
2.588674e-02 2.952532e-02
2.585277e-02 2.949069e-02
2.582203e-02 2.945774e-02
2.578867e-02 2.942350e-02
2.575835e-02 2.938586e-02
2.572397e-02 2.935585e-02
2.569282e-02 2.931868e-02
2.565941e-02 2.928382e-02
2.562761e-02 2.925034e-02
2.559707e-02 2.921731e-02
2.556486e-02 2.918174e-02
2.553291e-02 2.915057e-02
2.550118e-02 2.911083e-02
2.546928e-02 2.908030e-02
2.543774e-02 2.904863e-02
2.540643e-02 2.901308e-02
2.537551e-02 2.897879e-02
2.534285e-02 2.894541e-02
2.531330e-02 2.891287e-02
2.528204e-02 2.888003e-02
2.524962e-02 2.884654e-02
2.521982e-02 2.881412e-02
2.518799e-02 2.878076e-02
2.515698e-02 2.874563e-02
2.512811e-02 2.871337e-02
2.509571e-02 2.868023e-02
2.506509e-02 2.864948e-02
2.503486e-02 2.861604e-02
2.500401e-02 2.858360e-02
2.497382e-02 2.855118e-02
2.494411e-02 2.851909e-02
2.491283e-02 2.848492e-02
2.488408e-02 2.845164e-02
2.485200e-02 2.842178e-02
2.482245e-02 2.838816e-02
2.479354e-02 2.835621e-02
2.476313e-02 2.832484e-02
2.473253e-02 2.829298e-02
2.470319e-02 2.825927e-02
2.467315e-02 2.822922e-02
2.464367e-02 2.819716e-02
2.461408e-02 2.816484e-02
2.458434e-02 2.813213e-02
2.455534e-02 2.810250e-02
2.452603e-02 2.807110e-02
2.449632e-02 2.803784e-02
2.446645e-02 2.800780e-02
2.443755e-02 2.797656e-02
2.440937e-02 2.794504e-02
2.437947e-02 2.791499e-02
2.435146e-02 2.788680e-02
2.432129e-02 2.785141e-02
2.429240e-02 2.782197e-02
2.426432e-02 2.778930e-02
2.423560e-02 2.775778e-02
2.420691e-02 2.773057e-02
2.417766e-02 2.769719e-02
2.414927e-02 2.766743e-02
2.412105e-02 2.763775e-02
2.409320e-02 2.760888e-02
2.406405e-02 2.757771e-02
2.403643e-02 2.754634e-02
2.400665e-02 2.751874e-02
2.398056e-02 2.748532e-02
2.395128e-02 2.745478e-02
2.392373e-02 2.742738e-02
2.389535e-02 2.739616e-02
2.386800e-02 2.736599e-02
2.383906e-02 2.733659e-02
2.381280e-02 2.730737e-02
2.378341e-02 2.727800e-02
2.375697e-02 2.724551e-02
2.372883e-02 2.721643e-02
2.370143e-02 2.718886e-02
2.367443e-02 2.715765e-02
2.364583e-02 2.712986e-02
2.361872e-02 2.710096e-02
2.359310e-02 2.707000e-02
2.356424e-02 2.704130e-02
2.353775e-02 2.701154e-02
2.350991e-02 2.698280e-02
2.348367e-02 2.695462e-02
2.345660e-02 2.692351e-02
2.342854e-02 2.689681e-02
2.340315e-02 2.686746e-02
2.337494e-02 2.683753e-02
2.334985e-02 2.680751e-02
2.332177e-02 2.678158e-02
2.329676e-02 2.675213e-02
2.326908e-02 2.672236e-02
2.324343e-02 2.669406e-02
2.321551e-02 2.666710e-02
2.319023e-02 2.663770e-02
2.316397e-02 2.661081e-02
2.313609e-02 2.657931e-02
2.311229e-02 2.655200e-02
2.308569e-02 2.652499e-02
2.305827e-02 2.649603e-02
2.303380e-02 2.646687e-02
2.300685e-02 2.643921e-02
2.298067e-02 2.641105e-02
2.295562e-02 2.638150e-02
2.293017e-02 2.635517e-02
2.290426e-02 2.632828e-02
2.287871e-02 2.629821e-02
2.285177e-02 2.627290e-02
2.282793e-02 2.624366e-02
2.280171e-02 2.621507e-02
2.277687e-02 2.619002e-02
2.275121e-02 2.616285e-02
2.272567e-02 2.613425e-02
2.270146e-02 2.610711e-02
2.267476e-02 2.607949e-02
2.265029e-02 2.605238e-02
2.262573e-02 2.602624e-02
2.260059e-02 2.599892e-02
2.257544e-02 2.597188e-02
2.254953e-02 2.594489e-02
2.252642e-02 2.591686e-02
2.250118e-02 2.588916e-02
2.247657e-02 2.586327e-02
2.245193e-02 2.583513e-02
2.242644e-02 2.581120e-02
2.240158e-02 2.578415e-02
2.237979e-02 2.575973e-02
2.235284e-02 2.573183e-02
2.232949e-02 2.570568e-02
2.230468e-02 2.567922e-02
2.228050e-02 2.565234e-02
2.225669e-02 2.562688e-02
2.223201e-02 2.560112e-02
2.220857e-02 2.557463e-02
2.218391e-02 2.554718e-02
2.216008e-02 2.552021e-02
2.213631e-02 2.549373e-02
2.211152e-02 2.546850e-02
2.208909e-02 2.544365e-02
2.206435e-02 2.541540e-02
2.204020e-02 2.539184e-02
2.201767e-02 2.536497e-02
2.199318e-02 2.534070e-02
2.196934e-02 2.531382e-02
2.194739e-02 2.528840e-02
2.192213e-02 2.526418e-02
2.189957e-02 2.523762e-02
2.187607e-02 2.521398e-02
2.185284e-02 2.518620e-02
2.182947e-02 2.516002e-02
2.180581e-02 2.513760e-02
2.178258e-02 2.510978e-02
2.176148e-02 2.508909e-02
2.173566e-02 2.506151e-02
2.171366e-02 2.503707e-02
2.169123e-02 2.501218e-02
2.166865e-02 2.498220e-02
2.164474e-02 2.496109e-02
2.162262e-02 2.493595e-02
2.159981e-02 2.491094e-02
2.157721e-02 2.488671e-02
2.155429e-02 2.486392e-02
2.153089e-02 2.483659e-02
2.150944e-02 2.481429e-02
2.148693e-02 2.478784e-02
2.146488e-02 2.476454e-02
2.144090e-02 2.473824e-02
2.141926e-02 2.471538e-02
2.139741e-02 2.469119e-02
2.137528e-02 2.466644e-02
2.135308e-02 2.464260e-02
2.133029e-02 2.461940e-02
2.130774e-02 2.459409e-02
2.128766e-02 2.457205e-02
2.126491e-02 2.454691e-02
2.124186e-02 2.452259e-02
2.122042e-02 2.449859e-02
2.119903e-02 2.447446e-02
2.117719e-02 2.445006e-02
2.115455e-02 2.442765e-02
2.113391e-02 2.440489e-02
2.111100e-02 2.438155e-02
2.109042e-02 2.435689e-02
2.106792e-02 2.433317e-02
2.104847e-02 2.431028e-02
2.102476e-02 2.428475e-02
2.100422e-02 2.426286e-02
2.098236e-02 2.423985e-02
2.096269e-02 2.421673e-02
2.093975e-02 2.419253e-02
2.091885e-02 2.417259e-02
2.089799e-02 2.414871e-02
2.087579e-02 2.412637e-02
2.085583e-02 2.410072e-02
2.083501e-02 2.407867e-02
2.081355e-02 2.405535e-02
2.079220e-02 2.403056e-02
2.077186e-02 2.400825e-02
2.075068e-02 2.398616e-02
2.072988e-02 2.396274e-02
2.070975e-02 2.394229e-02
2.068838e-02 2.391917e-02
2.066711e-02 2.389689e-02
2.064768e-02 2.387491e-02
2.062618e-02 2.385116e-02
2.060611e-02 2.382731e-02
2.058574e-02 2.380650e-02
2.056461e-02 2.378236e-02
2.054531e-02 2.376159e-02
2.052339e-02 2.373912e-02
2.050322e-02 2.371714e-02
2.048399e-02 2.369547e-02
2.046413e-02 2.367256e-02
2.044297e-02 2.365108e-02
2.042384e-02 2.362756e-02
2.040189e-02 2.360757e-02
2.038379e-02 2.358228e-02
2.036206e-02 2.356307e-02
2.034350e-02 2.354004e-02
2.032329e-02 2.352170e-02
2.030267e-02 2.349606e-02
2.028323e-02 2.347753e-02
2.026399e-02 2.345370e-02
2.024350e-02 2.343360e-02
2.022411e-02 2.341086e-02
2.020485e-02 2.338835e-02
2.018425e-02 2.336819e-02
2.016575e-02 2.334704e-02
2.014566e-02 2.332520e-02
2.012548e-02 2.330476e-02
2.010664e-02 2.328186e-02
2.008710e-02 2.326083e-02
2.006785e-02 2.324014e-02
2.004877e-02 2.321996e-02
2.002900e-02 2.319757e-02
2.001066e-02 2.317413e-02
1.998967e-02 2.315522e-02
1.997190e-02 2.313600e-02
1.995268e-02 2.311584e-02
1.993305e-02 2.309188e-02
1.991458e-02 2.307154e-02
1.989500e-02 2.305201e-02
1.987638e-02 2.303132e-02
1.985790e-02 2.300871e-02
1.983861e-02 2.299011e-02
1.981903e-02 2.296671e-02
1.980057e-02 2.294840e-02
1.978173e-02 2.293014e-02
1.976410e-02 2.290433e-02
1.974464e-02 2.288648e-02
1.972632e-02 2.286796e-02
1.970705e-02 2.284586e-02
1.968944e-02 2.282478e-02
1.967011e-02 2.280566e-02
1.965185e-02 2.278374e-02
1.963363e-02 2.276519e-02
1.961470e-02 2.274656e-02
1.959704e-02 2.272533e-02
1.957844e-02 2.270418e-02
1.955938e-02 2.268533e-02
1.954222e-02 2.266554e-02
1.952376e-02 2.264668e-02
1.950558e-02 2.262566e-02
1.948746e-02 2.260554e-02
1.946895e-02 2.258500e-02
1.945118e-02 2.256618e-02
1.943282e-02 2.254520e-02
1.941578e-02 2.252513e-02
1.939668e-02 2.250548e-02
1.937947e-02 2.248562e-02
1.936175e-02 2.246494e-02
1.934347e-02 2.244623e-02
1.932531e-02 2.242767e-02
1.930845e-02 2.240875e-02
1.929030e-02 2.238685e-02
1.927231e-02 2.236710e-02
1.925495e-02 2.235057e-02
1.923751e-02 2.233013e-02
1.921987e-02 2.230988e-02
1.920198e-02 2.228967e-02
1.918423e-02 2.227019e-02
1.916786e-02 2.225239e-02
1.915025e-02 2.223284e-02
1.913307e-02 2.221453e-02
1.911522e-02 2.219407e-02
1.909788e-02 2.217462e-02
1.908039e-02 2.215878e-02
1.906325e-02 2.214052e-02
1.904583e-02 2.212070e-02
1.902962e-02 2.210182e-02
1.901228e-02 2.208231e-02
1.899454e-02 2.206303e-02
1.897834e-02 2.204600e-02
1.896058e-02 2.202554e-02
1.894282e-02 2.200534e-02
1.892815e-02 2.198946e-02
1.890952e-02 2.196871e-02
1.889327e-02 2.195181e-02
1.887630e-02 2.193276e-02
1.885895e-02 2.191357e-02
1.884367e-02 2.189685e-02
1.882584e-02 2.187891e-02
1.880878e-02 2.185864e-02
1.879300e-02 2.183927e-02
1.877660e-02 2.182177e-02
1.875962e-02 2.180419e-02
1.874277e-02 2.178637e-02
1.872605e-02 2.176774e-02
1.870972e-02 2.174950e-02
1.869366e-02 2.173269e-02
1.867761e-02 2.171270e-02
1.865998e-02 2.169437e-02
1.864417e-02 2.167616e-02
1.862886e-02 2.165722e-02
1.861111e-02 2.164078e-02
1.859544e-02 2.162321e-02
1.857923e-02 2.160465e-02
1.856290e-02 2.158599e-02
1.854668e-02 2.157034e-02
1.853079e-02 2.155232e-02
1.851509e-02 2.153380e-02
1.849839e-02 2.151771e-02
1.848208e-02 2.149929e-02
1.846707e-02 2.148248e-02
1.845039e-02 2.146345e-02
1.843472e-02 2.144498e-02
1.841869e-02 2.142718e-02
1.840267e-02 2.141073e-02
1.838694e-02 2.139414e-02
1.837081e-02 2.137430e-02
1.835573e-02 2.136053e-02
1.834023e-02 2.134286e-02
1.832334e-02 2.132493e-02
1.830834e-02 2.130608e-02
1.829300e-02 2.129031e-02
1.827700e-02 2.127148e-02
1.826124e-02 2.125526e-02
1.824637e-02 2.123863e-02
1.822967e-02 2.121971e-02
1.821498e-02 2.120376e-02
1.819952e-02 2.118577e-02
1.818458e-02 2.117052e-02
1.816804e-02 2.115160e-02
1.815320e-02 2.113626e-02
1.813808e-02 2.111817e-02
1.812314e-02 2.110183e-02
1.810780e-02 2.108507e-02
1.808747e-02 2.107609e-02
1.807426e-02 2.106285e-02
1.806067e-02 2.104544e-02
1.804539e-02 2.103161e-02
1.803116e-02 2.101391e-02
1.801617e-02 2.099762e-02
1.800076e-02 2.098189e-02
1.798603e-02 2.096418e-02
1.797179e-02 2.095062e-02
1.795582e-02 2.093446e-02
1.794122e-02 2.091617e-02
1.792688e-02 2.090359e-02
1.791137e-02 2.088431e-02
1.789741e-02 2.086877e-02
1.788341e-02 2.085392e-02
1.786653e-02 2.083812e-02
1.785296e-02 2.082159e-02
1.783874e-02 2.080589e-02
1.782317e-02 2.079098e-02
1.780866e-02 2.077502e-02
1.779441e-02 2.075904e-02
1.777923e-02 2.074249e-02
1.776558e-02 2.072622e-02
1.775086e-02 2.071176e-02
1.773567e-02 2.069660e-02
1.772121e-02 2.067957e-02
1.770776e-02 2.066323e-02
1.769306e-02 2.064832e-02
1.767857e-02 2.063453e-02
1.766472e-02 2.061976e-02
1.764971e-02 2.060358e-02
1.763620e-02 2.058765e-02
1.762225e-02 2.057206e-02
1.760581e-02 2.055504e-02
1.759288e-02 2.054075e-02
1.757856e-02 2.052668e-02
1.756559e-02 2.050919e-02
1.755024e-02 2.049425e-02
1.753677e-02 2.047894e-02
1.752272e-02 2.046541e-02
1.750787e-02 2.044927e-02
1.749503e-02 2.043339e-02
1.748022e-02 2.041918e-02
1.746713e-02 2.040487e-02
1.745221e-02 2.038876e-02
1.743834e-02 2.037450e-02
1.742632e-02 2.035901e-02
1.741045e-02 2.034449e-02
1.739704e-02 2.032933e-02
1.738362e-02 2.031419e-02
1.736944e-02 2.029890e-02
1.735613e-02 2.028402e-02
1.734244e-02 2.026964e-02
1.732841e-02 2.025529e-02
1.731491e-02 2.024172e-02
1.730124e-02 2.022582e-02
1.728757e-02 2.021071e-02
1.727422e-02 2.019629e-02
1.726015e-02 2.018229e-02
1.724713e-02 2.016784e-02
1.723360e-02 2.015236e-02
1.721985e-02 2.013773e-02
1.720697e-02 2.012530e-02
1.719255e-02 2.010938e-02
1.718081e-02 2.009459e-02
1.716579e-02 2.008156e-02
1.715371e-02 2.006630e-02
1.713981e-02 2.005138e-02
1.712654e-02 2.003733e-02
1.711326e-02 2.002343e-02
1.709955e-02 2.001033e-02
1.708736e-02 1.999440e-02
1.707376e-02 1.998112e-02
1.706024e-02 1.996661e-02
1.704788e-02 1.995293e-02
1.703492e-02 1.993857e-02
1.702114e-02 1.992540e-02
1.700890e-02 1.990958e-02
1.699444e-02 1.989547e-02
1.698247e-02 1.988131e-02
1.697033e-02 1.986588e-02
1.695671e-02 1.985303e-02
1.694316e-02 1.983719e-02
1.693142e-02 1.982485e-02
1.691742e-02 1.981026e-02
1.690494e-02 1.979614e-02
1.689218e-02 1.978284e-02
1.687931e-02 1.976804e-02
1.686661e-02 1.975331e-02
1.685453e-02 1.974136e-02
1.684116e-02 1.972610e-02
1.682815e-02 1.971159e-02
1.681546e-02 1.969966e-02
1.680342e-02 1.968562e-02
1.678952e-02 1.967158e-02
1.677838e-02 1.965467e-02
1.676512e-02 1.964512e-02
1.675276e-02 1.963114e-02
1.674034e-02 1.961781e-02
1.672827e-02 1.960180e-02
1.671438e-02 1.959007e-02
1.670275e-02 1.957699e-02
1.669079e-02 1.956306e-02
1.667748e-02 1.954755e-02
1.666579e-02 1.953345e-02
1.665324e-02 1.952210e-02
1.664078e-02 1.950735e-02
1.662851e-02 1.949387e-02
1.661653e-02 1.948017e-02
1.660354e-02 1.946552e-02
1.659212e-02 1.945267e-02
1.657934e-02 1.944007e-02
1.656750e-02 1.942457e-02
1.655586e-02 1.941195e-02
1.654224e-02 1.939881e-02
1.653178e-02 1.938134e-02
1.651856e-02 1.937178e-02
1.650732e-02 1.935776e-02
1.649508e-02 1.934452e-02
1.648275e-02 1.933049e-02
1.647132e-02 1.931786e-02
1.645798e-02 1.930276e-02
1.644732e-02 1.929063e-02
1.643530e-02 1.927598e-02
1.642398e-02 1.926387e-02
1.641143e-02 1.925083e-02
1.639964e-02 1.923662e-02
1.638742e-02 1.922358e-02
1.637636e-02 1.920956e-02
1.636403e-02 1.919755e-02
1.635230e-02 1.918433e-02
1.634063e-02 1.917011e-02
1.632937e-02 1.915820e-02
1.631665e-02 1.914472e-02
1.630621e-02 1.913175e-02
1.629316e-02 1.911841e-02
1.628187e-02 1.910463e-02
1.627107e-02 1.909312e-02
1.625905e-02 1.907864e-02
1.624765e-02 1.906607e-02
1.623530e-02 1.905320e-02
1.622461e-02 1.904014e-02
1.621331e-02 1.902622e-02
1.620152e-02 1.901576e-02
1.618952e-02 1.900102e-02
1.617869e-02 1.898902e-02
1.616715e-02 1.897659e-02
1.615575e-02 1.896442e-02
1.614398e-02 1.895100e-02
1.613320e-02 1.893712e-02
1.612123e-02 1.892664e-02
1.611026e-02 1.891441e-02
1.609914e-02 1.889993e-02
1.608760e-02 1.888974e-02
1.607706e-02 1.887426e-02
1.606479e-02 1.886507e-02
1.605415e-02 1.885083e-02
1.604258e-02 1.883908e-02
1.603191e-02 1.882554e-02
1.602066e-02 1.881246e-02
1.600947e-02 1.880096e-02
1.599802e-02 1.878996e-02
1.598753e-02 1.877517e-02
1.597601e-02 1.876289e-02
1.596454e-02 1.875281e-02
1.595447e-02 1.873955e-02
1.594266e-02 1.872786e-02
1.593208e-02 1.871561e-02
1.592093e-02 1.870226e-02
1.591015e-02 1.868895e-02
1.589871e-02 1.867703e-02
1.588801e-02 1.866521e-02
1.587670e-02 1.865155e-02
1.586682e-02 1.863846e-02
1.585599e-02 1.862843e-02
1.584429e-02 1.861520e-02
1.583291e-02 1.860463e-02
1.582403e-02 1.859253e-02
1.581219e-02 1.857959e-02
1.580130e-02 1.856777e-02
1.579111e-02 1.855434e-02
1.577993e-02 1.854158e-02
1.576961e-02 1.853002e-02
1.575809e-02 1.851860e-02
1.574838e-02 1.850534e-02
1.573736e-02 1.849248e-02
1.572612e-02 1.848265e-02
1.571708e-02 1.846817e-02
1.570541e-02 1.845689e-02
1.569508e-02 1.844581e-02
1.568361e-02 1.843326e-02
1.567458e-02 1.842164e-02
1.566326e-02 1.840998e-02
1.565289e-02 1.839755e-02
1.564236e-02 1.838523e-02
1.563263e-02 1.837531e-02
1.562129e-02 1.836196e-02
1.561103e-02 1.835044e-02
1.560099e-02 1.834064e-02
1.559014e-02 1.832845e-02
1.558069e-02 1.831485e-02
1.556977e-02 1.830416e-02
1.555972e-02 1.829125e-02
1.554906e-02 1.828022e-02
1.553929e-02 1.826802e-02
1.552916e-02 1.825731e-02
1.551806e-02 1.824412e-02
1.550838e-02 1.823459e-02
1.549864e-02 1.822153e-02
1.548796e-02 1.821155e-02
1.547793e-02 1.819785e-02
1.546815e-02 1.818647e-02
1.545773e-02 1.817643e-02
1.544733e-02 1.816370e-02
1.543767e-02 1.815326e-02
1.542842e-02 1.814115e-02
1.541704e-02 1.813052e-02
1.540779e-02 1.811944e-02
1.539740e-02 1.810698e-02
1.538739e-02 1.809621e-02
1.537775e-02 1.808363e-02
1.536786e-02 1.807356e-02
1.535731e-02 1.805937e-02
1.534831e-02 1.805139e-02
1.533813e-02 1.804005e-02
1.532789e-02 1.802840e-02
1.531802e-02 1.801647e-02
1.530846e-02 1.800653e-02
1.529921e-02 1.799713e-02
1.528833e-02 1.798359e-02
1.527878e-02 1.797174e-02
1.526885e-02 1.796223e-02
1.525988e-02 1.795161e-02
1.524958e-02 1.793984e-02
1.523975e-02 1.792858e-02
1.523085e-02 1.791571e-02
1.521991e-02 1.790569e-02
1.521151e-02 1.789490e-02
1.520079e-02 1.788344e-02
1.519144e-02 1.787317e-02
1.518252e-02 1.786218e-02
1.517230e-02 1.785148e-02
1.516252e-02 1.784110e-02
1.515318e-02 1.782907e-02
1.514382e-02 1.782017e-02
1.513417e-02 1.780728e-02
1.512481e-02 1.779852e-02
1.511440e-02 1.778716e-02
1.510634e-02 1.777615e-02
1.509586e-02 1.776524e-02
1.508676e-02 1.775553e-02
1.507711e-02 1.774477e-02
1.506813e-02 1.773237e-02
1.505771e-02 1.772217e-02
1.504923e-02 1.771295e-02
1.503966e-02 1.770105e-02
1.502990e-02 1.769074e-02
1.502097e-02 1.768044e-02
1.501142e-02 1.766909e-02
1.500261e-02 1.765949e-02
1.499287e-02 1.764748e-02
1.498404e-02 1.763741e-02
1.497383e-02 1.762610e-02
1.496491e-02 1.761645e-02
1.495589e-02 1.760548e-02
1.494702e-02 1.759355e-02
1.493732e-02 1.758324e-02
1.492810e-02 1.757346e-02
1.491875e-02 1.756455e-02
1.491018e-02 1.755265e-02
1.490068e-02 1.754250e-02
1.489197e-02 1.753262e-02
1.488235e-02 1.752109e-02
1.487345e-02 1.751151e-02
1.486416e-02 1.749967e-02
1.485549e-02 1.748827e-02
1.484668e-02 1.747832e-02
1.483682e-02 1.747045e-02
1.482865e-02 1.745768e-02
1.481866e-02 1.745022e-02
1.481063e-02 1.743791e-02
1.480197e-02 1.742744e-02
1.479189e-02 1.741708e-02
1.478324e-02 1.740686e-02
1.477444e-02 1.739887e-02
1.476594e-02 1.738649e-02
1.475759e-02 1.737650e-02
1.474756e-02 1.736841e-02
1.473904e-02 1.735604e-02
1.473034e-02 1.734493e-02
1.472167e-02 1.733567e-02
1.471274e-02 1.732505e-02
1.470413e-02 1.731567e-02
1.469554e-02 1.730682e-02
1.468657e-02 1.729538e-02
1.467765e-02 1.728605e-02
1.466912e-02 1.727439e-02
1.466016e-02 1.726605e-02
1.465171e-02 1.725447e-02
1.464324e-02 1.724604e-02
1.463399e-02 1.723538e-02
1.462593e-02 1.722719e-02
1.461720e-02 1.721571e-02
1.460838e-02 1.720475e-02
1.460002e-02 1.719600e-02
1.459150e-02 1.718618e-02
1.458235e-02 1.717631e-02
1.457425e-02 1.716700e-02
1.456569e-02 1.715668e-02
1.455654e-02 1.714639e-02
1.454897e-02 1.713738e-02
1.454033e-02 1.712703e-02
1.453141e-02 1.711801e-02
1.452230e-02 1.710739e-02
1.451468e-02 1.709612e-02
1.450617e-02 1.708870e-02
1.449802e-02 1.707648e-02
1.448882e-02 1.706732e-02
1.448101e-02 1.705943e-02
1.447216e-02 1.704980e-02
1.446439e-02 1.703920e-02
1.445568e-02 1.702924e-02
1.444726e-02 1.701853e-02
1.443909e-02 1.701174e-02
1.443062e-02 1.700148e-02
1.442304e-02 1.699214e-02
1.441362e-02 1.698307e-02
1.440556e-02 1.697247e-02
1.439798e-02 1.696374e-02
1.438894e-02 1.695276e-02
1.438114e-02 1.694337e-02
1.437263e-02 1.693516e-02
1.436513e-02 1.692283e-02
1.435634e-02 1.691554e-02
1.434805e-02 1.690540e-02
1.433967e-02 1.689584e-02
1.433249e-02 1.688735e-02
1.432406e-02 1.687812e-02
1.431509e-02 1.686850e-02
1.430778e-02 1.685927e-02
1.429938e-02 1.685081e-02
1.429187e-02 1.683967e-02
1.428288e-02 1.683077e-02
1.427540e-02 1.682134e-02
1.426671e-02 1.681239e-02
1.425962e-02 1.680315e-02
1.425101e-02 1.679457e-02
1.424315e-02 1.678423e-02
1.423482e-02 1.677411e-02
1.422726e-02 1.676638e-02
1.421917e-02 1.675674e-02
1.421099e-02 1.674921e-02
1.420345e-02 1.674007e-02
1.419515e-02 1.672992e-02
1.418756e-02 1.672119e-02
1.417880e-02 1.671251e-02
1.417159e-02 1.670267e-02
1.416387e-02 1.669324e-02
1.415526e-02 1.668426e-02
1.414789e-02 1.667654e-02
1.414004e-02 1.666656e-02
1.413226e-02 1.665734e-02
1.412427e-02 1.664787e-02
1.411622e-02 1.663945e-02
1.410846e-02 1.663101e-02
1.410106e-02 1.662093e-02
1.409302e-02 1.661228e-02
1.408531e-02 1.660234e-02
1.407809e-02 1.659543e-02
1.406952e-02 1.658589e-02
1.406191e-02 1.657610e-02
1.405454e-02 1.656641e-02
1.404688e-02 1.655817e-02
1.403905e-02 1.654967e-02
1.403134e-02 1.654042e-02
1.402372e-02 1.653355e-02
1.401694e-02 1.652320e-02
1.400846e-02 1.651492e-02
1.400073e-02 1.650472e-02
1.399317e-02 1.649776e-02
1.398576e-02 1.648984e-02
1.397817e-02 1.648130e-02
1.397104e-02 1.647145e-02
1.396247e-02 1.646442e-02
1.395579e-02 1.645545e-02
1.394812e-02 1.644661e-02
1.394103e-02 1.643783e-02
1.393297e-02 1.642833e-02
1.392531e-02 1.642115e-02
1.391843e-02 1.641148e-02
1.391062e-02 1.640316e-02
1.390298e-02 1.639567e-02
1.389578e-02 1.638682e-02
1.388880e-02 1.637803e-02
1.388098e-02 1.636985e-02
1.387385e-02 1.636215e-02
1.386597e-02 1.635367e-02
1.385948e-02 1.634403e-02
1.385065e-02 1.633579e-02
1.384471e-02 1.632922e-02
1.383667e-02 1.631990e-02
1.382935e-02 1.631105e-02
1.382225e-02 1.630312e-02
1.381491e-02 1.629316e-02
1.380747e-02 1.628564e-02
1.379984e-02 1.627730e-02
1.379363e-02 1.626916e-02
1.378564e-02 1.626083e-02
1.377836e-02 1.625265e-02
1.377130e-02 1.624441e-02
1.376400e-02 1.623628e-02
1.375703e-02 1.622746e-02
1.374893e-02 1.621890e-02
1.374241e-02 1.621150e-02
1.373517e-02 1.620266e-02
1.372735e-02 1.619466e-02
1.372136e-02 1.618585e-02
1.371318e-02 1.617858e-02
1.370717e-02 1.616965e-02
1.369898e-02 1.616095e-02
1.369199e-02 1.615251e-02
1.368499e-02 1.614602e-02
1.367850e-02 1.613632e-02
1.367045e-02 1.612774e-02
1.366419e-02 1.611842e-02
1.365610e-02 1.611125e-02
1.364965e-02 1.610376e-02
1.364286e-02 1.609437e-02
1.363492e-02 1.608591e-02
1.362910e-02 1.607959e-02
1.362106e-02 1.607199e-02
1.361472e-02 1.606237e-02
1.360751e-02 1.605432e-02
1.360037e-02 1.604599e-02
1.359387e-02 1.603874e-02
1.358646e-02 1.602958e-02
1.357961e-02 1.602343e-02
1.357272e-02 1.601319e-02
1.356560e-02 1.600490e-02
1.355879e-02 1.599764e-02
1.355173e-02 1.599068e-02
1.354516e-02 1.598169e-02
1.353833e-02 1.597348e-02
1.353127e-02 1.596402e-02
1.352433e-02 1.595883e-02
1.351763e-02 1.595060e-02
1.351056e-02 1.594193e-02
1.350414e-02 1.593354e-02
1.349649e-02 1.592708e-02
1.349047e-02 1.591761e-02
1.348329e-02 1.590957e-02
1.347702e-02 1.590249e-02
1.346962e-02 1.589392e-02
1.346345e-02 1.588758e-02
1.345605e-02 1.587826e-02
1.344965e-02 1.587115e-02
1.344293e-02 1.586261e-02
1.343625e-02 1.585580e-02
1.342926e-02 1.584595e-02
1.342286e-02 1.583930e-02
1.341543e-02 1.583136e-02
1.340962e-02 1.582270e-02
1.340267e-02 1.581616e-02
1.339606e-02 1.580849e-02
1.338896e-02 1.579915e-02
1.338306e-02 1.579294e-02
1.337604e-02 1.578490e-02
1.336957e-02 1.577713e-02
1.336317e-02 1.576965e-02
1.335578e-02 1.576097e-02
1.335005e-02 1.575346e-02
1.334268e-02 1.574637e-02
1.333694e-02 1.573773e-02
1.332927e-02 1.573044e-02
1.332395e-02 1.572251e-02
1.331674e-02 1.571389e-02
1.331014e-02 1.570879e-02
1.330387e-02 1.570095e-02
1.329746e-02 1.569132e-02
1.329071e-02 1.568417e-02
1.328458e-02 1.567753e-02
1.327811e-02 1.566988e-02
1.327109e-02 1.566164e-02
1.326518e-02 1.565419e-02
1.325862e-02 1.564494e-02
1.325230e-02 1.563742e-02
1.324566e-02 1.563010e-02
1.323914e-02 1.562283e-02
1.323260e-02 1.561493e-02
1.322681e-02 1.560875e-02
1.321998e-02 1.559955e-02
1.321417e-02 1.559345e-02
1.320735e-02 1.558699e-02
1.320089e-02 1.558001e-02
1.319497e-02 1.557173e-02
1.318840e-02 1.556425e-02
1.318230e-02 1.555718e-02
1.317583e-02 1.554819e-02
1.316962e-02 1.554135e-02
1.316302e-02 1.553298e-02
1.315695e-02 1.552628e-02
1.315065e-02 1.551969e-02
1.314490e-02 1.551283e-02
1.313786e-02 1.550405e-02
1.313189e-02 1.549659e-02
1.312548e-02 1.548913e-02
1.311958e-02 1.548199e-02
1.311306e-02 1.547605e-02
1.310682e-02 1.546982e-02
1.310085e-02 1.545995e-02
1.309481e-02 1.545286e-02
1.308799e-02 1.544670e-02
1.308250e-02 1.543830e-02
1.307613e-02 1.543187e-02
1.306950e-02 1.542479e-02
1.306367e-02 1.541920e-02
1.305762e-02 1.541200e-02
1.305138e-02 1.540471e-02
1.304525e-02 1.539682e-02
1.303846e-02 1.539145e-02
1.303334e-02 1.538341e-02
1.302702e-02 1.537640e-02
1.302032e-02 1.536868e-02
1.301498e-02 1.536230e-02
1.300871e-02 1.535594e-02
1.300226e-02 1.534738e-02
1.299622e-02 1.534139e-02
1.298976e-02 1.533305e-02
1.298485e-02 1.532778e-02
1.297805e-02 1.531970e-02
1.297202e-02 1.531370e-02
1.296644e-02 1.530659e-02
1.296007e-02 1.529945e-02
1.295370e-02 1.529180e-02
1.294818e-02 1.528503e-02
1.294227e-02 1.527902e-02
1.293617e-02 1.526949e-02
1.293044e-02 1.526526e-02
1.292385e-02 1.525666e-02
1.291842e-02 1.525042e-02
1.291248e-02 1.524383e-02
1.290634e-02 1.523676e-02
1.290065e-02 1.523103e-02
1.289428e-02 1.522327e-02
1.288919e-02 1.521551e-02
1.288241e-02 1.520839e-02
1.287694e-02 1.520216e-02
1.287129e-02 1.519451e-02
1.286494e-02 1.518846e-02
1.285892e-02 1.518221e-02
1.285353e-02 1.517519e-02
1.284791e-02 1.516741e-02
1.284161e-02 1.516028e-02
1.283579e-02 1.515329e-02
1.282987e-02 1.514661e-02
1.282415e-02 1.514040e-02
1.281847e-02 1.513326e-02
1.281282e-02 1.512443e-02
1.280707e-02 1.511848e-02
1.280131e-02 1.511037e-02
1.279509e-02 1.510555e-02
1.279000e-02 1.509773e-02
1.278380e-02 1.509106e-02
1.277812e-02 1.508554e-02
1.277230e-02 1.507656e-02
1.276700e-02 1.507129e-02
1.276103e-02 1.506461e-02
1.275589e-02 1.505800e-02
1.274897e-02 1.505054e-02
1.274433e-02 1.504531e-02
1.273848e-02 1.503683e-02
1.273228e-02 1.503090e-02
1.272749e-02 1.502406e-02
1.272120e-02 1.501655e-02
1.271541e-02 1.501000e-02
1.271000e-02 1.500434e-02
1.270515e-02 1.499857e-02
1.269858e-02 1.499199e-02
1.269308e-02 1.498548e-02
1.268796e-02 1.498011e-02
1.268180e-02 1.497134e-02
1.267614e-02 1.496600e-02
1.267118e-02 1.495903e-02
1.266535e-02 1.495273e-02
1.265963e-02 1.494429e-02
1.265412e-02 1.493858e-02
1.264831e-02 1.493237e-02
1.264343e-02 1.492594e-02
1.263748e-02 1.491985e-02
1.263193e-02 1.491243e-02
1.262642e-02 1.490654e-02
1.262114e-02 1.489815e-02
1.261571e-02 1.489410e-02
1.260968e-02 1.488602e-02
1.260478e-02 1.488024e-02
1.259857e-02 1.487306e-02
1.259392e-02 1.486537e-02
1.258737e-02 1.485987e-02
1.258264e-02 1.485236e-02
1.257701e-02 1.484718e-02
1.257186e-02 1.484033e-02
1.256574e-02 1.483408e-02
1.256122e-02 1.482755e-02
1.255510e-02 1.482120e-02
1.254988e-02 1.481419e-02
1.254461e-02 1.480650e-02
1.253902e-02 1.480168e-02
1.253373e-02 1.479559e-02
1.252837e-02 1.478867e-02
1.252261e-02 1.478284e-02
1.251767e-02 1.477477e-02
1.251226e-02 1.477009e-02
1.250671e-02 1.476339e-02
1.250188e-02 1.475734e-02
1.249588e-02 1.475118e-02
1.249070e-02 1.474490e-02
1.248555e-02 1.473839e-02
1.248012e-02 1.473083e-02
1.247452e-02 1.472579e-02
1.246986e-02 1.471773e-02
1.246415e-02 1.471236e-02
1.245903e-02 1.470663e-02
1.245362e-02 1.470076e-02
1.244800e-02 1.469411e-02
1.244314e-02 1.468794e-02
1.243769e-02 1.468299e-02
1.243238e-02 1.467626e-02
1.242764e-02 1.466882e-02
1.242189e-02 1.466358e-02
1.241647e-02 1.465761e-02
1.241163e-02 1.465198e-02
1.240634e-02 1.464526e-02
1.240109e-02 1.463940e-02
1.239594e-02 1.463426e-02
1.239043e-02 1.462743e-02
1.238595e-02 1.462069e-02
1.238020e-02 1.461568e-02
1.237539e-02 1.460854e-02
1.237006e-02 1.460228e-02
1.236452e-02 1.459670e-02
1.235997e-02 1.459222e-02
1.235474e-02 1.458535e-02
1.234945e-02 1.457912e-02
1.234385e-02 1.457371e-02
1.233987e-02 1.456569e-02
1.233352e-02 1.456019e-02
1.232861e-02 1.455494e-02
1.232428e-02 1.454824e-02
1.231842e-02 1.454369e-02
1.231362e-02 1.453518e-02
1.230875e-02 1.453061e-02
1.230367e-02 1.452572e-02
1.229876e-02 1.451823e-02
1.229293e-02 1.451172e-02
1.228890e-02 1.450640e-02
1.228317e-02 1.450044e-02
1.227799e-02 1.449435e-02
1.227337e-02 1.448804e-02
1.226827e-02 1.448233e-02
1.226351e-02 1.447809e-02
1.225810e-02 1.447096e-02
1.225348e-02 1.446567e-02
1.224859e-02 1.445985e-02
1.224290e-02 1.445388e-02
1.223805e-02 1.444817e-02
1.223348e-02 1.444237e-02
1.222869e-02 1.443630e-02
1.222313e-02 1.442961e-02
1.221857e-02 1.442432e-02
1.221357e-02 1.441934e-02
1.220874e-02 1.441361e-02
1.220314e-02 1.440551e-02
1.219903e-02 1.440154e-02
1.219357e-02 1.439553e-02
1.218927e-02 1.439054e-02
1.218376e-02 1.438289e-02
1.217882e-02 1.437948e-02
1.217442e-02 1.437249e-02
1.216909e-02 1.436647e-02
1.216441e-02 1.436223e-02
1.215922e-02 1.435557e-02
1.215515e-02 1.434833e-02
1.214908e-02 1.434304e-02
1.214506e-02 1.433823e-02
1.213963e-02 1.433272e-02
1.213542e-02 1.432773e-02
1.213000e-02 1.432139e-02
1.212533e-02 1.431596e-02
1.212083e-02 1.430928e-02
1.211585e-02 1.430488e-02
1.211115e-02 1.429950e-02
1.210639e-02 1.429344e-02
1.210099e-02 1.428796e-02
1.209631e-02 1.428272e-02
1.209233e-02 1.427555e-02
1.208655e-02 1.427043e-02
1.208235e-02 1.426596e-02
1.207719e-02 1.425902e-02
1.207276e-02 1.425296e-02
1.206798e-02 1.424793e-02
1.206354e-02 1.424199e-02
1.205810e-02 1.423645e-02
1.205334e-02 1.423192e-02
1.204907e-02 1.422663e-02
1.204393e-02 1.422141e-02
1.203935e-02 1.421567e-02
1.203510e-02 1.420841e-02
1.202995e-02 1.420434e-02
1.202535e-02 1.419796e-02
1.202059e-02 1.419271e-02
1.201624e-02 1.418750e-02
1.201130e-02 1.418268e-02
1.200664e-02 1.417664e-02
1.200160e-02 1.417010e-02
1.199748e-02 1.416439e-02
1.199253e-02 1.415964e-02
1.198838e-02 1.415360e-02
1.198315e-02 1.414853e-02
1.197858e-02 1.414177e-02
1.197378e-02 1.413803e-02
1.196922e-02 1.413291e-02
1.196458e-02 1.412642e-02
1.196042e-02 1.412081e-02
1.195516e-02 1.411608e-02
1.195061e-02 1.411005e-02
1.194652e-02 1.410522e-02
1.194187e-02 1.409872e-02
1.193656e-02 1.409316e-02
1.193253e-02 1.408978e-02
1.192797e-02 1.408247e-02
1.192328e-02 1.407872e-02
1.191919e-02 1.407281e-02
1.191368e-02 1.406605e-02
1.190940e-02 1.406162e-02
1.190517e-02 1.405601e-02
1.190057e-02 1.405110e-02
1.189606e-02 1.404463e-02
1.189104e-02 1.404044e-02
1.188686e-02 1.403488e-02
1.188263e-02 1.403010e-02
1.187828e-02 1.402322e-02
1.187272e-02 1.401979e-02
1.186914e-02 1.401335e-02
1.186453e-02 1.400807e-02
1.185988e-02 1.400326e-02
1.185570e-02 1.399729e-02
1.185032e-02 1.399188e-02
1.184684e-02 1.398618e-02
1.184208e-02 1.398277e-02
1.183772e-02 1.397675e-02
1.183316e-02 1.397127e-02
1.182872e-02 1.396829e-02
1.182371e-02 1.396019e-02
1.182026e-02 1.395595e-02
1.181515e-02 1.395077e-02
1.181125e-02 1.394645e-02
1.180611e-02 1.394221e-02
1.180270e-02 1.393443e-02
1.179765e-02 1.392999e-02
1.179323e-02 1.392590e-02
1.178864e-02 1.392019e-02
1.178467e-02 1.391590e-02
1.178027e-02 1.391118e-02
1.177588e-02 1.390457e-02
1.177099e-02 1.389988e-02
1.176742e-02 1.389340e-02
1.176274e-02 1.388992e-02
1.175823e-02 1.388207e-02
1.175390e-02 1.387944e-02
1.174937e-02 1.387354e-02
1.174542e-02 1.386717e-02
1.174085e-02 1.386303e-02
1.173674e-02 1.385807e-02
1.173223e-02 1.385309e-02
1.172780e-02 1.384778e-02
1.172380e-02 1.384132e-02
1.171923e-02 1.383683e-02
1.171500e-02 1.383165e-02
1.171018e-02 1.382759e-02
1.170698e-02 1.382351e-02
1.170132e-02 1.381810e-02
1.169822e-02 1.381300e-02
1.169335e-02 1.380753e-02
1.168945e-02 1.380269e-02
1.168466e-02 1.379691e-02
1.168042e-02 1.379133e-02
1.167639e-02 1.378748e-02
1.167160e-02 1.378264e-02
1.166799e-02 1.377598e-02
1.166335e-02 1.377140e-02
1.165910e-02 1.376838e-02
1.165519e-02 1.376216e-02
1.165074e-02 1.375691e-02
1.164663e-02 1.375378e-02
1.164242e-02 1.374782e-02
1.163826e-02 1.374327e-02
1.163374e-02 1.373781e-02
1.162985e-02 1.373436e-02
1.162575e-02 1.372846e-02
1.162084e-02 1.372334e-02
