2.219642e-01 1.379992e-01
5.552278e-02 5.864237e-02
1.775351e-02 2.909447e-02
9.886431e-03 1.704437e-02
7.474403e-03 1.279656e-02
6.245502e-03 1.061276e-02
5.472175e-03 9.020575e-03
4.951970e-03 8.288430e-03
4.578994e-03 7.397507e-03
4.288067e-03 7.056125e-03
4.058547e-03 6.656956e-03
3.866333e-03 6.303507e-03
3.707819e-03 5.991411e-03
3.572181e-03 5.791941e-03
3.451339e-03 5.722607e-03
3.347836e-03 5.531015e-03
3.257144e-03 5.405675e-03
3.172086e-03 5.194444e-03
3.096904e-03 5.223262e-03
3.025665e-03 5.030320e-03
2.957123e-03 4.878149e-03
2.892757e-03 4.826122e-03
2.835239e-03 4.646559e-03
2.782649e-03 4.534549e-03
2.731560e-03 4.449300e-03
2.681665e-03 4.432023e-03
2.634509e-03 4.392544e-03
2.586374e-03 4.217338e-03
2.542366e-03 4.103946e-03
2.496788e-03 4.047439e-03
2.454056e-03 4.015267e-03
2.413035e-03 3.995087e-03
2.373276e-03 3.804866e-03
2.333947e-03 3.785831e-03
2.297332e-03 3.715142e-03
2.261413e-03 3.702361e-03
2.229258e-03 3.606587e-03
2.197582e-03 3.587834e-03
2.164665e-03 3.542778e-03
2.134153e-03 3.471323e-03
2.104198e-03 3.398754e-03
2.072667e-03 3.392049e-03
2.040595e-03 3.319194e-03
2.010594e-03 3.290088e-03
1.980682e-03 3.278034e-03
1.950910e-03 3.197170e-03
1.920103e-03 3.213443e-03
1.890911e-03 3.119530e-03
1.856573e-03 3.083440e-03
1.825395e-03 3.081733e-03
1.792686e-03 3.021765e-03
1.760310e-03 2.988790e-03
1.728804e-03 2.946027e-03
1.698482e-03 2.899007e-03
1.668955e-03 2.844808e-03
1.640931e-03 2.803372e-03
1.613619e-03 2.767309e-03
1.585969e-03 2.724945e-03
1.560625e-03 2.701493e-03
1.536147e-03 2.672918e-03
1.513949e-03 2.640336e-03
1.491903e-03 2.557109e-03
1.470628e-03 2.581781e-03
1.450460e-03 2.534001e-03
1.432996e-03 2.503233e-03
1.413865e-03 2.470145e-03
1.396077e-03 2.481610e-03
1.380540e-03 2.436051e-03
1.363590e-03 2.449924e-03
1.346270e-03 2.404362e-03
1.329498e-03 2.386042e-03
1.312408e-03 2.398107e-03
1.294284e-03 2.365329e-03
1.275867e-03 2.338344e-03
1.257732e-03 2.327194e-03
1.240687e-03 2.279030e-03
1.222241e-03 2.253589e-03
1.204631e-03 2.244454e-03
1.188563e-03 2.224717e-03
1.170314e-03 2.227358e-03
1.153743e-03 2.198299e-03
1.136746e-03 2.173093e-03
1.120427e-03 2.215168e-03
1.104515e-03 2.150586e-03
1.088167e-03 2.157902e-03
1.071656e-03 2.139606e-03
1.056290e-03 2.133737e-03
1.040084e-03 2.132552e-03
1.024278e-03 2.190174e-03
1.009340e-03 2.167486e-03
9.946957e-04 2.142880e-03
9.802470e-04 2.188703e-03
9.655811e-04 2.170500e-03
9.514529e-04 2.180594e-03
9.367304e-04 2.180181e-03
9.227645e-04 2.137106e-03
9.101297e-04 2.118175e-03
8.954318e-04 2.124099e-03
8.829169e-04 2.126604e-03
8.706567e-04 2.110444e-03
8.576534e-04 2.140208e-03
8.450932e-04 2.095516e-03
8.333196e-04 2.063477e-03
8.209810e-04 2.033721e-03
8.084886e-04 2.066457e-03
7.970000e-04 1.987210e-03
7.861730e-04 1.977311e-03
7.745356e-04 2.015518e-03
7.639269e-04 1.951603e-03
7.541726e-04 1.898800e-03
7.438829e-04 1.903661e-03
7.338201e-04 1.842549e-03
7.234311e-04 1.819401e-03
7.144675e-04 1.815208e-03
7.050186e-04 1.773436e-03
6.961566e-04 1.727908e-03
6.872625e-04 1.694727e-03
6.789269e-04 1.649409e-03
6.706286e-04 1.664777e-03
6.614409e-04 1.578974e-03
6.547630e-04 1.583777e-03
6.463201e-04 1.568728e-03
6.391077e-04 1.498167e-03
6.312976e-04 1.498977e-03
6.242667e-04 1.411927e-03
6.171461e-04 1.382359e-03
6.104075e-04 1.365226e-03
6.040313e-04 1.363794e-03
5.978548e-04 1.356357e-03
5.912717e-04 1.300206e-03
5.850176e-04 1.280395e-03
5.792649e-04 1.260276e-03
5.737118e-04 1.246550e-03
5.679015e-04 1.212884e-03
5.627151e-04 1.202190e-03
5.572706e-04 1.181975e-03
5.525366e-04 1.170942e-03
5.469777e-04 1.160223e-03
5.425342e-04 1.153859e-03
5.374845e-04 1.123129e-03
5.326644e-04 1.120303e-03
5.280921e-04 1.134398e-03
5.238958e-04 1.095780e-03
5.191976e-04 1.128816e-03
5.145016e-04 1.099181e-03
5.105325e-04 1.084662e-03
5.062657e-04 1.082388e-03
5.024610e-04 1.070086e-03
4.980699e-04 1.080479e-03
4.940901e-04 1.079943e-03
4.902490e-04 1.047667e-03
4.860121e-04 1.059361e-03
4.825784e-04 1.043957e-03
4.784953e-04 1.038843e-03
4.749788e-04 1.032750e-03
4.711962e-04 1.038217e-03
4.679697e-04 1.027480e-03
4.640215e-04 1.021535e-03
4.608174e-04 1.024755e-03
4.571627e-04 1.013018e-03
4.543870e-04 1.005388e-03
4.511208e-04 1.016613e-03
4.477540e-04 9.880160e-04
4.449763e-04 9.934903e-04
4.420063e-04 9.717976e-04
4.388065e-04 9.909135e-04
4.361721e-04 9.758768e-04
4.335103e-04 9.851492e-04
4.308515e-04 9.788170e-04
4.280586e-04 9.748896e-04
4.257868e-04 9.598963e-04
4.232312e-04 9.610896e-04
4.209946e-04 9.675807e-04
4.183884e-04 9.620526e-04
4.159876e-04 9.740147e-04
4.138281e-04 9.791021e-04
4.114520e-04 9.884749e-04
4.093524e-04 9.603184e-04
4.074362e-04 9.792559e-04
4.049262e-04 9.825859e-04
4.032140e-04 9.875948e-04
4.011728e-04 9.833076e-04
3.993750e-04 9.973164e-04
3.974560e-04 9.864435e-04
3.951176e-04 9.861991e-04
3.936407e-04 1.004646e-03
3.917071e-04 9.776874e-04
3.901822e-04 9.830474e-04
3.879835e-04 9.838699e-04
3.866902e-04 9.938979e-04
3.851455e-04 9.869488e-04
3.834395e-04 9.908829e-04
3.820338e-04 9.812930e-04
3.804089e-04 9.679351e-04
3.791293e-04 9.716282e-04
3.771035e-04 9.964304e-04
3.756163e-04 9.604354e-04
3.748195e-04 9.627477e-04
3.735564e-04 9.664732e-04
3.722179e-04 9.525830e-04
3.709704e-04 9.593435e-04
3.692756e-04 9.815166e-04
3.683522e-04 9.234550e-04
3.674044e-04 9.577221e-04
3.664654e-04 9.478708e-04
3.654573e-04 9.547495e-04
3.644919e-04 9.020321e-04
3.635496e-04 9.308017e-04
3.626201e-04 9.037587e-04
3.618121e-04 8.985578e-04
3.607103e-04 9.100555e-04
3.599727e-04 8.734088e-04
3.593617e-04 8.884240e-04
3.588179e-04 8.974436e-04
3.579136e-04 8.923779e-04
3.580313e-04 8.721793e-04
3.573638e-04 8.798010e-04
3.571509e-04 8.878965e-04
3.563342e-04 8.735515e-04
3.562383e-04 8.438962e-04
3.559169e-04 8.402310e-04
3.557146e-04 8.393798e-04
3.552525e-04 8.259006e-04
3.549939e-04 8.383370e-04
3.546542e-04 8.443900e-04
3.546617e-04 8.264915e-04
3.548979e-04 8.288918e-04
3.548820e-04 8.310733e-04
3.550569e-04 8.612714e-04
3.545720e-04 8.529274e-04
3.547491e-04 8.334698e-04
3.552302e-04 8.587841e-04
3.552480e-04 8.652147e-04
3.554172e-04 8.487226e-04
3.554041e-04 8.685648e-04
3.557320e-04 8.538342e-04
3.558871e-04 8.745430e-04
3.557911e-04 8.585196e-04
3.564908e-04 8.685410e-04
3.567270e-04 8.777305e-04
3.575085e-04 8.742850e-04
3.582420e-04 8.838571e-04
3.585342e-04 8.968862e-04
3.588847e-04 8.885402e-04
3.586835e-04 9.024611e-04
3.587556e-04 9.045721e-04
3.591689e-04 9.073926e-04
3.595500e-04 9.012105e-04
3.599975e-04 9.109279e-04
3.597464e-04 9.037460e-04
3.601718e-04 9.227766e-04
3.607770e-04 9.162378e-04
3.612352e-04 9.239878e-04
3.614486e-04 9.126046e-04
3.615494e-04 9.300885e-04
3.619109e-04 9.358597e-04
3.621390e-04 9.244611e-04
3.626868e-04 9.287469e-04
3.626571e-04 9.408608e-04
3.629401e-04 9.356934e-04
3.630565e-04 9.426302e-04
3.637702e-04 9.430286e-04
3.640154e-04 9.579281e-04
3.642998e-04 9.472173e-04
3.648396e-04 9.673063e-04
3.652807e-04 9.706320e-04
3.655070e-04 9.635769e-04
3.660448e-04 9.827159e-04
3.662483e-04 9.725138e-04
3.661237e-04 9.742597e-04
3.660542e-04 9.721251e-04
3.660342e-04 9.739105e-04
3.657693e-04 9.795823e-04
3.662323e-04 1.017826e-03
3.659497e-04 9.909944e-04
3.656558e-04 9.635246e-04
3.657963e-04 9.953971e-04
3.651855e-04 9.944995e-04
3.647620e-04 9.967389e-04
3.646247e-04 9.786312e-04
3.639849e-04 1.007010e-03
3.637751e-04 1.027782e-03
3.636544e-04 1.007235e-03
3.632867e-04 1.000582e-03
3.629907e-04 1.010405e-03
3.631132e-04 1.018202e-03
3.633210e-04 1.048393e-03
3.628221e-04 1.014668e-03
3.621836e-04 1.036184e-03
3.622865e-04 1.050948e-03
3.617785e-04 1.045897e-03
3.614866e-04 1.033089e-03
3.609056e-04 1.066037e-03
3.610195e-04 1.048553e-03
3.609697e-04 1.064024e-03
3.604705e-04 1.097852e-03
3.600910e-04 1.079653e-03
3.595318e-04 1.063959e-03
3.593253e-04 1.080853e-03
3.587352e-04 1.101661e-03
3.586565e-04 1.116870e-03
3.581732e-04 1.106750e-03
3.577912e-04 1.128643e-03
3.570140e-04 1.126679e-03
3.565788e-04 1.127339e-03
3.558675e-04 1.139675e-03
3.552707e-04 1.163496e-03
3.550321e-04 1.157180e-03
3.547295e-04 1.164612e-03
3.549501e-04 1.167299e-03
3.544062e-04 1.170822e-03
3.538074e-04 1.180380e-03
3.531133e-04 1.151188e-03
3.527771e-04 1.153796e-03
3.525605e-04 1.181132e-03
3.521598e-04 1.160563e-03
3.518998e-04 1.179887e-03
3.522133e-04 1.200111e-03
3.517917e-04 1.223402e-03
3.516401e-04 1.201176e-03
3.518620e-04 1.227813e-03
3.520128e-04 1.249012e-03
3.519200e-04 1.235476e-03
3.512212e-04 1.226367e-03
3.512452e-04 1.217804e-03
3.507585e-04 1.198747e-03
3.504931e-04 1.208047e-03
3.502811e-04 1.197141e-03
3.498070e-04 1.220691e-03
3.498929e-04 1.206996e-03
3.501811e-04 1.222957e-03
3.489156e-04 1.198673e-03
3.492825e-04 1.152180e-03
3.481484e-04 1.170827e-03
3.472388e-04 1.150851e-03
3.465528e-04 1.120827e-03
3.460528e-04 1.110454e-03
3.449685e-04 1.110487e-03
3.437839e-04 1.083633e-03
3.430163e-04 1.064668e-03
3.411933e-04 1.045502e-03
3.404034e-04 1.007434e-03
3.396367e-04 1.009819e-03
3.378121e-04 9.963101e-04
3.358792e-04 9.548981e-04
3.355803e-04 9.560992e-04
3.341400e-04 9.417536e-04
3.324335e-04 9.005268e-04
3.309290e-04 9.152272e-04
3.293523e-04 8.912901e-04
3.279691e-04 8.778169e-04
3.260705e-04 8.802889e-04
3.243461e-04 8.401151e-04
3.231149e-04 8.540368e-04
3.221948e-04 8.368891e-04
3.199050e-04 8.130757e-04
3.184523e-04 8.000092e-04
3.166732e-04 7.934445e-04
3.151836e-04 7.737926e-04
3.129248e-04 7.689862e-04
3.114827e-04 7.562968e-04
3.095324e-04 7.492140e-04
3.072894e-04 7.355125e-04
3.063430e-04 7.213626e-04
3.046195e-04 7.005314e-04
3.026632e-04 7.014954e-04
3.012829e-04 6.899553e-04
2.995296e-04 6.890523e-04
2.982160e-04 6.761594e-04
2.965436e-04 6.720161e-04
2.951196e-04 6.847783e-04
2.939766e-04 6.652722e-04
2.925749e-04 6.578557e-04
2.910427e-04 6.432428e-04
2.897604e-04 6.466567e-04
2.883835e-04 6.482016e-04
2.870210e-04 6.527674e-04
2.856398e-04 6.344422e-04
2.840568e-04 6.324667e-04
2.829801e-04 6.337560e-04
2.819128e-04 6.269750e-04
2.805176e-04 6.238091e-04
2.794502e-04 6.207555e-04
2.780819e-04 6.145501e-04
2.771538e-04 6.183522e-04
2.759518e-04 6.115829e-04
2.745269e-04 6.156074e-04
2.737608e-04 6.104945e-04
2.726451e-04 6.102290e-04
2.719358e-04 5.963867e-04
2.708604e-04 5.945340e-04
2.697825e-04 5.926412e-04
2.686256e-04 5.899302e-04
2.675632e-04 5.843118e-04
2.667916e-04 5.781102e-04
2.660302e-04 5.686420e-04
2.647546e-04 5.726753e-04
2.638753e-04 5.740109e-04
2.629420e-04 5.644546e-04
2.619457e-04 5.641640e-04
2.616760e-04 5.531013e-04
2.603414e-04 5.485094e-04
2.595244e-04 5.529235e-04
2.584039e-04 5.379551e-04
2.577630e-04 5.418730e-04
2.569201e-04 5.392379e-04
2.561322e-04 5.302480e-04
2.555536e-04 5.346587e-04
2.545173e-04 5.488952e-04
2.534454e-04 5.342956e-04
2.531918e-04 5.376250e-04
2.523909e-04 5.318320e-04
2.516402e-04 5.344645e-04
2.508884e-04 5.332917e-04
2.504057e-04 5.242262e-04
2.494703e-04 5.343991e-04
2.489781e-04 5.285206e-04
2.482292e-04 5.286828e-04
2.472021e-04 5.311382e-04
2.468530e-04 5.320216e-04
2.458887e-04 5.339072e-04
2.455380e-04 5.213144e-04
2.450582e-04 5.244090e-04
2.443293e-04 5.327921e-04
2.436405e-04 5.231366e-04
2.432353e-04 5.205552e-04
2.422491e-04 5.179840e-04
2.419582e-04 5.247802e-04
2.410762e-04 5.124149e-04
2.406524e-04 5.079267e-04
2.398644e-04 5.083437e-04
2.392903e-04 5.179163e-04
2.389114e-04 5.080173e-04
2.380763e-04 4.991692e-04
2.375390e-04 4.969189e-04
2.366952e-04 5.087066e-04
2.364430e-04 5.022261e-04
2.358184e-04 4.960643e-04
2.352676e-04 4.868698e-04
2.346002e-04 4.885837e-04
2.342857e-04 4.799692e-04
2.334884e-04 4.819952e-04
2.331738e-04 4.873018e-04
2.326011e-04 4.805466e-04
2.322010e-04 4.777955e-04
2.312186e-04 4.768511e-04
2.306167e-04 4.760984e-04
2.301201e-04 4.694544e-04
2.299352e-04 4.749092e-04
2.291267e-04 4.710601e-04
2.287074e-04 4.732702e-04
2.281691e-04 4.618680e-04
2.278766e-04 4.670063e-04
2.270545e-04 4.639825e-04
2.265214e-04 4.615875e-04
2.260875e-04 4.610328e-04
2.257860e-04 4.531843e-04
2.250191e-04 4.510535e-04
2.244511e-04 4.573286e-04
2.242573e-04 4.516099e-04
2.237093e-04 4.485088e-04
2.228948e-04 4.473394e-04
2.226001e-04 4.496172e-04
2.223470e-04 4.485559e-04
2.218643e-04 4.463176e-04
2.213156e-04 4.386114e-04
2.209868e-04 4.450053e-04
2.205729e-04 4.328532e-04
2.201589e-04 4.406848e-04
2.196642e-04 4.376142e-04
2.194348e-04 4.387121e-04
2.188009e-04 4.328214e-04
2.184850e-04 4.361380e-04
2.178990e-04 4.289064e-04
2.177505e-04 4.307669e-04
2.172440e-04 4.281375e-04
2.171369e-04 4.302858e-04
2.164240e-04 4.222432e-04
2.160655e-04 4.319435e-04
2.159639e-04 4.269301e-04
2.152560e-04 4.240139e-04
2.148628e-04 4.269908e-04
2.145065e-04 4.274357e-04
2.143963e-04 4.272118e-04
2.138366e-04 4.229744e-04
2.136601e-04 4.217535e-04
2.132978e-04 4.241544e-04
2.127509e-04 4.215606e-04
2.126505e-04 4.179644e-04
2.121700e-04 4.203651e-04
2.118256e-04 4.169306e-04
2.114086e-04 4.205655e-04
2.110621e-04 4.183401e-04
2.106032e-04 4.155675e-04
2.103750e-04 4.156547e-04
2.100858e-04 4.093367e-04
2.098547e-04 4.133861e-04
2.093259e-04 4.139952e-04
2.090300e-04 4.095211e-04
2.088952e-04 4.128054e-04
2.085702e-04 4.085063e-04
2.078780e-04 4.075697e-04
2.078930e-04 4.024112e-04
2.074853e-04 4.028378e-04
2.071033e-04 3.989556e-04
2.069063e-04 3.987016e-04
2.066040e-04 4.055788e-04
2.064050e-04 3.968354e-04
2.061153e-04 3.982739e-04
2.055793e-04 3.950262e-04
2.052267e-04 3.872301e-04
2.048911e-04 3.928179e-04
2.047706e-04 3.875057e-04
2.044700e-04 3.906538e-04
2.038417e-04 3.870775e-04
2.038574e-04 3.880227e-04
2.034754e-04 3.895437e-04
2.033285e-04 3.906832e-04
2.029771e-04 3.879384e-04
2.025775e-04 3.863941e-04
2.023667e-04 3.847714e-04
2.023566e-04 3.874438e-04
2.020068e-04 3.822109e-04
2.020796e-04 3.830181e-04
2.014638e-04 3.920566e-04
2.010383e-04 3.818780e-04
2.010128e-04 3.878760e-04
2.005686e-04 3.811487e-04
2.005403e-04 3.795532e-04
2.003165e-04 3.817378e-04
2.000892e-04 3.778822e-04
1.998439e-04 3.855402e-04
1.996184e-04 3.792571e-04
1.993979e-04 3.844427e-04
1.990080e-04 3.798870e-04
1.988795e-04 3.828761e-04
1.985583e-04 3.818791e-04
1.984710e-04 3.836401e-04
1.981871e-04 3.774838e-04
1.980032e-04 3.843761e-04
1.977457e-04 3.795568e-04
1.976008e-04 3.811104e-04
1.972927e-04 3.827038e-04
1.972660e-04 3.804571e-04
1.967800e-04 3.849741e-04
1.967066e-04 3.848961e-04
1.965760e-04 3.873781e-04
1.965121e-04 3.766398e-04
1.960847e-04 3.757786e-04
1.959141e-04 3.768615e-04
1.957513e-04 3.739784e-04
1.955095e-04 3.750818e-04
1.952603e-04 3.751183e-04
1.951819e-04 3.745391e-04
1.949731e-04 3.737387e-04
1.947142e-04 3.699685e-04
1.944914e-04 3.778796e-04
1.944574e-04 3.735447e-04
1.941196e-04 3.706395e-04
1.942015e-04 3.716555e-04
1.938193e-04 3.669313e-04
1.934320e-04 3.717841e-04
1.935178e-04 3.708084e-04
1.932737e-04 3.660765e-04
1.930140e-04 3.659243e-04
1.929936e-04 3.649145e-04
1.927559e-04 3.702047e-04
1.923811e-04 3.698406e-04
1.923704e-04 3.676419e-04
1.922040e-04 3.657759e-04
1.917726e-04 3.680328e-04
1.916298e-04 3.622375e-04
1.916741e-04 3.616096e-04
1.912509e-04 3.690028e-04
1.908359e-04 3.671412e-04
1.907946e-04 3.701879e-04
1.905139e-04 3.678000e-04
1.905701e-04 3.635100e-04
1.901971e-04 3.634763e-04
1.899194e-04 3.678361e-04
1.898437e-04 3.673902e-04
1.896306e-04 3.701834e-04
1.894480e-04 3.613925e-04
1.892294e-04 3.585194e-04
1.891188e-04 3.624021e-04
1.889292e-04 3.598407e-04
1.885469e-04 3.645677e-04
1.884726e-04 3.689244e-04
1.884170e-04 3.669174e-04
1.881269e-04 3.645610e-04
1.880776e-04 3.652344e-04
1.879654e-04 3.639031e-04
1.875341e-04 3.649702e-04
1.875533e-04 3.645546e-04
1.872911e-04 3.624983e-04
1.872562e-04 3.592758e-04
1.870911e-04 3.668500e-04
1.867058e-04 3.648544e-04
1.867361e-04 3.649732e-04
1.867108e-04 3.595112e-04
