7.519856e-02 5.421454e-02
2.052994e-02 3.285315e-02
1.238988e-02 2.670657e-02
1.013925e-02 2.357884e-02
9.143281e-03 2.240042e-02
8.568932e-03 2.141746e-02
8.169677e-03 2.096622e-02
7.899433e-03 2.050899e-02
7.672763e-03 2.013111e-02
7.492149e-03 2.009102e-02
7.342407e-03 1.976191e-02
7.210343e-03 1.949537e-02
7.089758e-03 1.945841e-02
6.997664e-03 1.912444e-02
6.893981e-03 1.902261e-02
6.803695e-03 1.924530e-02
6.725730e-03 1.890333e-02
6.653836e-03 1.869554e-02
6.592203e-03 1.858640e-02
6.517227e-03 1.848889e-02
6.463128e-03 1.866215e-02
6.398590e-03 1.831768e-02
6.336359e-03 1.830160e-02
6.282041e-03 1.803182e-02
6.229798e-03 1.819270e-02
6.168379e-03 1.812691e-02
6.124374e-03 1.803022e-02
6.066997e-03 1.804137e-02
6.012865e-03 1.782640e-02
5.959726e-03 1.795442e-02
5.903315e-03 1.781141e-02
5.848139e-03 1.772740e-02
5.798001e-03 1.771398e-02
5.746764e-03 1.765844e-02
5.706165e-03 1.760185e-02
5.663205e-03 1.764795e-02
5.630893e-03 1.744605e-02
5.593392e-03 1.741950e-02
5.561757e-03 1.754898e-02
5.531083e-03 1.753544e-02
5.491958e-03 1.739232e-02
5.461622e-03 1.738684e-02
5.434286e-03 1.734148e-02
5.397064e-03 1.719717e-02
5.364655e-03 1.722258e-02
5.333760e-03 1.700961e-02
5.306298e-03 1.705505e-02
5.271934e-03 1.716749e-02
5.245276e-03 1.709614e-02
5.219082e-03 1.703640e-02
5.195447e-03 1.687613e-02
5.177958e-03 1.688824e-02
5.154521e-03 1.687586e-02
5.133799e-03 1.701728e-02
5.113524e-03 1.690004e-02
5.095954e-03 1.689098e-02
5.081267e-03 1.696933e-02
5.059542e-03 1.674846e-02
5.040917e-03 1.686855e-02
5.036378e-03 1.691061e-02
5.016492e-03 1.689698e-02
5.002140e-03 1.693396e-02
4.987765e-03 1.673628e-02
4.965986e-03 1.693957e-02
4.956835e-03 1.687404e-02
4.941968e-03 1.668021e-02
4.925684e-03 1.689435e-02
4.910061e-03 1.686045e-02
4.896754e-03 1.686563e-02
4.872980e-03 1.666600e-02
4.856825e-03 1.675886e-02
4.840215e-03 1.676696e-02
4.826173e-03 1.666008e-02
4.808852e-03 1.666123e-02
4.794784e-03 1.667349e-02
4.773210e-03 1.658517e-02
4.763269e-03 1.664523e-02
4.749309e-03 1.652603e-02
4.732354e-03 1.649932e-02
4.720159e-03 1.639746e-02
4.702684e-03 1.647645e-02
4.685203e-03 1.651968e-02
4.670742e-03 1.634532e-02
4.654561e-03 1.648402e-02
4.641156e-03 1.638733e-02
4.623872e-03 1.643716e-02
4.605203e-03 1.630229e-02
4.591510e-03 1.637259e-02
4.570556e-03 1.622413e-02
4.551847e-03 1.628784e-02
4.539988e-03 1.623290e-02
4.518500e-03 1.616135e-02
4.497433e-03 1.622134e-02
4.485507e-03 1.603357e-02
4.463905e-03 1.599746e-02
4.447607e-03 1.603068e-02
4.430499e-03 1.598157e-02
4.404358e-03 1.586967e-02
4.392483e-03 1.580068e-02
4.374002e-03 1.572010e-02
4.361640e-03 1.568427e-02
4.341734e-03 1.573522e-02
4.326810e-03 1.558870e-02
4.311272e-03 1.551276e-02
4.297138e-03 1.563980e-02
4.285491e-03 1.546545e-02
4.261379e-03 1.536220e-02
4.243681e-03 1.544496e-02
4.234697e-03 1.526993e-02
4.214924e-03 1.526752e-02
4.198390e-03 1.530453e-02
4.182066e-03 1.517292e-02
4.155494e-03 1.522994e-02
4.133407e-03 1.510596e-02
4.118149e-03 1.512743e-02
4.085413e-03 1.501818e-02
4.070954e-03 1.486379e-02
4.050169e-03 1.501004e-02
4.024284e-03 1.469868e-02
4.009774e-03 1.469294e-02
3.991595e-03 1.469449e-02
3.972788e-03 1.471431e-02
3.957901e-03 1.471300e-02
3.943825e-03 1.439017e-02
3.924135e-03 1.445617e-02
3.907916e-03 1.436000e-02
3.893231e-03 1.429970e-02
3.875229e-03 1.425584e-02
3.866011e-03 1.419425e-02
3.848628e-03 1.417851e-02
3.836818e-03 1.408012e-02
3.823514e-03 1.407379e-02
3.807580e-03 1.384967e-02
3.794988e-03 1.408114e-02
3.780431e-03 1.388066e-02
3.768459e-03 1.381036e-02
3.759493e-03 1.382830e-02
3.746586e-03 1.372045e-02
3.735013e-03 1.364978e-02
3.720185e-03 1.357112e-02
3.710047e-03 1.356704e-02
3.697859e-03 1.349416e-02
3.688932e-03 1.349320e-02
3.679317e-03 1.345918e-02
3.666562e-03 1.345990e-02
3.655093e-03 1.332803e-02
3.642242e-03 1.339983e-02
3.628416e-03 1.322045e-02
3.615102e-03 1.319866e-02
3.600011e-03 1.311024e-02
3.576787e-03 1.310660e-02
3.566131e-03 1.303685e-02
3.550537e-03 1.293139e-02
3.534470e-03 1.286465e-02
3.518426e-03 1.284764e-02
3.494393e-03 1.276276e-02
3.481655e-03 1.282469e-02
3.463951e-03 1.278573e-02
3.449134e-03 1.260846e-02
3.436525e-03 1.256772e-02
3.421155e-03 1.260599e-02
3.412358e-03 1.258026e-02
3.399957e-03 1.246782e-02
3.383890e-03 1.249205e-02
3.376609e-03 1.247738e-02
3.365514e-03 1.239311e-02
3.353999e-03 1.248255e-02
3.343382e-03 1.229559e-02
3.333568e-03 1.229004e-02
3.323088e-03 1.234761e-02
3.309583e-03 1.229852e-02
3.297033e-03 1.228377e-02
3.281326e-03 1.205905e-02
3.264125e-03 1.216944e-02
3.248920e-03 1.209211e-02
3.230144e-03 1.201242e-02
3.211653e-03 1.198918e-02
3.192040e-03 1.191395e-02
3.171905e-03 1.186198e-02
3.159686e-03 1.188337e-02
3.144010e-03 1.179538e-02
3.128937e-03 1.175441e-02
3.116240e-03 1.169158e-02
3.097312e-03 1.163264e-02
3.089806e-03 1.170462e-02
3.076778e-03 1.159387e-02
3.062940e-03 1.165337e-02
3.050141e-03 1.158299e-02
3.040210e-03 1.148307e-02
3.027781e-03 1.148731e-02
3.018433e-03 1.148361e-02
3.007034e-03 1.138206e-02
2.998435e-03 1.141113e-02
2.988401e-03 1.135983e-02
2.976259e-03 1.136564e-02
2.964367e-03 1.135600e-02
2.951208e-03 1.132930e-02
2.940104e-03 1.116503e-02
2.924713e-03 1.109892e-02
2.906034e-03 1.107412e-02
2.891989e-03 1.032614e-02
2.872431e-03 1.021599e-02
2.851394e-03 1.026173e-02
2.833862e-03 1.008947e-02
2.818930e-03 1.018721e-02
2.797664e-03 9.986271e-03
2.784732e-03 1.001009e-02
2.771603e-03 9.904834e-03
2.756157e-03 9.900361e-03
2.741828e-03 9.847436e-03
2.725264e-03 9.845056e-03
2.716697e-03 9.805389e-03
2.703874e-03 9.734713e-03
2.685256e-03 9.670945e-03
2.666014e-03 9.645322e-03
2.649061e-03 9.649378e-03
2.630052e-03 9.607879e-03
2.613710e-03 9.452067e-03
2.597245e-03 9.451213e-03
2.578660e-03 9.435776e-03
2.563766e-03 9.326458e-03
2.547248e-03 9.236517e-03
2.525332e-03 9.091992e-03
2.506004e-03 9.101812e-03
2.490550e-03 8.953133e-03
2.470176e-03 8.985777e-03
2.458040e-03 8.904205e-03
2.441297e-03 8.816965e-03
2.423437e-03 8.836065e-03
2.409903e-03 8.753747e-03
2.397463e-03 8.742307e-03
2.380433e-03 8.631419e-03
2.368000e-03 8.607097e-03
2.354075e-03 8.569258e-03
2.336085e-03 8.380955e-03
2.318639e-03 8.397395e-03
2.304689e-03 8.290336e-03
2.291025e-03 8.344353e-03
2.277362e-03 8.190645e-03
2.263692e-03 8.181338e-03
2.251932e-03 8.156440e-03
2.239158e-03 8.076328e-03
2.225533e-03 8.077555e-03
2.213210e-03 7.971597e-03
2.198134e-03 7.920679e-03
2.185051e-03 7.859485e-03
2.167670e-03 7.800467e-03
2.155443e-03 7.714622e-03
2.138876e-03 7.701746e-03
2.126317e-03 7.664546e-03
2.114199e-03 7.517547e-03
2.100694e-03 7.627310e-03
2.085205e-03 7.497268e-03
2.072045e-03 7.542906e-03
2.053852e-03 7.410235e-03
2.036518e-03 7.376082e-03
2.016402e-03 7.265270e-03
1.999525e-03 7.208072e-03
1.980557e-03 7.106516e-03
1.963931e-03 7.071541e-03
1.948530e-03 6.980170e-03
1.926271e-03 6.902542e-03
1.908689e-03 6.758923e-03
1.891960e-03 6.760949e-03
1.875578e-03 6.689068e-03
1.853849e-03 6.598817e-03
1.840216e-03 6.515850e-03
1.824308e-03 6.469048e-03
1.810110e-03 6.420067e-03
1.797207e-03 6.372181e-03
1.781000e-03 6.298599e-03
1.767479e-03 6.221660e-03
1.756955e-03 6.159838e-03
1.743334e-03 6.105586e-03
1.729244e-03 6.068370e-03
1.720386e-03 5.973892e-03
1.707718e-03 5.943691e-03
1.694366e-03 5.901718e-03
1.680314e-03 5.838661e-03
1.667321e-03 5.762432e-03
1.652973e-03 5.710807e-03
1.640761e-03 5.652993e-03
1.627366e-03 5.614108e-03
1.614616e-03 5.527966e-03
1.601911e-03 5.518902e-03
1.587459e-03 5.483815e-03
1.573993e-03 5.467253e-03
1.558822e-03 5.349802e-03
1.542204e-03 5.282766e-03
1.525070e-03 5.200755e-03
1.508715e-03 5.116819e-03
1.495163e-03 5.070768e-03
1.478457e-03 5.009618e-03
1.466702e-03 4.931841e-03
1.454863e-03 4.895416e-03
1.442977e-03 4.823276e-03
1.432086e-03 4.771653e-03
1.421503e-03 4.747915e-03
1.412427e-03 4.722517e-03
1.402947e-03 4.622374e-03
1.395586e-03 4.598563e-03
1.387566e-03 4.576346e-03
1.381319e-03 4.504579e-03
1.372961e-03 4.443109e-03
1.365713e-03 4.446315e-03
1.358964e-03 4.405768e-03
1.351849e-03 4.319780e-03
1.344026e-03 4.336641e-03
1.336396e-03 4.243661e-03
1.329151e-03 4.235086e-03
1.319767e-03 4.216884e-03
1.311807e-03 4.142199e-03
1.304258e-03 4.113462e-03
1.297980e-03 4.083991e-03
1.288792e-03 4.081532e-03
1.284113e-03 4.022476e-03
1.278353e-03 4.011440e-03
1.274201e-03 3.921656e-03
1.266819e-03 3.954288e-03
1.262504e-03 3.912379e-03
1.257886e-03 3.885114e-03
1.252495e-03 3.848921e-03
1.249450e-03 3.880930e-03
1.244990e-03 3.818562e-03
1.241199e-03 3.755113e-03
1.237145e-03 3.770847e-03
1.232489e-03 3.719819e-03
1.227781e-03 3.683009e-03
1.224720e-03 3.687602e-03
1.220385e-03 3.649109e-03
1.216593e-03 3.647542e-03
1.213047e-03 3.635042e-03
1.208384e-03 3.617457e-03
1.204772e-03 3.577947e-03
1.200500e-03 3.539788e-03
1.196544e-03 3.548433e-03
1.192121e-03 3.540133e-03
1.189674e-03 3.525678e-03
1.185766e-03 3.464482e-03
1.182934e-03 3.450814e-03
1.177496e-03 3.484464e-03
1.173659e-03 3.443416e-03
1.170236e-03 3.408069e-03
1.166209e-03 3.425489e-03
1.162454e-03 3.412310e-03
1.158696e-03 3.394764e-03
1.155334e-03 3.369742e-03
1.151388e-03 3.381710e-03
1.147019e-03 3.376664e-03
1.144430e-03 3.339026e-03
1.140937e-03 3.326023e-03
1.137547e-03 3.306082e-03
1.134769e-03 3.297814e-03
1.131908e-03 3.297130e-03
1.128645e-03 3.276680e-03
1.126524e-03 3.267874e-03
1.123517e-03 3.253649e-03
1.120899e-03 3.243335e-03
1.118253e-03 3.231731e-03
1.116138e-03 3.262244e-03
1.113585e-03 3.208668e-03
1.110529e-03 3.203021e-03
1.108197e-03 3.220574e-03
1.106804e-03 3.210391e-03
1.104335e-03 3.194891e-03
1.102031e-03 3.220302e-03
1.099538e-03 3.193727e-03
1.097724e-03 3.154283e-03
1.095164e-03 3.198462e-03
1.093159e-03 3.162990e-03
1.090351e-03 3.118783e-03
1.088450e-03 3.118151e-03
1.086497e-03 3.098770e-03
1.083961e-03 3.104189e-03
1.081445e-03 3.088295e-03
1.079210e-03 3.134999e-03
1.077889e-03 3.103628e-03
1.075168e-03 3.059069e-03
1.072799e-03 3.108942e-03
1.071082e-03 3.057061e-03
1.069631e-03 3.068101e-03
1.067474e-03 3.054375e-03
1.065357e-03 3.055839e-03
1.064071e-03 3.045861e-03
1.062098e-03 3.034816e-03
1.061474e-03 3.041767e-03
1.059154e-03 3.005047e-03
1.057283e-03 2.993789e-03
1.055897e-03 2.983740e-03
1.053798e-03 3.014064e-03
1.052800e-03 2.944811e-03
1.051317e-03 2.967081e-03
1.049906e-03 2.964101e-03
1.048463e-03 2.995814e-03
1.047292e-03 2.946433e-03
1.046289e-03 2.927266e-03
1.045734e-03 2.948537e-03
1.043248e-03 2.941668e-03
1.042468e-03 2.928971e-03
1.041719e-03 2.953592e-03
1.040548e-03 2.756506e-03
1.038993e-03 2.750407e-03
1.037008e-03 2.727399e-03
1.036077e-03 2.738796e-03
1.035427e-03 2.720919e-03
1.034217e-03 2.717008e-03
1.033486e-03 2.719660e-03
1.031700e-03 2.724875e-03
1.031066e-03 2.735788e-03
1.029754e-03 2.730801e-03
1.029175e-03 2.689433e-03
1.027063e-03 2.681818e-03
1.026864e-03 2.693457e-03
1.025600e-03 2.685977e-03
1.024154e-03 2.698259e-03
1.023552e-03 2.713325e-03
1.022672e-03 2.719153e-03
1.021108e-03 2.700646e-03
1.020193e-03 2.698772e-03
1.019308e-03 2.654674e-03
1.017740e-03 2.653787e-03
1.017581e-03 2.686289e-03
1.015596e-03 2.662943e-03
1.014459e-03 2.675127e-03
1.013795e-03 2.658962e-03
1.012453e-03 2.669489e-03
1.011994e-03 2.687641e-03
1.010823e-03 2.644343e-03
1.010152e-03 2.643388e-03
1.009478e-03 2.647317e-03
1.008228e-03 2.639836e-03
1.007357e-03 2.634347e-03
1.005201e-03 2.640452e-03
1.004894e-03 2.622271e-03
1.003907e-03 2.613307e-03
1.002440e-03 2.599381e-03
1.002715e-03 2.619697e-03
1.000948e-03 2.638037e-03
1.000067e-03 2.656643e-03
9.991171e-04 2.616233e-03
9.984953e-04 2.627618e-03
9.963129e-04 2.610496e-03
9.953355e-04 2.603858e-03
9.952023e-04 2.611118e-03
9.930452e-04 2.618290e-03
9.919068e-04 2.622864e-03
9.913984e-04 2.604417e-03
9.900759e-04 2.599608e-03
9.884035e-04 2.592773e-03
9.881972e-04 2.576335e-03
9.867461e-04 2.598228e-03
9.856309e-04 2.559248e-03
9.844492e-04 2.590391e-03
9.843764e-04 2.547053e-03
9.828315e-04 2.563646e-03
9.825377e-04 2.566032e-03
9.810271e-04 2.597428e-03
9.802639e-04 2.564378e-03
9.792161e-04 2.560554e-03
9.784297e-04 2.584663e-03
9.772750e-04 2.539205e-03
9.757774e-04 2.560218e-03
9.754841e-04 2.564691e-03
9.744721e-04 2.513558e-03
9.733275e-04 2.547103e-03
9.736275e-04 2.532042e-03
9.716737e-04 2.520068e-03
9.707015e-04 2.524187e-03
9.705331e-04 2.507576e-03
9.689510e-04 2.544479e-03
9.681889e-04 2.513061e-03
9.676131e-04 2.532703e-03
9.673084e-04 2.585594e-03
9.658952e-04 2.501526e-03
9.652503e-04 2.505519e-03
9.641049e-04 2.504835e-03
9.631856e-04 2.526302e-03
9.620708e-04 2.500654e-03
9.616334e-04 2.500437e-03
9.604801e-04 2.500467e-03
9.599111e-04 2.489054e-03
9.588838e-04 2.486890e-03
9.574969e-04 2.476573e-03
9.565445e-04 2.470933e-03
9.551895e-04 2.475241e-03
9.540243e-04 2.502647e-03
9.538894e-04 2.481095e-03
9.527290e-04 2.464814e-03
9.519467e-04 2.466318e-03
9.499959e-04 2.475325e-03
9.501453e-04 2.478412e-03
9.491365e-04 2.447005e-03
9.480862e-04 2.476617e-03
9.470402e-04 2.466764e-03
9.464184e-04 2.437769e-03
9.454370e-04 2.461254e-03
9.445378e-04 2.454501e-03
9.437828e-04 2.452660e-03
9.436977e-04 2.442659e-03
9.423352e-04 2.448870e-03
9.417689e-04 2.471288e-03
9.409956e-04 2.445285e-03
9.399331e-04 2.443317e-03
9.396530e-04 2.462948e-03
9.388952e-04 2.448997e-03
9.375354e-04 2.452823e-03
9.387271e-04 2.420545e-03
9.366895e-04 2.462808e-03
9.360518e-04 2.428982e-03
9.357132e-04 2.429463e-03
9.353577e-04 2.446554e-03
9.342298e-04 2.431782e-03
9.338732e-04 2.451538e-03
9.332632e-04 2.432120e-03
9.326159e-04 2.432762e-03
9.318564e-04 2.406767e-03
9.313759e-04 2.430302e-03
9.313274e-04 2.414469e-03
9.307394e-04 2.411891e-03
9.297379e-04 2.415963e-03
9.295168e-04 2.414268e-03
9.290945e-04 2.432828e-03
9.280286e-04 2.429755e-03
9.274642e-04 2.424150e-03
9.269809e-04 2.432068e-03
9.275693e-04 2.394393e-03
9.268659e-04 2.411684e-03
9.254921e-04 2.387700e-03
9.255259e-04 2.414291e-03
9.244063e-04 2.408741e-03
9.240679e-04 2.418019e-03
9.236665e-04 2.370297e-03
9.240203e-04 2.392670e-03
9.229831e-04 2.369232e-03
9.221329e-04 2.375467e-03
9.220983e-04 2.366826e-03
9.212715e-04 2.385949e-03
9.209569e-04 2.367844e-03
9.204256e-04 2.368940e-03
9.198823e-04 2.393797e-03
9.197487e-04 2.363015e-03
9.192707e-04 2.370849e-03
9.186496e-04 2.349214e-03
9.181111e-04 2.346974e-03
9.178575e-04 2.346928e-03
9.168929e-04 2.358562e-03
9.164516e-04 2.341135e-03
9.154527e-04 2.354184e-03
9.153558e-04 2.349366e-03
9.153044e-04 2.357301e-03
9.152503e-04 2.316938e-03
9.138924e-04 2.333712e-03
9.140675e-04 2.352003e-03
9.123163e-04 2.326476e-03
9.132451e-04 2.313101e-03
9.122825e-04 2.344845e-03
9.111602e-04 2.308737e-03
9.112609e-04 2.325024e-03
9.112773e-04 2.321327e-03
9.106836e-04 2.323788e-03
9.098848e-04 2.315084e-03
9.095563e-04 2.329742e-03
9.085639e-04 2.310019e-03
9.084494e-04 2.308433e-03
9.076719e-04 2.329515e-03
9.076676e-04 2.290487e-03
9.068097e-04 2.317830e-03
9.062913e-04 2.299575e-03
9.056941e-04 2.311799e-03
9.056534e-04 2.313582e-03
9.053596e-04 2.337214e-03
9.051571e-04 2.294364e-03
9.049190e-04 2.295939e-03
9.044252e-04 2.290399e-03
9.032933e-04 2.297242e-03
9.032195e-04 2.313184e-03
9.026902e-04 2.319706e-03
9.024937e-04 2.293440e-03
9.019132e-04 2.279114e-03
9.020470e-04 2.293443e-03
9.012616e-04 2.302640e-03
9.011813e-04 2.282119e-03
9.006372e-04 2.297452e-03
8.998291e-04 2.286421e-03
8.997221e-04 2.308212e-03
8.991825e-04 2.316695e-03
8.987855e-04 2.283350e-03
8.985413e-04 2.278060e-03
8.990989e-04 2.286456e-03
8.982040e-04 2.284294e-03
8.979019e-04 2.289349e-03
8.976254e-04 2.288821e-03
8.970470e-04 2.275416e-03
8.960656e-04 2.277686e-03
8.962439e-04 2.273484e-03
8.951493e-04 2.251080e-03
8.952476e-04 2.255650e-03
8.943731e-04 2.275525e-03
8.940881e-04 2.248241e-03
8.937043e-04 2.282505e-03
