6.366922e-01 6.309302e-01
6.087268e-01 6.036890e-01
5.821325e-01 5.778875e-01
5.570763e-01 5.536122e-01
5.336004e-01 5.309089e-01
5.117275e-01 5.097433e-01
4.914053e-01 4.900334e-01
4.725301e-01 4.716472e-01
4.549796e-01 4.545421e-01
4.386625e-01 4.386016e-01
4.234549e-01 4.236919e-01
4.092786e-01 4.097780e-01
3.960502e-01 3.967555e-01
3.836911e-01 3.845897e-01
3.721326e-01 3.731845e-01
3.613066e-01 3.624727e-01
3.511595e-01 3.524796e-01
3.416581e-01 3.430837e-01
3.327311e-01 3.342744e-01
3.243524e-01 3.259735e-01
3.164477e-01 3.181643e-01
3.090094e-01 3.107853e-01
3.019881e-01 3.038572e-01
2.953622e-01 2.972902e-01
2.890874e-01 2.910694e-01
2.831634e-01 2.852033e-01
2.775393e-01 2.796152e-01
2.722044e-01 2.743203e-01
2.671349e-01 2.693006e-01
2.623163e-01 2.644857e-01
2.577286e-01 2.599270e-01
2.533520e-01 2.555613e-01
2.491911e-01 2.514391e-01
2.452111e-01 2.474601e-01
2.414124e-01 2.436769e-01
2.377800e-01 2.400684e-01
2.343029e-01 2.366060e-01
2.309790e-01 2.332983e-01
2.277915e-01 2.301107e-01
2.247403e-01 2.270934e-01
2.218090e-01 2.241630e-01
2.189969e-01 2.213657e-01
2.162997e-01 2.186904e-01
2.137063e-01 2.160965e-01
2.112182e-01 2.136306e-01
2.088187e-01 2.112326e-01
2.065146e-01 2.089419e-01
2.042894e-01 2.067394e-01
2.021583e-01 2.046013e-01
2.000899e-01 2.025458e-01
1.981023e-01 2.005745e-01
1.961828e-01 1.986719e-01
1.943342e-01 1.968360e-01
1.925402e-01 1.950532e-01
1.908159e-01 1.933452e-01
1.891412e-01 1.916734e-01
1.875295e-01 1.900863e-01
1.859675e-01 1.885256e-01
1.844545e-01 1.870095e-01
1.829879e-01 1.855794e-01
1.815650e-01 1.841592e-01
1.801891e-01 1.827939e-01
1.788510e-01 1.814635e-01
1.775610e-01 1.801793e-01
1.762953e-01 1.789315e-01
1.750758e-01 1.777034e-01
1.738862e-01 1.765465e-01
1.727331e-01 1.753875e-01
1.716090e-01 1.742724e-01
1.705178e-01 1.731939e-01
1.694500e-01 1.721305e-01
1.684168e-01 1.711065e-01
1.674065e-01 1.701000e-01
1.664203e-01 1.691254e-01
1.654608e-01 1.681687e-01
1.645281e-01 1.672428e-01
1.636120e-01 1.663319e-01
1.627226e-01 1.654443e-01
1.618474e-01 1.645869e-01
1.610013e-01 1.637358e-01
1.601702e-01 1.629091e-01
1.593576e-01 1.621018e-01
1.585625e-01 1.613057e-01
1.577842e-01 1.605340e-01
1.570227e-01 1.597687e-01
1.562798e-01 1.590322e-01
1.555451e-01 1.583074e-01
1.548343e-01 1.575950e-01
1.541316e-01 1.568945e-01
1.534483e-01 1.562124e-01
1.527716e-01 1.555364e-01
1.521172e-01 1.548774e-01
1.514617e-01 1.542270e-01
1.508270e-01 1.535953e-01
1.502033e-01 1.529730e-01
1.495895e-01 1.523624e-01
1.489885e-01 1.517506e-01
1.483979e-01 1.511652e-01
1.478142e-01 1.505880e-01
1.472408e-01 1.500011e-01
1.466814e-01 1.494420e-01
1.461249e-01 1.488892e-01
1.455846e-01 1.483447e-01
1.450472e-01 1.478127e-01
1.445205e-01 1.472793e-01
1.440015e-01 1.467598e-01
1.434903e-01 1.462427e-01
1.429853e-01 1.457458e-01
1.424892e-01 1.452443e-01
1.420010e-01 1.447548e-01
1.415168e-01 1.442685e-01
1.410443e-01 1.437840e-01
1.405753e-01 1.433166e-01
1.401109e-01 1.428648e-01
1.396551e-01 1.423953e-01
1.392043e-01 1.419415e-01
1.387616e-01 1.415052e-01
1.383198e-01 1.410573e-01
1.378926e-01 1.406245e-01
1.374596e-01 1.401948e-01
1.370376e-01 1.397716e-01
1.366214e-01 1.393370e-01
1.362087e-01 1.389318e-01
1.358018e-01 1.385273e-01
1.353964e-01 1.381243e-01
1.350006e-01 1.377140e-01
1.346038e-01 1.373162e-01
1.342169e-01 1.369253e-01
1.338312e-01 1.365461e-01
1.334493e-01 1.361506e-01
1.330711e-01 1.357790e-01
1.327000e-01 1.354034e-01
1.323270e-01 1.350244e-01
1.319667e-01 1.346644e-01
1.315988e-01 1.343007e-01
1.312450e-01 1.339430e-01
1.308904e-01 1.335875e-01
1.305344e-01 1.332312e-01
1.301919e-01 1.328894e-01
1.298436e-01 1.325396e-01
1.295025e-01 1.321869e-01
1.291644e-01 1.318632e-01
1.288290e-01 1.315146e-01
1.284993e-01 1.311772e-01
1.281672e-01 1.308492e-01
1.278398e-01 1.305258e-01
1.275181e-01 1.301948e-01
1.271964e-01 1.298774e-01
1.268759e-01 1.295516e-01
1.265575e-01 1.292376e-01
1.262468e-01 1.289146e-01
1.259381e-01 1.286100e-01
1.256279e-01 1.282956e-01
1.253218e-01 1.279964e-01
1.250162e-01 1.276875e-01
1.247145e-01 1.273801e-01
1.244174e-01 1.270814e-01
1.241205e-01 1.267930e-01
1.238248e-01 1.264924e-01
1.235319e-01 1.262004e-01
1.232423e-01 1.259077e-01
1.229555e-01 1.256180e-01
1.226652e-01 1.253289e-01
1.223841e-01 1.250393e-01
1.220968e-01 1.247623e-01
1.218181e-01 1.244801e-01
1.215402e-01 1.241910e-01
1.212644e-01 1.239231e-01
1.209876e-01 1.236493e-01
1.207145e-01 1.233681e-01
1.204421e-01 1.231050e-01
1.201744e-01 1.228379e-01
1.199034e-01 1.225584e-01
1.196387e-01 1.222926e-01
1.193728e-01 1.220303e-01
1.191111e-01 1.217658e-01
1.188471e-01 1.215042e-01
1.185890e-01 1.212478e-01
1.183290e-01 1.209888e-01
1.180741e-01 1.207305e-01
1.178140e-01 1.204730e-01
1.175638e-01 1.202201e-01
1.173085e-01 1.199666e-01
1.170596e-01 1.197199e-01
1.168084e-01 1.194668e-01
1.165597e-01 1.192160e-01
1.163132e-01 1.189750e-01
1.160671e-01 1.187232e-01
1.158227e-01 1.184849e-01
1.155787e-01 1.182312e-01
1.153371e-01 1.180000e-01
1.150940e-01 1.177598e-01
1.148582e-01 1.175136e-01
1.146186e-01 1.172768e-01
1.143794e-01 1.170399e-01
1.141447e-01 1.168095e-01
1.139105e-01 1.165690e-01
1.136770e-01 1.163461e-01
1.134454e-01 1.161091e-01
1.132138e-01 1.158784e-01
1.129830e-01 1.156405e-01
1.127547e-01 1.154051e-01
1.125257e-01 1.151863e-01
1.122975e-01 1.149573e-01
1.120749e-01 1.147348e-01
1.118491e-01 1.145057e-01
1.116250e-01 1.142853e-01
1.114015e-01 1.140586e-01
1.111800e-01 1.138403e-01
1.109606e-01 1.136180e-01
1.107373e-01 1.133994e-01
1.105214e-01 1.131827e-01
1.103019e-01 1.129668e-01
1.100877e-01 1.127524e-01
1.098697e-01 1.125386e-01
1.096525e-01 1.123209e-01
1.094431e-01 1.121112e-01
1.092268e-01 1.118972e-01
1.090168e-01 1.116873e-01
1.088015e-01 1.114743e-01
1.085947e-01 1.112672e-01
1.083842e-01 1.110546e-01
1.081751e-01 1.108537e-01
1.079657e-01 1.106441e-01
1.077614e-01 1.104397e-01
1.075545e-01 1.102269e-01
1.073464e-01 1.100218e-01
1.071457e-01 1.098338e-01
1.069373e-01 1.096273e-01
1.067377e-01 1.094245e-01
1.065343e-01 1.092267e-01
1.063341e-01 1.090217e-01
1.061312e-01 1.088260e-01
1.059322e-01 1.086252e-01
1.057323e-01 1.084302e-01
1.055337e-01 1.082233e-01
1.053383e-01 1.080329e-01
1.051401e-01 1.078417e-01
1.049437e-01 1.076451e-01
1.047488e-01 1.074428e-01
1.045537e-01 1.072609e-01
1.043598e-01 1.070688e-01
1.041662e-01 1.068740e-01
1.039741e-01 1.066813e-01
1.037836e-01 1.064916e-01
1.035895e-01 1.063055e-01
1.033998e-01 1.061145e-01
1.032100e-01 1.059284e-01
1.030214e-01 1.057420e-01
1.028314e-01 1.055479e-01
1.026458e-01 1.053634e-01
1.024576e-01 1.051835e-01
1.022697e-01 1.049966e-01
1.020855e-01 1.048085e-01
1.018996e-01 1.046272e-01
1.017144e-01 1.044436e-01
1.015301e-01 1.042691e-01
1.013474e-01 1.040848e-01
1.011635e-01 1.039065e-01
1.009833e-01 1.037178e-01
1.008000e-01 1.035383e-01
1.006210e-01 1.033610e-01
1.004400e-01 1.031850e-01
1.002588e-01 1.030017e-01
1.000804e-01 1.028347e-01
9.990199e-02 1.026505e-01
9.972506e-02 1.024736e-01
9.954641e-02 1.023007e-01
9.936866e-02 1.021221e-01
9.919356e-02 1.019515e-01
9.901617e-02 1.017715e-01
9.884341e-02 1.016037e-01
9.866587e-02 1.014326e-01
9.849355e-02 1.012623e-01
9.831986e-02 1.010863e-01
9.814722e-02 1.009150e-01
9.797465e-02 1.007434e-01
9.780320e-02 1.005714e-01
9.763114e-02 1.004027e-01
9.745940e-02 1.002345e-01
9.729121e-02 1.000703e-01
9.711939e-02 9.990422e-02
9.695228e-02 9.973139e-02
9.678164e-02 9.956594e-02
9.661461e-02 9.940340e-02
9.644588e-02 9.923241e-02
9.627842e-02 9.907180e-02
9.611278e-02 9.891013e-02
9.594596e-02 9.873416e-02
9.577958e-02 9.858210e-02
9.561593e-02 9.841678e-02
9.544994e-02 9.825109e-02
9.528667e-02 9.809238e-02
9.512129e-02 9.792880e-02
9.495940e-02 9.776641e-02
9.479776e-02 9.760461e-02
9.463369e-02 9.744712e-02
9.447153e-02 9.729107e-02
9.431114e-02 9.712708e-02
9.414916e-02 9.696810e-02
9.398939e-02 9.681055e-02
9.382923e-02 9.665077e-02
9.366820e-02 9.649335e-02
9.350932e-02 9.633545e-02
9.335617e-02 9.618234e-02
9.319125e-02 9.602714e-02
9.303735e-02 9.587047e-02
9.287938e-02 9.571639e-02
9.272005e-02 9.555729e-02
9.256604e-02 9.540331e-02
9.240878e-02 9.525118e-02
9.225521e-02 9.509695e-02
9.209818e-02 9.494647e-02
9.194557e-02 9.479638e-02
9.178952e-02 9.464160e-02
9.163619e-02 9.449170e-02
9.148196e-02 9.433439e-02
9.133067e-02 9.418910e-02
9.117645e-02 9.404113e-02
9.102599e-02 9.388617e-02
9.087397e-02 9.373359e-02
9.072171e-02 9.358599e-02
9.057045e-02 9.343643e-02
9.042025e-02 9.328963e-02
9.027299e-02 9.314158e-02
9.012249e-02 9.299562e-02
8.997029e-02 9.285225e-02
8.982375e-02 9.270392e-02
8.967508e-02 9.256213e-02
8.952579e-02 9.240611e-02
8.937915e-02 9.226245e-02
8.923205e-02 9.212042e-02
8.908382e-02 9.197309e-02
8.893873e-02 9.182756e-02
8.879209e-02 9.168487e-02
8.864633e-02 9.154244e-02
8.850031e-02 9.139829e-02
8.835466e-02 9.125610e-02
8.821311e-02 9.111372e-02
8.806831e-02 9.096956e-02
8.792333e-02 9.082940e-02
8.777952e-02 9.068770e-02
8.763733e-02 9.054669e-02
8.749407e-02 9.040544e-02
8.735150e-02 9.026271e-02
8.720960e-02 9.012624e-02
8.706930e-02 8.998472e-02
8.692576e-02 8.984880e-02
8.678628e-02 8.970555e-02
8.664589e-02 8.956818e-02
8.650641e-02 8.942694e-02
8.636358e-02 8.929470e-02
8.622852e-02 8.915272e-02
8.608688e-02 8.901902e-02
8.594808e-02 8.887755e-02
8.581048e-02 8.874293e-02
8.567174e-02 8.860661e-02
8.553447e-02 8.847104e-02
8.539649e-02 8.833638e-02
8.525932e-02 8.820444e-02
8.512436e-02 8.806714e-02
8.498585e-02 8.793933e-02
8.485295e-02 8.779838e-02
8.471565e-02 8.766820e-02
8.458117e-02 8.753528e-02
8.444445e-02 8.739683e-02
8.431031e-02 8.726972e-02
8.417855e-02 8.713568e-02
8.404170e-02 8.700656e-02
8.390980e-02 8.686941e-02
8.377610e-02 8.673818e-02
8.364398e-02 8.661435e-02
8.350941e-02 8.648490e-02
8.337913e-02 8.634819e-02
8.324572e-02 8.622070e-02
8.311371e-02 8.608899e-02
8.298262e-02 8.595944e-02
8.285444e-02 8.583371e-02
8.271991e-02 8.569919e-02
8.259138e-02 8.557596e-02
8.246009e-02 8.544670e-02
8.233137e-02 8.531886e-02
8.220166e-02 8.518848e-02
8.207308e-02 8.506186e-02
8.194319e-02 8.493507e-02
8.181423e-02 8.480976e-02
8.168646e-02 8.468154e-02
8.155991e-02 8.455918e-02
8.143192e-02 8.443057e-02
8.130396e-02 8.429972e-02
8.117811e-02 8.418173e-02
8.105004e-02 8.405159e-02
8.092459e-02 8.392818e-02
8.079804e-02 8.380950e-02
8.067229e-02 8.368561e-02
8.054730e-02 8.355774e-02
8.042223e-02 8.343601e-02
8.029670e-02 8.331064e-02
8.017175e-02 8.319397e-02
8.005001e-02 8.307004e-02
7.992393e-02 8.294165e-02
7.980158e-02 8.281353e-02
7.967621e-02 8.268826e-02
7.955391e-02 8.257194e-02
7.943139e-02 8.244887e-02
7.930940e-02 8.232906e-02
7.918686e-02 8.220458e-02
7.906491e-02 8.208534e-02
7.894315e-02 8.196201e-02
7.881970e-02 8.184788e-02
7.870065e-02 8.172761e-02
7.857958e-02 8.159979e-02
7.845858e-02 8.148896e-02
7.833855e-02 8.136440e-02
7.821880e-02 8.125242e-02
7.809836e-02 8.113198e-02
7.797992e-02 8.101689e-02
7.785951e-02 8.089547e-02
7.774137e-02 8.078123e-02
7.762407e-02 8.066380e-02
7.750203e-02 8.054810e-02
7.738671e-02 8.042385e-02
7.726887e-02 8.031341e-02
7.714997e-02 8.019801e-02
7.703489e-02 8.008419e-02
7.691663e-02 7.996728e-02
7.679858e-02 7.985065e-02
7.668521e-02 7.973784e-02
7.656701e-02 7.962099e-02
7.645172e-02 7.950582e-02
7.633473e-02 7.938725e-02
7.622106e-02 7.928301e-02
7.610649e-02 7.916306e-02
7.599067e-02 7.904852e-02
7.587626e-02 7.894484e-02
7.576222e-02 7.882884e-02
7.564607e-02 7.871587e-02
7.553425e-02 7.860538e-02
7.541970e-02 7.848626e-02
7.530582e-02 7.837991e-02
7.519368e-02 7.826675e-02
7.508062e-02 7.815584e-02
7.496781e-02 7.804441e-02
7.485596e-02 7.793894e-02
7.474394e-02 7.782601e-02
7.463196e-02 7.771459e-02
7.452068e-02 7.760439e-02
7.440900e-02 7.749944e-02
7.429685e-02 7.738677e-02
7.418792e-02 7.727686e-02
7.407682e-02 7.716466e-02
7.396529e-02 7.706049e-02
7.385539e-02 7.695015e-02
7.374643e-02 7.684064e-02
7.363736e-02 7.673722e-02
7.352669e-02 7.662512e-02
7.341828e-02 7.651791e-02
7.330917e-02 7.641172e-02
7.320063e-02 7.630230e-02
7.309226e-02 7.619415e-02
7.298502e-02 7.608872e-02
7.287603e-02 7.597952e-02
7.276648e-02 7.587579e-02
7.266109e-02 7.576996e-02
7.255398e-02 7.566421e-02
7.244611e-02 7.556173e-02
7.233968e-02 7.545166e-02
7.223241e-02 7.534884e-02
7.212583e-02 7.524026e-02
7.202153e-02 7.514016e-02
7.191505e-02 7.503144e-02
7.180906e-02 7.492827e-02
7.170312e-02 7.481863e-02
7.159862e-02 7.472392e-02
7.149396e-02 7.461746e-02
7.139084e-02 7.451908e-02
7.128353e-02 7.441045e-02
7.118039e-02 7.431409e-02
7.107660e-02 7.421170e-02
7.097250e-02 7.410505e-02
7.086958e-02 7.399834e-02
7.076528e-02 7.390073e-02
7.066216e-02 7.379449e-02
7.056038e-02 7.369903e-02
7.045643e-02 7.359263e-02
7.035500e-02 7.349692e-02
7.025170e-02 7.339428e-02
7.014983e-02 7.329794e-02
7.004739e-02 7.319229e-02
6.994701e-02 7.309180e-02
6.984641e-02 7.299381e-02
6.974328e-02 7.289406e-02
6.964297e-02 7.279626e-02
6.954252e-02 7.269626e-02
6.944182e-02 7.259311e-02
6.934092e-02 7.249654e-02
6.924152e-02 7.239637e-02
6.914298e-02 7.229964e-02
6.904184e-02 7.220197e-02
6.894085e-02 7.209966e-02
6.884405e-02 7.200383e-02
6.874408e-02 7.190552e-02
6.864567e-02 7.180970e-02
6.854720e-02 7.171171e-02
6.844883e-02 7.161000e-02
6.834939e-02 7.151982e-02
6.825328e-02 7.141777e-02
6.815461e-02 7.132260e-02
6.805749e-02 7.122809e-02
6.796015e-02 7.112955e-02
6.786251e-02 7.103576e-02
6.776456e-02 7.094319e-02
6.766989e-02 7.084520e-02
6.757246e-02 7.075026e-02
6.747627e-02 7.065888e-02
6.737952e-02 7.055971e-02
6.728413e-02 7.046425e-02
6.718888e-02 7.037086e-02
6.709211e-02 7.027877e-02
6.699737e-02 7.018042e-02
6.690193e-02 7.008976e-02
6.680684e-02 6.999769e-02
6.671294e-02 6.990100e-02
6.661752e-02 6.980694e-02
6.652405e-02 6.971229e-02
6.642866e-02 6.961467e-02
6.633592e-02 6.953210e-02
6.624111e-02 6.943699e-02
6.614888e-02 6.934434e-02
6.605475e-02 6.924736e-02
6.596051e-02 6.915791e-02
6.586798e-02 6.906641e-02
6.577615e-02 6.897468e-02
6.568322e-02 6.888581e-02
6.559061e-02 6.878935e-02
6.549788e-02 6.869931e-02
6.540613e-02 6.860762e-02
6.531415e-02 6.852308e-02
6.522356e-02 6.842741e-02
6.513011e-02 6.834037e-02
6.504179e-02 6.824879e-02
6.494818e-02 6.815623e-02
6.485674e-02 6.806910e-02
6.476705e-02 6.797582e-02
6.467610e-02 6.788726e-02
6.458535e-02 6.779596e-02
6.449837e-02 6.770925e-02
6.440401e-02 6.761921e-02
6.431697e-02 6.753193e-02
6.422718e-02 6.744587e-02
6.413730e-02 6.735493e-02
6.404644e-02 6.726797e-02
6.396057e-02 6.718117e-02
6.386791e-02 6.709499e-02
6.378188e-02 6.699919e-02
6.369416e-02 6.691842e-02
6.360404e-02 6.682689e-02
6.351611e-02 6.674236e-02
6.342794e-02 6.665642e-02
6.334057e-02 6.657072e-02
6.325230e-02 6.647958e-02
6.316579e-02 6.639127e-02
6.307817e-02 6.630920e-02
6.299061e-02 6.622036e-02
6.290280e-02 6.613783e-02
6.281724e-02 6.605130e-02
6.272991e-02 6.596510e-02
6.264646e-02 6.587882e-02
6.255689e-02 6.579493e-02
6.247212e-02 6.570784e-02
6.238506e-02 6.562408e-02
6.230068e-02 6.553908e-02
6.221535e-02 6.545321e-02
6.212983e-02 6.537214e-02
6.204277e-02 6.528363e-02
6.196051e-02 6.520264e-02
6.187317e-02 6.511848e-02
6.178912e-02 6.503565e-02
6.170486e-02 6.494799e-02
6.162160e-02 6.487000e-02
6.153570e-02 6.478224e-02
6.145133e-02 6.469729e-02
6.136935e-02 6.461753e-02
6.128684e-02 6.453569e-02
6.120014e-02 6.445285e-02
6.111873e-02 6.437261e-02
6.103445e-02 6.428884e-02
6.095364e-02 6.420599e-02
6.086831e-02 6.412320e-02
6.078648e-02 6.404461e-02
6.070509e-02 6.396404e-02
6.062205e-02 6.388174e-02
6.053904e-02 6.379800e-02
6.045776e-02 6.371739e-02
6.037525e-02 6.363360e-02
6.029553e-02 6.355455e-02
6.021031e-02 6.347535e-02
6.013241e-02 6.339240e-02
6.005050e-02 6.331842e-02
5.996794e-02 6.323265e-02
5.988721e-02 6.315178e-02
5.980764e-02 6.307479e-02
5.972799e-02 6.298762e-02
5.964598e-02 6.291569e-02
5.956658e-02 6.283595e-02
5.948392e-02 6.275315e-02
5.940761e-02 6.268112e-02
5.932541e-02 6.259879e-02
5.924669e-02 6.252142e-02
5.916709e-02 6.243662e-02
5.908825e-02 6.235870e-02
5.900952e-02 6.228465e-02
5.892916e-02 6.220304e-02
5.885133e-02 6.212846e-02
5.877255e-02 6.205046e-02
5.869325e-02 6.197136e-02
5.861480e-02 6.189609e-02
5.853707e-02 6.181726e-02
5.845946e-02 6.173938e-02
5.838043e-02 6.166518e-02
5.830418e-02 6.158193e-02
5.822571e-02 6.150807e-02
5.814708e-02 6.143410e-02
5.807230e-02 6.135155e-02
5.799205e-02 6.127785e-02
5.791640e-02 6.120533e-02
5.784080e-02 6.113105e-02
5.776305e-02 6.105094e-02
5.768696e-02 6.097103e-02
5.761034e-02 6.089748e-02
5.753278e-02 6.082306e-02
5.745864e-02 6.074703e-02
5.738141e-02 6.066815e-02
5.730572e-02 6.059442e-02
5.723051e-02 6.052229e-02
5.715491e-02 6.044409e-02
5.707957e-02 6.037198e-02
5.700362e-02 6.029719e-02
5.692964e-02 6.022000e-02
5.685530e-02 6.015027e-02
5.677820e-02 6.007789e-02
5.670467e-02 5.999892e-02
5.663045e-02 5.992550e-02
5.655371e-02 5.985126e-02
5.648262e-02 5.977935e-02
5.640732e-02 5.970178e-02
5.633342e-02 5.963439e-02
5.625947e-02 5.956496e-02
5.618524e-02 5.948566e-02
5.611183e-02 5.941677e-02
5.603970e-02 5.934315e-02
5.596448e-02 5.926974e-02
5.589383e-02 5.919646e-02
5.581955e-02 5.911974e-02
5.574671e-02 5.905113e-02
5.567382e-02 5.897933e-02
5.560195e-02 5.890504e-02
5.552962e-02 5.883408e-02
5.545619e-02 5.876290e-02
5.538609e-02 5.869426e-02
5.531187e-02 5.861793e-02
5.524208e-02 5.854954e-02
5.516845e-02 5.847945e-02
5.509820e-02 5.840419e-02
5.502687e-02 5.833387e-02
5.495554e-02 5.826644e-02
5.488370e-02 5.819209e-02
5.481314e-02 5.812093e-02
5.474217e-02 5.805746e-02
5.467272e-02 5.798317e-02
5.459898e-02 5.791329e-02
5.453069e-02 5.784409e-02
5.445926e-02 5.777600e-02
5.439028e-02 5.770543e-02
5.431981e-02 5.763307e-02
5.424990e-02 5.756535e-02
5.417986e-02 5.749627e-02
5.411020e-02 5.742702e-02
5.404122e-02 5.735969e-02
5.397044e-02 5.728873e-02
5.390302e-02 5.721819e-02
5.383172e-02 5.715198e-02
5.376410e-02 5.708576e-02
5.369611e-02 5.701163e-02
5.362539e-02 5.694466e-02
5.355785e-02 5.688179e-02
5.348874e-02 5.681063e-02
5.342105e-02 5.674709e-02
5.335274e-02 5.667628e-02
5.328407e-02 5.660669e-02
5.321748e-02 5.654422e-02
5.314734e-02 5.647347e-02
5.308188e-02 5.640779e-02
5.301286e-02 5.634164e-02
5.294647e-02 5.627105e-02
5.287805e-02 5.620704e-02
5.281037e-02 5.613812e-02
5.274450e-02 5.607247e-02
5.267729e-02 5.600236e-02
5.260984e-02 5.594140e-02
5.254435e-02 5.587214e-02
5.247666e-02 5.580440e-02
5.241051e-02 5.573942e-02
5.234343e-02 5.567498e-02
5.227876e-02 5.560887e-02
5.221081e-02 5.554279e-02
5.214541e-02 5.547781e-02
5.207977e-02 5.541021e-02
5.201487e-02 5.535115e-02
5.194845e-02 5.527830e-02
5.188373e-02 5.521402e-02
5.181705e-02 5.514752e-02
5.175140e-02 5.508859e-02
5.168870e-02 5.502438e-02
5.162158e-02 5.495847e-02
5.155827e-02 5.489433e-02
5.149222e-02 5.482661e-02
5.142840e-02 5.476525e-02
5.136283e-02 5.469917e-02
5.130024e-02 5.463498e-02
5.123428e-02 5.457077e-02
5.117180e-02 5.450926e-02
5.110632e-02 5.444467e-02
5.104230e-02 5.438121e-02
5.098019e-02 5.431766e-02
5.091462e-02 5.425660e-02
5.085147e-02 5.419395e-02
5.078859e-02 5.413010e-02
5.072497e-02 5.406510e-02
5.066157e-02 5.400495e-02
5.059875e-02 5.393922e-02
5.053612e-02 5.387759e-02
5.047251e-02 5.381611e-02
5.041028e-02 5.375039e-02
5.034810e-02 5.369101e-02
5.028446e-02 5.362869e-02
5.022285e-02 5.356338e-02
5.016050e-02 5.350231e-02
5.009831e-02 5.344063e-02
5.003555e-02 5.338096e-02
4.997434e-02 5.331732e-02
4.991231e-02 5.325847e-02
4.985057e-02 5.319664e-02
4.978819e-02 5.313414e-02
4.972840e-02 5.307529e-02
4.966572e-02 5.301294e-02
4.960475e-02 5.295265e-02
4.954370e-02 5.289030e-02
4.948343e-02 5.282834e-02
4.942129e-02 5.276866e-02
4.936074e-02 5.270944e-02
4.930135e-02 5.265059e-02
4.923902e-02 5.258726e-02
4.917914e-02 5.252895e-02
4.911873e-02 5.246653e-02
4.905921e-02 5.240708e-02
4.899866e-02 5.235013e-02
4.893763e-02 5.228720e-02
4.888051e-02 5.222939e-02
4.881687e-02 5.217135e-02
4.875967e-02 5.210819e-02
4.869935e-02 5.205322e-02
4.864044e-02 5.199223e-02
4.858053e-02 5.193285e-02
4.852121e-02 5.187484e-02
4.846225e-02 5.181318e-02
4.840301e-02 5.175846e-02
4.834397e-02 5.169817e-02
4.828635e-02 5.163888e-02
4.822723e-02 5.158118e-02
4.816753e-02 5.152159e-02
4.810892e-02 5.146309e-02
4.805164e-02 5.140469e-02
4.799310e-02 5.134443e-02
4.793380e-02 5.129047e-02
4.787719e-02 5.123431e-02
4.781870e-02 5.117243e-02
4.775973e-02 5.111801e-02
4.770346e-02 5.105975e-02
4.764514e-02 5.100087e-02
4.758683e-02 5.093983e-02
4.753025e-02 5.088776e-02
4.747204e-02 5.082963e-02
4.741516e-02 5.077128e-02
4.735830e-02 5.071314e-02
4.730199e-02 5.065891e-02
4.724326e-02 5.059723e-02
4.718774e-02 5.054427e-02
4.713058e-02 5.048935e-02
4.707370e-02 5.043267e-02
4.701753e-02 5.037593e-02
4.696072e-02 5.031836e-02
4.690516e-02 5.026025e-02
4.684887e-02 5.020373e-02
4.679181e-02 5.015403e-02
4.673527e-02 5.009554e-02
4.668051e-02 5.004105e-02
4.662408e-02 4.998413e-02
4.656927e-02 4.992807e-02
4.651343e-02 4.987403e-02
4.645705e-02 4.980972e-02
4.640186e-02 4.975029e-02
4.634538e-02 4.969314e-02
4.629164e-02 4.963828e-02
4.623581e-02 4.958208e-02
4.618125e-02 4.952345e-02
4.612634e-02 4.947043e-02
4.607155e-02 4.941380e-02
4.601599e-02 4.936034e-02
4.596200e-02 4.930827e-02
4.590695e-02 4.925173e-02
4.585438e-02 4.919865e-02
4.579699e-02 4.914117e-02
4.574528e-02 4.908937e-02
4.568978e-02 4.903379e-02
4.563643e-02 4.897655e-02
4.558160e-02 4.892566e-02
4.552840e-02 4.887327e-02
4.547430e-02 4.882008e-02
4.542088e-02 4.876577e-02
4.536751e-02 4.871452e-02
4.531350e-02 4.865782e-02
4.526019e-02 4.860392e-02
4.520666e-02 4.854888e-02
4.515473e-02 4.849687e-02
4.510016e-02 4.844351e-02
4.504833e-02 4.839346e-02
4.499460e-02 4.834130e-02
4.494219e-02 4.828207e-02
4.488957e-02 4.823775e-02
4.483640e-02 4.818374e-02
4.478416e-02 4.812916e-02
4.473276e-02 4.807656e-02
4.467940e-02 4.802503e-02
4.462696e-02 4.797187e-02
4.457521e-02 4.792128e-02
4.452293e-02 4.786654e-02
4.447147e-02 4.781620e-02
4.441897e-02 4.776388e-02
4.436657e-02 4.771337e-02
4.431702e-02 4.766294e-02
4.426369e-02 4.761189e-02
4.421229e-02 4.755438e-02
4.416248e-02 4.751006e-02
4.410966e-02 4.745558e-02
4.405859e-02 4.740476e-02
4.400801e-02 4.735226e-02
4.395616e-02 4.730443e-02
4.390613e-02 4.725364e-02
4.385456e-02 4.720036e-02
4.380375e-02 4.715115e-02
4.375330e-02 4.710153e-02
4.370235e-02 4.705145e-02
4.365265e-02 4.699595e-02
4.360135e-02 4.694834e-02
4.355167e-02 4.689450e-02
4.350096e-02 4.684923e-02
4.345135e-02 4.679995e-02
4.340055e-02 4.674739e-02
4.335096e-02 4.669968e-02
4.330120e-02 4.665065e-02
4.325123e-02 4.659993e-02
4.320072e-02 4.654798e-02
4.315262e-02 4.649936e-02
4.310164e-02 4.644446e-02
4.305300e-02 4.640089e-02
4.300354e-02 4.635171e-02
4.295433e-02 4.630308e-02
4.290585e-02 4.625554e-02
4.285487e-02 4.620386e-02
4.280713e-02 4.615498e-02
4.275863e-02 4.610441e-02
4.270874e-02 4.605490e-02
4.266009e-02 4.600867e-02
4.261092e-02 4.595976e-02
4.256360e-02 4.591063e-02
4.251421e-02 4.586433e-02
4.246639e-02 4.581459e-02
4.241848e-02 4.576668e-02
4.236932e-02 4.571754e-02
4.232074e-02 4.567281e-02
4.227316e-02 4.562174e-02
4.222593e-02 4.557404e-02
4.217642e-02 4.552679e-02
4.213019e-02 4.547833e-02
4.208108e-02 4.543255e-02
4.203401e-02 4.538387e-02
4.198617e-02 4.533675e-02
4.193937e-02 4.528761e-02
4.189144e-02 4.524000e-02
4.184453e-02 4.519206e-02
4.179697e-02 4.514751e-02
4.175011e-02 4.509801e-02
4.170321e-02 4.505481e-02
4.165564e-02 4.500657e-02
4.160873e-02 4.495827e-02
4.156324e-02 4.491055e-02
4.151430e-02 4.486568e-02
4.146819e-02 4.481714e-02
4.142256e-02 4.476960e-02
4.137544e-02 4.472526e-02
4.132829e-02 4.467843e-02
4.128203e-02 4.463110e-02
4.123605e-02 4.458491e-02
4.119173e-02 4.453893e-02
4.114309e-02 4.449138e-02
4.109814e-02 4.444683e-02
4.105166e-02 4.439999e-02
4.100547e-02 4.435362e-02
4.096064e-02 4.430851e-02
4.091464e-02 4.426450e-02
4.086951e-02 4.421671e-02
4.082349e-02 4.417356e-02
4.077784e-02 4.412595e-02
4.073272e-02 4.408096e-02
4.068675e-02 4.403780e-02
4.064219e-02 4.399144e-02
4.059661e-02 4.394709e-02
4.055102e-02 4.390102e-02
4.050748e-02 4.385362e-02
4.046132e-02 4.380836e-02
4.041752e-02 4.376735e-02
4.037182e-02 4.372138e-02
4.032717e-02 4.367768e-02
4.028343e-02 4.363376e-02
4.023745e-02 4.358522e-02
4.019432e-02 4.354193e-02
4.014882e-02 4.349763e-02
4.010476e-02 4.345120e-02
4.006103e-02 4.341266e-02
4.001638e-02 4.336425e-02
3.997233e-02 4.331984e-02
3.992879e-02 4.327625e-02
3.988429e-02 4.323516e-02
3.984098e-02 4.318794e-02
3.979618e-02 4.314534e-02
3.975314e-02 4.310171e-02
3.970985e-02 4.305851e-02
3.966519e-02 4.301085e-02
3.962245e-02 4.297124e-02
3.957891e-02 4.292661e-02
3.953482e-02 4.287932e-02
3.949321e-02 4.284358e-02
3.944916e-02 4.279667e-02
3.940551e-02 4.275261e-02
3.936341e-02 4.271159e-02
3.932020e-02 4.266695e-02
3.927746e-02 4.262317e-02
3.923352e-02 4.258092e-02
3.919194e-02 4.253624e-02
3.914778e-02 4.249524e-02
3.910712e-02 4.245278e-02
3.906388e-02 4.240948e-02
3.902170e-02 4.236736e-02
3.897905e-02 4.232520e-02
3.893622e-02 4.227921e-02
3.889451e-02 4.223870e-02
3.885179e-02 4.219292e-02
3.881085e-02 4.215558e-02
3.876818e-02 4.211440e-02
3.872619e-02 4.207021e-02
3.868363e-02 4.203207e-02
3.864272e-02 4.198964e-02
3.860052e-02 4.194757e-02
3.855979e-02 4.190313e-02
3.851670e-02 4.186316e-02
3.847621e-02 4.181886e-02
3.843369e-02 4.177911e-02
3.839342e-02 4.173852e-02
3.835144e-02 4.169649e-02
3.831076e-02 4.165388e-02
3.826946e-02 4.161214e-02
3.822836e-02 4.157373e-02
3.818774e-02 4.153146e-02
3.814437e-02 4.149129e-02
3.810619e-02 4.144882e-02
3.806453e-02 4.140873e-02
3.802384e-02 4.136373e-02
3.798319e-02 4.132654e-02
3.794227e-02 4.128507e-02
3.790221e-02 4.124422e-02
3.786145e-02 4.120217e-02
3.782050e-02 4.116545e-02
3.778103e-02 4.112439e-02
3.774017e-02 4.108265e-02
3.770016e-02 4.103956e-02
3.765981e-02 4.099893e-02
3.761980e-02 4.096371e-02
3.757991e-02 4.092199e-02
3.753968e-02 4.088179e-02
3.750023e-02 4.084177e-02
3.746020e-02 4.080305e-02
3.742009e-02 4.076093e-02
3.738102e-02 4.072392e-02
3.734032e-02 4.068213e-02
3.730261e-02 4.064225e-02
3.726129e-02 4.060053e-02
3.722294e-02 4.056455e-02
3.718341e-02 4.052417e-02
3.714450e-02 4.048578e-02
3.710452e-02 4.044585e-02
3.706570e-02 4.040569e-02
3.702630e-02 4.036683e-02
3.698756e-02 4.032577e-02
3.695001e-02 4.028789e-02
3.690929e-02 4.024920e-02
3.687120e-02 4.021103e-02
3.683276e-02 4.016785e-02
3.679308e-02 4.013109e-02
3.675542e-02 4.009367e-02
3.671634e-02 4.005170e-02
3.667813e-02 4.001384e-02
3.663962e-02 3.998120e-02
3.660159e-02 3.993766e-02
3.656241e-02 3.990128e-02
3.652575e-02 3.986060e-02
3.648627e-02 3.982583e-02
3.644776e-02 3.978756e-02
3.641122e-02 3.974678e-02
3.637207e-02 3.970954e-02
3.633509e-02 3.967219e-02
3.629632e-02 3.963567e-02
3.625937e-02 3.959418e-02
3.622058e-02 3.955705e-02
3.618355e-02 3.951924e-02
3.614618e-02 3.947983e-02
3.610763e-02 3.944286e-02
3.607116e-02 3.940496e-02
3.603370e-02 3.936944e-02
3.599667e-02 3.933000e-02
3.595867e-02 3.929487e-02
3.592152e-02 3.925479e-02
3.588444e-02 3.921699e-02
3.584791e-02 3.917941e-02
3.580963e-02 3.914556e-02
3.577405e-02 3.910813e-02
3.573651e-02 3.907103e-02
3.569914e-02 3.903208e-02
3.566253e-02 3.899573e-02
3.562645e-02 3.895524e-02
3.558951e-02 3.891879e-02
3.555306e-02 3.888589e-02
3.551696e-02 3.884711e-02
3.547950e-02 3.881076e-02
3.544305e-02 3.877520e-02
3.540792e-02 3.873783e-02
3.536942e-02 3.870297e-02
3.533545e-02 3.866531e-02
3.529743e-02 3.862519e-02
3.526288e-02 3.859299e-02
3.522642e-02 3.855467e-02
3.519021e-02 3.852014e-02
3.515380e-02 3.848385e-02
3.511825e-02 3.844908e-02
3.508268e-02 3.841326e-02
3.504653e-02 3.837619e-02
3.501085e-02 3.833959e-02
3.497568e-02 3.830436e-02
3.494050e-02 3.826729e-02
3.490392e-02 3.823258e-02
3.486813e-02 3.819590e-02
3.483350e-02 3.815878e-02
3.479822e-02 3.812449e-02
3.476302e-02 3.808976e-02
3.472690e-02 3.805242e-02
3.469282e-02 3.801928e-02
3.465737e-02 3.798293e-02
3.462190e-02 3.794653e-02
3.458763e-02 3.791013e-02
3.455209e-02 3.787714e-02
3.451717e-02 3.784100e-02
3.448261e-02 3.780532e-02
3.444760e-02 3.776937e-02
3.441299e-02 3.773768e-02
3.437902e-02 3.770026e-02
3.434297e-02 3.766713e-02
3.430966e-02 3.763182e-02
3.427453e-02 3.759757e-02
3.424000e-02 3.755857e-02
3.420653e-02 3.752733e-02
3.417068e-02 3.749052e-02
3.413754e-02 3.745667e-02
3.410285e-02 3.742359e-02
3.406932e-02 3.739009e-02
3.403464e-02 3.735517e-02
3.400017e-02 3.732051e-02
3.396702e-02 3.728284e-02
3.393310e-02 3.725070e-02
3.389896e-02 3.721666e-02
3.386538e-02 3.718327e-02
3.383099e-02 3.714792e-02
3.379797e-02 3.711506e-02
3.376426e-02 3.707833e-02
3.373068e-02 3.704621e-02
3.369756e-02 3.701349e-02
3.366274e-02 3.697949e-02
3.363089e-02 3.694644e-02
3.359617e-02 3.691353e-02
3.356355e-02 3.687994e-02
3.353014e-02 3.684550e-02
3.349699e-02 3.681128e-02
3.346366e-02 3.677753e-02
3.343003e-02 3.674469e-02
3.339876e-02 3.671296e-02
3.336381e-02 3.667779e-02
3.333225e-02 3.664745e-02
3.329778e-02 3.661298e-02
3.326688e-02 3.657959e-02
3.323325e-02 3.654522e-02
3.319953e-02 3.651103e-02
3.316841e-02 3.648101e-02
3.313545e-02 3.644833e-02
3.310253e-02 3.641295e-02
3.307043e-02 3.637858e-02
3.303713e-02 3.634798e-02
3.300504e-02 3.631388e-02
3.297350e-02 3.628334e-02
3.294047e-02 3.625222e-02
3.290875e-02 3.622090e-02
3.287616e-02 3.618306e-02
3.284416e-02 3.615027e-02
3.281235e-02 3.611800e-02
3.277942e-02 3.608595e-02
3.274844e-02 3.605621e-02
3.271561e-02 3.602138e-02
3.268430e-02 3.598956e-02
3.265205e-02 3.595693e-02
3.262124e-02 3.592747e-02
3.258889e-02 3.589573e-02
3.255729e-02 3.586365e-02
3.252610e-02 3.583183e-02
3.249338e-02 3.580012e-02
3.246195e-02 3.576683e-02
3.243197e-02 3.573552e-02
3.240004e-02 3.570315e-02
3.236738e-02 3.567066e-02
3.233689e-02 3.564006e-02
3.230604e-02 3.560816e-02
3.227423e-02 3.557703e-02
3.224330e-02 3.554497e-02
3.221220e-02 3.551226e-02
3.218122e-02 3.548148e-02
3.215001e-02 3.545096e-02
3.211890e-02 3.541682e-02
3.208811e-02 3.538789e-02
3.205708e-02 3.535610e-02
3.202621e-02 3.532619e-02
3.199541e-02 3.529464e-02
3.196543e-02 3.526330e-02
3.193453e-02 3.522919e-02
3.190322e-02 3.519937e-02
3.187390e-02 3.516887e-02
3.184231e-02 3.513718e-02
3.181260e-02 3.510740e-02
3.178143e-02 3.507345e-02
3.175160e-02 3.504606e-02
3.172131e-02 3.501357e-02
3.169006e-02 3.498426e-02
3.166099e-02 3.495362e-02
3.163060e-02 3.492225e-02
3.160033e-02 3.489317e-02
3.156978e-02 3.486217e-02
3.153988e-02 3.483245e-02
3.151038e-02 3.480276e-02
3.148012e-02 3.477102e-02
3.145031e-02 3.474115e-02
3.142006e-02 3.471020e-02
3.139139e-02 3.468168e-02
3.136042e-02 3.465218e-02
3.133144e-02 3.462134e-02
3.130184e-02 3.458933e-02
3.127113e-02 3.456016e-02
3.124246e-02 3.452906e-02
3.121297e-02 3.449982e-02
3.118353e-02 3.446767e-02
3.115444e-02 3.443956e-02
3.112458e-02 3.441212e-02
3.109551e-02 3.438134e-02
3.106575e-02 3.435058e-02
3.103696e-02 3.432130e-02
3.100744e-02 3.429297e-02
3.097853e-02 3.426492e-02
3.094970e-02 3.423401e-02
3.092073e-02 3.420602e-02
3.089107e-02 3.417315e-02
3.086202e-02 3.414530e-02
3.083358e-02 3.411461e-02
3.080490e-02 3.408706e-02
3.077622e-02 3.405834e-02
3.074718e-02 3.402699e-02
3.071793e-02 3.399693e-02
3.068971e-02 3.396805e-02
3.066174e-02 3.394033e-02
3.063191e-02 3.391169e-02
3.060481e-02 3.388250e-02
3.057527e-02 3.385401e-02
3.054722e-02 3.382402e-02
3.051896e-02 3.379662e-02
3.049054e-02 3.376764e-02
3.046219e-02 3.373616e-02
3.043391e-02 3.370908e-02
3.040576e-02 3.368229e-02
3.037750e-02 3.365162e-02
3.034957e-02 3.362531e-02
3.032133e-02 3.359381e-02
3.029276e-02 3.356640e-02
3.026560e-02 3.353670e-02
3.023777e-02 3.350807e-02
3.020941e-02 3.348111e-02
3.018102e-02 3.345156e-02
3.015436e-02 3.342703e-02
3.012599e-02 3.339753e-02
3.009790e-02 3.336561e-02
3.007116e-02 3.333880e-02
3.004265e-02 3.331052e-02
3.001594e-02 3.328242e-02
2.998714e-02 3.325563e-02
2.996068e-02 3.322670e-02
2.993295e-02 3.319830e-02
2.990571e-02 3.316965e-02
2.987804e-02 3.314362e-02
2.985082e-02 3.311560e-02
2.982326e-02 3.308841e-02
2.979583e-02 3.306041e-02
2.976994e-02 3.303182e-02
2.974143e-02 3.300378e-02
2.971442e-02 3.297704e-02
2.968820e-02 3.294864e-02
2.966060e-02 3.292039e-02
2.963400e-02 3.289476e-02
2.960668e-02 3.286628e-02
2.957978e-02 3.283928e-02
2.955245e-02 3.281238e-02
2.952722e-02 3.278690e-02
2.949923e-02 3.275856e-02
2.947283e-02 3.272955e-02
2.944586e-02 3.270303e-02
2.941920e-02 3.267694e-02
2.939306e-02 3.264902e-02
2.936640e-02 3.262051e-02
2.933991e-02 3.259159e-02
2.931287e-02 3.256672e-02
2.928717e-02 3.253976e-02
2.926034e-02 3.251338e-02
2.923392e-02 3.248662e-02
2.920795e-02 3.245941e-02
2.918079e-02 3.243186e-02
2.915571e-02 3.240787e-02
2.912913e-02 3.238095e-02
2.910272e-02 3.235364e-02
2.907668e-02 3.232418e-02
2.905080e-02 3.230023e-02
2.902471e-02 3.227052e-02
2.899818e-02 3.224717e-02
2.897284e-02 3.221877e-02
2.894675e-02 3.219477e-02
2.892126e-02 3.216798e-02
2.889484e-02 3.213913e-02
2.886907e-02 3.211255e-02
2.884408e-02 3.208693e-02
2.881756e-02 3.206073e-02
2.879236e-02 3.203555e-02
2.876595e-02 3.200896e-02
2.874120e-02 3.198251e-02
2.871555e-02 3.195619e-02
2.868952e-02 3.193125e-02
2.866488e-02 3.190392e-02
2.863874e-02 3.187926e-02
2.861393e-02 3.185238e-02
2.858791e-02 3.182787e-02
2.856348e-02 3.179997e-02
2.853727e-02 3.177373e-02
2.851246e-02 3.174997e-02
2.848758e-02 3.172297e-02
2.846219e-02 3.169436e-02
2.843730e-02 3.167437e-02
2.841188e-02 3.164567e-02
2.838756e-02 3.162249e-02
2.836194e-02 3.159456e-02
2.833693e-02 3.156823e-02
2.831217e-02 3.154360e-02
2.828751e-02 3.151770e-02
2.826206e-02 3.149276e-02
2.823793e-02 3.146895e-02
2.821239e-02 3.144106e-02
2.818846e-02 3.141825e-02
2.816432e-02 3.139445e-02
2.813836e-02 3.136904e-02
2.811456e-02 3.134186e-02
2.808995e-02 3.131810e-02
2.806454e-02 3.129109e-02
2.804144e-02 3.126576e-02
2.801613e-02 3.124111e-02
2.799176e-02 3.121571e-02
2.796765e-02 3.119215e-02
2.794292e-02 3.116556e-02
2.791901e-02 3.114298e-02
2.789492e-02 3.111718e-02
2.787070e-02 3.109086e-02
2.784621e-02 3.106720e-02
2.782199e-02 3.104249e-02
2.779832e-02 3.101830e-02
2.777389e-02 3.099299e-02
2.775020e-02 3.096931e-02
2.772572e-02 3.094516e-02
2.770156e-02 3.091916e-02
2.767812e-02 3.089490e-02
2.765402e-02 3.086890e-02
2.763056e-02 3.084690e-02
2.760700e-02 3.082302e-02
2.758272e-02 3.079648e-02
2.755885e-02 3.077286e-02
2.753499e-02 3.074571e-02
2.751192e-02 3.072756e-02
2.748745e-02 3.070055e-02
2.746459e-02 3.067543e-02
2.744137e-02 3.065489e-02
2.741745e-02 3.062719e-02
2.739375e-02 3.060583e-02
2.737045e-02 3.057894e-02
2.734723e-02 3.055755e-02
2.732362e-02 3.052984e-02
2.730032e-02 3.050700e-02
2.727722e-02 3.048525e-02
2.725367e-02 3.046098e-02
2.723062e-02 3.043679e-02
2.720720e-02 3.041169e-02
2.718397e-02 3.038818e-02
2.716171e-02 3.036734e-02
2.713783e-02 3.034148e-02
2.711498e-02 3.032046e-02
2.709141e-02 3.029450e-02
2.706906e-02 3.027216e-02
2.704647e-02 3.024710e-02
2.702281e-02 3.022355e-02
2.700045e-02 3.020105e-02
2.697674e-02 3.017632e-02
2.695498e-02 3.015364e-02
2.693202e-02 3.013196e-02
2.690926e-02 3.010748e-02
2.688603e-02 3.008176e-02
2.686386e-02 3.006025e-02
2.684099e-02 3.003837e-02
2.681850e-02 3.001267e-02
2.679571e-02 2.999092e-02
2.677383e-02 2.996742e-02
2.675103e-02 2.994663e-02
2.672858e-02 2.992150e-02
2.670611e-02 2.989995e-02
2.668368e-02 2.987685e-02
2.666136e-02 2.985357e-02
2.663880e-02 2.982989e-02
2.661689e-02 2.980790e-02
2.659398e-02 2.978513e-02
2.657273e-02 2.976327e-02
2.654992e-02 2.973912e-02
2.652780e-02 2.971471e-02
2.650536e-02 2.969240e-02
2.648427e-02 2.967125e-02
2.646175e-02 2.964845e-02
2.643931e-02 2.962370e-02
2.641854e-02 2.960072e-02
2.639480e-02 2.957977e-02
2.637404e-02 2.955701e-02
2.635162e-02 2.953374e-02
2.633049e-02 2.951304e-02
2.630815e-02 2.948803e-02
2.628677e-02 2.946755e-02
2.626489e-02 2.944574e-02
2.624285e-02 2.942154e-02
2.622125e-02 2.940041e-02
2.619986e-02 2.937813e-02
2.617831e-02 2.935576e-02
2.615684e-02 2.933307e-02
2.613456e-02 2.931167e-02
2.611383e-02 2.928850e-02
2.609159e-02 2.926690e-02
2.607037e-02 2.924401e-02
2.604970e-02 2.922433e-02
2.602766e-02 2.920230e-02
2.600667e-02 2.917802e-02
2.598448e-02 2.915684e-02
2.596407e-02 2.913644e-02
2.594222e-02 2.911562e-02
2.592151e-02 2.909052e-02
2.589986e-02 2.906824e-02
2.587904e-02 2.904741e-02
2.585809e-02 2.902836e-02
2.583624e-02 2.900367e-02
2.581586e-02 2.898280e-02
2.579493e-02 2.896043e-02
2.577347e-02 2.894015e-02
2.575235e-02 2.891683e-02
2.573167e-02 2.889669e-02
2.571094e-02 2.887324e-02
2.569002e-02 2.885059e-02
2.566927e-02 2.883125e-02
2.564829e-02 2.880948e-02
2.562779e-02 2.878869e-02
2.560648e-02 2.876755e-02
2.558602e-02 2.874439e-02
2.556555e-02 2.872475e-02
2.554498e-02 2.870532e-02
2.552470e-02 2.868110e-02
2.550297e-02 2.866013e-02
2.548304e-02 2.863984e-02
2.546215e-02 2.861861e-02
2.544281e-02 2.859608e-02
2.542122e-02 2.857804e-02
2.540102e-02 2.855485e-02
2.538034e-02 2.853464e-02
2.536044e-02 2.851225e-02
2.534038e-02 2.849207e-02
2.531975e-02 2.847048e-02
2.529932e-02 2.845078e-02
2.527898e-02 2.842820e-02
2.525903e-02 2.840876e-02
2.523871e-02 2.838737e-02
2.521933e-02 2.836726e-02
2.519788e-02 2.834522e-02
2.517778e-02 2.832433e-02
2.515860e-02 2.830442e-02
2.513832e-02 2.828363e-02
2.511839e-02 2.826245e-02
2.509803e-02 2.824195e-02
2.507841e-02 2.822219e-02
2.505895e-02 2.820259e-02
2.503837e-02 2.818022e-02
2.501874e-02 2.815991e-02
2.499884e-02 2.813972e-02
2.497939e-02 2.812093e-02
2.495881e-02 2.809821e-02
2.493985e-02 2.807843e-02
2.491950e-02 2.805712e-02
2.489970e-02 2.803748e-02
2.488078e-02 2.801817e-02
2.486084e-02 2.799619e-02
2.484154e-02 2.797558e-02
2.482154e-02 2.795525e-02
2.480238e-02 2.793693e-02
2.478228e-02 2.791869e-02
2.476368e-02 2.789628e-02
2.474339e-02 2.787507e-02
2.472412e-02 2.785640e-02
2.470527e-02 2.783646e-02
2.468544e-02 2.781641e-02
2.466680e-02 2.779452e-02
2.464626e-02 2.777614e-02
2.462781e-02 2.775628e-02
2.460859e-02 2.773641e-02
2.458885e-02 2.771652e-02
2.457036e-02 2.769740e-02
2.455079e-02 2.767776e-02
2.453175e-02 2.765685e-02
2.451285e-02 2.763775e-02
2.449308e-02 2.762041e-02
2.447475e-02 2.759815e-02
2.445513e-02 2.757883e-02
2.443630e-02 2.755975e-02
2.441753e-02 2.753991e-02
2.439880e-02 2.752093e-02
2.437937e-02 2.749898e-02
2.436085e-02 2.747943e-02
2.434201e-02 2.746115e-02
2.432288e-02 2.744182e-02
2.430455e-02 2.742149e-02
2.428544e-02 2.740153e-02
2.426689e-02 2.738413e-02
2.424822e-02 2.736387e-02
2.422930e-02 2.734435e-02
2.421098e-02 2.732518e-02
2.419192e-02 2.730683e-02
2.417381e-02 2.728831e-02
2.415485e-02 2.726661e-02
2.413623e-02 2.724766e-02
2.411815e-02 2.722935e-02
2.409909e-02 2.720897e-02
2.408086e-02 2.719082e-02
2.406306e-02 2.717279e-02
2.404434e-02 2.715306e-02
2.402569e-02 2.713277e-02
2.400694e-02 2.711409e-02
2.398956e-02 2.709530e-02
2.397017e-02 2.707466e-02
2.395206e-02 2.705815e-02
2.393459e-02 2.703950e-02
2.391624e-02 2.701909e-02
2.389769e-02 2.699987e-02
2.387951e-02 2.698225e-02
2.386176e-02 2.696116e-02
2.384364e-02 2.694395e-02
2.382500e-02 2.692517e-02
2.380738e-02 2.690775e-02
2.378959e-02 2.688927e-02
2.377125e-02 2.686812e-02
2.375296e-02 2.685124e-02
2.373473e-02 2.683277e-02
2.371801e-02 2.681454e-02
2.369946e-02 2.679677e-02
2.368137e-02 2.677650e-02
