0.776905
0.731146
1.520885
0.187615
0.485128
1.878210
0.239423
1.554131
1.048814
0.641672
0.306810
1.840787
1.430679
0.102430
0.954483
0.985161
1.948551
0.296402
1.054769
1.702256
1.716635
1.175320
1.949188
0.847396
0.708670
1.358659
0.207148
1.499127
1.514090
1.347234
0.952989
1.242151
1.068663
0.629109
1.067501
0.999675
1.799154
1.669975
0.289400
0.791836
1.695077
0.523894
1.002637
1.443056
0.974741
0.498607
0.112910
1.240541
0.237905
1.518939
0.679555
1.861397
1.435413
1.168824
0.833244
0.670001
0.088760
0.215436
1.241727
0.879981
1.902865
0.422080
0.446020
0.499983
1.523263
0.158450
0.222050
0.585991
1.253456
0.150829
0.226290
1.789871
1.572802
0.075011
0.087706
0.496689
1.028651
1.291047
0.456806
1.651295
0.721267
1.043102
0.626476
1.861300
0.196297
1.015103
1.242457
1.941944
1.329458
0.084225
1.299864
0.435598
1.171608
1.903045
0.220158
0.078646
1.540150
0.981512
0.223742
0.416602
1.175489
0.732658
1.316039
0.346802
1.941591
0.608094
1.897811
1.872869
1.458732
1.375340
1.250557
0.501387
0.145318
1.767990
0.649134
1.086018
1.344846
1.432404
0.236623
1.907947
0.602398
1.385869
1.762520
0.705975
1.028494
1.073508
0.104562
0.707850
0.310655
0.171960
1.617775
1.241658
0.719174
1.439520
1.663704
1.318449
1.390355
0.608752
0.750014
1.198326
0.844946
0.464999
0.082821
1.103454
1.205351
0.912489
1.364767
0.226927
1.874616
0.363714
1.377033
0.503658
0.916812
1.911384
0.402663
0.988506
0.654828
1.786569
0.349479
0.069995
1.582546
0.270645
1.911245
1.574700
1.719898
0.081297
1.793933
1.897009
1.467016
0.514251
0.683929
1.083853
1.507051
0.582282
0.118078
0.891859
0.172398
1.910325
1.395854
1.683569
1.810203
1.757206
1.467539
1.328041
1.864671
0.826908
0.529463
1.386010
1.390157
0.700734
1.524250
0.708609
1.032395
1.240594
1.949438
1.797388
1.241985
1.707455
0.086645
1.860808
0.087997
1.935983
0.435330
1.301203
0.257319
0.216988
1.049408
1.236338
1.316939
0.594019
0.513669
1.844928
1.911396
0.447885
1.197252
0.992803
0.328278
0.155256
0.599229
0.698321
1.570525
0.831003
1.470158
0.758489
1.432878
0.373378
0.218548
1.518014
1.810002
1.747127
0.213497
1.785490
0.530203
0.520452
1.094614
0.437259
1.022800
0.196204
0.683141
0.236234
1.501800
1.623320
1.071876
1.748344
1.165959
1.143385
0.192736
0.729389
0.773616
0.290908
1.909069
0.342110
1.378956
0.831259
0.430749
0.654545
1.003434
1.509413
0.485251
1.328582
0.090071
0.676387
1.276284
1.282828
1.167747
0.704065
1.385930
1.019237
1.822480
1.674403
1.756233
1.202001
0.800690
1.745199
0.092470
0.841211
0.485495
1.240081
0.360793
1.243459
0.321742
0.274836
0.591193
1.898178
1.490587
1.597365
0.166874
0.953153
0.748264
0.998655
1.549301
1.503675
0.488133
0.196876
0.714016
0.859313
0.902590
0.742822
1.576329
0.593096
1.532801
1.153365
1.754249
1.572822
0.073043
0.661332
0.863216
0.243270
1.482497
0.877299
1.182134
1.371156
0.205379
1.509131
1.583145
1.765758
0.328947
0.869749
1.003832
0.576562
0.084480
1.703072
0.153607
0.159527
0.804974
0.427296
1.698841
0.509860
1.580699
0.199581
1.876800
1.733745
0.238644
1.220026
0.980432
1.910157
0.635844
1.824684
0.630216
1.241254
0.637650
0.594351
1.644635
1.819537
0.623983
0.261521
1.149320
1.763419
0.380506
0.882168
0.651671
1.017049
0.068523
0.500818
0.774832
1.201257
1.600699
1.910005
0.917654
0.695065
0.418934
0.872116
0.067913
1.093611
0.090141
1.870548
0.976263
0.237102
0.115061
0.245638
1.796665
0.896833
0.225645
0.186183
1.868481
0.632912
0.747258
1.623837
1.600654
0.070721
1.076615
0.649135
1.912077
1.303111
0.086389
1.674731
1.919428
1.451176
0.321835
0.986440
0.508180
0.427862
0.296371
1.330557
1.499534
1.578821
0.455079
1.367973
0.514713
1.435443
0.575432
1.330489
1.236247
1.168330
1.315864
1.058003
1.597013
0.877622
1.411478
0.696863
0.189635
1.944836
1.940629
0.424739
0.279096
0.953376
1.768823
0.154135
0.090196
1.734340
1.742086
1.507514
1.097610
1.012319
1.209425
0.555935
1.947989
0.612789
1.431833
0.443394
1.231708
1.241715
0.836550
1.230602
0.432306
1.550494
0.145641
0.880299
0.823219
0.767249
1.331553
1.637382
0.104159
1.248117
1.689420
0.348291
0.121259
0.804425
0.539618
0.746146
1.905228
1.913941
0.530716
1.715324
1.451563
0.107835
0.124322
1.667412
1.389304
1.629999
1.253524
1.911818
0.100458
0.196677
0.173711
0.619542
1.006431
1.153460
1.442906
1.748820
1.106559
0.092944
0.204807
0.880914
0.651976
1.560146
1.733303
0.306264
1.243352
1.504660
1.818859
0.607983
0.455598
0.087550
0.668658
0.882644
0.467467
1.173370
1.714984
1.752470
1.876632
1.081739
0.889507
1.436512
0.920605
0.340649
0.795824
0.719358
1.168817
0.303400
1.888147
1.025725
0.825241
1.810439
0.650108
1.678468
0.667729
0.493042
1.638001
0.894476
0.664453
1.350501
1.922567
1.749923
1.871580
1.015987
1.912457
1.066675
0.343089
0.617813
0.880911
1.018881
1.245371
0.885827
1.934288
1.888645
0.269408
1.716160
1.439605
1.859114
0.489868
1.950871
0.225403
1.304023
0.451637
0.088443
0.630508
1.789005
0.296416
1.302152
1.201782
1.275667
0.973076
0.849890
0.892095
1.882200
1.227682
0.306572
0.878405
0.091951
1.619087
1.122577
0.897927
1.241480
1.316028
1.140760
0.505849
0.630787
0.828461
0.872102
0.709548
0.926728
0.350294
0.068832
1.471356
1.217361
1.696713
0.793594
1.948315
1.024497
1.419536
0.068671
0.206982
1.476937
1.280124
1.317437
1.802793
1.552556
1.727647
1.500427
1.701855
1.562361
1.171660
0.437924
1.939762
1.756924
0.602450
1.940800
0.082056
1.952579
1.757518
0.318142
1.900604
0.834867
1.225214
1.945528
0.624303
0.276885
1.267647
0.505222
1.871839
0.134158
0.425540
1.115015
0.241846
0.121898
0.301733
0.993175
1.791903
0.955066
0.081208
0.438107
1.171616
1.795375
0.070715
0.544852
0.958387
0.606225
0.072803
0.239879
1.898247
1.690998
0.249073
0.900945
1.436675
0.343084
1.646382
1.347112
1.053621
0.651178
0.448760
0.479401
1.066624
1.512772
0.978607
0.085627
0.107738
1.263101
1.334887
1.806170
0.391593
1.805498
1.004282
0.770342
1.433519
0.090890
0.987891
0.499196
0.482700
0.197809
0.434623
1.293563
1.951494
0.231294
1.498888
0.635240
0.970360
0.247449
1.924821
0.635502
1.838971
0.728014
1.897449
1.429024
1.190708
1.353597
1.899891
0.190936
0.349934
0.093363
0.116153
0.420328
0.621303
0.834957
1.807795
0.091386
1.263405
0.463514
0.070179
1.904812
0.651970
1.905906
0.507865
1.239906
0.069716
1.614009
0.084909
1.951737
0.743727
1.911761
1.558773
1.828266
1.566580
1.087011
1.494905
1.236031
1.918659
0.811448
1.893527
1.418481
0.838526
1.478735
0.197266
0.307081
1.172912
1.683869
0.085632
1.293103
1.639920
0.542920
1.872422
1.009619
1.793130
0.206714
1.308862
1.332904
0.454253
0.721328
1.002748
1.919550
0.151587
1.780953
1.088039
1.676580
1.635815
0.970329
1.574008
1.388804
0.207420
1.922827
1.432361
1.850275
1.433699
0.177139
1.913954
1.040831
1.480661
1.938423
0.484036
1.307888
0.954799
1.522020
0.173319
1.698189
1.239455
1.503849
0.236020
1.872107
0.442029
1.387809
1.072971
0.488443
0.623763
0.841659
1.551624
1.214622
0.990560
1.675017
0.509855
0.394440
0.391074
0.578080
1.379858
0.498891
0.425640
1.481107
1.671054
1.369079
0.291874
0.295492
1.373687
0.517622
0.880194
1.873668
0.094317
0.408092
1.944095
0.531257
1.251638
1.917055
1.949821
0.250420
1.871795
1.179116
0.086998
0.989880
0.436899
1.486555
1.332649
0.171285
0.844826
0.213690
0.373932
1.397073
0.151053
1.346666
1.096528
1.907526
0.944779
0.181373
0.352196
0.520880
0.697920
0.902876
0.068210
0.121193
1.518429
0.187261
0.257223
1.635963
1.671236
0.509111
0.315830
0.501093
1.241750
1.505562
0.780508
0.377385
1.483782
0.295511
1.467373
1.575952
1.015736
0.883270
0.486292
0.091058
0.264608
0.875994
1.449683
0.108506
1.630140
1.703233
1.118248
1.378417
0.680040
1.084823
0.806134
0.309136
1.868526
1.674271
0.110711
1.524076
1.362978
0.315585
0.826844
1.091577
0.669268
1.087897
0.620511
0.698781
0.324837
0.651126
1.164511
0.284052
1.709582
1.874187
1.951188
0.764735
0.410650
0.890081
1.911465
0.483144
1.509175
1.733571
1.364195
1.316332
1.871253
0.909694
0.313451
0.294188
1.435580
0.837866
1.228524
0.509646
1.386790
1.508564
1.303571
0.451927
1.645960
1.446120
0.292800
0.557642
1.734154
1.424473
0.344538
0.616828
1.684210
0.488431
1.148095
0.477640
1.314918
0.582713
0.163731
0.805271
0.870731
0.450894
1.174184
0.085461
0.242853
0.930610
0.427324
0.088477
1.915793
0.427610
1.141384
1.419271
1.837218
1.899328
1.330144
1.140753
1.383318
0.656057
0.595214
0.303097
0.220168
1.253427
1.239154
1.580771
0.264661
0.581035
0.640046
1.800475
0.804839
1.948666
0.760185
0.243385
0.765572
1.366554
1.242053
1.331053
0.892215
1.811503
1.946451
1.612434
1.644050
0.948289
1.946640
0.658040
1.543190
0.306924
1.894251
1.229028
1.930183
0.805015
1.489796
1.379669
0.374901
1.801961
0.415095
0.391357
0.804844
0.444385
1.140417
1.428279
1.701237
0.633904
0.086587
0.972492
0.767165
0.402291
0.078354
1.893691
0.597891
0.104015
1.315678
0.991610
1.475362
0.379453
1.200744
1.454452
0.734136
0.583512
0.964645
1.226209
0.977340
1.540400
1.948751
1.915115
1.331125
0.457728
0.812194
0.360867
0.216922
0.099868
0.986222
1.696478
1.100428
1.088009
0.320276
0.788911
0.466172
0.245966
1.494207
1.853657
0.451897
0.957048
1.900970
0.586926
1.211682
1.896374
1.466699
0.481017
1.382011
1.176432
1.097180
1.797296
0.328717
0.657869
0.367964
0.597432
0.466621
0.808704
1.290563
0.138798
0.523329
0.382980
0.975527
0.182859
1.181301
1.168221
0.708391
0.729408
1.659152
1.809605
1.226708
0.944629
0.541070
1.766958
1.059288
0.426915
0.777407
1.858608
0.824302
0.498660
1.757345
0.588267
0.718930
1.434119
0.164994
0.752908
1.075215
1.680188
0.494196
0.088312
0.470179
0.068787
0.543795
0.674182
0.087740
0.202601
0.604209
1.665116
1.443947
0.510439
0.916968
0.765698
1.144306
1.861934
1.466781
0.878715
0.619520
1.794436
1.490045
0.238070
1.868156
0.967366
1.073972
0.573364
0.155910
0.306676
0.426676
0.068432
1.750616
1.566525
0.382056
0.883624
1.425299
0.288751
1.687549
1.079621
1.299970
0.891799
0.998342
0.444953
0.879768
0.088568
0.630208
0.464826
0.406730
0.076818
0.254012
0.745158
0.616366
0.446433
1.936897
0.876953
1.671094
1.397206
1.679316
0.439900
1.828145
0.590118
0.159594
0.414624
1.874068
1.513638
1.224894
0.864886
0.952349
0.596918
0.901492
1.044541
1.061601
1.940515
0.676177
0.289114
1.240295
1.640391
0.768593
0.088437
1.068547
0.778259
1.657003
1.870517
1.545273
0.181118
1.403093
0.792983
1.075691
1.921187
0.094881
1.911381
0.150087
0.780804
1.597669
0.322905
0.885881
0.616040
0.397875
0.511091
1.096091
0.625950
0.564993
1.327723
0.258010
1.516356
1.446522
1.265906
0.342778
0.922072
1.733070
1.920295
1.300498
0.892446
1.330056
0.532403
1.949506
1.793696
0.217677
0.248439
1.757440
1.069755
0.897672
0.508873
0.487071
1.499596
0.669467
0.091784
0.491165
1.218636
1.870645
0.223448
0.820873
0.658869
0.146608
0.436428
0.234755
0.204767
1.704932
0.935373
0.133771
1.426471
0.903661
1.544955
1.753560
1.306757
0.505402
1.381836
0.897503
0.776269
0.955062
0.509601
0.775946
0.749384
1.099627
1.434618
1.243002
0.934281
0.143455
0.805389
0.896046
0.602031
0.994230
0.363010
1.028739
1.536465
1.821166
1.501882
1.565263
0.762965
1.818185
1.917685
0.333219
0.184863
0.309066
1.791090
1.383585
1.091868
0.949971
1.573334
1.753293
0.102467
1.508875
0.551732
0.959321
0.130264
1.872021
1.386543
1.201062
0.492519
1.369668
1.430670
1.142409
1.326513
1.508401
1.097700
1.585317
0.634055
0.269526
0.215727
1.466749
1.404537
1.826358
0.370056
1.725102
1.330969
1.803615
1.242522
1.706461
1.548957
1.242222
1.110200
0.083458
0.244416
0.148036
1.575736
1.938947
1.918106
1.874496
0.069766
1.249130
0.503273
0.800064
1.318124
0.604084
0.662357
1.147091
1.552666
0.203816
0.612771
0.581739
1.722431
1.711062
1.093863
0.957934
0.837021
1.458823
1.629565
0.534473
1.566953
1.267110
1.951356
0.398802
0.095282
1.649130
1.080234
0.147202
0.087660
0.938836
0.591551
0.713439
0.082347
0.928782
1.149036
1.587242
1.240645
1.249898
0.948027
0.197366
0.775093
0.245070
1.051856
1.186982
0.772648
0.891501
1.912222
1.504372
0.418350
1.643855
0.739331
0.081032
0.607068
0.401812
1.551891
1.902061
0.188948
0.369497
0.700584
0.202367
1.052517
0.697761
1.456872
1.787942
0.602554
1.368863
1.795848
1.662372
0.733468
1.221177
0.508741
0.310426
0.266604
0.206839
0.876908
0.647088
0.929788
1.643384
1.702392
1.581131
0.211969
0.752356
0.686806
0.438579
0.453453
0.636605
0.111380
1.907627
0.679451
1.373228
0.650467
1.246579
0.764972
1.641006
1.434762
0.183948
1.622048
1.919255
1.320498
0.774395
0.954217
0.835435
1.644622
0.755280
0.389415
0.568848
1.917283
1.859026
0.976166
1.746397
1.379105
0.631311
1.083476
1.796706
1.006910
0.578499
0.861815
0.068427
0.616336
0.270076
1.909527
1.706675
0.190638
1.061270
1.950226
0.482830
0.298241
0.218549
1.236835
0.722065
0.394790
1.247010
1.828308
0.661693
0.994669
1.281356
0.280129
0.088908
0.523324
0.484755
0.222798
0.365161
0.766888
1.704190
1.176709
1.951461
0.460451
0.637803
1.265754
0.414337
0.632522
0.155440
1.566596
0.224520
0.175347
0.806837
0.373915
1.366387
1.578867
1.460794
1.001793
1.012341
1.567294
0.464415
0.586653
1.297299
1.945721
0.571352
0.722873
0.397398
1.177967
1.752143
0.890279
0.446311
0.074759
0.247204
1.838108
1.936100
1.822264
0.301526
1.242192
0.957598
1.185058
1.673209
0.763550
1.836692
0.356369
1.581022
1.111274
1.392929
1.951066
0.734682
0.814804
1.111508
1.505859
1.718100
1.363506
1.293810
0.830132
0.453982
1.858593
0.205396
0.980736
0.440119
1.778138
1.008192
0.154502
0.447093
0.538369
0.754239
1.757452
1.442524
1.678679
1.289467
0.636351
0.649623
1.911439
1.729478
0.972257
0.086915
1.793856
0.938791
0.588586
0.222444
0.681906
1.380433
1.858485
0.903404
0.377312
0.951903
1.212080
1.815492
0.657008
1.811583
1.572318
1.297241
0.468089
0.444983
1.690876
1.744874
1.394850
0.384860
1.642472
1.359200
1.209607
0.414004
1.724258
1.324694
0.876973
0.231832
0.100771
0.806852
0.901571
0.983006
1.663654
0.764482
1.654427
1.244214
0.139305
1.244571
1.910797
0.438708
0.299126
0.630432
1.316229
0.085009
1.442778
0.897172
0.999500
1.113603
0.765080
1.641433
1.433759
1.034340
0.657217
0.211892
1.945942
1.351202
0.452609
1.264358
1.456744
0.124802
0.951288
0.521615
0.499852
0.866967
1.207530
1.174002
0.089190
1.669393
0.637588
1.943460
0.800679
1.378230
1.258668
1.204957
1.478408
0.969933
0.308025
1.554944
1.385600
1.170023
0.521356
0.385276
1.017499
0.096766
0.889882
1.047767
1.590909
1.339679
1.668682
0.767539
1.298436
0.194607
1.037593
0.921802
0.275638
0.095099
1.034508
0.878238
1.231522
0.415460
0.685908
0.235444
1.932167
0.688290
0.489698
0.387127
0.678652
0.152519
0.833430
0.375248
1.242637
0.400692
0.310132
1.239150
0.760655
0.184984
1.505423
1.206308
0.679883
0.222901
1.005886
0.371670
0.873235
0.206926
1.593295
1.295008
0.147239
0.273341
0.205349
0.068434
0.425894
0.467358
1.265266
1.711033
0.272652
1.869920
0.297059
0.310008
0.802595
0.084850
1.103726
0.973601
0.974945
0.357430
0.540513
1.525471
0.375558
0.368188
0.226878
1.949039
1.384371
0.952787
0.470905
0.982322
1.161891
1.352557
1.828133
1.101094
0.160682
0.545427
1.639941
1.257988
1.673042
1.517028
1.435679
0.118058
0.432505
1.754517
1.566636
1.614607
1.245548
1.430153
0.761135
0.735697
0.869776
1.223989
0.270234
1.493194
1.322064
0.734716
1.479295
0.822976
0.286177
1.196318
0.805183
0.101027
1.869001
1.172051
1.182185
1.797516
1.901799
0.615112
1.508084
1.241526
0.224771
0.166513
0.603033
0.977635
0.429764
1.440673
1.950173
0.791778
1.507468
0.223943
1.110263
0.767170
1.911874
1.734026
1.910315
1.286141
1.198325
0.975863
1.061685
1.193359
0.982327
0.856950
1.385248
1.788775
1.430037
1.545924
0.560366
0.989719
0.255509
1.581100
0.957085
1.907380
1.678317
1.595906
0.404218
0.536263
1.914008
0.891849
0.923392
1.596304
1.947253
1.916983
0.236172
0.434651
0.332097
1.949360
1.316186
0.894488
1.951767
1.908337
1.617532
1.195489
0.155259
1.598429
0.942713
0.999689
1.804311
1.858977
0.237784
0.102059
1.858651
1.604552
1.708616
1.241611
0.134427
1.446606
1.496753
0.600018
0.920908
1.643614
1.432125
1.278357
0.157256
0.084953
0.077118
1.369547
0.822845
0.978817
1.087142
1.570381
1.242271
0.176477
0.803575
1.720582
0.444122
1.265208
0.172553
1.430869
1.167396
0.723268
1.707377
0.090504
1.698262
0.222832
0.629969
1.330261
0.668872
0.187029
1.474059
1.492665
0.525105
1.294314
1.549269
0.186421
1.793164
1.682075
0.543566
1.222402
0.156364
1.254706
0.557360
0.386272
0.949425
1.018895
1.016454
1.597775
0.506885
0.661197
1.385941
1.320058
1.329127
1.612391
0.782906
0.991492
0.680928
0.245879
0.956522
0.967759
1.317446
0.068596
0.489863
1.493463
0.605034
0.184147
1.439567
1.824336
1.910765
1.346287
0.445650
1.315550
1.315774
1.709507
1.583642
1.233402
0.950495
0.589650
0.338042
0.228463
0.986902
0.429199
0.893628
1.840674
0.940895
1.731659
0.849087
0.301544
0.492689
0.455906
1.490296
1.703459
1.197464
1.598678
1.376241
0.735926
0.691582
0.087625
1.183674
0.836602
1.630104
1.090642
1.485403
0.954777
1.074309
0.070762
1.446540
1.951525
0.094045
1.808067
0.354288
0.710351
0.301627
0.435097
1.299023
0.575760
0.758887
1.240226
1.592196
0.280369
1.826940
1.951747
1.431166
0.615035
0.438931
0.295866
1.262226
0.087594
1.183937
0.079104
1.524389
1.385130
1.565124
0.693420
0.494908
0.068586
1.871571
1.436699
1.831831
0.642257
1.785957
1.084944
0.319865
0.891210
1.569042
0.663997
1.556024
1.572639
0.396959
0.196489
0.214435
0.258371
0.195145
0.662162
0.598318
0.503486
0.236974
1.668978
0.090410
0.952086
1.573564
1.239119
1.141128
1.689756
1.377286
1.102220
1.297707
0.616289
0.825884
1.914833
0.484856
1.056357
0.087835
1.635350
1.654801
1.072100
1.267435
0.971084
1.949571
1.951875
1.320668
0.804869
1.702983
1.065641
0.367612
0.655528
1.451714
1.918084
1.541591
1.499330
1.240754
0.574034
0.301796
1.232131
0.093993
1.386437
1.383885
0.526178
0.067911
0.896800
1.026768
0.536744
0.777862
0.925898
0.368952
0.418405
0.737521
1.583569
1.063193
0.436957
0.736217
1.950333
0.102569
1.807958
1.259190
1.025054
0.326047
0.366397
1.073340
1.302777
1.211650
0.816688
1.239078
1.951883
0.825688
1.820409
1.499972
1.702968
0.183815
1.923082
0.880085
1.861440
1.386162
0.901477
0.613646
1.800258
0.875627
1.898341
0.403899
0.368587
1.858981
0.225553
1.250405
0.468614
1.293063
0.188193
1.769075
1.230536
1.456868
1.460963
1.620522
1.552314
0.094471
1.678642
0.248145
0.698846
1.091215
0.473484
1.928116
0.442414
1.929708
1.228656
0.614558
1.639347
0.553381
0.779826
0.537735
1.796240
1.362781
1.004822
1.427477
1.081697
0.507013
0.272336
1.820802
1.570681
0.240718
0.252656
0.173268
1.912780
0.510846
1.499020
0.754384
0.179083
0.470936
1.951777
0.079502
1.240838
1.188474
1.012873
0.695302
1.241995
1.586762
0.806978
0.531358
1.431661
0.732799
0.196249
0.523155
0.616635
0.536423
0.743250
0.567587
0.768046
0.483291
0.843250
0.757000
1.100763
0.261277
1.811278
0.873237
0.890820
0.280161
1.951099
1.910829
1.315548
0.462130
0.405602
0.591962
1.900277
0.247231
0.232718
1.880097
1.317197
1.239611
0.680060
1.001119
0.429961
0.195684
0.272251
1.341473
0.809453
0.874795
0.338601
1.334241
1.859893
1.916734
1.808059
0.140156
1.051215
0.172697
0.621077
1.719222
1.881891
0.507273
0.595512
1.586046
0.512494
0.681820
1.564632
1.591879
1.401466
1.340937
1.240078
0.614787
0.759837
1.064217
1.147875
1.697252
1.737519
1.901677
0.805872
0.110711
0.597375
1.640884
0.978304
0.960804
1.826239
0.817176
0.860824
1.241749
1.868015
1.639521
0.886914
0.381413
1.061550
1.556301
0.445303
0.402545
1.257236
1.410807
0.087743
1.044356
0.378089
0.605975
0.800005
1.956117
0.921841
0.277193
0.805156
0.492806
1.850624
1.241142
1.865335
0.791900
1.020824
0.326469
0.876507
0.976156
0.949287
1.802475
1.686438
0.897887
1.640775
1.027642
1.194475
0.847446
0.231259
1.330092
1.684439
0.844025
0.749408
1.428593
0.720908
1.202080
1.530821
1.073642
1.358652
1.392579
0.516454
0.231460
1.247175
1.043201
0.435398
1.852037
0.766174
1.790572
1.093628
0.606264
0.127743
1.680061
1.520497
1.325566
1.466591
1.043587
1.437594
1.751997
0.121372
0.181267
0.921515
1.859527
0.805459
0.081696
1.436733
0.485813
1.481415
1.823835
1.276266
0.736952
1.100786
1.850633
0.828425
1.097264
0.071766
1.007429
0.383830
1.147958
1.014642
1.367477
0.467499
1.567503
1.563465
1.910627
0.895161
0.068073
0.236783
1.909738
1.896983
0.421015
0.071785
0.824675
0.541003
0.316933
0.129563
1.586210
0.885082
1.336289
0.347120
1.383669
0.172792
1.838439
0.706439
1.105706
0.318002
0.308882
1.160614
1.645775
0.530281
1.900195
1.040377
1.728292
0.871970
0.841875
0.154806
0.276482
0.244552
1.252297
1.735732
0.301238
1.951404
1.862324
1.658620
1.898786
0.258872
1.542645
1.626658
0.634543
0.227983
1.953532
1.226222
1.301005
1.551143
0.412223
0.766274
1.919881
1.866724
1.899615
0.754461
0.480241
0.215145
1.646841
0.803502
0.770166
1.942453
0.901624
1.165987
0.491469
0.661617
0.893996
0.824273
1.385737
0.192135
0.833684
0.598705
1.381006
1.350572
1.451818
1.380405
0.844629
1.734316
1.945581
0.370987
0.442687
1.200565
1.382953
0.280099
0.712618
0.399218
0.500422
0.528472
1.080019
1.238532
1.858768
0.848620
1.950643
0.678318
1.168610
1.848158
1.722148
0.191839
1.576484
1.417047
0.088879
1.900838
1.242462
0.380543
0.433193
1.017862
0.432366
0.364072
1.379004
0.881267
0.519649
0.086574
0.369611
0.085967
0.253993
0.511967
0.266043
1.810040
1.420006
1.951944
0.585899
0.620924
1.725632
0.759962
1.580369
1.734416
0.821087
1.442815
0.372243
0.184576
1.544322
1.001647
1.796349
0.814564
1.379353
1.241154
1.911549
0.530091
0.637431
1.622125
0.990837
0.305735
0.384500
1.584013
1.559772
1.674150
1.589004
0.663438
1.920016
0.954825
1.493677
1.809527
0.791567
1.232240
1.578015
1.173943
0.613481
0.319102
0.188526
0.069331
1.062030
0.612733
1.840584
0.245843
0.225606
0.488298
0.856397
1.094743
1.506016
0.980787
0.425398
0.626240
1.919118
1.752845
1.875897
0.668555
1.761095
1.290402
0.587515
0.512553
0.265494
0.769798
0.777797
0.401267
0.903328
0.111044
0.109158
0.282774
0.761330
1.318695
1.532882
1.168901
0.939823
1.941972
1.000404
0.426202
1.780950
1.917004
0.184867
1.231060
0.917442
1.908968
0.444200
0.925196
0.999186
0.444409
0.089303
0.476984
0.601410
0.839809
0.928822
0.166211
1.124325
0.113531
0.689726
0.069689
1.030497
1.322383
0.815255
0.233202
0.094527
0.085734
0.127563
0.983986
0.727893
1.556567
1.436998
1.488569
1.533312
1.462026
1.191097
1.084312
0.259193
1.238481
1.000389
0.742065
1.097638
0.387765
1.329299
1.372010
0.489173
0.677484
0.597841
1.800061
0.072809
1.933764
1.385482
0.958056
1.517733
1.094221
0.887013
0.483045
0.896207
1.238537
1.170296
1.679488
0.889041
1.690943
0.676815
0.989326
1.077107
1.522132
0.703454
0.270016
1.912238
0.339788
0.148842
0.310926
1.777295
0.781761
1.758498
1.501868
0.898417
1.917893
1.014392
1.384636
1.059368
0.106797
0.616258
0.648988
1.088647
0.232040
1.191870
0.707244
0.096195
1.799236
0.086826
0.632447
0.370810
0.581808
1.638702
0.858350
1.222245
0.967478
1.096499
0.593511
0.851453
1.247286
0.373132
0.711146
1.324646
0.067920
0.877874
0.351743
0.120850
0.889159
0.516505
1.522782
1.382970
1.550817
0.959257
0.097700
0.138646
0.596629
1.391998
0.401517
1.003177
1.395092
1.503796
1.793449
0.771263
1.001447
1.702835
1.510466
0.182761
1.252456
0.490796
0.617702
0.503673
1.504970
1.668300
0.746171
1.570442
0.082970
0.214580
0.191103
0.349248
1.436866
0.622807
1.860014
0.494747
1.242462
0.436775
1.053590
0.596526
0.917819
0.833235
0.914738
0.152643
1.699786
0.507458
0.232519
1.300411
0.239411
0.173975
1.568620
0.513994
0.321717
0.243385
0.840245
1.903144
1.159413
0.258751
1.317493
0.218494
0.121778
0.969401
1.746487
0.294873
0.646303
1.540204
1.798617
1.589212
0.340830
0.689597
1.681027
0.244942
1.562272
1.917228
0.912856
0.907238
1.330285
1.844804
0.890747
0.068567
0.226674
1.910775
0.521116
0.422722
1.373127
0.313141
1.910274
0.288155
1.442124
0.962682
0.713458
0.153143
0.100735
0.794740
1.237295
0.833656
0.878223
1.096226
1.710236
1.384437
0.204629
1.865346
1.786878
1.540262
1.832786
0.766219
1.895006
1.492408
1.425042
0.428437
1.748052
1.331177
1.665249
1.285220
0.749596
0.320935
1.239483
0.732431
1.374171
0.229423
1.695763
0.739770
1.823184
1.410653
1.064699
1.377899
0.996103
1.435123
1.780290
1.238902
0.255433
0.988334
1.080185
0.105799
1.887235
0.805575
1.763230
0.110479
1.262433
0.101327
0.159325
0.259090
1.948162
1.808198
1.832905
1.805405
0.073852
0.699219
1.191414
1.224755
1.241810
0.515361
1.948985
1.550884
0.409484
1.091476
1.799236
0.612649
0.428926
0.085863
1.204032
1.548859
1.094545
1.917621
0.262493
0.724880
1.201585
1.243159
1.298041
0.381620
0.672439
1.100429
0.073770
0.774666
0.189461
0.514090
0.950916
1.296571
1.241050
0.827183
1.551696
1.581775
1.678541
0.161115
1.709209
0.374830
0.497321
1.384377
0.561591
0.455884
0.090819
0.936130
1.799754
0.235021
0.574710
1.905979
0.105361
0.444987
0.825119
1.377025
0.436136
1.940340
1.247092
0.306848
0.815737
0.068074
0.678909
1.005408
1.431570
0.675562
0.103631
1.739755
0.074109
0.255827
0.509987
1.435315
0.469497
1.580483
0.778459
1.086233
0.081723
0.091401
1.737556
1.353601
1.237672
1.910746
1.646666
0.089060
1.834230
0.678383
1.272658
1.097906
0.762612
1.890728
0.822218
0.651970
1.506204
0.229206
1.446057
0.899393
1.338378
1.784106
1.210379
1.769532
1.945167
1.005872
0.638071
0.896908
0.267371
1.910184
1.951017
1.255390
1.814605
1.639690
0.982339
1.848442
1.582282
0.490825
0.692691
0.934813
1.436180
1.903088
0.129407
0.221562
0.976615
0.455027
1.651108
1.950899
1.541913
1.439178
0.542991
1.907699
1.698637
0.368087
1.707289
1.396143
1.295866
1.360183
0.356357
0.068242
1.538625
1.903543
1.240550
0.464626
0.447176
0.364770
0.546551
1.513435
1.915270
1.443620
0.433324
1.611229
0.625721
1.466613
0.429094
0.489014
0.845333
0.324297
0.549859
0.172144
0.172735
1.704188
0.491382
0.206163
0.751362
0.222016
0.817018
0.334005
0.203682
0.872981
0.878249
1.387030
1.242581
1.058503
0.868403
0.838725
1.711146
0.686265
1.872235
1.364982
0.304788
1.928661
0.851689
1.212106
1.729599
0.449487
1.223286
0.134584
0.822935
0.580037
1.731856
1.444271
0.945340
0.543101
0.689097
1.911672
0.738797
0.124338
1.240558
0.610543
1.927610
1.648438
0.091093
1.111316
0.984150
0.201318
1.367668
0.130081
1.251387
1.652078
1.828226
1.867022
1.483862
1.582900
1.704359
1.509294
0.218401
0.521753
1.871494
1.518221
0.234624
0.974246
1.002456
0.323881
1.593853
0.098253
1.198051
0.350955
1.828352
1.188076
1.317341
0.381950
1.244453
1.665269
1.208433
0.733925
0.151830
1.802994
1.531731
0.187236
0.385363
0.716893
1.246334
0.771170
0.855770
0.241995
1.859117
0.985119
0.825051
0.664873
0.400133
0.195930
1.871562
1.232770
1.271933
1.906852
1.415196
0.652730
1.485304
0.077511
1.825295
0.623185
0.806362
0.195886
1.848179
0.711027
0.698486
1.555561
1.786164
1.897328
0.082194
1.727697
0.960250
1.796052
0.333320
0.185833
1.951853
0.969577
0.439494
0.791405
1.798255
1.828335
0.770446
0.940606
1.008281
0.143576
0.768201
1.315437
0.631822
0.445260
1.828344
1.343199
1.485928
1.746526
0.775086
0.509831
1.378857
0.805198
0.068937
0.523318
1.757194
0.402262
0.623004
0.087817
0.730201
1.949403
1.895013
1.246853
1.007455
0.192750
0.384908
0.779878
0.271389
0.590708
1.848553
0.906026
1.825748
0.725888
0.998862
0.412792
1.327147
0.982848
0.804052
0.086248
1.080712
0.068629
0.566281
0.082896
1.479947
0.334172
0.419422
1.705582
1.935721
0.671100
1.947442
0.085917
1.233770
0.947643
1.824256
0.075319
1.493240
1.510457
1.519237
0.230422
1.821647
1.517802
0.437051
0.496009
1.571426
0.899132
0.088156
0.947656
0.673761
1.433520
1.757818
1.246042
1.696892
0.319603
0.543890
0.971884
0.983572
1.252665
0.133734
0.346153
0.206112
0.082451
0.528949
1.757346
0.332386
1.935322
1.795484
0.089408
0.488321
1.683760
1.406668
0.952845
0.157855
1.234094
1.862885
0.217799
0.478992
1.604537
0.625772
1.024590
0.111312
1.189724
0.089404
1.185529
0.577116
0.174471
1.936374
1.431667
1.429069
1.863266
1.828355
1.153222
0.865691
0.227856
1.526187
0.603211
1.547496
1.058944
1.019787
0.549492
0.424995
1.356920
1.047639
0.102730
0.385198
1.473734
0.447949
0.130885
0.638665
1.409857
1.585539
1.300793
1.606460
1.438872
0.067957
1.102713
0.401513
1.030935
1.429327
0.067917
0.757544
1.950651
1.481604
0.242311
1.021723
0.724842
1.287970
1.548330
0.701681
1.751074
1.086511
0.833347
0.985422
0.994675
0.851789
0.134590
1.918558
1.951771
0.659725
1.790632
0.876620
0.269710
1.855385
1.242432
0.739427
0.455232
0.814289
0.095312
1.260799
0.578727
0.959109
1.750346
0.944277
0.653448
1.904080
1.836118
0.656133
0.094470
0.353467
0.230028
0.806406
1.188666
0.410025
0.956498
0.111940
0.901580
0.389043
1.703132
0.553852
0.140617
1.498748
0.500676
1.328787
0.101885
0.628846
0.248207
1.754753
0.874150
0.627943
0.090416
1.858918
0.968170
1.596842
1.207986
0.901855
0.200682
1.676263
0.442995
0.983684
0.874412
0.841935
1.247365
0.668083
0.198210
1.948061
0.309256
1.332392
0.428234
1.151181
0.599400
0.505651
1.762230
1.910612
1.879105
0.335277
1.561372
0.381713
0.789258
1.904740
1.867578
0.163894
1.289964
0.715685
0.899465
0.116154
0.268265
1.290398
0.292450
0.808751
1.774185
0.864216
1.382541
1.915540
0.374159
1.505038
0.719750
1.794634
1.910196
1.951850
1.287843
1.636106
0.159500
1.555428
0.242065
0.601537
0.168264
1.187401
1.244121
1.520580
0.857069
1.822355
1.651813
0.698347
0.446961
1.802870
1.241986
1.936529
0.396719
0.959838
1.657271
1.724084
1.240508
1.878676
1.202785
0.308685
0.216551
1.660003
1.238191
1.847762
1.509470
1.315982
0.424699
1.555251
0.447236
1.889847
1.300336
0.214318
1.487763
1.684506
0.554559
0.656749
1.350039
1.881314
1.496018
0.910378
0.273103
1.400265
0.245570
0.792152
0.493625
0.297907
0.266026
0.490701
1.165107
1.368932
1.086066
1.064736
1.776041
0.587078
1.663753
0.425211
1.064219
1.840064
1.084762
0.713324
0.237857
1.585780
1.238177
1.581361
0.932570
1.400588
0.218859
0.852646
1.871759
0.626160
0.731846
0.885001
1.390252
1.108812
0.220836
1.841905
0.091390
0.764825
0.649994
1.886612
1.187615
1.882530
0.591914
1.368160
1.221176
1.488393
0.895122
1.843589
1.390872
1.397988
1.169459
1.330234
0.625736
1.254484
1.445533
0.205192
1.004572
0.214044
1.957605
1.295131
0.767602
0.198483
1.105830
0.821545
1.489853
1.383788
1.330967
0.086997
1.213355
0.072621
0.444618
1.568018
0.896426
0.922851
1.520223
1.869155
1.751129
1.387777
1.012462
0.190244
0.277297
0.559645
0.563012
0.430034
1.473907
0.432758
0.196195
0.420514
1.839048
1.867383
0.151519
1.957276
0.733939
1.168825
1.579066
1.580727
1.867153
1.540537
1.352806
0.331454
0.889060
1.365679
0.087394
1.075479
0.594520
0.153093
1.079912
0.307712
0.856766
1.643257
0.985417
1.934883
0.649409
1.862611
1.872310
1.734870
0.170617
1.701236
0.700802
0.256215
0.737074
0.587800
1.235163
0.841430
0.944407
0.302435
1.911505
1.464497
0.952737
0.153681
0.840816
0.084231
1.521539
0.099306
0.391976
0.645218
1.543890
0.090447
1.705080
0.829831
1.173210
0.677105
0.721590
1.914789
1.043543
1.187881
1.180548
0.476659
0.409735
0.725014
1.793439
0.187266
0.850295
0.894390
1.518561
0.945118
1.489468
0.796661
0.068016
1.898431
1.908243
0.068865
0.359867
1.516210
0.642588
0.892169
0.888269
0.093868
1.316276
1.523218
0.437178
1.327298
0.117905
0.848989
0.597305
0.234894
0.237548
1.554950
1.653908
1.246588
1.007671
0.099187
0.813914
1.676594
0.092267
0.949553
1.537202
1.924589
0.872319
1.398000
1.731139
0.946955
0.667926
0.075119
0.234194
0.837623
1.252665
0.972301
0.397739
1.385311
1.872950
1.326235
0.706890
0.767515
0.877390
1.895622
0.358807
1.904065
0.824126
0.210801
0.083927
1.088753
1.794379
0.799082
0.106957
0.443516
1.672864
0.672144
1.745601
1.436479
0.089010
1.411229
0.927794
1.495974
0.185949
0.546429
0.895102
0.437262
0.180967
1.950289
0.879315
0.558431
0.995076
1.874231
0.172116
1.572031
0.589920
0.080907
1.809546
0.701661
1.951821
1.046962
0.230452
0.545671
0.346193
0.498982
0.244954
1.343011
1.886491
1.548354
1.718221
1.843076
0.921224
0.741550
1.162190
1.569825
0.342646
0.363385
1.074555
1.895270
0.615698
1.526141
0.381670
0.753231
0.599168
1.898795
1.598215
1.012264
0.717691
1.246517
0.113068
1.296710
0.899902
0.800742
0.369923
1.948370
0.212300
1.906303
0.889093
1.803205
1.934427
0.967611
1.425178
1.870297
1.385960
1.714157
1.627640
0.256764
1.249582
0.106884
1.918147
0.195399
0.431163
0.448660
1.714828
0.448507
1.639305
1.880784
1.186791
1.204321
1.245102
1.383129
0.409762
1.911494
1.917293
1.239298
1.582132
0.771835
0.208163
0.665484
1.242586
0.481164
1.840218
0.233996
1.918968
0.440063
0.559873
0.584220
1.275961
1.242430
1.440363
0.073025
0.890701
1.242038
0.804911
0.120525
0.836965
1.917667
0.403480
1.315997
1.828298
0.956069
0.434722
1.408724
1.013659
1.197318
0.223624
0.618447
0.269848
1.445432
1.017595
1.795334
0.655644
1.242586
0.533533
1.241902
0.221508
0.912488
0.545116
0.889140
0.600322
0.389619
0.776225
1.438066
0.876351
0.929121
0.363715
0.693386
0.502974
0.760850
1.631272
0.672544
1.102353
0.299329
0.155794
0.370494
1.210567
0.240136
0.329758
1.039598
0.891685
0.125293
0.809535
0.628520
1.208800
1.430239
0.166224
0.412548
1.733117
1.695650
0.928212
0.724720
1.916960
0.213069
0.755619
1.805033
0.218439
1.185893
0.237750
0.068289
0.964624
1.170639
0.774028
1.760373
1.235612
1.883555
1.567657
1.101336
0.616853
1.715020
0.129627
1.587429
0.416449
0.103068
1.368872
0.927143
0.076736
1.251226
1.759548
1.214390
1.576672
0.124094
1.434477
1.627983
0.699702
1.482302
1.692016
1.941261
1.352645
1.329770
1.950990
0.823733
1.525811
1.183185
0.373048
1.951997
1.535110
0.610813
1.801104
0.136907
1.705832
0.515511
0.398847
1.021028
0.745048
0.609000
1.662986
0.243203
1.219212
0.607298
0.330446
0.724647
0.593500
1.737303
1.648509
0.099241
0.715386
0.895878
1.896750
1.368436
0.539601
0.940620
1.952044
0.405004
1.384316
0.173297
0.620915
0.608151
1.245472
0.496083
0.405581
1.951653
1.951942
1.895319
0.683730
0.128964
1.758133
1.903390
0.148105
0.780727
0.600038
1.140128
0.932080
1.727819
1.009154
0.470621
0.832258
1.652427
1.915804
1.433961
0.950223
0.577153
1.507735
1.204575
1.071580
1.341666
0.884498
1.828252
1.879292
1.001266
0.585451
1.757232
1.644167
0.143723
1.370235
1.522896
1.745955
0.885671
0.920483
1.670687
1.466397
1.429005
0.646657
1.870981
1.670526
1.242338
1.367687
0.997903
0.959941
1.906645
0.750444
0.506038
0.651187
1.566276
0.360629
0.434473
1.201762
1.501228
1.632110
1.898852
1.667041
0.646168
0.767055
1.169849
1.908966
1.310127
1.462046
0.286497
1.496962
0.991405
1.571000
0.297360
1.895004
0.242548
0.090004
0.867554
1.791457
0.444097
0.297331
0.295665
0.944912
0.233092
0.476755
0.804741
0.830926
1.242274
1.244016
1.015765
0.346215
1.510519
1.382670
0.506265
1.319852
1.367450
0.580369
1.557839
1.927568
1.325551
0.088417
0.468637
0.572185
1.908550
0.119503
0.215495
0.504391
0.674659
1.241616
1.158821
0.254618
0.431346
1.673740
0.251155
0.814106
0.854549
1.280716
1.023689
0.768870
1.505420
0.653436
0.068796
1.239743
1.526880
1.234461
1.457890
1.242972
0.537458
1.245620
0.168574
0.545413
0.449861
0.598039
1.386717
0.954081
1.909439
1.443789
0.379205
0.088454
0.104549
1.564377
1.252466
1.223871
1.881673
1.241022
1.241327
0.433643
1.542174
1.311016
0.946636
1.298940
0.704031
1.330999
1.699419
1.245024
1.577676
1.703909
1.612981
1.534817
0.666354
0.447712
1.315411
1.731503
1.283636
1.080296
1.017619
0.200252
0.694005
1.445201
0.795866
0.286726
0.789486
0.582821
1.620810
0.541785
0.752681
0.890268
1.569984
1.522546
0.895360
0.748073
1.465125
1.880742
1.169598
1.242770
1.312712
0.501978
0.853780
1.871438
0.850712
1.561316
0.458436
1.515813
1.023397
1.171853
1.684174
0.513842
1.795724
1.497765
1.874485
0.845056
1.609414
1.299594
0.093185
0.085054
0.608223
1.634246
1.298639
0.338662
1.465433
1.795308
0.535856
1.385807
1.761761
0.995771
1.300462
1.582496
1.192532
1.365830
1.911905
1.007379
1.006333
1.056360
1.631991
0.267505
0.505586
0.202818
1.949664
1.452205
0.619313
1.873847
1.095802
0.068971
1.904727
0.944666
1.015247
1.901086
1.525244
1.533524
1.297268
0.665329
0.164099
0.891373
1.391135
0.213530
0.508151
1.718700
1.496690
0.655469
1.811753
1.509646
1.681957
0.583350
1.135865
0.724047
1.794920
1.925794
1.189733
0.991703
0.084810
0.680689
1.559725
1.290471
0.441962
0.813148
0.736536
0.887477
1.116256
1.516721
0.214957
0.197769
1.629000
1.136158
0.806118
0.707235
0.943576
0.782228
1.391711
0.360248
0.694699
0.281247
0.439973
0.548248
1.798006
1.798353
0.269677
0.773136
1.556095
1.670042
0.216856
1.443959
0.804807
1.241404
1.124406
1.597728
0.466521
0.945740
1.183962
0.097623
0.686292
0.280927
1.677646
0.531547
0.769035
1.935156
0.349382
1.254682
0.087880
0.730453
1.057834
0.629517
0.088661
0.192801
0.388300
1.461756
1.164530
1.754380
0.888464
1.601963
1.049657
1.880048
1.442570
1.089996
0.744396
1.388320
0.691828
0.378035
0.623680
1.366675
0.985651
0.444814
1.670942
0.157646
0.454682
0.990294
1.430832
1.808436
0.317609
0.463973
0.863178
1.265503
1.956369
1.168969
0.859417
1.069315
0.727268
0.864541
1.897521
0.571778
1.803593
1.637735
0.891559
0.908779
0.098231
1.951984
1.801376
1.646369
1.878268
1.852956
0.216281
0.205720
1.242165
0.294906
0.446031
0.500885
1.169267
1.280698
1.871956
0.324076
0.069063
1.809561
0.274230
0.883995
0.225736
0.153466
1.899093
1.285927
1.521542
0.482264
0.734703
0.091065
0.115139
1.194427
0.596598
1.549428
1.442706
0.516058
1.263291
1.014020
1.724288
0.495606
0.164553
0.081227
0.950505
0.741572
1.712013
1.946065
1.786448
1.560197
1.358615
1.914707
0.238617
1.497007
0.300926
0.599992
0.249527
1.515103
1.208484
1.045164
0.722915
1.546423
1.241646
0.268229
1.944254
1.238180
1.298174
0.950136
0.863547
0.094400
1.380970
1.301443
0.626732
0.836999
0.069069
0.085495
0.080599
1.431656
1.664120
0.607934
0.117988
1.192086
0.621853
1.796684
0.245448
1.457967
0.188295
0.793861
0.270089
1.217955
0.385992
0.430739
0.158660
1.386800
0.346835
1.687814
1.167551
1.241765
1.241482
1.202399
1.888933
0.535918
0.234976
0.737516
0.344101
0.878511
1.389903
0.210925
1.167475
0.784813
1.169286
1.947151
0.912539
0.246927
0.390210
0.639592
1.427198
0.998626
0.891892
0.085845
1.246684
1.713259
0.455350
0.441737
0.546016
1.915592
0.387641
0.210278
0.595569
0.954612
1.920675
0.667731
0.983334
0.287483
0.564885
1.085597
1.493943
0.368630
0.222659
0.515663
0.070037
0.208361
1.424982
0.843471
1.243646
1.828402
0.238700
0.326446
0.068616
0.221543
1.914454
1.298017
1.703146
0.643275
1.371746
1.671004
0.705387
1.845534
0.088735
0.433614
1.240672
0.884166
0.532928
1.517829
0.606619
0.895175
1.373202
1.168073
1.838295
0.927607
0.384718
1.896100
0.409070
1.586678
1.276575
1.727414
1.534065
0.901248
0.675509
0.875858
0.752622
1.443137
0.220702
1.892351
0.955704
1.010021
1.627234
1.706352
0.084086
0.091360
0.822876
1.313252
1.723295
1.513848
0.878827
0.445100
0.409549
1.190868
1.590565
0.436144
0.499654
0.246285
1.347556
0.488732
1.497630
0.089645
1.051317
0.223913
0.423413
0.947894
1.188670
0.827872
0.429627
0.647804
1.240137
0.457768
1.950869
1.498789
0.068051
0.114400
0.891104
0.230495
1.000291
1.329810
0.186252
1.078436
0.075499
0.664309
0.792178
1.098090
1.095670
0.087121
1.510913
0.776551
0.186327
1.618494
0.555416
0.198709
0.596709
0.523273
0.073797
0.134748
1.728829
1.380862
0.278771
1.467244
0.100994
1.905911
1.844851
0.473035
1.483874
0.134660
0.424675
0.448139
0.430290
1.869356
1.216146
0.663918
0.526127
0.504043
0.949698
1.796619
1.508164
0.777858
0.549007
0.188296
0.250718
0.828915
0.229806
1.847269
0.297011
0.563493
0.265950
1.746636
1.741668
1.093968
0.774501
0.510582
1.706804
1.670961
1.567281
1.301725
0.930978
0.648837
0.513953
0.224393
1.861402
1.434282
0.343983
1.098546
0.813026
0.730882
0.614594
0.144098
0.946667
0.889524
0.139103
1.080325
1.798386
0.801585
0.202584
1.882696
1.916538
0.236646
0.547385
0.839430
0.704963
0.232817
1.592574
0.398013
1.939180
0.441439
1.092163
1.482445
0.993825
0.069179
1.582369
0.423905
1.586205
0.867005
0.445093
0.725737
1.530244
0.269519
0.442893
1.686573
0.817533
0.172908
0.718316
1.916154
1.647552
0.633973
0.631620
1.574020
1.189776
1.491570
0.445472
1.742012
0.642824
1.163040
1.251256
0.312170
0.153467
1.338732
1.756228
1.182914
0.157983
0.438612
1.728534
0.968647
0.364745
0.107509
0.563422
1.173499
1.892319
0.656022
0.432266
1.735418
0.884283
1.299832
1.841833
0.319127
0.227499
1.178170
1.394068
1.698754
1.329381
0.564889
1.189959
0.778594
0.482861
1.518903
0.097249
1.520839
0.370801
1.255363
1.329488
0.481227
0.766560
1.079162
1.329956
1.541513
0.995550
0.875497
0.955306
1.432464
0.496242
0.883754
1.792987
0.448018
1.051140
0.133864
0.103643
0.190484
1.381611
0.957159
0.916225
0.874850
0.865964
1.471097
0.196793
1.801722
1.442719
1.679457
0.804188
1.376921
1.240574
1.951243
1.270062
1.538562
1.757227
1.240014
0.508496
0.345349
0.930400
0.220712
0.114046
0.586799
1.438048
0.227093
1.361559
0.999397
0.807711
0.787274
1.442659
0.496455
0.745473
1.296896
0.622970
1.431245
1.898314
1.952086
1.396060
0.093345
1.912907
0.325879
0.246794
1.726214
1.635260
1.520377
0.895632
1.276785
1.954481
0.276960
0.750283
0.195470
0.752815
1.681920
1.242099
1.017251
0.829172
1.801919
0.087278
0.438869
1.336349
1.065432
1.931650
0.483877
1.908343
0.758283
0.947896
1.290657
1.700317
1.542959
1.051616
1.901175
0.941691
1.096125
0.514097
0.935688
1.009731
1.636689
0.428243
1.636913
1.251914
0.315252
0.669888
1.330371
1.136148
1.315931
0.435285
1.383216
0.462397
1.195628
0.387244
0.867020
0.637762
0.191173
0.439270
0.687965
1.846396
0.510761
1.882716
0.667384
1.908303
0.183993
0.682026
0.091696
0.282868
1.764753
1.413571
0.457262
0.305705
1.657357
1.521889
0.994029
0.181134
0.326786
0.406599
1.846888
0.788792
1.904032
0.883557
0.914627
1.589868
0.635206
0.713052
0.080766
0.971559
0.377492
1.204161
1.440784
1.240776
0.688605
1.031661
1.818421
0.883805
0.295639
1.315268
0.772529
1.794344
1.639062
0.423665
0.272640
0.983252
0.243786
0.085442
0.136018
1.427894
1.523147
1.576678
0.666097
0.105769
0.820831
0.433391
0.872233
0.981823
0.216550
1.416057
1.249807
0.828928
1.917150
1.374982
0.196900
1.552382
0.091313
1.238882
0.865636
1.528439
0.882310
1.053943
0.650392
0.645086
0.083589
1.063758
0.781620
0.955151
0.089194
1.651711
1.896130
1.074864
1.129534
1.394355
0.106940
1.083559
1.751961
1.927118
0.316367
0.848149
1.246964
1.512739
0.088099
0.744654
0.244781
1.798750
1.504069
1.519782
0.715401
1.233302
0.681922
1.939204
0.223673
1.497646
0.924935
1.950606
0.604856
0.274041
1.683908
0.439223
0.277118
1.242151
0.068838
0.075479
0.205723
0.419530
0.237376
1.938718
0.399700
0.437071
0.805018
1.796537
0.746248
0.537409
0.759874
1.459658
1.332240
0.892296
1.627078
0.240415
0.085997
1.385900
0.951569
1.098882
0.093526
1.465596
0.749374
0.626667
0.596754
0.718021
1.818256
0.327676
0.991193
0.703935
0.079060
1.903146
1.390723
0.421214
0.276753
0.188604
0.391791
1.890806
0.202972
1.683780
0.340796
1.314277
0.637052
1.753561
1.073552
0.920187
0.406435
1.772160
0.252204
1.087368
0.853185
0.223379
1.785793
1.445122
0.436992
0.408103
1.497621
0.136392
1.951809
0.677258
1.580953
1.913697
1.243729
0.082673
1.573063
1.755060
1.056829
0.275968
0.430905
0.249087
0.184077
1.255434
1.248243
0.085201
1.538951
1.167959
0.661375
0.167714
1.692011
1.594912
0.788066
0.367724
1.667737
1.537316
1.089523
0.454701
0.094851
1.738498
0.513803
1.735170
1.074615
0.090407
0.182237
0.511417
0.987700
0.143823
0.821017
1.495064
1.389642
1.913868
0.301045
1.859905
1.911247
1.197478
1.279275
0.447335
0.453146
1.670970
1.945485
1.537814
1.912999
1.733461
0.821828
1.464366
0.767245
1.797447
0.534518
0.518324
1.556386
1.670668
0.938446
0.478925
1.650583
0.245836
1.238422
0.230615
1.746130
1.929086
1.494970
0.667019
0.180404
0.256315
1.526702
1.093446
1.761044
0.391881
1.123197
1.949561
0.887825
0.297544
0.070303
1.436114
1.106469
0.229806
0.758425
1.944911
1.707827
1.637686
1.582440
1.221705
0.669133
0.747017
0.068587
1.744943
0.200156
0.645401
0.072786
1.454308
1.002588
0.170264
0.974313
1.552306
1.658581
0.693548
0.937935
0.074870
0.579116
0.659414
0.080007
0.623856
1.531491
0.750966
0.616799
0.258989
1.520258
0.751604
0.781860
0.429571
1.435413
1.109861
0.823041
1.238446
0.887540
0.371120
0.214418
1.003739
0.116254
0.069268
1.565123
1.859649
1.700138
0.991210
0.767533
0.765058
0.733679
1.482624
0.383179
1.686931
1.951393
0.680214
0.503154
0.959951
1.620955
0.683194
1.004437
0.931053
1.132500
0.994382
1.330152
1.895966
0.433137
0.940656
0.804948
0.292957
0.926800
0.952860
0.699319
1.366669
0.227514
0.209190
0.487749
1.506632
1.029932
1.141841
1.240178
1.426468
1.811162
0.265183
1.804732
1.242126
1.144498
0.079037
1.296638
0.267829
1.297170
0.959665
0.403594
0.510402
0.777489
0.582260
1.278981
0.657801
0.583356
1.942805
1.140656
0.442095
0.938444
1.001185
0.332482
1.015773
1.861375
1.248810
0.327738
1.837358
0.138968
0.382450
1.864938
1.153413
1.226106
1.044105
0.147043
0.255674
1.136270
0.345997
1.758696
1.010412
0.527344
0.201336
0.719644
0.471178
0.400043
0.614007
0.954494
1.806256
1.950108
1.566829
0.084541
0.800313
1.237833
1.384788
1.900012
0.692351
1.019701
0.441171
1.506931
0.729493
0.874689
0.535388
1.491142
1.127856
0.439728
0.087712
0.256869
1.438538
0.562658
1.489542
1.871390
1.209228
0.251275
0.309140
1.005535
0.828642
0.106417
0.086543
1.827069
1.294487
1.753034
0.560373
1.103299
0.993065
0.352812
1.316118
0.393527
0.702535
0.196975
0.089006
0.382753
0.992568
0.149535
0.152937
0.554780
1.176125
0.914240
0.754429
1.015012
0.865094
0.344062
0.910949
1.232387
0.715107
0.186604
0.194281
1.326959
1.434611
0.712980
1.667000
1.008234
1.240594
1.484893
0.499604
1.442980
1.405247
1.558181
0.200252
0.618571
1.377613
0.513278
0.942468
1.547868
0.932374
1.027337
1.731568
0.753187
0.271587
0.543411
1.562726
0.217232
0.697537
0.691334
0.661552
1.871456
1.922842
1.299850
0.282346
0.164060
0.680722
0.790618
0.805092
0.967203
1.055349
0.087475
0.433974
0.939973
0.420601
0.203265
0.148002
1.430951
0.882138
1.313465
0.601611
1.494656
1.097776
0.987157
1.933906
0.795014
0.074769
1.804479
1.014439
1.716945
0.254880
1.436960
0.839068
1.717203
0.642348
0.898767
1.242011
0.882094
0.317021
1.811427
1.211108
0.103383
0.974836
1.840769
0.089111
1.315868
0.710113
1.232631
1.099017
1.247847
1.476934
1.198634
0.367570
1.325777
1.946978
0.085064
0.928026
0.476280
1.471885
1.620739
0.306623
0.071181
0.088396
1.097385
0.512862
0.298902
0.987290
0.423709
1.232221
1.745097
0.489001
0.619321
1.745531
0.071197
0.966706
1.804668
1.276639
1.159525
1.700621
1.178078
0.263403
0.742629
1.061724
0.942366
0.120093
0.069810
0.163776
1.912100
1.079741
0.661430
1.243369
1.168363
0.995843
0.172581
0.725225
1.355481
1.291444
1.140818
0.088410
1.896991
0.429458
0.360858
1.897524
1.143257
1.814360
0.905963
1.543052
0.877647
1.239943
0.310814
1.261588
0.711612
1.743680
0.922955
0.099295
0.148703
0.841774
0.106107
1.641728
0.383316
1.005896
0.156594
0.977292
1.439437
1.536662
0.164121
0.437072
1.872427
1.387189
1.487301
1.226518
1.168219
0.449172
1.165587
1.889178
0.068648
0.704599
1.108148
1.263793
0.198052
0.076835
1.140462
0.594553
1.139478
0.922067
0.272913
0.204675
0.883206
1.207691
0.864959
0.518989
1.749138
0.242055
0.760092
0.466877
1.497851
1.241341
0.204824
1.555321
1.688923
1.685810
1.434877
1.866661
1.868673
0.375705
0.515807
0.266959
1.026907
1.291161
0.960872
1.872959
1.578078
0.614235
1.244882
0.739921
1.957668
1.510286
1.842033
1.533379
1.632057
1.950686
0.543944
1.864692
1.912875
1.189773
0.633761
1.199919
1.364196
0.739425
1.386997
0.205123
1.919093
0.450738
1.093991
1.363849
1.040485
0.834370
0.484509
1.901153
0.338414
1.863040
0.901452
0.672636
1.241914
0.266129
1.447384
0.350650
0.067965
0.952446
1.371027
0.964222
0.700283
1.373349
0.236559
0.697163
0.159279
1.558872
1.380330
0.900803
0.649956
0.503908
1.760523
0.088210
1.377825
1.630983
0.507029
0.372267
0.370001
1.718837
1.681861
1.647157
0.545540
0.782737
0.211514
1.891380
1.458100
1.909899
0.581294
1.314235
1.019505
1.242525
1.327224
1.708516
0.118210
0.573605
1.599767
1.105769
0.830128
1.797913
1.162914
0.569393
0.317174
1.387663
1.880340
0.192533
0.224813
0.515607
1.943477
1.217819
0.171046
1.522126
0.489762
0.573740
1.689476
1.891936
1.005269
0.956424
1.558733
1.315471
0.957873
0.775774
1.708232
0.469508
1.063176
1.831619
0.149504
1.176264
1.506028
1.884881
0.378773
0.941362
0.562508
1.303428
1.084765
1.073159
1.585005
0.158711
0.194799
1.573393
0.988535
1.710100
0.704447
0.327707
1.674889
1.342164
0.564039
0.512385
0.725587
1.236989
1.247884
0.310727
0.981359
1.067281
1.506769
1.240266
1.641872
1.751688
1.436600
0.928417
0.928716
0.482389
1.947600
1.469930
1.902196
1.098799
0.080037
0.136912
0.887346
0.849476
1.682889
0.812116
1.446129
1.315612
0.512045
1.092864
0.892159
0.513934
1.242022
0.150299
0.999350
1.390224
0.974496
0.797706
1.451125
1.520306
1.833418
0.877776
0.314738
1.240623
1.432440
1.951951
0.068434
0.117774
0.273550
0.404363
1.332284
1.556516
0.553182
0.626497
0.977414
1.281445
0.069022
0.405702
1.514175
0.307998
0.486640
0.976508
0.109278
1.466693
0.764775
0.810011
0.908287
1.486810
0.086799
1.168608
1.007139
0.555369
1.150887
1.798378
0.168060
1.042875
1.241749
1.428059
1.259421
1.241604
1.620848
0.410919
0.264295
1.368517
0.164461
0.298739
0.503097
0.695654
1.795985
0.676377
1.871236
1.936066
0.291420
0.768392
1.677330
1.620103
0.527851
1.577203
1.650797
1.511992
0.565985
0.953482
0.259885
1.466402
1.334425
1.642591
1.379578
1.951606
0.087849
1.762247
0.180790
0.204657
0.801807
0.834824
0.705273
0.234941
0.076071
1.376560
1.667598
0.495123
1.228886
0.977295
0.869013
0.091173
1.632430
1.086471
1.457273
0.248246
1.653718
1.242219
0.241477
0.916111
1.043608
0.523533
0.676685
1.105603
0.102036
1.168205
1.080293
0.515284
1.522274
0.773954
1.600165
1.349174
0.792844
1.574728
1.881131
1.907269
0.545261
1.353503
1.051935
0.259902
0.248933
1.910622
1.843142
1.666294
0.953524
0.072235
1.067957
1.024362
1.823741
1.431330
1.008307
1.708355
0.774121
0.444788
0.960528
1.591353
0.699062
0.520452
1.380529
1.728758
0.951068
1.658366
1.244323
1.444544
0.358050
1.167619
1.916243
1.770029
1.099265
0.399335
0.077116
0.200934
1.561472
1.138130
1.482818
1.506879
1.296402
1.375956
0.106272
1.354612
0.531490
1.183529
1.509136
0.247544
1.550715
0.869535
1.458483
1.098119
1.709314
1.248971
1.245240
1.915293
1.442717
1.872275
0.434997
1.698387
0.476899
1.269304
1.440320
0.834027
1.157649
1.951020
0.407371
0.090910
1.386196
0.983295
0.701365
1.859681
0.975040
0.435204
0.663538
1.432402
0.145671
1.559784
0.814341
1.517924
0.715618
1.480835
0.354843
0.640896
0.697563
1.898959
1.911341
0.519477
0.293708
0.712096
0.990830
0.590176
1.383352
0.688742
1.884606
1.875802
0.597506
1.429012
1.368883
0.461104
0.199736
1.843737
1.444627
0.896416
1.797534
1.713434
1.383866
1.548384
1.380914
0.901205
1.652534
1.551688
0.401036
0.510415
0.447780
1.556877
0.635036
1.026721
1.936418
1.330322
1.517207
1.557913
0.454149
1.668385
1.590566
0.617125
0.984008
1.240267
0.641669
0.969069
0.572802
0.779250
1.893677
1.866974
0.490528
1.721905
0.881045
1.818195
0.168772
1.846896
1.671582
0.552763
0.432323
0.194599
1.803801
1.725361
0.211049
0.112005
0.157829
1.070098
0.594056
0.484340
1.839106
1.270096
1.643203
1.175765
0.495135
0.437128
0.766617
0.975860
0.650058
0.991405
1.083609
0.089642
0.777802
0.628369
0.427226
1.540480
1.007390
0.104613
1.573482
0.756152
0.787712
1.088661
1.926558
0.081710
1.231141
1.084937
1.905523
0.371027
0.301294
1.385734
0.084641
0.486989
0.889291
0.796452
1.781814
1.480153
1.245105
1.586548
0.568725
1.828171
1.294708
0.363516
1.541671
0.822286
0.089565
0.237827
0.992406
1.901129
1.507542
0.886192
1.870556
0.499802
0.503629
1.948985
1.018921
0.999666
1.475415
0.847549
1.399074
1.239756
0.498710
1.680384
1.240559
1.895673
0.151171
0.363717
0.167823
1.903190
1.640671
0.269738
0.327049
1.046521
0.605828
0.405337
0.101686
0.262041
0.999879
0.547563
0.745442
1.192600
0.924100
1.227205
1.494873
0.972637
1.378806
1.709296
1.705397
1.921526
0.206042
0.371907
1.492741
0.363108
1.316353
0.723662
1.788491
0.672718
0.588218
0.513974
1.103697
0.932365
0.182074
0.907843
1.284257
0.087795
1.619464
1.895804
0.894377
1.936046
0.281728
0.095169
0.272862
1.168480
1.062000
0.617783
0.212066
0.069485
1.758565
0.545270
1.291305
0.660343
0.729303
1.921340
1.108600
1.910883
0.555323
0.876946
1.425132
0.986072
0.953893
0.500053
0.067904
0.410911
0.954624
1.518439
0.608934
1.379728
1.794629
0.925028
1.814696
1.455184
0.951372
0.304815
1.836968
0.742708
1.496678
1.334316
0.273105
0.284565
1.752193
1.916607
0.990704
1.070359
1.573455
1.681422
1.231867
0.240833
1.432227
1.577263
0.135862
1.948619
1.914920
1.172116
0.944329
0.423785
0.678234
0.907491
0.165376
1.833962
1.881104
1.521595
0.857027
0.928839
0.818806
1.286236
1.440663
0.231549
1.688101
1.726167
1.252664
1.621969
0.098612
1.099374
0.814473
0.205953
1.585164
0.399745
1.434705
0.507844
0.370270
0.581421
0.205697
0.176564
0.177036
1.820348
1.163834
1.407091
1.511412
1.585628
0.510395
1.443469
1.902421
0.952345
0.189931
0.225629
1.934942
0.289382
0.199751
1.166895
0.089863
0.717902
1.102813
0.105872
0.086257
1.883837
0.840203
0.169825
0.925536
0.417144
0.426108
0.069670
1.438401
0.343918
1.652823
1.098736
1.540489
0.277582
0.234301
1.444150
0.476370
0.864354
1.191090
1.032642
0.793356
0.806356
1.723622
0.966265
1.026559
0.990877
0.529997
0.623727
1.673971
0.191922
0.857089
1.534959
0.123582
0.690610
0.576632
1.873717
0.189849
0.897066
1.848359
0.199706
1.824214
0.402193
1.883403
1.556517
0.457803
0.209694
1.733050
0.716622
0.582892
0.296585
1.847907
1.297830
1.096731
0.354594
1.203481
1.914510
0.898894
1.579920
1.381062
0.596800
0.495472
0.781949
0.599328
0.906987
0.509157
1.041759
0.244982
0.087142
1.236330
1.859107
0.343700
1.370480
0.085434
0.226207
0.749757
1.914932
1.698980
0.718777
1.382715
0.806973
0.150809
0.249913
0.894064
0.624049
1.263193
0.190470
1.330819
0.987876
1.758852
0.697570
0.316629
1.907942
1.699490
0.718822
0.123098
1.084504
0.830761
1.434688
1.853298
0.872310
1.235390
1.460037
0.830083
0.596834
0.906063
1.241295
1.122257
0.692125
1.485189
1.497083
0.080729
1.944925
0.477617
1.452568
1.203736
0.298071
1.914961
1.165772
1.494869
0.933026
0.551263
1.365008
1.512212
0.974819
0.084424
1.896534
0.068623
1.688305
1.559052
0.837790
0.248662
0.406634
1.331599
1.951227
1.521116
1.043631
0.669643
0.772658
1.871747
1.709288
0.114455
0.934957
0.089720
1.731969
1.679770
1.682395
1.241868
1.705229
1.637284
1.921039
0.835843
0.322507
1.632340
0.439044
0.293050
0.436187
0.307038
0.728284
0.590883
0.445083
1.242228
0.767272
0.204857
0.903263
1.423166
0.804197
1.218163
1.503523
0.185508
1.786629
1.109107
1.928576
1.909555
0.484668
0.482642
0.108834
0.214024
1.379683
1.699306
0.433149
1.241416
0.193251
1.227215
0.393922
0.461094
1.435414
1.670980
1.214036
1.873452
0.751261
0.109470
1.242600
1.560995
1.045564
1.626804
0.737736
0.483429
0.276424
0.716002
0.273601
1.655200
1.387802
0.321897
1.529980
0.664430
1.289945
0.103851
1.141103
1.800529
1.503090
0.200216
1.242545
0.149896
1.488942
0.807952
0.603943
0.219048
0.295022
1.655727
1.556725
1.886939
0.099103
0.499181
0.163657
1.585020
1.380724
1.725070
1.836445
0.309576
0.298985
1.009372
0.087085
0.983142
0.956277
1.451807
1.831022
0.452077
1.945292
0.809164
1.714816
0.274760
1.242351
0.948769
0.804711
0.885262
1.007683
0.984436
1.953231
1.863637
1.933417
0.250482
1.248141
1.105315
0.989387
1.438608
0.158597
1.586123
1.277017
0.274391
1.951356
0.093729
1.401617
0.993863
1.440932
0.429127
0.881506
1.686088
0.355051
0.210848
1.800026
1.568406
1.339893
0.098356
0.943789
0.899365
0.321317
1.911620
1.437856
1.905528
1.655247
0.277249
0.121138
0.831081
0.700154
0.752389
0.506947
1.315752
0.270146
1.720039
0.386208
0.499777
0.207765
1.918825
1.017960
0.900958
1.097864
0.347066
1.951876
0.439141
0.766664
1.520512
0.295874
0.667658
0.645697
1.369403
0.138118
0.087349
1.239186
0.892647
0.211339
0.408554
1.446788
1.680503
1.095886
1.210345
1.129285
0.172031
1.791722
0.904744
1.030153
0.835511
1.448304
0.160179
0.667101
1.504396
1.717242
0.464422
0.200871
0.079178
1.315729
0.618050
0.307641
1.869430
1.330093
0.561785
0.519449
1.561789
0.257731
0.283093
1.193438
0.184989
1.445982
0.908950
1.897827
1.034139
1.261848
1.027272
0.995247
1.871538
1.385657
1.591953
0.902718
0.657912
0.197493
0.399085
1.045890
0.435081
1.711240
1.424927
0.993701
1.900967
1.831317
0.316251
0.535388
0.794795
1.085033
0.504069
1.520172
0.122914
1.699709
0.569888
1.473178
0.985812
1.241070
0.869061
0.093360
1.695473
1.328586
0.800623
0.953122
0.393610
0.196867
0.499510
0.480066
1.169437
0.090988
0.769746
1.760626
0.089463
0.067945
0.870302
1.331430
0.627484
0.511058
0.511138
0.929732
1.925824
0.267838
0.859796
1.914210
0.453115
1.671523
0.666470
1.519619
0.465007
0.634021
0.957624
1.583732
0.275332
1.294056
0.765287
0.457898
0.068143
1.248755
1.827204
1.917543
0.494518
1.949865
1.489326
0.178413
1.778083
0.433165
1.679628
0.916353
0.092036
1.885720
1.190172
1.069891
0.958789
1.207602
0.503969
0.709148
0.927901
0.922451
0.519512
1.909357
1.224442
1.661395
1.494877
1.423392
0.184632
1.472680
0.860168
0.694126
0.601942
1.453469
1.095082
0.113441
1.795465
1.692105
0.611636
1.178441
0.814846
0.615951
1.349885
0.592510
0.890263
1.702273
1.241408
1.575819
0.525587
0.133260
0.172308
0.189459
0.408620
1.053234
0.590841
0.755235
0.386755
1.415913
1.495782
1.475152
1.834796
0.502597
1.271476
1.330358
1.612344
1.692001
0.630175
1.856617
1.806915
0.702140
1.702369
1.865638
1.869745
1.198636
1.740892
1.198444
1.220479
1.939742
1.240700
1.736434
0.744962
1.057650
0.307087
1.162154
0.068529
1.226896
0.143768
1.037611
0.703313
0.864825
0.309473
0.755366
0.654284
1.695478
1.636147
1.478065
0.808406
0.609869
0.833589
1.472415
0.574309
0.146157
1.435220
1.681784
1.682409
1.000334
1.442362
1.738315
0.616579
0.131085
1.355730
1.947202
1.709328
1.014789
1.624344
0.284697
0.809115
0.666964
1.694989
1.398710
0.593938
0.120568
0.483672
0.501929
1.520880
0.118450
1.488815
1.397233
0.960775
1.950311
0.459917
0.427808
1.882818
0.739424
1.067683
1.952001
0.138276
1.914327
1.655730
1.897419
1.276934
0.077484
1.612177
1.396600
0.826051
0.069504
0.468179
0.441253
0.985827
0.770452
1.453109
1.174093
1.491410
0.090796
0.517091
1.602957
1.333668
0.092172
0.586805
0.638796
1.331906
0.240760
0.318127
1.397914
1.702154
0.397843
0.196015
0.450923
1.930162
0.152260
0.573050
0.515356
0.443194
0.689376
0.514557
1.566554
1.290829
1.910507
1.577489
0.772201
1.245965
0.829066
0.917713
0.625160
0.533239
1.883268
1.242464
0.308555
1.297709
0.202637
0.908060
0.719499
1.073620
1.648487
0.087972
1.873343
0.538154
0.439206
1.171922
0.265838
0.611802
0.720381
1.755632
1.299343
0.715472
0.693407
1.252589
1.455943
1.037565
0.934514
0.628898
0.854970
1.951757
0.600973
1.139651
1.272309
0.194740
0.606244
0.686934
0.822722
1.175730
0.610596
1.239529
1.539311
0.210436
1.633931
0.119118
0.195950
1.192112
1.516326
1.059661
0.333812
1.429336
1.757043
1.392412
0.443657
0.478529
0.199484
1.652051
1.868751
0.201382
1.314099
0.488783
0.235847
1.316285
0.505761
1.515408
0.802693
0.619107
0.529336
0.983994
1.333123
0.788745
1.557695
1.241294
0.499408
0.885335
0.766343
1.862162
0.869549
1.487181
1.389024
0.430218
1.767009
1.501452
0.773993
0.100038
1.011656
0.780377
0.568697
1.893247
1.869685
0.233156
1.884788
1.590514
0.153561
0.222622
1.952031
0.826533
0.548180
0.107048
1.911075
1.046986
1.241688
0.155590
1.440128
0.072097
1.756445
0.169626
0.805796
1.315469
0.863727
0.816409
0.757374
1.237813
1.261293
1.922750
0.362623
0.099043
1.348388
1.517398
1.469356
1.445552
0.973483
1.101583
0.085906
0.120214
0.983543
0.355509
1.947218
1.166602
0.648600
0.805047
0.345691
1.828113
0.436610
1.122366
0.963103
0.795649
0.400451
1.434966
0.131130
1.113905
0.983567
1.071042
1.210489
0.084904
0.777571
1.288926
1.413456
0.678217
1.036872
0.943972
1.362035
1.893500
0.087593
0.843279
1.599370
0.435358
0.236371
1.185491
0.237452
0.791236
1.437161
1.378760
0.869144
0.845706
1.808185
0.301630
0.713913
0.711631
0.906227
0.994721
1.922826
1.911360
0.208104
1.699844
1.299249
0.208862
1.330224
1.356498
1.865590
1.903730
0.407471
0.694424
0.878913
1.429144
1.957964
0.446274
1.704212
1.944232
1.843820
1.637248
0.827138
0.277572
0.844255
1.940966
1.296120
1.032293
0.862728
1.212329
0.623025
1.200303
0.508351
1.438243
0.230735
0.197584
0.488215
1.443618
1.327552
0.456844
0.582987
1.902896
0.546774
1.479365
1.275125
1.441160
1.730602
1.527978
1.244931
0.437003
0.393967
0.642557
1.252876
1.591368
0.127155
1.074184
1.892870
0.069681
1.627556
0.094067
0.652515
0.069020
0.955668
1.679568
0.225508
0.712310
0.843705
0.087843
1.910381
1.817446
1.547720
1.422342
1.558428
0.233998
0.695202
0.425372
1.234059
1.515713
0.989186
0.090285
1.572606
1.884975
0.171551
0.584017
1.899646
1.690498
1.400680
0.847157
1.667861
1.897779
0.071585
1.136074
1.033657
1.241672
1.786902
1.038685
1.804248
1.584813
0.942126
0.478960
0.079323
0.323015
1.808413
1.513908
1.231698
0.565832
1.146343
1.738536
0.599640
1.242252
1.866500
0.947162
0.998999
0.251451
1.743257
0.761966
0.068196
0.809998
0.096991
0.095497
1.913558
1.179600
1.571968
0.253050
1.040962
1.500112
1.867962
1.235019
0.208143
0.894294
1.173832
1.798934
0.237826
0.761021
0.765508
0.876612
0.327819
1.734146
1.746543
0.689198
0.076685
0.870938
1.367725
1.949115
0.970534
1.720521
0.086194
1.915125
1.838820
1.589132
1.806195
1.382937
0.780306
1.486043
1.494625
1.382694
0.095034
0.782179
1.573160
0.233563
1.429797
0.739572
1.916722
1.901407
1.804380
0.896666
1.835443
0.668436
0.562901
0.680132
1.897613
1.385304
0.803277
1.499574
0.814467
1.243291
1.457304
0.391575
0.868731
0.259133
1.076110
0.641568
0.874512
1.697282
0.950942
1.330646
1.246958
1.090375
1.007245
0.462437
0.316324
0.628795
1.408902
1.390746
1.643599
0.186478
0.970273
1.562520
0.094971
1.024490
1.378436
0.212015
1.661796
0.920353
0.601122
1.140972
0.608718
1.521331
0.402541
1.859534
0.540308
0.198822
1.399266
0.470614
1.052570
1.722351
1.161240
1.914374
0.292531
0.965778
1.619316
0.073078
0.589314
0.905949
1.818954
0.068419
0.796359
1.457314
0.433052
0.967566
1.241833
1.393802
1.910468
0.783887
1.042285
1.811119
1.438299
0.936001
1.087628
1.950949
0.874017
0.115569
1.680061
1.695306
1.697335
1.287562
0.085003
0.650528
1.316060
0.244426
0.868793
0.270034
0.164057
1.014491
1.596547
0.528214
0.508876
1.531515
1.924595
1.743156
1.917907
1.007791
0.193552
0.094108
0.285135
1.709144
1.576569
1.511763
1.687242
0.068036
1.717029
1.875044
0.764535
0.870478
0.755869
0.998355
0.697371
0.797872
1.530637
1.385954
0.738028
0.457574
1.925772
0.099303
1.802573
1.671731
1.331134
1.929124
1.630551
0.830498
1.749229
0.790905
1.542884
0.699799
0.166781
1.241360
1.442411
1.494447
0.707864
0.076927
1.388290
1.898021
0.554982
0.448276
1.875303
0.200216
1.511420
0.115222
0.393397
1.330403
1.428924
1.562129
1.079576
0.086300
1.158050
1.802546
1.260312
1.858019
1.459408
1.283921
0.995237
0.453111
0.112206
0.802884
0.515617
1.736308
0.289296
0.120445
0.234066
1.707255
1.661808
0.068313
0.949995
0.110498
1.897545
1.238468
0.196714
1.229506
0.522860
0.074174
0.986513
1.882568
0.582603
1.427769
1.401869
1.910095
1.237555
0.498210
1.726484
0.546874
1.671953
1.508508
1.585431
1.951916
1.940224
1.604713
0.845708
0.071853
1.272426
0.477743
0.363537
1.350682
1.241255
0.266613
0.495609
0.772731
0.532174
0.376730
0.219688
0.804626
0.216251
0.601277
0.443281
0.068728
0.743183
1.200113
1.512039
0.068672
1.329592
1.908705
1.907344
1.727364
0.662527
0.494995
1.183964
0.894697
1.288428
0.982084
1.627289
0.827737
0.967047
1.414344
1.538681
0.549713
0.946213
0.272383
0.991258
1.298620
1.223008
0.653994
1.949753
0.217640
0.204650
0.971531
0.552620
0.833551
1.561678
1.833812
1.574223
0.612483
1.650165
1.315748
1.608478
0.294800
1.175308
0.973851
0.187061
1.559045
1.450633
1.470263
1.851590
0.610275
1.328910
0.567956
0.501955
0.948481
0.329349
1.246336
1.432998
0.542065
0.228070
0.224523
0.682100
1.868178
0.803300
1.768318
1.585069
0.498651
0.284998
0.223966
0.814850
1.718071
1.442113
1.950979
1.950960
0.337453
0.998577
0.455704
1.044172
0.166862
1.871631
0.943270
1.589575
0.440319
0.588856
0.310338
0.644871
0.639667
1.530608
0.191919
1.454737
1.573145
0.415365
0.812083
1.521508
1.164667
1.294175
1.561140
1.897870
0.614225
0.561518
0.105770
0.599269
1.434266
0.240374
0.221260
1.643582
1.947088
1.488948
0.660880
1.919937
1.767959
1.053803
0.339905
0.779674
0.338750
1.333131
0.163064
0.532617
1.905485
1.917886
0.303018
0.642695
1.739307
0.433933
0.361641
0.439677
0.346346
1.560533
1.348580
0.698427
1.513085
0.172015
0.386872
0.442408
0.498630
0.894441
0.650399
0.429862
0.459900
1.016958
0.278720
0.236498
1.478071
0.430782
0.392249
0.389920
0.991506
1.701073
0.512694
0.417295
0.843831
1.565173
1.539214
0.893842
1.799070
0.511142
0.125452
1.497415
0.683164
1.539476
0.659425
0.443965
0.154706
1.720417
1.378838
1.914482
1.322783
0.895657
1.401546
1.584851
1.797608
0.974977
1.557000
0.667555
1.445679
0.638406
0.458188
1.248077
0.175180
0.515352
0.412648
0.257789
0.091344
1.937179
0.480671
0.697029
0.863748
0.554983
1.947484
1.316330
1.485132
1.380155
0.193245
0.389682
1.141371
1.104008
0.985076
0.496563
1.873989
0.879202
0.448211
0.948301
0.450120
0.759678
1.390176
1.613552
0.737896
1.440525
1.598666
1.430237
1.426948
0.433802
0.800275
1.810361
0.083274
0.970810
0.844017
0.457932
0.821155
0.175641
0.800697
1.387902
1.910853
0.804633
0.832075
0.476259
1.239525
1.304030
0.087869
0.645559
1.390067
1.579889
1.635733
0.897015
1.445427
1.688325
1.527201
0.876353
0.292840
1.949038
1.506168
1.433716
0.174250
1.055454
1.080960
1.913502
0.880890
1.644137
0.808670
1.916797
0.169506
0.448918
0.179100
0.695187
1.720508
1.054140
1.684244
1.329901
1.151236
0.171515
0.683477
1.306967
0.106142
0.218902
1.086290
1.667379
1.387405
0.250926
0.089286
1.184564
1.796986
0.678081
1.951603
0.943930
0.822621
1.466007
0.443460
0.806969
0.487583
0.707315
1.556978
1.786711
1.487821
1.530852
0.170340
0.125107
0.684597
1.729186
1.542919
0.148348
1.165621
0.850893
1.091136
0.805163
1.576381
0.139975
1.330710
0.421073
0.744790
1.685971
0.577495
1.031602
0.664231
1.503622
0.361670
0.070877
0.401376
1.910920
0.680125
1.441685
1.685779
0.877173
1.636931
0.315980
1.241359
0.087734
0.465079
0.288508
1.907285
1.522840
1.339498
1.310976
0.086734
0.310304
1.791701
0.523776
1.518338
1.331822
1.801851
0.962234
0.089653
0.495707
0.957681
1.785550
1.457677
0.772406
1.865412
1.370134
0.112791
1.654914
1.493776
1.084019
0.773600
0.532651
0.608770
0.833980
1.715431
0.102303
0.542762
0.419228
1.397725
1.060816
0.753071
1.332245
1.499994
1.444461
0.108756
0.068442
0.135286
1.217122
0.208806
0.669438
1.442458
0.595026
1.536336
0.649480
0.745336
1.563782
0.388839
1.061941
1.573313
1.161744
1.330281
1.519210
1.182099
0.540049
1.910175
1.743366
1.244626
0.981203
0.225043
1.098714
0.448314
0.773631
1.023701
1.241449
0.187367
0.309339
1.689478
1.951582
1.570535
0.099376
0.237545
1.351050
1.379664
1.594251
0.221084
0.566794
1.079364
1.720482
0.221709
0.287081
1.881312
0.115641
0.513124
1.163684
1.538582
1.778977
1.450582
1.238268
1.508916
0.106176
0.884461
0.859700
0.807370
1.397454
0.522941
0.822198
0.890679
1.093058
0.194296
1.238883
1.606139
0.688521
1.298720
1.448445
1.626930
0.301571
1.286784
1.828206
1.241822
1.238388
1.509131
0.256685
0.874747
1.279292
0.983618
0.866868
0.570915
1.238889
0.788248
0.992514
0.892635
1.584824
0.831400
1.297999
1.456962
1.168058
0.205498
1.191317
1.524189
0.343196
1.388095
0.083875
0.086955
1.505105
1.237024
1.632158
1.371968
0.312641
1.299637
0.825712
1.438608
0.481056
0.177670
0.288046
1.251012
0.605585
0.436985
0.890251
1.252548
0.657814
0.589810
0.580043
1.376556
1.011214
0.186947
1.897683
1.289559
1.447211
0.830589
1.401046
0.941005
0.389177
0.435743
0.891906
1.886819
1.915633
0.572173
0.709561
1.205042
1.618989
1.503607
1.320703
1.019996
0.109172
0.958153
0.953066
1.547019
0.669257
1.315465
1.728827
1.384256
1.531018
0.650824
1.753740
1.902477
0.095894
1.119622
1.366405
0.426240
0.087944
1.573036
0.376417
1.471223
0.918334
0.441156
0.840326
0.287589
0.766464
1.484628
1.447140
0.834700
1.562044
1.221492
1.682426
0.985644
1.670778
0.516394
1.935130
0.087197
1.375805
0.392651
1.395978
1.530172
0.963372
0.449637
0.706025
1.273649
1.446620
0.834951
1.026787
0.635467
1.910906
1.895171
1.387495
1.203918
1.681000
0.835581
0.389825
1.789477
1.437130
1.574478
1.753173
0.964409
0.430859
0.269422
1.747916
0.720979
0.279609
1.532918
0.638752
1.334380
0.088566
0.756515
1.848479
0.381713
0.071399
1.582423
1.627585
0.726494
0.312464
1.308395
0.463309
1.383497
0.557089
0.069444
0.855739
0.619145
1.163331
0.204823
0.561321
0.848553
1.497005
0.219445
0.189714
0.632799
1.243117
1.503887
1.684894
0.429424
0.518769
0.878600
0.323066
0.727565
1.448935
0.311320
1.315777
1.701217
1.315691
0.081741
1.075376
1.391763
0.314048
0.873433
0.084617
1.547454
0.696465
0.170985
0.902149
0.338376
1.515488
1.382676
1.301290
1.732877
0.772084
0.783244
0.272441
0.326967
1.084220
0.437234
1.952017
0.223225
1.820290
0.804607
0.225382
0.760474
0.258080
0.952072
0.947631
1.014044
0.419227
1.492276
1.240643
1.645952
0.714746
0.891502
0.243571
0.988726
1.825031
0.682104
0.825658
1.460158
1.528990
1.702951
1.899137
1.213596
1.578446
0.441954
1.910614
1.947746
0.242010
0.771589
1.331380
1.093281
0.401322
0.930469
1.489931
0.458310
1.895852
1.327061
1.510686
0.566506
0.192644
0.290064
1.388962
1.142060
0.211381
1.607414
0.102987
0.763236
1.870770
0.931159
0.340424
0.156522
0.716548
1.951424
0.418249
0.989072
0.118248
0.273390
0.152045
0.323622
0.622688
0.713445
1.239569
1.838347
0.911672
1.242126
1.819502
0.634591
1.242372
0.083890
0.550134
0.355223
1.271070
0.691465
0.951582
1.235030
1.704217
1.952157
1.797227
1.911132
1.469721
1.383499
0.281158
1.384266
0.507963
0.510395
1.172199
1.528587
1.266641
1.906515
0.749882
0.484315
1.330532
1.327899
0.911996
1.142885
0.724391
1.640400
1.430652
0.936916
1.341654
1.384271
0.242409
1.882596
0.556201
0.279166
1.414723
0.144041
0.091641
0.975579
1.917575
1.801368
0.340199
0.483836
1.644773
0.139162
0.632305
1.709036
0.393699
0.080270
1.932132
1.703583
0.122006
0.507051
1.613628
0.203990
0.197958
1.759836
1.562026
0.881209
0.350282
0.893911
1.242606
0.791263
0.617094
0.154377
1.674712
1.951330
1.883732
1.671134
0.092793
0.146010
0.758317
0.772940
0.315604
1.595461
0.923212
1.786074
1.448756
1.725968
1.431145
0.950453
1.693094
1.545903
0.374151
1.708630
1.060965
1.934700
1.701350
0.886028
0.758478
0.188834
0.972989
0.089813
1.204422
0.220638
1.656229
1.057593
1.204543
0.770539
0.350152
0.739178
0.323334
1.466661
0.495159
0.706046
0.216291
0.680285
1.255924
1.582861
1.922067
1.000250
0.350414
0.142310
1.115649
1.008553
0.079140
0.724394
1.545851
1.240816
0.900757
0.983857
0.365937
0.519049
0.809691
1.544845
0.794538
0.951226
1.858524
0.300976
0.654102
1.532402
1.732744
0.985810
1.644391
1.879744
1.596822
0.804304
0.929236
0.486709
0.069127
1.369475
1.604039
1.420636
1.800562
0.185299
1.383356
1.951655
1.346968
1.924584
0.659999
1.166970
0.824121
0.104349
1.611034
1.291089
0.824821
1.758705
0.217033
1.177250
1.453556
0.582123
0.387705
1.698401
1.707688
0.648261
0.477748
0.960927
0.303266
0.411249
1.056725
1.496353
1.188267
1.921438
0.071286
0.083326
0.866268
0.945439
1.558512
0.517062
0.524633
0.207559
0.593708
0.949949
1.241330
0.159959
0.486105
1.241772
1.679266
1.578029
0.239049
0.413127
0.109740
1.558756
1.159233
0.191937
1.244522
1.296290
0.552853
0.215391
1.736456
1.439277
0.949126
1.047600
1.313937
0.084911
0.152657
1.197925
1.027033
0.237639
0.681970
1.530813
1.939586
0.537496
0.129991
0.985446
1.433216
0.150102
0.068242
1.245128
1.069134
1.391497
1.227637
1.417252
1.434691
0.117217
1.444532
0.220019
1.175473
1.492091
1.924959
0.295263
0.507754
0.726971
0.436066
0.943725
1.445639
0.407659
1.334066
1.946547
0.882228
1.416154
1.001935
1.037598
0.628320
0.441461
1.198345
1.509617
1.239368
0.197056
1.917162
0.135496
0.118820
0.554210
0.763016
1.535052
0.694742
1.868765
0.507376
1.557997
1.460290
1.244827
0.509179
1.339906
1.305592
1.748073
1.419334
0.769993
1.551793
1.632665
1.508285
0.757267
0.835815
1.680307
0.688670
1.686731
0.526934
1.176719
1.652701
1.664306
1.828176
1.930881
0.591446
1.876023
1.711777
1.928773
0.497619
0.776223
0.481941
0.467521
1.053537
1.867087
1.861437
0.391984
0.228875
0.434271
1.107394
0.991410
0.424763
1.617823
0.157276
0.077068
0.284246
1.699105
1.169916
1.537736
0.226859
1.089925
0.230036
0.768141
1.731703
0.529024
1.226730
1.230520
0.517522
0.077013
0.164955
0.951654
0.444590
1.236296
0.384064
1.735657
1.570950
0.671799
0.582451
1.140442
1.287866
0.893844
1.024630
0.275683
1.801213
1.514204
0.805490
1.709593
1.385520
1.081411
1.873749
0.907505
0.845306
1.385604
0.590062
0.663345
0.373877
0.158850
1.939810
1.945537
1.757460
0.687999
1.217278
1.919191
0.677206
1.267487
1.951678
1.697142
0.889826
0.414222
0.929644
1.608182
1.020946
1.693418
1.558204
1.851462
0.498862
1.568188
0.280924
1.712933
0.333873
1.164436
1.241895
0.754131
0.170203
1.437207
0.523674
1.772196
0.975018
0.695758
0.607907
1.100511
0.139510
1.859574
0.450611
0.845666
0.778443
1.279241
0.982167
0.691702
0.323616
1.858986
0.257957
1.757345
0.769771
0.264178
1.649983
1.491992
1.062281
0.384062
0.194490
1.900142
1.209979
0.766625
0.479532
1.384590
1.751732
0.141193
1.411943
0.948890
0.840350
0.375017
0.311270
1.824098
1.566644
1.173897
1.447293
0.825547
1.830956
0.513556
0.087640
1.851218
1.946070
1.947687
1.285682
0.951183
1.792896
1.884539
1.824871
1.219291
0.117810
0.216444
0.715773
1.255138
1.917418
1.734315
1.906209
0.083361
1.046974
0.273594
1.903668
0.882271
0.932493
1.778879
1.300447
1.312581
1.678176
0.300164
0.221999
1.523221
0.197740
0.998747
0.991891
0.072327
1.069881
1.791561
0.386657
1.744336
1.662773
0.086096
1.194120
0.288853
1.236150
0.080770
1.866534
0.958071
0.687120
0.424213
1.883266
0.663733
0.098870
0.851707
0.604919
1.455367
1.307650
1.411820
0.511495
1.436417
0.068564
0.473317
0.197179
1.762034
0.817814
0.313280
0.372436
0.737998
0.862045
1.893859
0.879410
1.911245
1.178901
0.272893
1.243834
0.913904
0.275996
1.167214
0.262368
1.650174
1.530778
1.601618
1.948344
0.863795
0.172288
0.408870
0.418593
0.804698
1.862298
1.080443
1.206050
0.495611
0.929425
1.297952
0.655157
1.329486
1.011965
0.708282
0.553499
0.146979
1.388161
1.625180
1.847793
0.905699
1.425099
1.893549
0.910532
0.810665
1.558239
0.174839
0.510492
1.314732
1.709243
1.649416
1.694671
1.767040
0.962100
1.644607
0.082688
1.782835
1.677632
0.610393
1.287271
1.642664
0.090471
0.935787
0.220449
1.066083
0.266282
0.774086
1.447267
0.904709
0.234558
1.876516
0.252320
0.979843
0.159969
0.651225
1.289682
0.160439
1.492200
0.844086
0.838976
1.646062
1.217946
0.695776
1.362903
0.474136
1.677672
0.235853
1.450254
1.533253
0.907290
0.068478
0.200600
0.631258
1.706133
1.914732
1.769975
1.952756
1.884663
1.238063
0.509564
0.844366
0.485113
1.508087
1.380923
1.168609
1.717371
0.269300
1.436118
1.739274
0.430459
0.088418
0.428594
0.990798
1.431011
0.090023
0.201012
0.086237
1.740738
0.314701
0.536665
0.412301
0.769710
1.803750
1.491540
1.814226
1.292286
1.601567
0.729288
1.723733
0.575208
1.574855
0.196029
0.991760
0.234027
0.195161
1.703429
0.279827
0.557655
1.919301
1.672327
1.333493
0.074113
0.679842
1.333530
0.346985
1.908635
1.902878
1.578853
1.512488
0.477342
0.704894
1.815491
0.621868
1.109031
0.947929
0.222726
1.192748
0.315170
0.385041
0.411466
1.546732
0.225922
1.169679
0.314948
1.950295
0.421662
0.150982
0.716648
0.094350
0.713432
1.859475
0.883704
0.717756
1.583755
1.951974
1.797591
0.160922
1.071370
1.712316
1.205832
1.892188
1.757474
0.345444
0.565563
1.194093
0.246435
0.535948
0.234025
1.203795
0.189655
1.026957
0.784600
1.025530
0.581377
1.951150
1.240103
0.221458
0.567097
0.145300
0.843379
1.808038
0.641515
0.081301
0.151316
0.197706
0.772656
1.340846
1.083779
1.639123
1.911448
1.500674
0.691982
0.182277
1.508025
0.928350
0.221457
0.905243
0.709274
0.456512
1.313047
0.087976
0.087663
1.873864
0.152894
1.425959
0.586869
0.434729
1.943009
0.950552
0.129199
1.313373
0.690001
1.056179
1.656153
0.324777
0.394647
1.576076
0.917982
1.007393
0.597189
1.763363
0.989018
0.176589
1.079779
0.728622
0.112016
1.909434
1.195645
1.547541
0.611083
0.918959
1.560678
0.926736
0.878785
0.068972
0.386062
0.799631
1.708201
0.602823
1.795003
1.080860
1.330435
1.951706
1.390447
1.159149
0.948365
1.332407
0.901653
1.569490
0.822689
1.336128
0.068709
0.067937
0.227627
1.330341
1.755617
1.743158
1.382547
0.568741
1.497600
1.665980
1.170116
0.705065
1.566981
1.151037
0.133647
1.916749
1.055807
1.413983
1.000195
1.948392
1.240618
0.222616
1.289527
0.682192
0.366657
1.096143
1.058469
1.065967
0.087900
0.228263
1.543195
0.411143
0.488323
0.096820
1.595662
1.934821
1.436930
0.089823
1.466896
1.249799
0.363661
0.888390
1.797911
0.880241
1.495864
1.912478
0.610434
1.505730
0.774931
0.946373
1.795422
0.461429
1.010272
1.504838
1.702287
1.426531
1.756598
0.509126
1.001045
1.245122
1.454744
0.930694
0.186442
0.989617
0.699237
1.794405
1.243264
0.505460
0.279196
1.536980
1.303043
1.030048
0.084977
1.753832
0.566338
1.238716
1.760284
1.544645
0.324887
0.630244
0.996891
1.506967
1.417372
0.317502
1.859969
0.190334
1.660021
1.246232
0.523568
0.695225
0.282929
1.638284
0.305916
1.572041
1.950865
1.242786
0.088248
0.278913
1.731874
0.928020
1.520108
0.086398
0.342656
0.555975
0.986843
0.923309
1.756706
1.016024
0.791065
1.247952
0.081588
1.285002
0.202065
1.884765
1.368520
0.771064
1.367045
1.082804
1.197583
1.804428
1.803855
0.955782
0.616836
1.510690
0.424363
0.989240
1.523413
0.070207
1.523715
0.485047
1.808595
1.179747
1.251122
1.787962
1.318709
1.402318
1.836550
0.380730
0.426419
0.104266
0.599674
0.462033
0.882983
0.499736
0.702556
1.515231
0.137173
1.390321
0.453907
1.330263
1.913056
0.087686
1.473568
0.987322
1.243516
1.909603
1.649769
0.498235
1.901672
1.330170
0.163240
1.270321
0.363838
0.680217
0.494809
0.888205
0.122368
0.866529
0.580330
0.946659
0.380188
0.798542
0.840762
0.831440
0.340303
0.953640
0.532379
0.350075
0.515923
0.409666
1.810340
1.140829
0.901267
1.578991
0.926143
0.758290
1.929420
0.607803
1.352591
1.384657
0.972086
0.202730
0.172471
0.071833
0.069463
0.776175
0.992893
1.469314
1.765594
0.682051
0.700082
0.477070
1.433010
0.795236
0.348937
0.980175
1.233477
0.548426
1.946164
1.388813
1.141149
1.248251
0.090310
0.603410
0.594273
0.448004
0.985899
0.427282
0.767383
0.425835
1.756608
0.278224
0.508725
1.572979
1.435343
1.764251
1.173779
1.147309
0.757558
0.891828
1.795552
0.500852
1.445508
1.356537
0.928669
0.089514
0.073444
0.860434
0.301759
1.089599
0.188201
0.147348
1.497468
1.316162
1.232728
1.524191
0.597113
1.704384
0.427258
0.506059
1.948669
0.635276
0.268377
1.413746
0.945655
1.937066
1.898055
0.393134
1.545219
1.222713
1.907702
0.131458
0.866195
0.611043
0.178093
0.534318
1.246431
0.972659
1.101724
1.901581
0.687372
0.088634
0.139468
0.257223
0.538929
1.870413
0.497873
1.101300
1.791769
0.847464
0.106939
0.794091
1.945124
0.202468
1.403761
1.282152
0.553557
0.641484
1.361066
0.153008
0.681147
0.441060
0.089215
0.176206
0.536586
0.783495
0.072855
0.488599
1.828191
1.822363
1.245075
0.488397
1.951752
0.455473
0.524419
1.911141
0.500429
0.225238
0.391253
1.639961
1.339522
0.805870
1.520842
0.436556
1.016625
0.508760
0.594269
1.552677
0.766037
1.771298
0.280412
0.570872
0.477342
1.477340
0.662313
0.265574
0.124452
1.453301
0.876630
0.239565
0.231765
0.142129
0.795796
1.109423
1.091779
0.294453
0.160358
0.499586
0.088169
0.667783
1.755799
1.444272
1.104182
0.098441
0.104334
0.412158
0.298968
1.062834
1.718816
0.076738
0.446072
1.290632
1.099885
1.431986
1.577948
1.622594
1.874055
0.708063
1.557997
0.562361
1.490159
1.931549
0.924465
0.647273
1.348834
1.552114
0.444571
0.478779
1.898152
0.706754
1.452644
1.387819
0.767769
0.705799
0.678323
0.222305
0.081946
0.367962
0.095149
0.505740
0.325415
1.921986
0.146138
0.398554
1.444701
1.457966
0.263767
1.002542
0.231393
1.078163
0.498413
1.440600
1.649049
1.376473
0.928127
1.818729
0.810446
1.577000
0.784006
1.201563
0.383726
0.388534
0.115767
0.854348
0.804730
0.277000
0.286759
0.818347
1.330199
1.828070
0.653483
0.988904
0.839169
0.160559
1.798450
0.487230
0.653946
1.074821
0.660261
0.955812
1.486967
1.096451
1.241453
0.227055
0.521647
1.839097
1.240506
1.240327
1.791823
1.795566
1.520354
0.899626
1.917878
1.523199
0.340829
1.704649
0.840046
1.682150
0.155206
0.814279
1.143422
0.307480
0.845116
1.949525
0.413585
0.705928
0.899829
0.199009
1.386307
0.334383
0.242548
1.422759
0.086128
1.827269
1.088853
1.795251
1.678930
0.979551
1.509305
0.465093
0.964817
0.655297
1.914788
0.585772
1.472529
0.506485
1.463006
0.879624
1.294175
0.184257
1.296571
1.946904
0.197365
0.617000
0.523374
0.512385
1.545831
1.037574
0.182310
0.211378
1.951477
1.431418
0.506243
0.383292
0.624404
1.920498
0.967009
0.916787
1.951345
1.252168
0.525807
1.550593
0.099823
1.242050
1.942886
0.804473
1.315183
0.791838
0.239614
1.807979
1.702108
1.004879
1.487986
1.947436
1.584736
1.511487
1.750090
0.911897
1.804094
0.945114
1.393529
1.950768
1.498978
0.441167
1.333434
0.099068
1.359012
1.773578
0.375983
0.435664
1.566574
0.561002
0.504391
0.785473
1.757033
1.946782
1.513703
0.253495
0.468928
0.509179
0.865371
1.655777
0.831410
1.485015
0.435766
0.464040
0.636316
0.874107
1.247275
0.571759
1.943974
0.954803
0.701605
1.239966
0.248129
1.323930
1.716583
1.668374
1.231877
0.693985
1.328920
0.068501
1.190950
1.234166
1.391664
1.669401
0.657339
1.700943
0.992430
0.947404
1.292182
0.538715
0.984072
1.809015
1.755831
0.485331
0.484903
0.753099
1.843232
0.790078
0.606998
0.934263
1.087202
1.703032
1.064744
1.001550
1.010250
0.221620
0.903892
1.236716
1.329955
0.093471
1.851147
1.254857
1.567984
0.282305
0.656628
1.316324
1.881198
1.448658
0.554247
1.523140
0.213196
1.240662
0.484543
1.014584
0.870793
1.523276
1.087651
0.285204
1.911014
1.656634
1.847778
0.131087
1.074600
1.165826
0.339435
0.359117
0.308087
0.386348
1.855754
0.195564
1.325010
0.088479
0.402225
1.520157
0.865627
0.537972
1.694881
1.164402
1.796951
1.806070
0.230735
1.788144
1.130410
1.198366
0.068946
1.239129
0.786735
0.370333
1.176112
0.540359
1.794479
0.232254
0.988804
0.893600
0.159938
0.128234
1.209610
0.811601
1.832803
0.151836
1.030201
0.135138
0.700895
0.931533
1.070928
0.586073
1.796661
0.276617
0.942546
0.135500
1.472209
0.461458
1.601852
1.281210
1.139121
1.043398
1.916162
1.226840
1.399443
0.738657
1.948178
0.089795
0.805523
0.513960
1.018050
0.503889
0.427343
0.257708
1.247276
1.872482
1.469384
0.310233
1.680875
0.480403
1.265409
0.427579
1.404876
0.417370
1.714065
1.627885
1.099390
0.705893
1.082673
0.159472
0.143534
1.429093
0.069598
0.382005
1.906045
1.913016
0.223641
0.949954
1.101285
1.316150
1.384866
0.498418
0.165762
1.619364
0.782226
0.068507
0.324448
0.608108
0.185261
0.178241
0.125745
0.258771
0.503681
0.306285
0.432587
1.699624
1.389347
1.096399
0.924556
1.917642
1.268650
1.899207
0.135622
0.080443
0.662937
0.209275
0.784184
1.516812
1.550995
1.654544
0.501683
0.629939
0.975143
0.412740
1.173697
0.606126
0.923438
0.692775
0.317888
1.752533
1.900340
0.269829
0.938235
1.866230
0.406244
0.660006
1.630813
0.515720
1.024020
1.531301
0.711490
0.423960
0.191751
1.449262
0.770698
1.757299
1.929914
0.451156
1.178046
0.964752
0.073345
1.897858
1.502392
1.156295
1.748554
1.561387
1.796011
0.317450
1.618746
0.249929
1.849949
0.081781
1.633932
0.220557
0.925118
1.350952
1.329650
0.626027
0.441307
1.935387
0.300476
0.864914
0.958391
0.217105
1.914028
1.200907
1.935269
1.407345
0.326421
0.373262
1.838697
1.477161
0.442635
1.037578
0.626770
1.529650
1.573122
1.950432
0.608769
0.200608
1.091348
1.241452
0.270214
1.543833
0.203991
1.916028
1.537082
1.943290
1.861989
1.241230
0.967916
1.111040
0.764212
1.055591
0.155832
0.295913
0.473255
1.310058
0.285490
0.726312
0.923537
1.432817
1.224545
0.662466
1.643345
1.869949
0.244371
0.612978
0.936673
0.378674
1.441842
1.545168
1.712538
1.292361
1.001929
1.076696
1.465406
1.565902
1.065622
0.768772
1.673991
1.309273
1.858982
0.917348
0.809417
0.619878
0.280052
1.255031
0.754499
0.488766
1.456273
0.217257
0.821437
1.944076
0.705661
1.335790
0.407459
1.880100
1.677051
0.464687
1.827899
0.297427
0.448912
0.306211
0.389120
1.005758
0.828711
0.511616
0.559138
0.804733
0.213072
0.620684
1.576158
0.887424
0.939683
1.573984
0.070719
1.446037
1.950060
1.034425
1.742817
0.978951
1.705122
0.754975
0.079804
1.743194
0.697268
1.244955
1.873762
1.915598
1.859091
1.694618
1.875361
1.824675
0.699735
1.103308
0.918603
0.902396
1.886508
1.448198
0.706386
1.539873
0.437865
1.026497
0.628597
1.542159
0.879012
0.809239
0.559564
0.827728
1.863811
1.377231
1.387139
0.991945
0.952884
0.838569
1.905424
1.092501
1.425442
0.551433
0.163447
1.237223
1.139731
0.200060
1.116997
1.069831
1.141178
1.550575
1.445639
0.206128
1.900057
1.329918
1.303883
1.446042
1.650645
1.027877
0.201946
1.949958
1.563096
0.926219
0.998741
1.600800
1.746352
0.958960
0.084939
0.433927
0.179240
1.521368
0.996284
1.481902
1.245078
1.680152
1.319889
0.695498
1.543787
0.189462
0.542498
1.874596
1.429778
1.912218
0.772234
0.716736
0.388063
0.653138
0.323002
0.515931
1.523367
1.801509
1.234587
1.411759
0.073123
1.752387
1.904337
1.940227
0.912150
1.346879
1.542251
1.382945
0.483394
1.329050
0.124858
1.600256
1.126517
0.590062
0.873071
0.423596
1.423712
1.331622
1.951518
1.439337
1.424215
0.757200
1.811496
1.250446
0.218049
1.718886
1.686958
0.952101
0.702374
0.723756
0.506521
1.071667
1.623396
0.237110
1.234800
0.883901
1.712259
0.913775
0.501279
1.806616
1.096059
1.911173
0.862386
0.440712
1.202781
1.171685
1.903683
0.938041
0.166155
0.877959
0.738744
0.894117
0.495977
0.914481
1.765984
1.375631
1.460572
1.028727
0.469321
0.166717
1.239945
0.491394
0.569845
0.085374
0.492480
0.661820
1.192449
0.615173
1.587413
1.194263
1.231077
0.245721
1.229599
0.648983
1.590016
1.372943
1.949865
0.950832
0.672312
0.686165
1.317697
1.293083
1.530793
0.451396
1.330474
1.621742
1.938841
1.918928
1.534408
0.091713
0.912920
1.751804
0.498531
1.817894
1.331213
1.446983
1.591702
1.556405
1.862917
0.090800
0.939736
0.881801
1.315443
0.228387
1.329335
0.746101
1.747326
1.916722
1.589462
0.989162
1.923199
1.550419
1.181918
1.526845
0.684236
1.909448
1.378259
0.073195
0.901944
1.289792
0.579309
1.163085
0.615326
0.602755
1.238377
1.189379
0.261360
0.476041
1.901218
0.989210
1.686783
1.166895
0.452350
1.801457
0.090461
1.740223
1.881679
0.751681
1.168544
0.875352
1.563609
0.434951
0.069123
1.317469
1.184560
0.509323
1.445421
0.692612
1.214438
1.242998
0.100522
0.832377
0.605262
1.770879
1.849651
1.242816
0.814926
1.412362
0.761634
0.304075
0.955275
1.956544
1.589869
0.262364
1.916744
0.095912
0.990344
1.103010
1.696517
0.495053
1.429328
1.290601
0.907520
1.398553
1.546748
0.874421
1.680653
1.682344
0.941864
0.488735
1.442353
0.998444
1.195728
0.259459
1.237384
1.384491
0.553816
0.548507
1.529951
1.795555
0.239007
1.068152
0.864533
1.731693
1.396378
1.285539
1.142085
0.098122
1.576621
0.959615
0.695773
0.323467
0.699598
0.815982
1.893528
0.901788
1.839462
0.272346
1.237405
1.740281
0.079250
0.320963
1.496359
0.176009
1.241246
0.705255
0.495810
0.474345
1.513030
0.835582
0.878155
1.254443
1.646199
0.582052
1.330922
1.668684
0.396051
0.380604
1.161388
1.847950
0.578009
1.848243
1.574003
1.449980
0.237651
0.565392
1.483297
1.365109
0.470312
1.797566
0.438204
0.734723
1.737614
1.881052
1.223934
0.262223
0.933902
0.224978
0.169787
1.710719
0.105002
0.166512
1.682493
1.796793
1.580365
0.103909
0.148347
1.003752
0.573078
0.641265
0.240551
1.480717
0.924039
0.067897
1.031849
1.949739
1.915228
1.725998
1.822740
0.517102
0.864617
1.756100
1.241161
0.899028
1.738135
0.233786
1.703759
0.503493
1.241134
0.344970
1.294635
1.915954
0.684515
1.705475
1.299053
1.606745
1.923858
1.945223
1.241134
1.950435
1.826697
1.247951
1.438405
1.561141
0.090964
0.466610
1.168498
1.746186
1.745529
0.737199
1.454784
0.201622
1.186555
0.880692
0.638471
1.722992
1.379542
1.579130
1.565705
1.049466
0.148810
1.771323
1.877237
0.595185
0.233285
0.838413
0.993961
1.798434
1.675024
1.010608
1.278757
1.899523
1.075039
1.640234
1.667629
1.918287
1.000641
0.200392
1.386058
0.701986
1.859825
1.470028
1.321057
1.443254
1.566263
0.437129
1.213450
1.111771
0.156596
1.927302
1.822851
1.903023
1.715897
0.948777
1.935277
0.722116
0.511965
0.160973
1.315452
1.544030
1.781368
1.385722
1.376976
0.261964
1.860392
0.480666
1.209162
0.654270
1.677364
0.772952
0.240140
0.112187
0.097587
1.296824
0.851975
0.898841
1.408116
0.605078
1.217114
1.333260
0.983073
0.268546
1.019858
0.507299
1.738073
1.862952
1.787374
0.678471
1.557000
0.439856
0.298104
0.547306
0.858882
1.803812
0.090148
0.971231
0.126419
0.523992
1.103259
0.714373
1.453068
1.045573
1.319786
1.273547
1.240524
1.656425
0.703029
0.208568
1.734246
0.455465
1.075569
0.283764
0.835826
0.807325
1.878781
1.108608
0.397357
1.950143
0.495086
0.510548
1.857341
1.491352
1.609488
1.248536
1.200997
0.345710
0.281321
1.315787
0.754625
0.425609
0.170245
1.547173
1.857458
0.985936
0.803347
0.433291
1.226350
0.087729
1.316213
1.699494
1.341308
0.720367
0.639763
1.828355
0.764032
1.949634
0.450265
0.760775
0.816515
1.086291
0.807227
0.573529
1.445431
0.959457
1.919346
1.460070
1.242046
0.605820
1.896551
0.068887
0.407538
1.316170
1.800022
0.377134
1.294283
1.239822
0.306495
1.481453
1.329168
0.306409
0.680711
1.871260
1.315453
1.682829
0.817513
0.191657
0.965014
0.404943
0.760574
0.159095
0.612284
0.879177
1.895213
0.129619
1.053836
1.379676
0.892899
0.643515
1.248317
1.500701
1.513494
1.582275
0.301557
1.529051
0.895052
1.561484
0.519284
0.114912
0.840958
1.365943
1.238410
1.518450
1.381161
1.436467
1.671115
1.535365
0.219555
0.928812
0.882151
1.803618
0.774889
1.070580
0.404299
1.342582
1.398586
1.460047
1.223645
0.299241
0.530503
0.892614
0.674235
0.583155
1.315584
1.261437
0.091033
1.897731
1.246188
0.429819
0.878717
0.509896
0.417928
0.211683
0.507375
1.652600
0.819946
1.327013
1.796308
0.162836
0.083726
1.387949
1.276052
0.622772
1.331584
0.433828
0.426998
1.493295
1.798460
0.089979
1.384312
0.648175
1.318537
0.822599
1.763341
1.245834
0.500639
0.971617
0.361468
1.297910
0.539749
1.240655
1.589289
1.419537
1.836095
1.526255
0.247078
1.533088
0.603547
0.073816
1.950969
0.207980
0.374595
1.455275
0.219862
1.839240
1.825482
1.051502
0.260038
1.895706
0.187331
1.296520
0.181485
0.523280
1.328295
0.666885
1.913073
1.752380
1.464209
1.237757
0.193854
1.192797
0.222687
1.625070
1.241019
0.638879
1.906262
1.404788
1.481946
0.226585
1.193298
0.362115
1.079958
1.076316
1.432332
1.900284
0.788701
1.876417
1.273515
0.625920
0.895726
0.436987
1.915505
0.759895
0.086164
1.750347
1.016438
0.763977
0.738867
0.188881
1.241254
0.742091
1.332195
1.389747
0.252167
1.562047
1.039983
0.677261
0.138645
1.874304
1.330624
1.539694
0.438075
0.356358
0.197155
1.900686
1.641350
0.701256
1.951267
0.466031
0.179757
0.089462
0.092657
0.731987
1.629576
0.447265
0.181655
0.619031
0.583269
0.191297
1.707277
0.680987
0.368825
1.541472
1.548761
1.196506
1.330685
1.836643
1.810358
1.194687
1.490220
1.315410
1.506409
0.811220
1.547664
1.164296
