0.815401
0.761955
1.492287
0.141266
0.472202
1.782365
0.250050
1.514969
1.171486
0.640033
0.303857
1.792723
1.429473
0.125635
1.029829
1.122913
1.793946
0.245460
1.214591
1.716987
1.572378
1.227865
1.795002
0.966897
0.711673
1.309260
0.189313
1.456894
1.507964
1.265252
1.007658
1.229338
1.209156
0.665437
1.219482
1.147464
1.629075
1.600754
0.256968
0.826116
1.739763
0.516538
1.158662
1.443205
0.973427
0.469772
0.130532
1.228519
0.224339
1.469657
0.735537
1.786021
1.425195
1.205983
0.856046
0.687783
0.125671
0.159390
1.229395
0.938139
1.792976
0.356223
0.413395
0.471377
1.470330
0.147641
0.244432
0.594046
1.229817
0.134068
0.203387
1.791210
1.495032
0.121570
0.122856
0.435214
1.166568
1.230326
0.411408
1.724423
0.719360
1.209615
0.601611
1.778962
0.191798
1.193655
1.229538
1.791878
1.242108
0.122409
1.233110
0.398033
1.083616
1.757356
0.155518
0.121256
1.497520
1.019017
0.167770
0.360675
1.226120
0.783099
1.236953
0.315401
1.794995
0.592733
1.791931
1.657402
1.465261
1.299349
1.230460
0.465810
0.133194
1.786728
0.657122
1.223924
1.274746
1.388107
0.228327
1.794229
0.574531
1.344038
1.782432
0.768577
1.165322
1.220668
0.125087
0.762376
0.265558
0.133828
1.516724
1.229501
0.740352
1.438716
1.763123
1.235640
1.433110
0.580160
0.777063
1.228600
0.841041
0.446791
0.126789
1.198965
1.228348
0.958499
1.296138
0.166529
1.792853
0.332963
1.329877
0.496730
0.980927
1.794733
0.362778
1.006902
0.656298
1.778548
0.355418
0.120165
1.568884
0.238882
1.794820
1.471139
1.790144
0.120361
1.783228
1.792814
1.431649
0.488701
0.702722
1.218445
1.431182
0.563707
0.131102
0.978693
0.137910
1.794103
1.430855
1.590403
1.758463
1.789466
1.462187
1.237578
1.731179
0.933018
0.528221
1.338020
1.299304
0.726867
1.469636
0.756292
1.182238
1.229153
1.794762
1.792415
1.229300
1.781610
0.120905
1.793985
0.123883
1.793806
0.425073
1.232017
0.211199
0.182871
1.211258
1.228106
1.234700
0.552676
0.455263
1.770149
1.794432
0.413645
1.051076
1.123573
0.346026
0.132315
0.605997
0.741368
1.604577
0.821621
1.467861
0.776353
1.431843
0.344254
0.208925
1.511466
1.778392
1.701922
0.188196
1.781445
0.510587
0.507549
1.221671
0.427685
1.196530
0.188396
0.652301
0.202117
1.501663
1.640632
1.140253
1.726488
1.227260
1.226404
0.141964
0.779234
0.832721
0.309597
1.794634
0.320813
1.261054
0.837190
0.375051
0.664009
1.089619
1.467905
0.467888
1.266722
0.122471
0.670509
1.231914
1.232461
1.226082
0.715660
1.258563
1.155525
1.787848
1.570011
1.623268
1.228561
0.830603
1.566404
0.125547
0.977119
0.439882
1.229038
0.347556
1.229473
0.307527
0.228179
0.552853
1.782230
1.468940
1.653124
0.128159
0.971317
0.765414
1.055803
1.528988
1.460616
0.465495
0.158905
0.585073
0.926210
0.935324
0.788561
1.519348
0.564249
1.460857
1.227111
1.785862
1.508909
0.119985
0.655982
0.940212
0.208491
1.469165
0.967401
1.227962
1.264210
0.182678
1.469771
1.551107
1.773735
0.327083
0.930980
1.100853
0.538321
0.120419
1.784646
0.127100
0.127802
0.839182
0.374871
1.538118
0.495348
1.511057
0.169589
1.794410
1.649834
0.219076
1.228506
1.030658
1.793987
0.648838
1.764201
0.625171
1.228520
0.645876
0.565762
1.729572
1.767881
0.611030
0.301054
1.219384
1.786540
0.350535
0.926385
0.641073
1.048313
0.119878
0.478261
0.795308
1.227940
1.571721
1.794241
0.914947
0.752936
0.362878
0.965747
0.119798
1.216678
0.122808
1.794427
1.126584
0.227405
0.127677
0.232071
1.792325
0.952586
0.218682
0.156494
1.580734
0.648036
0.785485
1.512722
1.505558
0.120303
1.176640
0.652136
1.791397
1.231008
0.121995
1.738081
1.794677
1.469089
0.304634
1.095224
0.475108
0.403323
0.306000
1.246962
1.500842
1.700584
0.421985
1.314326
0.501394
1.433624
0.539971
1.251794
1.228816
1.226568
1.235893
1.214022
1.568085
1.007828
1.441766
0.737860
0.154172
1.795084
1.794974
0.396333
0.293783
1.019657
1.780861
0.130733
0.123207
1.525420
1.746173
1.467810
1.224179
1.096121
1.228379
0.519647
1.794936
0.578481
1.442454
0.402236
1.228575
1.229157
0.915223
1.228757
0.371472
1.539790
0.133610
0.931597
0.846299
0.827047
1.281796
1.513618
0.127074
1.229864
1.571975
0.319281
0.127174
0.834998
0.517694
0.781081
1.783300
1.790233
0.484663
1.719754
1.457646
0.130773
0.135144
1.597229
1.439484
1.526919
1.229578
1.794778
0.126554
0.172397
0.154168
0.675205
1.069987
1.158645
1.459543
1.641647
1.223056
0.125086
0.185656
0.908979
0.683547
1.579264
1.578372
0.317972
1.229967
1.469317
1.655860
0.610096
0.441742
0.121462
0.660582
0.986601
0.399104
1.226259
1.737703
1.769273
1.769166
1.222697
0.990506
1.445789
0.972914
0.324178
0.844579
0.770966
1.227255
0.255444
1.518694
1.017440
0.836985
1.784825
0.688133
1.514847
0.727526
0.469532
1.514142
0.990532
0.647876
1.322124
1.794001
1.585002
1.794621
1.011388
1.782166
1.191677
0.312058
0.631149
0.941575
1.013747
1.229578
0.919713
1.794829
1.794549
0.249152
1.674147
1.430413
1.789083
0.434851
1.794720
0.220162
1.231544
0.444637
0.121951
0.708202
1.756245
0.238096
1.230947
1.228301
1.232726
1.024562
0.879922
0.966022
1.794047
1.228535
0.235829
0.949664
0.132768
1.735034
1.226559
0.974533
1.229464
1.288289
1.226282
0.482797
0.642086
0.924314
0.948585
0.771498
0.969780
0.331937
0.119856
1.444978
1.228695
1.696598
0.830182
1.794625
1.181947
1.449446
0.119847
0.199156
1.448550
1.231474
1.235449
1.632884
1.528392
1.786824
1.498045
1.788480
1.524927
1.227411
0.411927
1.795039
1.683860
0.616383
1.794844
0.121057
1.794220
1.652025
0.308521
1.789070
0.851301
1.228534
1.795133
0.683881
0.302901
1.230899
0.502742
1.794396
0.131612
0.373598
1.225754
0.208810
0.137463
0.262291
1.094761
1.791827
0.997438
0.121648
0.398066
1.226938
1.789968
0.119920
0.529957
0.985791
0.626914
0.120233
0.215464
1.792957
1.549925
0.211743
0.971134
1.467251
0.340798
1.511031
1.402823
1.178504
0.652937
0.386505
0.434007
1.204670
1.467530
1.110472
0.125648
0.125446
1.230261
1.269018
1.768740
0.353333
1.761126
1.032348
0.820207
1.430537
0.124500
0.984627
0.465428
0.454131
0.172019
0.401682
1.233905
1.794974
0.233993
1.499443
0.651246
0.998188
0.184112
1.792395
0.653954
1.792088
0.757987
1.792743
1.468900
1.227998
1.344680
1.793872
0.168495
0.329411
0.126270
0.129431
0.374479
0.643221
0.866352
1.764320
0.121615
1.230747
0.409889
0.120631
1.792498
0.692086
1.792021
0.487427
1.229015
0.119864
1.517249
0.121859
1.794768
0.769382
1.791192
1.482016
1.782296
1.507710
1.219464
1.472537
1.228665
1.793249
0.848927
1.793760
1.423233
0.940872
1.487533
0.157820
0.295016
1.227773
1.657029
0.121000
1.232433
1.504631
0.515283
1.794556
1.106032
1.791663
0.169456
1.247453
1.269092
0.425945
0.772324
1.026740
1.794655
0.146675
1.791381
1.218649
1.724583
1.505481
1.006921
1.545241
1.435891
0.190678
1.795003
1.443987
1.793109
1.431053
0.153859
1.789830
1.200720
1.438969
1.793541
0.424081
1.233068
0.970640
1.478970
0.162404
1.657763
1.228806
1.468326
0.175469
1.793933
0.409042
1.443619
1.054983
0.451727
0.618009
0.962800
1.476049
1.228360
1.092082
1.521265
0.534356
0.351728
0.376605
0.562642
1.293638
0.502500
0.360165
1.468969
1.510198
1.363607
0.286614
0.306710
1.277635
0.497544
0.903760
1.792205
0.126644
0.361190
1.794869
0.497467
1.231507
1.794085
1.795134
0.251918
1.794566
1.227388
0.122716
1.038588
0.405353
1.468812
1.264063
0.132585
0.854258
0.199213
0.328416
1.441199
0.133432
1.294254
1.208193
1.794161
0.988204
0.154907
0.328279
0.500240
0.736258
0.923911
0.120265
0.126454
1.469918
0.170260
0.263720
1.523232
1.532940
0.482173
0.305271
0.463957
1.229525
1.476549
0.832194
0.350277
1.459860
0.276400
1.466589
1.570522
1.121707
0.974068
0.457252
0.128412
0.252489
0.912847
1.469463
0.126367
1.727622
1.772403
1.225758
1.297940
0.727747
1.192899
0.825283
0.300407
1.794087
1.520419
0.130157
1.471935
1.309218
0.308323
0.828249
1.202762
0.733074
1.218860
0.616467
0.705056
0.321505
0.679181
1.225461
0.256350
1.691244
1.789458
1.794366
0.800739
0.363262
0.951326
1.794661
0.465227
1.486342
1.781718
1.325867
1.244925
1.689541
0.964184
0.320618
0.281984
1.442949
0.854285
1.229738
0.471449
1.437331
1.506155
1.235823
0.417244
1.719911
1.437517
0.279423
0.563118
1.791151
1.445068
0.326694
0.621009
1.619074
0.446860
1.214213
0.454911
1.236846
0.533659
0.150848
0.841366
0.988558
0.393116
1.225869
0.121280
0.254757
1.028225
0.380671
0.120290
1.794985
0.389683
1.226005
1.434204
1.789146
1.791621
1.319598
1.226174
1.408282
0.666221
0.570194
0.273503
0.171896
1.230423
1.229157
1.474369
0.254388
0.571086
0.708741
1.789037
0.825665
1.794596
0.774002
0.216412
0.810085
1.286890
1.229489
1.260003
0.955632
1.704840
1.794132
1.528926
1.684343
1.012181
1.794636
0.638945
1.477508
0.259200
1.792826
1.228718
1.793305
0.815972
1.471197
1.321440
0.350654
1.788593
0.387796
0.366396
0.837294
0.417856
1.224767
1.442747
1.771286
0.593796
0.123664
1.058490
0.826148
0.336305
0.120112
1.766701
0.580529
0.135198
1.239933
1.076295
1.468690
0.363138
1.228211
1.468718
0.773987
0.578392
0.977602
1.228830
1.078870
1.487945
1.793927
1.794857
1.263953
0.388177
0.839458
0.347030
0.195554
0.130587
1.148539
1.748677
1.217413
1.216681
0.286295
0.837545
0.433802
0.247561
1.468241
1.794093
0.422769
1.058858
1.791980
0.604514
1.226883
1.794903
1.437608
0.442391
1.405813
1.226669
1.222897
1.792518
0.333835
0.681629
0.346132
0.578073
0.429217
0.843469
1.232542
0.146366
0.505862
0.359443
1.103280
0.155977
1.227583
1.227125
0.769718
0.768734
1.717175
1.781012
1.228826
0.983142
0.507408
1.715470
1.217172
0.381644
0.814804
1.784978
0.847368
0.455859
1.781653
0.542529
0.714805
1.432441
0.213713
0.799284
1.219324
1.716660
0.477872
0.120389
0.441356
0.119803
0.511258
0.708543
0.123890
0.159534
0.571411
1.517146
1.430215
0.473045
0.972314
0.810807
1.226448
1.792216
1.438304
0.928982
0.643056
1.790022
1.469269
0.246593
1.792731
1.059018
1.176523
0.524426
0.131333
0.278045
0.384637
0.119801
1.522301
1.530196
0.327706
0.905845
1.456745
0.299960
1.542318
1.219114
1.230497
0.950414
1.089921
0.409773
0.909390
0.122529
0.685315
0.413324
0.367427
0.120270
0.251405
0.796260
0.630982
0.404261
1.795035
0.980349
1.509707
1.445429
1.763828
0.414144
1.782319
0.559814
0.134760
0.354972
1.788934
1.470759
1.228662
0.925409
0.974056
0.583425
0.962017
1.123327
1.202469
1.793354
0.699373
0.306021
1.229276
1.728823
0.796981
0.122682
1.219303
0.820430
1.723051
1.793133
1.471434
0.165308
1.446095
0.842193
1.191614
1.794670
0.138799
1.792652
0.142602
0.809985
1.530390
0.288452
0.930103
0.580204
0.376138
0.511849
1.224935
0.608247
0.516268
1.235387
0.250069
1.502702
1.456320
1.229963
0.315485
0.985900
1.759064
1.794720
1.230396
0.945293
1.239367
0.488517
1.793295
1.793253
0.239794
0.229762
1.790111
1.221088
0.963812
0.499128
0.469587
1.468541
0.721540
0.124406
0.475162
1.228610
1.794523
0.190181
0.842435
0.674572
0.142418
0.402280
0.165387
0.163693
1.532116
0.989759
0.126796
1.445992
0.961776
1.529871
1.771038
1.234805
0.476710
1.256044
0.971258
0.799345
1.014065
0.480384
0.814797
0.797332
1.221830
1.436693
1.230142
0.970661
0.135428
0.837153
0.971037
0.567717
1.023930
0.310081
1.078849
1.469849
1.784719
1.486875
1.503272
0.798846
1.791433
1.793465
0.298420
0.140396
0.311881
1.788970
1.445336
1.220192
0.999008
1.535298
1.773827
0.124150
1.469621
0.491491
1.000858
0.125872
1.794140
1.376547
1.228512
0.435813
1.389220
1.445890
1.225418
1.247199
1.469701
1.223975
1.660153
0.646743
0.254635
0.217126
1.468963
1.442852
1.782835
0.354886
1.776193
1.240657
1.782603
1.229504
1.727444
1.506446
1.229384
1.226347
0.121986
0.263606
0.133965
1.502468
1.794533
1.793786
1.792074
0.120015
1.227563
0.487583
0.821232
1.237864
0.592464
0.696425
1.224988
1.512033
0.171733
0.626062
0.554376
1.774116
1.712145
1.224922
1.010117
0.869022
1.460151
1.533914
0.493968
1.469512
1.231660
1.795051
0.342343
0.134613
1.504756
1.105336
0.145393
0.123265
0.983538
0.551965
0.751750
0.121588
0.987572
1.226308
1.572579
1.229043
1.229676
1.002152
0.171128
0.807173
0.231215
1.190328
1.228223
0.831969
0.953622
1.793694
1.509103
0.367173
1.628727
0.730844
0.121731
0.626320
0.336827
1.509652
1.787916
0.170786
0.365324
0.759750
0.164362
1.144590
0.733049
1.431932
1.791923
0.557516
1.282829
1.793704
1.672058
0.762326
1.228185
0.477952
0.287389
0.210665
0.169591
0.923036
0.695800
0.973910
1.706380
1.768828
1.506893
0.201165
0.785179
0.689476
0.389854
0.451366
0.630859
0.128426
1.794943
0.659378
1.250550
0.680065
1.229951
0.802938
1.767790
1.436302
0.153110
1.471287
1.794681
1.242417
0.832740
0.988803
0.926152
1.509719
0.786906
0.325406
0.552140
1.795086
1.790513
1.054973
1.758937
1.416646
0.660960
1.196920
1.791868
1.181828
0.542184
0.967619
0.119859
0.617399
0.283630
1.792580
1.785940
0.195617
1.205435
1.794707
0.472391
0.278571
0.170073
1.228929
0.752303
0.340468
1.229755
1.723871
0.648190
1.115403
1.230967
0.254500
0.125597
0.487383
0.461023
0.176336
0.345296
0.754966
1.536422
1.227954
1.794883
0.417003
0.670415
1.229968
0.375539
0.660856
0.147011
1.522594
0.208799
0.167209
0.844835
0.342060
1.280861
1.655073
1.433388
1.072409
1.073233
1.531486
0.387568
0.545569
1.244321
1.795016
0.514487
0.740010
0.363383
1.227723
1.518775
0.979326
0.389047
0.121325
0.227122
1.712964
1.794685
1.775347
0.326656
1.229359
1.006772
1.221433
1.718463
0.806847
1.791965
0.317364
1.526574
1.218716
1.257670
1.794605
0.789417
0.839009
1.225924
1.468943
1.574956
1.247877
1.231250
0.837957
0.446956
1.630452
0.170506
1.046335
0.405767
1.657135
1.178122
0.145728
0.394244
0.504261
0.811533
1.791464
1.433102
1.747209
1.233121
0.673004
0.641180
1.793668
1.771055
0.998283
0.125042
1.785353
1.002835
0.583103
0.198320
0.747392
1.314177
1.793023
0.967985
0.344865
1.020154
1.228597
1.744405
0.671422
1.783067
1.671770
1.232782
0.424964
0.417472
1.735407
1.723555
1.439711
0.346047
1.705967
1.257408
1.228324
0.373239
1.786461
1.237771
0.952999
0.242859
0.124739
0.825948
0.986054
1.018101
1.595619
0.766165
1.770644
1.229736
0.136266
1.234130
1.794302
0.437855
0.312040
0.657188
1.242215
0.121434
1.463950
0.991171
1.011404
1.223604
0.771544
1.510782
1.414642
1.199988
0.642381
0.179419
1.794932
1.316112
0.425829
1.229936
1.439624
0.135813
0.988608
0.494821
0.482988
0.979696
1.225172
1.227693
0.122142
1.768041
0.672782
1.795015
0.820467
1.383605
1.231736
1.228083
1.467484
1.081610
0.344059
1.472175
1.349338
1.226917
0.519279
0.353047
1.153763
0.130736
0.954206
1.208595
1.522679
1.253521
1.536652
0.770031
1.237064
0.196340
1.086925
0.967843
0.267927
0.125004
1.147155
0.906168
1.228921
0.369217
0.757647
0.226919
1.795004
0.720098
0.462602
0.353333
0.687747
0.151597
0.847525
0.330127
1.229901
0.348155
0.312877
1.229007
0.777191
0.160128
1.468191
1.228504
0.691548
0.179123
1.046633
0.324924
0.962958
0.209643
1.580310
1.229826
0.148125
0.222048
0.212501
0.119967
0.357442
0.408694
1.230133
1.783287
0.267198
1.793704
0.300665
0.257460
0.837848
0.120279
1.220170
1.115219
1.072968
0.345263
0.531487
1.482593
0.373188
0.368726
0.219490
1.794484
1.404151
1.006428
0.446952
0.990638
1.225994
1.376623
1.537338
1.224710
0.144218
0.524639
1.654524
1.230341
1.516356
1.514313
1.445265
0.129130
0.410488
1.633363
1.581493
1.529352
1.230119
1.438084
0.797043
0.723206
0.978842
1.228611
0.244329
1.468519
1.258748
0.764969
1.452410
0.835271
0.272331
1.228297
0.831953
0.123472
1.791772
1.227449
1.227779
1.772387
1.791584
0.627430
1.468578
1.228740
0.177878
0.142458
0.616801
1.036319
0.380130
1.462393
1.795068
0.824582
1.447950
0.199485
1.224690
0.782043
1.794903
1.670830
1.792527
1.231468
1.228072
1.042917
1.211896
1.227869
1.036724
0.971250
1.312553
1.790954
1.435117
1.507895
0.543524
1.035970
0.235555
1.497267
0.996428
1.794289
1.685559
1.620529
0.360493
0.499714
1.794407
0.959999
1.002310
1.508021
1.794825
1.793377
0.218775
0.418133
0.307782
1.793642
1.232749
0.942469
1.794847
1.794851
1.527870
1.225940
0.136573
1.709829
0.978007
1.155956
1.792099
1.791651
0.242415
0.140529
1.790464
1.656737
1.739676
1.229429
0.125215
1.455661
1.469669
0.561675
0.978824
1.513392
1.435788
1.230061
0.154180
0.122492
0.120747
1.344206
0.833699
0.992295
1.223026
1.636423
1.229281
0.136266
0.844523
1.511614
0.389749
1.235155
0.136065
1.437461
1.227286
0.759425
1.787748
0.126586
1.752292
0.193583
0.667867
1.259508
0.710861
0.148160
1.467851
1.469055
0.544764
1.234626
1.495244
0.173908
1.791824
1.672853
0.519398
1.228790
0.146908
1.230001
0.517887
0.329973
0.983559
1.179114
0.999241
1.695580
0.490754
0.686624
1.408962
1.291648
1.282086
1.659309
0.811197
1.081453
0.681383
0.247862
0.992451
1.058764
1.248443
0.119796
0.443393
1.505670
0.591665
0.151370
1.452454
1.793557
1.774387
1.281575
0.386671
1.233747
1.237389
1.514044
1.516362
1.228993
1.024538
0.580037
0.306790
0.200741
1.108645
0.376538
0.945057
1.792998
0.980914
1.790358
0.942111
0.292799
0.488642
0.417801
1.474538
1.788265
1.228065
1.512321
1.264585
0.767462
0.718500
0.122783
1.227711
0.856880
1.658251
1.222637
1.457122
1.018923
1.213714
0.120389
1.454900
1.795073
0.134417
1.774533
0.324916
0.749937
0.315272
0.394636
1.232050
0.576998
0.820898
1.229062
1.559474
0.283897
1.772567
1.795042
1.446042
0.614795
0.408232
0.298262
1.229806
0.122945
1.226029
0.120248
1.469429
1.277574
1.493991
0.722134
0.476088
0.119814
1.794331
1.430300
1.709327
0.664928
1.765377
1.222783
0.329372
0.915808
1.509001
0.691693
1.502697
1.507720
0.349118
0.164163
0.183277
0.243647
0.161897
0.662167
0.554043
0.468710
0.235564
1.752724
0.130230
1.002635
1.636341
1.228954
1.224398
1.663612
1.278166
1.225720
1.231458
0.581984
0.843392
1.793228
0.481267
1.198095
0.120343
1.511327
1.530538
1.222204
1.231706
1.096251
1.794604
1.795057
1.254724
0.843948
1.780291
1.151513
0.352437
0.702026
1.453445
1.794817
1.505707
1.468128
1.229365
0.535074
0.291753
1.228879
0.121212
1.370016
1.313693
0.521870
0.119829
0.971914
1.194756
0.528666
0.795715
0.985736
0.363407
0.389907
0.805406
1.522867
1.214095
0.395591
0.786764
1.790378
0.121649
1.769626
1.229701
1.179418
0.294258
0.334234
1.221031
1.237316
1.228073
0.837127
1.229155
1.795105
0.829503
1.619882
1.473413
1.518385
0.156212
1.789159
0.961414
1.790037
1.400040
0.956439
0.610892
1.780635
0.952789
1.792370
0.378426
0.313413
1.781068
0.211761
1.229585
0.389346
1.230299
0.148383
1.789967
1.228611
1.465960
1.430239
1.502300
1.474732
0.122886
1.783925
0.208165
0.748067
1.213352
0.394416
1.794758
0.384026
1.794372
1.228990
0.628317
1.509772
0.520053
0.815751
0.505681
1.790673
1.301618
1.042916
1.447361
1.213525
0.488562
0.275362
1.777490
1.475236
0.184799
0.178144
0.146902
1.794839
0.482351
1.469476
0.717115
0.169669
0.426464
1.795058
0.120517
1.229102
1.228115
0.982562
0.754416
1.229431
1.549569
0.838846
0.490239
1.363336
0.734329
0.154075
0.513230
0.603269
0.531185
0.795860
0.541182
0.828125
0.407068
0.939778
0.816929
1.218188
0.276043
1.590773
0.922022
0.914777
0.268612
1.794405
1.793880
1.236429
0.433104
0.375309
0.569551
1.774939
0.247019
0.262610
1.692108
1.235245
1.228643
0.694591
1.009166
0.375675
0.149624
0.232107
1.270421
0.840091
0.938585
0.283066
1.252376
1.793636
1.794910
1.777423
0.124006
1.207437
0.147384
0.599842
1.638939
1.770827
0.504297
0.552286
1.508166
0.473560
0.686167
1.509307
1.729609
1.438799
1.277391
1.229209
0.655236
0.781338
1.189510
1.227001
1.562672
1.748885
1.794087
0.840325
0.138300
0.573804
1.517130
1.051744
0.980599
1.794108
0.841672
0.941528
1.229199
1.772280
1.698992
0.945351
0.342355
1.184522
1.505490
0.416986
0.368723
1.230659
1.348934
0.121930
1.205068
0.364211
0.607539
0.813431
1.794177
1.020972
0.299061
0.850896
0.455441
1.782632
1.229378
1.792350
0.830860
1.169849
0.288244
0.919799
1.025106
0.990649
1.779002
1.782034
0.970126
1.513584
0.995551
1.228428
0.973424
0.263626
1.250845
1.713981
0.889426
0.766148
1.278597
0.769555
1.228238
1.501696
1.051716
1.240915
1.390632
0.486252
0.202092
1.229683
1.188840
0.378424
1.782756
0.810840
1.673047
1.224279
0.595587
0.134191
1.492249
1.479540
1.231194
1.460808
1.020757
1.444195
1.782145
0.134237
0.138363
0.953963
1.793476
0.825034
0.122291
1.446572
0.444376
1.468943
1.726080
1.230326
0.763788
1.224235
1.792295
0.855234
1.223122
0.120203
1.139926
0.345347
1.226019
1.133206
1.362786
0.416407
1.528610
1.520736
1.793467
0.983520
0.119804
0.241990
1.794817
1.792490
0.373262
0.120562
0.851489
0.518894
0.309844
0.127210
1.512322
0.954683
1.296997
0.336840
1.342739
0.151473
1.793239
0.772225
1.224662
0.276539
0.317761
1.224450
1.653358
0.504128
1.793799
1.192834
1.778637
0.980242
0.844202
0.135931
0.281212
0.257776
1.230543
1.754930
0.299912
1.795036
1.793685
1.634735
1.792645
0.269916
1.470034
1.627016
0.668692
0.176093
1.794347
1.228220
1.232672
1.524378
0.349671
0.818843
1.791067
1.792647
1.790192
0.775994
0.438328
0.191503
1.775822
0.838167
0.811060
1.794029
0.997773
1.225979
0.453296
0.656549
0.940692
0.861161
1.407308
0.153258
0.844174
0.573839
1.253006
1.266824
1.430892
1.312653
0.964057
1.778011
1.794630
0.334818
0.397471
1.226464
1.278593
0.234869
0.683322
0.320467
0.457364
0.518103
1.220970
1.229012
1.793247
0.943366
1.794203
0.697906
1.227632
1.792993
1.605980
0.187733
1.584910
1.439496
0.123495
1.794285
1.229991
0.321118
0.398622
1.193188
0.379642
0.348574
1.406068
0.944071
0.463094
0.120664
0.345808
0.121879
0.239921
0.493521
0.295227
1.783097
1.439262
1.795069
0.551854
0.636772
1.678662
0.781442
1.689342
1.766083
0.843566
1.445723
0.356356
0.161934
1.480594
1.161821
1.788823
0.804613
1.412893
1.228956
1.794802
0.500335
0.611636
1.532245
0.999489
0.288426
0.353667
1.491969
1.525784
1.530958
1.709343
0.680331
1.794758
1.012525
1.496078
1.766773
0.829519
1.228836
1.678167
1.199792
0.556326
0.301571
0.146609
0.119930
1.196224
0.574256
1.794229
0.248854
0.190666
0.470167
0.995470
1.208509
1.504626
0.995076
0.386597
0.655055
1.794133
1.782821
1.794551
0.693304
1.661417
1.233466
0.597118
0.486867
0.302869
0.832263
0.818191
0.289622
0.981715
0.132951
0.127583
0.264153
0.773606
1.241593
1.512537
1.221575
0.988843
1.794817
1.151510
0.390208
1.702360
1.794795
0.159297
1.228576
0.975943
1.794065
0.407006
0.971632
1.040134
0.436414
0.119922
0.429949
0.587923
0.837613
0.994967
0.135868
1.225369
0.123335
0.748830
0.120057
1.185670
1.237102
0.880877
0.207998
0.126968
0.121578
0.134640
1.105820
0.760153
1.506601
1.439731
1.467814
1.479075
1.467045
1.228095
1.218477
0.271070
1.229146
1.151747
0.779135
1.223577
0.368201
1.254392
1.248641
0.446813
0.680883
0.512608
1.759669
0.119943
1.793426
1.394318
1.015943
1.469455
1.223054
0.944402
0.426428
0.961326
1.229120
1.227105
1.760615
0.918497
1.663331
0.693161
1.038191
1.221304
1.492209
0.746806
0.212202
1.794772
0.331341
0.148062
0.315581
1.791198
0.834463
1.785777
1.471976
0.982506
1.794912
1.021821
1.332977
1.198533
0.123220
0.610311
0.681073
1.223750
0.206528
1.228359
0.739093
0.128443
1.793950
0.123955
0.649633
0.334794
0.549456
1.500670
0.913067
1.228657
0.990670
1.222751
0.597809
0.896959
1.229610
0.348636
0.747864
1.263323
0.119798
0.915005
0.319817
0.128631
0.985558
0.475031
1.441500
1.423889
1.526067
1.040194
0.125219
0.132647
0.560525
1.432577
0.380606
1.044838
1.336819
1.458350
1.792026
0.831914
1.113002
1.776047
1.468439
0.187788
1.230771
0.453731
0.658247
0.482444
1.469298
1.510155
0.788419
1.508861
0.121774
0.211041
0.137410
0.313557
1.469173
0.604504
1.776077
0.476052
1.229431
0.416482
1.210307
0.567719
0.967404
0.849404
0.982530
0.137310
1.749981
0.477571
0.192450
1.235607
0.214553
0.136280
1.570331
0.473370
0.294710
0.187830
0.848873
1.793784
1.223149
0.263079
1.264406
0.213853
0.126236
1.084849
1.771824
0.283682
0.687982
1.503224
1.784922
1.511237
0.347149
0.721839
1.752612
0.266298
1.528396
1.795077
0.968490
0.972667
1.237806
1.789825
0.991483
0.119837
0.198066
1.782053
0.463717
0.371868
1.263258
0.318999
1.794763
0.300816
1.421222
1.020669
0.764595
0.142540
0.123264
0.837767
1.179546
0.978100
0.920904
1.220688
1.783877
1.366357
0.194069
1.788888
1.789331
1.529879
1.700839
0.796917
1.666000
1.434518
1.445146
0.407368
1.546818
1.262589
1.746242
1.231859
0.800032
0.309301
1.228907
0.786368
1.295846
0.192911
1.750766
0.794093
1.791046
1.418966
1.185886
1.315772
1.099240
1.432971
1.573147
1.228663
0.193012
1.098398
1.217913
0.123808
1.759354
0.825475
1.792715
0.133536
1.231037
0.122663
0.145133
0.241865
1.794840
1.742254
1.791223
1.756820
0.120152
0.750649
1.223236
1.228660
1.229305
0.511683
1.793789
1.506955
0.373288
1.220080
1.767791
0.592936
0.373170
0.123883
1.228102
1.578821
1.210592
1.794393
0.268816
0.784497
1.228156
1.229403
1.231686
0.350483
0.694508
1.221920
0.120162
0.807778
0.138147
0.506803
0.981544
1.233523
1.229189
0.949647
1.529889
1.542392
1.749489
0.147294
1.660609
0.340364
0.472888
1.346539
0.537751
0.403164
0.122851
0.978110
1.793674
0.276836
0.541340
1.794589
0.136504
0.409951
0.883568
1.265140
0.378353
1.794605
1.229513
0.306327
0.825292
0.119939
0.728681
1.163774
1.431947
0.721507
0.135682
1.763756
0.120131
0.231517
0.489329
1.439903
0.455894
1.669868
0.803718
1.220047
0.121259
0.123700
1.716237
1.288481
1.229085
1.782770
1.709593
0.123865
1.786944
0.692489
1.231089
1.224295
0.821330
1.756517
0.838375
0.662857
1.469546
0.203530
1.467703
0.966511
1.291216
1.727473
1.228635
1.791804
1.795000
1.162258
0.637083
0.967797
0.269377
1.793919
1.794712
1.230642
1.794114
1.657142
1.048891
1.793165
1.505664
0.461264
0.753167
0.992143
1.437976
1.791241
0.130662
0.203442
1.041886
0.444007
1.762817
1.794827
1.520851
1.403389
0.562579
1.794058
1.576903
0.318779
1.771816
1.371442
1.233625
1.388870
0.302242
0.119881
1.468024
1.788379
1.229306
0.404280
0.432012
0.347163
0.529052
1.468789
1.793434
1.431131
0.386582
1.507827
0.618710
1.467711
0.405723
0.430497
0.918820
0.308158
0.549271
0.148940
0.160571
1.735235
0.479984
0.152252
0.749061
0.209450
0.844790
0.320699
0.163343
0.920621
0.942141
1.444828
1.229814
1.196684
0.969373
0.966860
1.613517
0.737355
1.794226
1.336757
0.294908
1.794781
0.932265
1.228443
1.786730
0.400278
1.228699
0.143888
0.841687
0.525393
1.791341
1.444205
0.976077
0.531978
0.745007
1.794786
0.793369
0.137978
1.228787
0.604196
1.793587
1.700175
0.122242
1.225990
1.021756
0.179862
1.243227
0.131203
1.229992
1.523140
1.785896
1.655493
1.459761
1.604269
1.778776
1.506755
0.169320
0.492012
1.792374
1.503578
0.219211
1.049021
1.139474
0.263374
1.502560
0.124379
1.228484
0.333284
1.788054
1.227232
1.247147
0.338699
1.229936
1.650864
1.228521
0.788300
0.143628
1.712764
1.505141
0.203972
0.365368
0.755464
1.230140
0.806233
0.860619
0.216945
1.794094
1.159711
0.871896
0.676324
0.382580
0.166896
1.794222
1.228675
1.229817
1.794649
1.397577
0.662516
1.466495
0.120711
1.785617
0.619087
0.825411
0.154572
1.744328
0.724411
0.761549
1.613603
1.789765
1.791276
0.120944
1.673226
0.986469
1.790983
0.312760
0.145704
1.794919
1.036968
0.408267
0.832356
1.793498
1.758324
0.785466
0.988527
1.134618
0.138195
0.816569
1.237399
0.650563
0.416341
1.752411
1.261891
1.460336
1.781431
0.828547
0.469731
1.251752
0.835285
0.120254
0.521157
1.788467
0.357757
0.659897
0.124720
0.813093
1.794598
1.794258
1.229747
1.169354
0.204339
0.359139
0.831409
0.249787
0.558897
1.792872
0.982302
1.764265
0.764259
1.020372
0.368428
1.266373
1.002588
0.819070
0.121567
1.188964
0.119799
0.571988
0.121367
1.432573
0.328011
0.396772
1.779140
1.795087
0.717740
1.788050
0.120891
1.228562
0.971323
1.790364
0.119965
1.470261
1.471195
1.522104
0.193972
1.733752
1.459834
0.389574
0.450566
1.528907
0.973213
0.123038
0.986019
0.716292
1.439560
1.602956
1.229522
1.771109
0.297806
0.509456
0.996089
1.030577
1.229288
0.136236
0.317819
0.201129
0.122143
0.499683
1.789538
0.332259
1.793101
1.793450
0.122638
0.435847
1.696581
1.446192
1.033258
0.142583
1.228529
1.788586
0.203560
0.432043
1.653065
0.600504
1.195301
0.133008
1.228058
0.121152
1.224496
0.558808
0.142104
1.794723
1.431264
1.445852
1.794391
1.775780
1.227196
0.913006
0.199722
1.519206
0.567225
1.503093
1.205716
1.203711
0.503388
0.394029
1.394496
1.203098
0.132038
0.329852
1.450605
0.435241
0.130130
0.657800
1.432020
1.503925
1.233019
1.667694
1.439645
0.119803
1.215314
0.371884
1.198294
1.430567
0.119879
0.788182
1.794999
1.464947
0.246503
1.160627
0.751538
1.229757
1.485762
0.733996
1.775101
1.224107
0.846251
0.996443
0.999247
0.897001
0.129924
1.795042
1.794471
0.611843
1.792400
0.947488
0.265292
1.786692
1.229365
0.739582
0.416439
0.838831
0.132337
1.232966
0.558524
1.020025
1.689606
1.000899
0.660279
1.794924
1.785872
0.686869
0.122908
0.353648
0.228150
0.821679
1.227925
0.392366
1.044707
0.133179
0.980577
0.343758
1.782850
0.519765
0.138943
1.464951
0.457417
1.242758
0.121297
0.647486
0.223224
1.788948
0.916511
0.622804
0.126897
1.788761
1.061499
1.501240
1.228408
0.988283
0.188761
1.685139
0.402582
1.032408
0.942577
0.933276
1.229938
0.708663
0.177573
1.792780
0.312793
1.279459
0.362946
1.225884
0.558564
0.470897
1.718664
1.794822
1.794708
0.259034
1.507156
0.321376
0.804078
1.725405
1.784384
0.132142
1.230263
0.772117
0.990383
0.132187
0.260585
1.232012
0.299463
0.833841
1.788435
0.900090
1.338729
1.793030
0.347388
1.451834
0.734829
1.787996
1.793496
1.795090
1.237141
1.522474
0.149922
1.510804
0.253783
0.522010
0.135770
1.215822
1.231069
1.490467
0.917600
1.791425
1.509061
0.680720
0.401547
1.784378
1.229195
1.794798
0.354406
1.105211
1.631249
1.770712
1.229162
1.788981
1.228300
0.246870
0.193749
1.610607
1.228981
1.792501
1.505748
1.237914
0.371445
1.473476
0.415732
1.781606
1.256202
0.172693
1.467981
1.531968
0.503183
0.646267
1.276851
1.790444
1.504732
0.953464
0.250156
1.330674
0.269753
0.843588
0.477222
0.249666
0.281440
0.452986
1.227165
1.281504
1.016365
1.210124
1.774443
0.558614
1.628983
0.424872
1.208048
1.794262
1.221808
0.765443
0.215043
1.496259
1.228873
1.753318
0.996233
1.261174
0.156849
0.910908
1.794717
0.651386
0.769882
0.994856
1.440612
1.224498
0.238598
1.790713
0.123904
0.816396
0.670531
1.791895
1.227384
1.783713
0.592907
1.359397
1.228503
1.468783
0.992042
1.789281
1.380115
1.433229
1.227762
1.261838
0.624565
1.229459
1.469475
0.198871
1.119037
0.182016
1.794902
1.231252
0.837640
0.166633
1.213430
0.987996
1.494385
1.373637
1.269685
0.120974
1.228513
0.119981
0.405741
1.496103
0.965626
0.965441
1.473008
1.782694
1.783134
1.335442
1.167861
0.154576
0.242441
0.508859
0.532711
0.368583
1.469473
0.372331
0.177541
0.398414
1.783852
1.790009
0.140633
1.794630
0.735277
1.227531
1.511054
1.507850
1.788102
1.512684
1.379110
0.330703
0.943126
1.325107
0.128149
1.202386
0.561473
0.145373
1.220785
0.251467
0.962944
1.689779
1.134984
1.789643
0.666474
1.788092
1.782237
1.766920
0.151136
1.689680
0.726049
0.230979
0.767069
0.597729
1.228755
0.920418
0.993428
0.300794
1.793815
1.473954
0.998723
0.129505
0.862093
0.120362
1.469027
0.133329
0.342077
0.648469
1.505885
0.120911
1.773321
0.899954
1.227371
0.687503
0.759845
1.794600
1.203104
1.227645
1.226512
0.422253
0.362858
0.767048
1.774680
0.143333
0.859113
0.915837
1.473468
0.996127
1.468798
0.844865
0.120062
1.792420
1.794687
0.119922
0.332200
1.469401
0.634264
0.944909
0.991623
0.121626
1.245714
1.502386
0.374274
1.239091
0.133158
0.889175
0.574111
0.213339
0.185016
1.552795
1.592417
1.230417
0.985667
0.127992
0.843828
1.551547
0.124659
1.009303
1.469463
1.794128
0.987405
1.412713
1.789486
1.009828
0.672942
0.120806
0.187672
0.961532
1.229768
1.029215
0.385507
1.311757
1.786588
1.237807
0.728828
0.783514
0.929260
1.793767
0.321280
1.794032
0.844788
0.142355
0.122057
1.222625
1.789953
0.834116
0.126106
0.401256
1.514134
0.679584
1.773794
1.435630
0.122557
1.316799
0.985392
1.468916
0.150848
0.508543
0.994653
0.369430
0.145624
1.794059
0.930692
0.539203
1.060451
1.794609
0.137207
1.525433
0.584949
0.121163
1.562026
0.734833
1.794013
1.199897
0.189621
0.514938
0.334108
0.455688
0.207009
1.253973
1.792833
1.480276
1.775486
1.793612
0.955521
0.787673
1.226244
1.495028
0.302777
0.328696
1.219741
1.793819
0.570395
1.486124
0.359582
0.744097
0.574592
1.792240
1.511760
1.150243
0.741933
1.230217
0.126216
1.231166
0.976331
0.807914
0.308051
1.794410
0.191908
1.788679
0.934670
1.785818
1.794343
1.026440
1.444298
1.794286
1.445318
1.732821
1.497007
0.282082
1.231775
0.127171
1.794047
0.175428
0.435444
0.437132
1.785892
0.419209
1.596463
1.793475
1.228086
1.228270
1.230227
1.304647
0.367979
1.790374
1.792897
1.229252
1.479581
0.793094
0.174067
0.686524
1.230321
0.425682
1.793587
0.261007
1.794601
0.414710
0.511902
0.536226
1.231993
1.229381
1.453187
0.120455
0.942542
1.229246
0.813033
0.139511
0.868373
1.794885
0.353871
1.235613
1.781790
0.975391
0.415958
1.421779
1.065352
1.226858
0.212700
0.581083
0.203499
1.464800
0.993223
1.746098
0.674910
1.230185
0.490736
1.229514
0.203268
0.993214
0.532066
0.953217
0.537969
0.366335
0.818680
1.445867
0.978675
1.003498
0.330138
0.750941
0.496567
0.814937
1.696927
0.678679
1.214767
0.318565
0.142526
0.339645
1.227637
0.199041
0.273853
1.205791
0.928279
0.127909
0.848443
0.609576
1.228439
1.405730
0.142034
0.371538
1.717745
1.595973
0.986093
0.751033
1.794709
0.160400
0.793592
1.769108
0.232958
1.227159
0.245605
0.120081
0.995392
1.227612
0.829799
1.598640
1.228449
1.794418
1.524918
1.216667
0.588092
1.573510
0.132897
1.521428
0.368056
0.127112
1.258210
0.980382
0.121097
1.230675
1.553584
1.228551
1.495804
0.127224
1.437491
1.602641
0.759397
1.450992
1.577756
1.791260
1.250048
1.250628
1.793204
0.858270
1.498770
1.224270
0.348669
1.795097
1.470179
0.619405
1.657102
0.133332
1.788671
0.510432
0.366385
1.161960
0.806944
0.649162
1.510505
0.160258
1.228422
0.596568
0.334719
0.787248
0.576967
1.719360
1.646646
0.127766
0.739448
0.972197
1.793314
1.289846
0.518240
0.996866
1.795110
0.372284
1.432430
0.145856
0.617113
0.599396
1.229488
0.447439
0.340952
1.794711
1.795064
1.794152
0.728715
0.127907
1.686186
1.747879
0.126877
0.831064
0.558272
1.226798
0.978739
1.618960
1.169786
0.462943
0.927224
1.508731
1.792913
1.431014
0.972973
0.533752
1.468643
1.225493
1.199469
1.240474
0.904677
1.627122
1.794610
1.131799
0.533982
1.774620
1.530269
0.130741
1.277890
1.498073
1.758503
0.990094
0.958479
1.523824
1.431577
1.440357
0.731695
1.794661
1.635365
1.227950
1.283849
0.995598
1.006824
1.775667
0.760375
0.511051
0.689331
1.516366
0.338127
0.423764
1.228022
1.468365
1.496354
1.792871
1.597052
0.683507
0.819999
1.210948
1.793137
1.232485
1.464535
0.270074
1.488233
1.047963
1.525642
0.276320
1.792054
0.212768
0.122788
0.993536
1.792204
0.394405
0.293840
0.287554
1.010442
0.214389
0.450307
0.846629
0.854470
1.229143
1.229451
1.197144
0.350643
1.468965
1.367693
0.487594
1.231982
1.269917
0.541138
1.565058
1.793246
1.238006
0.121694
0.441748
0.552986
1.785725
0.128278
0.163178
0.494007
0.681691
1.229517
1.226903
0.229226
0.363252
1.709569
0.251842
0.858854
0.975318
1.232345
1.203502
0.791087
1.469956
0.700112
0.119803
1.228052
1.478192
1.228712
1.464549
1.229491
0.523818
1.230644
0.149631
0.526464
0.412940
0.601379
1.372230
1.013810
1.794868
1.436247
0.368243
0.126057
0.125351
1.511961
1.230109
1.228742
1.794535
1.229345
1.229355
0.363522
1.470645
1.238773
1.014779
1.232872
0.688191
1.249408
1.671572
1.229707
1.544943
1.784936
1.499930
1.470199
0.651888
0.390767
1.246173
1.788348
1.231052
1.093046
1.175979
0.162476
0.733073
1.455918
0.822711
0.269483
0.810690
0.569337
1.499376
0.545041
0.806841
0.964747
1.523266
1.481481
0.957539
0.787507
1.466426
1.788856
1.227519
1.229464
1.237325
0.475730
0.920334
1.794355
0.980754
1.553314
0.404833
1.469007
1.160444
1.222494
1.684227
0.478469
1.791378
1.488082
1.794657
0.867241
1.508888
1.235142
0.127226
0.121899
0.576277
1.628331
1.233321
0.324949
1.469184
1.593771
0.496863
1.446192
1.743075
1.005359
1.232439
1.509153
1.227611
1.279511
1.794103
1.141482
1.008638
1.197806
1.509212
0.282745
0.514604
0.200289
1.794395
1.466372
0.613373
1.747087
1.215259
0.120209
1.793932
1.011622
0.980093
1.794758
1.509557
1.468808
1.235168
0.734111
0.151363
0.977678
1.432185
0.192518
0.491851
1.726938
1.468432
0.695554
1.789744
1.468830
1.687257
0.549097
1.225269
0.775556
1.778416
1.794463
1.227160
1.050203
0.120494
0.696843
1.506872
1.230490
0.400829
0.834063
0.777737
0.918264
1.226430
1.492140
0.202533
0.174215
1.774195
1.222448
0.836949
0.722130
0.979533
0.833044
1.431950
0.294174
0.713363
0.284014
0.374605
0.557067
1.787962
1.790575
0.277956
0.812586
1.525884
1.515594
0.213822
1.459330
0.836482
1.229282
1.226295
1.691777
0.436809
0.983003
1.225088
0.122424
0.675263
0.265007
1.557209
0.509388
0.749217
1.794963
0.310301
1.229796
0.120907
0.748634
1.208980
0.637088
0.122639
0.180073
0.359633
1.469417
1.227758
1.758974
0.954464
1.575968
1.182914
1.744300
1.444210
1.126536
0.787236
1.429887
0.717708
0.373135
0.628067
1.311317
1.001152
0.418296
1.516487
0.140157
0.424335
0.983789
1.454648
1.773840
0.295149
0.426075
0.974082
1.230028
1.794313
1.227329
0.937688
1.219512
0.756666
0.971552
1.789470
0.518153
1.793271
1.603172
0.955238
0.977240
0.124075
1.795076
1.794255
1.553538
1.794767
1.793579
0.156784
0.162902
1.229695
0.226966
0.401416
0.475146
1.167651
1.230475
1.794601
0.270998
0.120066
1.793541
0.258636
0.953842
0.172836
0.139929
1.789460
1.231322
1.468367
0.446095
0.728082
0.123809
0.132039
1.227237
0.593624
1.469091
1.461516
0.486143
1.232043
1.105895
1.529763
0.455009
0.147564
0.120488
1.024346
0.805216
1.784458
1.795113
1.790200
1.503665
1.326015
1.789724
0.208830
1.448260
0.315400
0.569521
0.255319
1.505222
1.228461
1.191365
0.750236
1.492541
1.229379
0.241817
1.794877
1.228570
1.236680
0.993898
0.906363
0.125232
1.295182
1.233853
0.612225
0.859577
0.119816
0.121640
0.121001
1.431775
1.683657
0.578183
0.121017
1.227931
0.613696
1.764477
0.281029
1.437063
0.158031
0.818808
0.238945
1.228579
0.333926
0.409283
0.129851
1.367762
0.305090
1.679935
1.226368
1.229040
1.229447
1.228342
1.637718
0.499886
0.214803
0.788263
0.323697
0.950233
1.310419
0.208165
1.226865
0.812221
1.226847
1.794992
0.981909
0.274287
0.352831
0.629480
1.285342
1.053944
0.986342
0.121782
1.232380
1.775069
0.388573
0.375437
0.535500
1.794924
0.350173
0.177509
0.546270
1.017343
1.794714
0.672290
1.130584
0.285895
0.544406
1.220075
1.469982
0.336839
0.167095
0.468729
0.120829
0.182859
1.430655
0.922580
1.229736
1.770520
0.224536
0.314655
0.119812
0.188225
1.794894
1.231831
1.734746
0.643720
1.362288
1.515195
0.781018
1.696022
0.123624
0.375098
1.229014
0.932957
0.530222
1.469812
0.603281
0.950640
1.268229
1.227124
1.794329
0.982084
0.337784
1.794192
0.366007
1.503858
1.230077
1.789195
1.469648
0.952620
0.692759
0.963510
0.763700
1.443635
0.192838
1.791066
0.993479
1.192074
1.511115
1.522902
0.120699
0.121959
0.851768
1.241193
1.591452
1.465203
0.968473
0.392976
0.360174
1.228362
1.739230
0.393981
0.483565
0.224831
1.278692
0.417259
1.465880
0.123961
1.203518
0.232551
0.392567
0.972320
1.226228
0.851488
0.381127
0.642757
1.228829
0.427223
1.792462
1.511277
0.120112
0.128374
0.986310
0.203713
1.133870
1.255921
0.145439
1.213714
0.120508
0.633917
0.820815
1.222557
1.223775
0.121371
1.511599
0.829612
0.149907
1.516608
0.520347
0.169025
0.588085
0.496085
0.119808
0.137360
1.570282
1.440235
0.303019
1.465037
0.132596
1.793557
1.794056
0.428044
1.462391
0.128371
0.365054
0.422099
0.385407
1.755948
1.227953
0.687843
0.497418
0.495270
0.989201
1.787265
1.478404
0.842737
0.516064
0.146060
0.271988
0.847641
0.206226
1.779096
0.313628
0.542978
0.262968
1.653345
1.703486
1.224256
0.831278
0.485489
1.751677
1.513335
1.561519
1.234063
0.987736
0.664774
0.492934
0.230179
1.787681
1.445675
0.318869
1.219856
0.841435
0.762605
0.639781
0.132404
0.990774
0.976608
0.140186
1.221098
1.793317
0.833722
0.201133
1.784261
1.794925
0.217393
0.525680
0.858323
0.742203
0.228440
1.500352
0.361158
1.794971
0.387139
1.223430
1.468967
1.137536
0.119842
1.507158
0.377946
1.599604
0.979797
0.396553
0.774968
1.468853
0.259349
0.401724
1.735956
0.842535
0.142907
0.736719
1.792703
1.726428
0.648539
0.667559
1.503654
1.227950
1.468781
0.412899
1.620778
0.621600
1.227310
1.231539
0.282715
0.131963
1.234237
1.768981
1.227375
0.134079
0.380310
1.783132
1.077336
0.340703
0.130467
0.526036
1.226778
1.794210
0.672866
0.373897
1.792049
0.919088
1.231008
1.737143
0.298907
0.224010
1.226328
1.367983
1.764486
1.241234
0.560880
1.226814
0.833172
0.480644
1.475549
0.125119
1.508634
0.328865
1.230555
1.245657
0.437012
0.806400
1.220407
1.254516
1.495018
1.169842
0.945796
1.025625
1.437405
0.462447
0.988018
1.788089
0.430647
1.211349
0.129425
0.126603
0.172545
1.398229
0.983508
0.983114
0.898895
0.988636
1.456289
0.157316
1.792745
1.445480
1.541022
0.816850
1.308919
1.229396
1.794925
1.230794
1.489669
1.786521
1.229028
0.484931
0.336233
0.970471
0.205673
0.130459
0.567243
1.469142
0.216470
1.420849
1.113561
0.840096
0.829583
1.469413
0.468911
0.757083
1.236293
0.579113
1.445914
1.794441
1.795111
1.443281
0.123369
1.793603
0.325662
0.267099
1.790425
1.510316
1.508413
0.982634
1.232634
1.794612
0.269597
0.802072
0.160763
0.797670
1.511140
1.229444
1.037267
0.895971
1.782195
0.126474
0.408103
1.273633
1.197229
1.794913
0.446037
1.794344
0.803383
0.981579
1.230680
1.518536
1.513265
1.182154
1.791572
1.002080
1.215274
0.494069
1.001018
0.973989
1.527750
0.385755
1.511157
1.230373
0.279330
0.703374
1.249884
1.225303
1.243382
0.404858
1.283595
0.431916
1.227639
0.362301
0.903686
0.659170
0.151780
0.388881
0.755192
1.788084
0.490499
1.793359
0.649398
1.793584
0.152115
0.743644
0.121512
0.261742
1.752029
1.403883
0.444546
0.307388
1.512871
1.542759
1.090904
0.166518
0.294180
0.359105
1.787942
0.805823
1.793081
0.914637
0.964017
1.509077
0.667675
0.719947
0.121257
1.015754
0.354089
1.228292
1.440179
1.228964
0.720698
1.128656
1.780990
0.937930
0.241037
1.236215
0.798847
1.776451
1.597245
0.374647
0.260763
1.050077
0.192271
0.120581
0.123530
1.438739
1.503047
1.750113
0.685997
0.134415
0.854776
0.428743
0.975643
1.002384
0.210104
1.430450
1.230142
0.935363
1.794984
1.269145
0.161740
1.510675
0.127694
1.229112
0.979076
1.473403
0.943557
1.205084
0.665397
0.669518
0.121031
1.217164
0.825496
1.001143
0.126803
1.758836
1.793267
1.184857
1.225888
1.384381
0.128863
1.222609
1.767793
1.795115
0.321103
0.943915
1.229961
1.468369
0.127465
0.773968
0.212309
1.644504
1.459891
1.507650
0.740667
1.229061
0.748196
1.794726
0.198062
1.468834
0.964493
1.794987
0.624958
0.257808
1.556853
0.408838
0.255178
1.229792
0.119801
0.120477
0.182851
0.382577
0.201980
1.794684
0.397865
0.408361
0.807879
1.788213
0.777451
0.522781
0.791004
1.430349
1.251826
0.968624
1.511009
0.273079
0.121600
1.346336
0.993235
1.223365
0.125147
1.447824
0.793109
0.658627
0.555816
0.773884
1.747720
0.321993
1.123356
0.717398
0.120896
1.794167
1.446211
0.368831
0.244926
0.151235
0.339000
1.791841
0.152332
1.558463
0.346864
1.240906
0.651745
1.565703
1.190332
0.976684
0.378247
1.656887
0.268817
1.111114
0.965997
0.199362
1.779871
1.431156
0.378197
0.374738
1.467473
0.141467
1.795029
0.695601
1.520906
1.794914
1.229642
0.120413
1.637260
1.775804
1.201892
0.304102
0.371159
0.251659
0.167721
1.231264
1.232743
0.120794
1.503457
1.225770
0.705093
0.161249
1.780603
1.751398
0.816891
0.353750
1.538939
1.564286
1.190165
0.395654
0.124225
1.558887
0.518689
1.677743
1.192243
0.120923
0.148183
0.519880
1.138558
0.150313
0.833825
1.469240
1.417970
1.794085
0.266367
1.792299
1.794591
1.228392
1.230731
0.391957
0.403696
1.510580
1.795054
1.468667
1.791556
1.568368
0.856531
1.434213
0.827513
1.793995
0.519184
0.522269
1.479925
1.574235
0.989196
0.455160
1.592045
0.237865
1.228983
0.231115
1.785379
1.793978
1.464214
0.694709
0.134755
0.256278
1.467926
1.208146
1.537009
0.335184
1.224809
1.795098
0.936116
0.311420
0.119814
1.445067
1.225949
0.221567
0.783161
1.794976
1.786237
1.505739
1.487301
1.228277
0.710038
0.735730
0.119800
1.752127
0.140730
0.658592
0.120314
1.430173
1.090878
0.137408
0.999333
1.506346
1.606064
0.725045
0.992217
0.120255
0.570151
0.607103
0.121263
0.625029
1.469171
0.800956
0.626478
0.242577
1.561046
0.793253
0.823705
0.362361
1.434449
1.092669
0.831720
1.228672
0.960989
0.326341
0.191958
1.183536
0.132482
0.119805
1.538286
1.794333
1.778637
1.063538
0.821395
0.758607
0.721098
1.464503
0.352536
1.779281
1.794717
0.717259
0.446247
0.998394
1.704329
0.721022
1.127336
0.990975
1.226534
1.065497
1.286834
1.792236
0.398007
0.997324
0.828293
0.259597
0.983672
1.001748
0.735062
1.248873
0.159032
0.175526
0.489330
1.489532
1.188136
1.226331
1.228801
1.413489
1.775222
0.266680
1.761883
1.229536
1.226904
0.120570
1.232787
0.262191
1.230790
1.024245
0.355287
0.483528
0.817817
0.555057
1.232515
0.644623
0.560792
1.794888
1.217933
0.387663
0.974903
1.112627
0.318998
1.168750
1.787601
1.230551
0.327384
1.787967
0.126670
0.341428
1.720085
1.224524
1.228712
1.178284
0.141103
0.207286
1.225933
0.339974
1.790305
1.125628
0.502980
0.170916
0.772326
0.413996
0.355075
0.630040
0.977837
1.774409
1.794576
1.527386
0.121047
0.826331
1.228755
1.445655
1.690395
0.702222
1.026777
0.382136
1.466706
0.786503
0.926827
0.499502
1.471343
1.225820
0.373142
0.119856
0.182081
1.445984
0.530245
1.468437
1.793848
1.228277
0.238702
0.316822
1.028162
0.841157
0.126870
0.120447
1.790514
1.233114
1.547370
0.546942
1.225864
0.992302
0.341814
1.248405
0.349394
0.747636
0.150598
0.121750
0.367309
1.036513
0.143960
0.137737
0.538595
1.227470
0.979965
0.775895
1.022356
0.898314
0.311182
0.994530
1.228384
0.735718
0.178673
0.165332
1.248436
1.440973
0.759595
1.642854
0.988543
1.229038
1.487129
0.451696
1.459702
1.446252
1.516982
0.156124
0.568646
1.286011
0.485870
0.987153
1.508695
0.994611
1.137134
1.586282
0.784301
0.283345
0.518204
1.498489
0.187262
0.685746
0.707372
0.736061
1.781855
1.793903
1.234082
0.267307
0.150467
0.758289
0.811689
0.836575
0.995552
1.195128
0.121219
0.382416
0.976454
0.394212
0.157344
0.137299
1.441460
0.973015
1.234942
0.558935
1.473043
1.165910
1.085679
1.793029
0.851419
0.119976
1.792407
0.992178
1.701175
0.185511
1.466379
0.943660
1.783593
0.669609
0.978492
1.229534
0.959200
0.287792
1.736685
1.227914
0.128062
1.075420
1.791541
0.121733
1.244981
0.774868
1.224658
1.208913
1.229426
1.465506
1.202565
0.339410
1.249611
1.794873
0.133721
0.977873
0.441544
1.430983
1.710888
0.284094
0.120001
0.124255
1.219898
0.466727
0.317515
1.033035
0.349552
1.228890
1.637405
0.463399
0.603377
1.762337
0.120339
1.045879
1.791940
1.230670
1.226307
1.514629
1.227489
0.248395
0.771128
1.215048
1.010774
0.128909
0.119843
0.147374
1.794858
1.202670
0.680983
1.229558
1.227211
1.013421
0.146103
0.762951
1.321999
1.235063
1.226935
0.121148
1.792573
0.391043
0.319754
1.643800
1.226163
1.789646
0.979680
1.470619
0.941428
1.229213
0.313224
1.230079
0.750553
1.687267
1.000459
0.122284
0.135028
0.987335
0.128444
1.758296
0.360108
0.997492
0.136390
1.112778
1.445201
1.507321
0.144908
0.376094
1.794344
1.310495
1.472242
1.228981
1.227736
0.402906
1.226350
1.792614
0.119795
0.775473
1.221535
1.230745
0.166631
0.120222
1.226008
0.583428
1.204489
1.012804
0.229344
0.168406
0.912847
1.227381
0.931133
0.526464
1.787802
0.174572
0.801776
0.422395
1.457122
1.229053
0.176503
1.537209
1.630562
1.570279
1.451919
1.794006
1.794078
0.352640
0.511301
0.266734
1.180693
1.237846
1.044160
1.794607
1.496309
0.624332
1.229404
0.777368
1.794695
1.467460
1.793807
1.494011
1.694282
1.794965
0.505256
1.676177
1.794833
1.190875
0.661478
1.227548
1.291089
0.776906
1.376108
0.185744
1.794627
0.401523
1.224751
1.237717
1.208789
0.847533
0.455703
1.792590
0.314682
1.773926
0.994662
0.683072
1.229283
0.265896
1.455853
0.308654
0.119825
0.987863
1.273220
1.051555
0.771687
1.267416
0.210224
0.690670
0.134750
1.578585
1.279278
0.913898
0.610314
0.489567
1.781326
0.119795
1.357953
1.564685
0.469125
0.315326
0.326270
1.530276
1.697984
1.652814
0.500475
0.830679
0.199914
1.690294
1.468200
1.790743
0.570074
1.230469
1.050541
1.229683
1.245981
1.637101
0.125600
0.546958
1.512580
1.223249
0.848554
1.791913
1.218952
0.544155
0.287266
1.386914
1.786620
0.175335
0.197816
0.485541
1.793728
1.228917
0.152147
1.516959
0.480434
0.536559
1.787605
1.724924
1.136715
1.056857
1.514617
1.232849
1.011976
0.826527
1.787586
0.442162
1.196793
1.766877
0.131432
1.226771
1.468221
1.783646
0.361604
0.987045
0.541685
1.240238
1.189379
1.217947
1.500295
0.154931
0.184079
1.533760
1.136956
1.781357
0.729352
0.331062
1.573932
1.276158
0.530555
0.468539
0.792222
1.228436
1.230098
0.298240
1.076440
1.210905
1.442121
1.229106
1.665274
1.625447
1.444898
0.995073
0.973273
0.422045
1.794792
1.465131
1.755535
1.221620
0.119978
0.129866
0.923483
0.888825
1.540168
0.847263
1.432501
1.245679
0.509611
1.219494
0.914276
0.476495
1.229141
0.133907
1.111646
1.337643
1.023228
0.821554
1.433808
1.469944
1.793225
0.961688
0.279155
1.228956
1.432997
1.794650
0.119859
0.130536
0.318256
0.409475
1.348964
1.486551
0.526160
0.638149
1.012610
1.233736
0.119796
0.393775
1.471727
0.266950
0.443414
1.004907
0.128359
1.462910
0.779014
0.820765
0.984246
1.468445
0.124503
1.227220
1.175050
0.546764
1.224142
1.784975
0.142158
1.174069
1.229135
1.342800
1.230330
1.229381
1.597713
0.361349
0.252205
1.367488
0.149227
0.296454
0.489152
0.753526
1.791020
0.694509
1.773844
1.793339
0.254877
0.789021
1.774223
1.512346
0.457319
1.619327
1.539779
1.467877
0.520097
1.001592
0.215253
1.450917
1.273809
1.730051
1.356687
1.794989
0.126110
1.737951
0.167060
0.199571
0.829902
0.828104
0.717676
0.195015
0.119998
1.240665
1.584437
0.445947
1.228817
1.003593
0.966188
0.121650
1.682636
1.222419
1.466199
0.212522
1.758996
1.229656
0.206594
0.986335
1.134033
0.513594
0.703346
1.224191
0.133219
1.226700
1.211408
0.523035
1.469777
0.804842
1.507742
1.278617
0.843088
1.527103
1.791991
1.794641
0.536695
1.284911
1.099241
0.201005
0.298308
1.794411
1.650051
1.574447
1.018896
0.119804
1.191340
1.175862
1.702978
1.446201
1.194975
1.595544
0.823525
0.415258
1.024218
1.501420
0.735694
0.498886
1.326160
1.761673
0.984491
1.718455
1.230602
1.430973
0.344566
1.225800
1.794842
1.780530
1.217998
0.335757
0.120197
0.143319
1.529401
1.225883
1.466370
1.516138
1.236028
1.325139
0.125687
1.269336
0.485371
1.227695
1.507621
0.215302
1.498008
0.975870
1.444103
1.216666
1.725538
1.230530
1.229861
1.794993
1.444000
1.792017
0.408948
1.648079
0.442726
1.229853
1.438834
0.833350
1.227613
1.794241
0.378468
0.120481
1.372523
1.133364
0.726634
1.793574
1.051193
0.387590
0.684872
1.446092
0.137293
1.561701
0.832389
1.496294
0.766395
1.444247
0.340967
0.684335
0.732258
1.791883
1.794585
0.508020
0.278692
0.785984
0.996157
0.541750
1.361542
0.733494
1.794186
1.728179
0.539839
1.442509
1.253516
0.426082
0.180391
1.784071
1.468722
0.966295
1.768394
1.777092
1.260945
1.481602
1.324940
0.983420
1.515417
1.470158
0.372249
0.489865
0.411684
1.473718
0.644999
1.189522
1.795081
1.320577
1.505581
1.500521
0.429444
1.783706
1.693445
0.633972
1.149032
1.228603
0.637951
1.031120
0.535723
0.817053
1.778462
1.707191
0.451876
1.647354
0.943412
1.780981
0.129108
1.785065
1.508764
0.517813
0.411878
0.172847
1.751427
1.781786
0.183290
0.126381
0.142373
1.163759
0.563694
0.464391
1.792957
1.230293
1.531596
1.227588
0.457576
0.373835
0.839789
1.051905
0.697215
1.079425
1.086244
0.121983
0.822318
0.642145
0.397173
1.494647
1.144454
0.139383
1.505764
0.757846
0.831421
1.203855
1.794904
0.120769
1.221092
1.081240
1.793958
0.361733
0.288316
1.366900
0.120162
0.448719
0.924518
0.830072
1.792334
1.440408
1.229647
1.469215
0.541459
1.759278
1.236893
0.344491
1.467074
0.827910
0.125837
0.246318
0.998974
1.756494
1.496846
0.987571
1.793937
0.467923
0.515466
1.794294
1.169846
0.984527
1.456164
0.888338
1.427265
1.229104
0.481251
1.534989
1.229324
1.786382
0.136915
0.317708
0.163250
1.794356
1.525031
0.268788
0.316386
1.196254
0.605378
0.358157
0.122737
0.249074
1.168257
0.516961
0.818763
1.228156
0.960644
1.228953
1.469241
1.051517
1.444752
1.786839
1.789701
1.794891
0.218547
0.319984
1.494211
0.323135
1.230215
0.749218
1.789763
0.702510
0.545500
0.486323
1.223630
1.014438
0.145534
0.982546
1.230317
0.124418
1.507625
1.791024
0.970207
1.794967
0.280199
0.124584
0.253088
1.218619
1.204859
0.598946
0.186356
0.119867
1.600370
0.534474
1.238392
0.663857
0.771685
1.795091
1.225000
1.793835
0.536152
0.940990
1.426602
0.994455
0.988571
0.452118
0.119838
0.372637
1.027818
1.491087
0.604785
1.322105
1.773896
0.968661
1.791697
1.440883
0.998791
0.292859
1.793597
0.780761
1.506078
1.246179
0.201994
0.301320
1.783907
1.794963
1.019336
1.209763
1.689851
1.743841
1.228562
0.255506
1.436127
1.552380
0.126165
1.794373
1.795001
1.226299
0.991518
0.399064
0.691219
0.972671
0.155277
1.793280
1.792947
1.467782
0.891329
1.022918
0.838357
1.235080
1.446207
0.246241
1.756649
1.775004
1.230818
1.517000
0.120873
1.091159
0.829176
0.143358
1.505787
0.366374
1.432590
0.503750
0.322724
0.550936
0.183709
0.147410
0.154985
1.771353
1.227088
1.408945
1.432376
1.506738
0.463143
1.468549
1.793812
0.988070
0.172883
0.214661
1.794933
0.279386
0.179321
1.227148
0.121361
0.752377
1.222998
0.138219
0.121617
1.792099
0.919777
0.168149
0.972900
0.400117
0.384809
0.120425
1.436991
0.329418
1.590539
1.196778
1.479906
0.276263
0.210174
1.469852
0.439257
0.855554
1.228082
1.198618
0.852262
0.837309
1.789405
1.003788
1.203771
1.086881
0.508180
0.612597
1.737079
0.178656
0.902771
1.499836
0.137735
0.543441
0.554781
1.655745
0.152081
0.970943
1.793428
0.171397
1.728178
0.372706
1.791887
1.518673
0.445239
0.198072
1.530981
0.781076
0.563944
0.286771
1.793427
1.236705
1.222597
0.359877
1.225010
1.794698
0.989056
1.535621
1.269754
0.592892
0.499946
0.817796
0.541427
0.933612
0.491168
1.191860
0.240626
0.124426
1.228382
1.785977
0.315075
1.262374
0.120740
0.201540
0.781125
1.790060
1.772555
0.759422
1.282857
0.826047
0.128945
0.235007
0.911822
0.608102
1.231616
0.155878
1.233137
1.013015
1.791553
0.751025
0.304450
1.794340
1.732094
0.751554
0.136984
1.040238
0.836524
1.437775
1.774501
0.921252
1.229194
1.503032
0.835186
0.578809
0.980974
1.228842
1.225104
0.716183
1.435912
1.461574
0.120425
1.795069
0.430862
1.467939
1.228711
0.265879
1.789106
1.227041
1.435146
1.024852
0.515678
1.291119
1.505073
1.034180
0.119863
1.786459
0.119803
1.747725
1.612662
0.825578
0.227298
0.380481
1.281982
1.794958
1.499477
1.157493
0.696517
0.802525
1.794347
1.733309
0.132583
0.916606
0.125169
1.779289
1.763642
1.702694
1.228958
1.774686
1.508632
1.795021
0.858662
0.310172
1.563958
0.406577
0.254813
0.405974
0.272683
0.795400
0.573617
0.401597
1.229762
0.755054
0.144737
0.980270
1.442109
0.838276
1.228197
1.512515
0.167286
1.791299
1.225870
1.793874
1.794429
0.461098
0.433837
0.127112
0.163446
1.262124
1.785626
0.413981
1.228981
0.177830
1.228803
0.334602
0.407128
1.352447
1.511931
1.228650
1.674308
0.776690
0.128064
1.229921
1.531150
1.201862
1.655296
0.782724
0.451145
0.272631
0.744320
0.233563
1.519764
1.413574
0.303728
1.471233
0.671280
1.239851
0.133826
1.223079
1.793448
1.459486
0.162332
1.229322
0.143728
1.494244
0.848821
0.603952
0.209191
0.333445
1.512157
1.569547
1.765035
0.126888
0.470783
0.134907
1.482041
1.309393
1.774395
1.793796
0.311598
0.305692
1.067450
0.121672
0.996916
1.020273
1.457439
1.785129
0.406162
1.794804
0.837129
1.775383
0.266328
1.229357
1.017576
0.806553
0.922694
1.186784
1.035914
1.794693
1.792908
1.794891
0.264361
1.229567
1.219901
1.029644
1.430160
0.145901
1.507885
1.233676
0.233233
1.794617
0.122736
1.386967
1.123906
1.437091
0.386031
0.958981
1.624396
0.317401
0.180194
1.792546
1.469091
1.272776
0.127302
0.993817
0.979378
0.323536
1.792726
1.433769
1.792787
1.749205
0.284780
0.138762
0.842511
0.729836
0.734871
0.476430
1.239501
0.318793
1.734859
0.359063
0.469213
0.221919
1.795103
1.045683
0.974451
1.224355
0.339919
1.795009
0.426713
0.788752
1.468377
0.295702
0.692841
0.684175
1.301487
0.127496
0.122906
1.229089
0.983247
0.193111
0.373454
1.438070
1.635013
1.224645
1.228611
1.224573
0.145324
1.783208
0.970401
1.078936
0.898214
1.505116
0.134394
0.666354
1.522060
1.689388
0.409271
0.146615
0.120552
1.242319
0.586092
0.287946
1.787475
1.253503
0.527397
0.510896
1.481820
0.259740
0.286729
1.228161
0.158959
1.466114
0.987652
1.791890
1.198919
1.230385
1.205557
1.075361
1.794403
1.308943
1.511132
0.993621
0.688603
0.174200
0.379815
1.214864
0.366520
1.649164
1.433729
1.075384
1.794540
1.732350
0.280931
0.501977
0.832042
1.014681
0.503984
1.508175
0.127790
1.666748
0.529559
1.434646
1.141216
1.229317
0.979351
0.124304
1.652563
1.241033
0.824127
0.996875
0.345715
0.169107
0.494949
0.432494
1.226113
0.127186
0.808372
1.704141
0.126178
0.119813
0.969457
1.269073
0.586695
0.495480
0.481977
0.997337
1.794840
0.285224
0.967276
1.794242
0.396363
1.514431
0.741748
1.511721
0.447242
0.651379
1.016788
1.700759
0.235511
1.232293
0.799763
0.413414
0.119795
1.230061
1.786594
1.792991
0.450864
1.792910
1.454078
0.143443
1.786796
0.395357
1.625237
0.988171
0.129214
1.793534
1.227873
1.206215
1.031236
1.228702
0.434976
0.763425
0.985617
0.981437
0.503479
1.794980
1.228527
1.733967
1.470121
1.442169
0.159813
1.467892
0.861947
0.687177
0.584387
1.443739
1.223725
0.123106
1.792199
1.761189
0.610923
1.227741
0.851993
0.601737
1.235322
0.558802
0.974743
1.743359
1.229152
1.540059
0.527260
0.133765
0.142627
0.137729
0.393512
1.213872
0.580447
0.776661
0.338044
1.414639
1.496647
1.469088
1.785771
0.490519
1.231359
1.241251
1.505309
1.613181
0.682706
1.785173
1.791851
0.740311
1.601080
1.780713
1.787604
1.228613
1.731114
1.228349
1.228758
1.793882
1.229115
1.599108
0.782018
1.197127
0.314343
1.226784
0.119973
1.227528
0.141301
1.166015
0.706540
0.981466
0.294667
0.763202
0.684848
1.776590
1.698095
1.467989
0.841003
0.622790
0.882456
1.466698
0.554193
0.127724
1.442378
1.783516
1.611919
1.039419
1.445655
1.619538
0.604997
0.132384
1.353613
1.794989
1.611657
0.983957
1.504118
0.285889
0.826780
0.665485
1.540147
1.353101
0.559747
0.125160
0.469010
0.439966
1.467477
0.139462
1.475098
1.430887
1.034671
1.794653
0.431950
0.368335
1.536660
0.780383
1.209390
1.795073
0.132181
1.794919
1.708605
1.792826
1.230544
0.119973
1.689837
1.430940
0.889284
0.119898
0.437562
0.381903
1.088641
0.800821
1.456604
1.227472
1.433483
0.121743
0.502618
1.502851
1.241258
0.126546
0.579004
0.651168
1.248034
0.226813
0.302696
1.406603
1.713112
0.367877
0.145231
0.402285
1.794059
0.127087
0.526220
0.514675
0.372468
0.721673
0.473923
1.503374
1.230548
1.794765
1.596811
0.797964
1.230550
0.832650
0.985337
0.633437
0.492813
1.728829
1.229497
0.288160
1.233872
0.177698
0.980936
0.744464
1.206644
1.766087
0.120774
1.791655
0.527474
0.422027
1.226821
0.256343
0.599964
0.754750
1.761939
1.231314
0.740849
0.694944
1.231737
1.466796
1.074168
1.012728
0.625660
0.879924
1.795056
0.597728
1.224652
1.235689
0.166221
0.551190
0.700304
0.843236
1.228020
0.615643
1.229123
1.504032
0.168799
1.505192
0.124414
0.177919
1.227895
1.503698
1.019546
0.323489
1.402753
1.781548
1.429129
0.400089
0.441489
0.163416
1.758772
1.793938
0.164635
1.235917
0.420903
0.223787
1.234357
0.489036
1.468366
0.823802
0.608876
0.497613
1.050672
1.316008
0.794691
1.499299
1.229165
0.472092
0.974944
0.809878
1.557508
0.934685
1.493620
1.284075
0.394726
1.791327
1.468601
0.781108
0.125968
0.987199
0.831407
0.550807
1.788415
1.793635
0.176798
1.794606
1.576198
0.128773
0.180912
1.795129
0.833205
0.507096
0.122030
1.793408
1.164302
1.229437
0.136706
1.430169
0.120906
1.629126
0.130031
0.827965
1.238086
0.902909
0.844590
0.790391
1.229084
1.230708
1.794491
0.315763
0.126147
1.293920
1.469063
1.447942
1.430592
1.058967
1.226119
0.124207
0.136189
1.012174
0.341885
1.794147
1.226254
0.690112
0.823968
0.345401
1.774845
0.394765
1.225171
0.982769
0.814261
0.364446
1.444072
0.131792
1.225053
1.034173
1.219018
1.228685
0.121174
0.821790
1.230330
1.445646
0.645217
1.196617
0.992121
1.311965
1.790119
0.123798
0.892355
1.509958
0.388932
0.208053
1.227908
0.256676
0.813127
1.447614
1.344560
0.950948
0.969695
1.742645
0.267188
0.772399
0.740116
0.961308
1.137269
1.793955
1.794412
0.210721
1.568853
1.232749
0.186710
1.323231
1.332815
1.792914
1.794181
0.356828
0.722267
0.920071
1.444866
1.794917
0.419522
1.780290
1.794032
1.794232
1.620822
0.864580
0.285987
0.957815
1.792881
1.235143
1.170924
0.907227
1.228189
0.621682
1.228249
0.500783
1.438540
0.203878
0.162844
0.460639
1.446252
1.311025
0.427008
0.527087
1.745539
0.522005
1.467285
1.232775
1.448223
1.790341
1.483590
1.229622
0.381314
0.370119
0.658114
1.230189
1.683373
0.126406
1.213513
1.793089
0.120018
1.657506
0.126422
0.681532
0.119885
0.995537
1.693110
0.178329
0.729999
0.982374
0.127017
1.792478
1.771888
1.469306
1.445916
1.528819
0.217000
0.707895
0.384326
1.228591
1.471794
1.075748
0.123641
1.494780
1.778620
0.140095
0.543798
1.790447
1.681682
1.406601
0.973618
1.525705
1.793423
0.120314
1.220440
1.183722
1.229204
1.792721
1.076573
1.781387
1.607182
0.982075
0.446895
0.121040
0.328963
1.768054
1.519444
1.227757
0.519549
1.226797
1.784582
0.562660
1.229336
1.794259
0.983176
1.158103
0.196314
1.669087
0.803192
0.119819
0.841834
0.128208
0.125811
1.794827
1.227890
1.491739
0.263672
1.209247
1.509889
1.793281
1.228839
0.166221
0.974561
1.227850
1.779350
0.226097
0.780522
0.774416
0.902023
0.313624
1.670632
1.782393
0.708750
0.120210
0.975964
1.284851
1.794360
1.041553
1.788402
0.121430
1.793156
1.794098
1.693789
1.782186
1.374253
0.841446
1.503057
1.479165
1.323976
0.120683
0.828055
1.695172
0.163791
1.439847
0.779559
1.794891
1.789153
1.743144
0.934538
1.790628
0.694993
0.537110
0.713526
1.794433
1.398717
0.835222
1.459324
0.864708
1.230515
1.469441
0.355357
0.915668
0.241282
1.215816
0.682980
0.985157
1.508842
1.001129
1.242654
1.230490
1.223023
1.092777
0.396250
0.310854
0.683099
1.440116
1.316255
1.694876
0.151149
1.113808
1.511012
0.124749
1.020629
1.412387
0.144702
1.745309
0.989409
0.600209
1.226697
0.574959
1.467730
0.363984
1.790388
0.520296
0.187439
1.401267
0.451832
1.208612
1.738162
1.226556
1.793215
0.307207
0.981063
1.706657
0.120097
0.606436
0.931929
1.773405
0.119891
0.834417
1.430456
0.409907
1.000616
1.229239
1.443570
1.794406
0.819457
1.199311
1.736347
1.434515
0.976565
1.224160
1.794697
0.905549
0.125696
1.745699
1.528092
1.779101
1.232470
0.120747
0.690353
1.245925
0.209487
0.862163
0.258800
0.147328
1.052305
1.673003
0.504370
0.493383
1.488212
1.791495
1.772267
1.794660
1.176504
0.174299
0.126699
0.316072
1.699066
1.514987
1.468763
1.523987
0.119796
1.634415
1.793630
0.792749
0.898406
0.795116
1.045155
0.708948
0.834016
1.470227
1.329237
0.758555
0.423612
1.794177
0.124431
1.753992
1.505464
1.248567
1.794811
1.506377
0.860160
1.710333
0.829892
1.496424
0.717282
0.131683
1.229436
1.446209
1.468997
0.756971
0.120092
1.384345
1.794538
0.529612
0.407366
1.792417
0.184063
1.509213
0.134798
0.363974
1.270071
1.268498
1.552473
1.220716
0.120710
1.225532
1.793425
1.231675
1.792910
1.460512
1.234347
1.173686
0.381263
0.128120
0.839032
0.504205
1.747826
0.245197
0.137334
0.157218
1.773432
1.547370
0.119807
1.015693
0.139881
1.783485
1.228685
0.159461
1.226953
0.518478
0.119798
1.011923
1.601792
0.551322
1.373356
1.394205
1.794568
1.226884
0.451916
1.732726
0.529175
1.755180
1.468855
1.556027
1.795065
1.790679
1.681409
0.909801
0.119799
1.233140
0.454072
0.297228
1.293667
1.229081
0.253231
0.442638
0.797635
0.525298
0.366512
0.219474
0.839209
0.181465
0.587310
0.399133
0.120030
0.788416
1.227133
1.468753
0.119818
1.270506
1.792092
1.794359
1.787737
0.668630
0.421295
1.227804
0.934196
1.234095
1.027876
1.521952
0.839816
1.024178
1.430339
1.475487
0.530999
0.990474
0.257499
0.971172
1.230105
1.228584
0.674958
1.794226
0.217059
0.210773
1.041402
0.562010
0.846897
1.501257
1.652928
1.703474
0.615559
1.507150
1.245212
1.512439
0.277462
1.227828
1.020982
0.164753
1.484565
1.436353
1.468671
1.787057
0.674970
1.241932
0.532746
0.443638
1.039230
0.297536
1.229596
1.434482
0.521437
0.189920
0.192002
0.679201
1.788927
0.840535
1.616113
1.532746
0.414952
0.230411
0.239319
0.835486
1.775820
1.431420
1.794560
1.794810
0.328978
1.087849
0.420489
1.209351
0.142261
1.794280
1.012593
1.507149
0.418789
0.545127
0.273728
0.696770
0.653452
1.489053
0.190606
1.434360
1.502169
0.384234
0.836382
1.468904
1.219517
1.231114
1.500241
1.788896
0.608689
0.523943
0.127575
0.598270
1.444741
0.171930
0.220827
1.681755
1.794898
1.467963
0.697126
1.794815
1.601477
1.215131
0.328139
0.833061
0.359908
1.266093
0.133262
0.489863
1.789611
1.794982
0.245039
0.703649
1.790717
0.395779
0.328157
0.396605
0.321331
1.533963
1.274508
0.713069
1.467846
0.131470
0.358024
0.389699
0.489901
0.909574
0.649991
0.379780
0.402797
1.166056
0.256068
0.171059
1.467842
0.406993
0.362481
0.355881
1.061016
1.766464
0.463847
0.343172
0.950205
1.472832
1.470188
0.987429
1.790006
0.473198
0.126407
1.498212
0.713311
1.468609
0.614911
0.391819
0.135900
1.759651
1.282085
1.794845
1.254771
0.972339
1.431378
1.481780
1.661576
1.009092
1.499593
0.700229
1.434849
0.684758
0.408537
1.230851
0.169625
0.481484
0.358078
0.242582
0.128153
1.794977
0.428160
0.715002
0.981778
0.564157
1.794843
1.234880
1.464203
1.280912
0.195582
0.327960
1.223668
1.224488
1.036171
0.463255
1.789739
1.000448
0.410826
0.995959
0.394548
0.818262
1.431931
1.692520
0.761826
1.439415
1.748977
1.445586
1.374814
0.397320
0.832660
1.698903
0.124754
0.974074
0.959395
0.409306
0.860802
0.134473
0.847207
1.445792
1.794740
0.803318
0.911606
0.424595
1.229028
1.246231
0.120164
0.650016
1.381910
1.511097
1.506168
0.970960
1.431495
1.658636
1.468919
0.933295
0.230626
1.794142
1.485238
1.441200
0.148584
1.212120
1.179734
1.794727
0.947796
1.523946
0.829387
1.793209
0.167444
0.424401
0.145261
0.722072
1.761355
1.192400
1.652928
1.241625
1.225213
0.146876
0.703034
1.232536
0.131615
0.221406
1.200250
1.745945
1.419791
0.236622
0.127961
1.228619
1.793712
0.716777
1.795051
0.991950
0.827964
1.468663
0.407969
0.835561
0.466174
0.643070
1.549408
1.784084
1.486833
1.470998
0.151922
0.130939
0.738424
1.510929
1.510207
0.144399
1.217907
0.852577
1.193547
0.837846
1.520715
0.130784
1.250924
0.383281
0.766760
1.784451
0.580596
1.171910
0.684593
1.504507
0.334021
0.120354
0.353588
1.794356
0.698699
1.468786
1.756071
0.916993
1.749645
0.295235
1.229259
0.123580
0.428660
0.260906
1.778332
1.469360
1.311496
1.242064
0.123308
0.308814
1.790235
0.506423
1.494944
1.261944
1.793083
1.011306
0.120706
0.450694
0.991311
1.729975
1.435894
0.795885
1.789356
1.280110
0.126099
1.769417
1.473508
1.217366
0.817473
0.531461
0.605308
0.852325
1.544893
0.128869
0.535533
0.372261
1.444479
1.212973
0.798222
1.264830
1.434993
1.463017
0.143858
0.119806
0.128825
1.227045
0.199530
0.685538
1.449608
0.587921
1.475170
0.679787
0.763243
1.584286
0.358726
1.205796
1.583265
1.226799
1.271408
1.472010
1.227716
0.504100
1.794275
1.758703
1.230178
1.003563
0.204730
1.222891
0.433873
0.780471
1.114451
1.229517
0.168912
0.300262
1.758820
1.794969
1.507650
0.125557
0.167081
1.234334
1.361306
1.503499
0.230950
0.506401
1.221213
1.787289
0.204885
0.242985
1.794000
0.126909
0.504844
1.227604
1.511706
1.778812
1.439879
1.229030
1.470303
0.125957
0.921479
0.915967
0.836843
1.446143
0.520948
0.837987
0.980121
1.213395
0.164230
1.076650
1.746112
0.726854
1.234877
1.431099
1.608140
0.263968
1.230667
1.786056
1.228992
1.228950
1.504564
0.249486
0.917379
1.230613
1.062692
0.936760
0.564422
1.229077
0.826489
1.127080
0.953862
1.518074
0.830067
1.241421
1.436460
1.227075
0.146201
1.227455
1.481142
0.337844
1.404260
0.121712
0.120565
1.470296
1.228942
1.741374
1.378243
0.284706
1.232638
0.829213
1.330860
0.387942
0.136893
0.256271
1.231013
0.621539
0.383821
0.973616
1.230331
0.655852
0.572550
0.535640
1.245920
1.193743
0.192474
1.791229
1.233389
1.445698
0.871575
1.426005
0.968953
0.319844
0.393148
0.965740
1.792304
1.794988
0.595142
0.713744
1.228263
1.506312
1.470144
1.237515
1.180272
0.132063
1.045126
0.983940
1.513229
0.654462
1.245575
1.786508
1.268685
1.518486
0.717405
1.540491
1.770853
0.126543
1.223468
1.277153
0.398569
0.123771
1.524387
0.364121
1.472764
0.933988
0.388104
0.897493
0.257479
0.810544
1.467689
1.430525
0.913621
1.508799
1.227639
1.782495
1.069586
1.506028
0.488817
1.794322
0.120542
1.287747
0.363870
1.424230
1.455697
1.028806
0.375542
0.759961
1.229915
1.460100
0.825179
1.120300
0.668651
1.789570
1.784271
1.428013
1.075754
1.625595
0.907552
0.376315
1.782948
1.445616
1.481025
1.537029
0.994765
0.411709
0.245045
1.769308
0.746719
0.251051
1.487743
0.644615
1.277367
0.119805
0.769938
1.786416
0.362901
0.119848
1.551071
1.536833
0.791215
0.337650
1.234536
0.462035
1.438929
0.536867
0.119896
0.838439
0.650791
1.226699
0.158100
0.532019
0.863972
1.482619
0.181581
0.172362
0.596387
1.229396
1.465128
1.527894
0.366135
0.459850
0.945630
0.277496
0.764733
1.436650
0.288799
1.243458
1.624604
1.243741
0.120670
1.218028
1.351626
0.338363
0.916138
0.120533
1.506012
0.710382
0.157096
0.970739
0.329306
1.472038
1.262764
1.234930
1.558202
0.785006
0.855053
0.289170
0.330303
1.183304
0.359759
1.795100
0.236524
1.792775
0.826826
0.207927
0.804895
0.221851
1.009598
1.006268
1.128212
0.389717
1.469552
1.229329
1.544644
0.758169
0.991298
0.272531
1.043081
1.774773
0.694390
0.877657
1.468798
1.509692
1.763896
1.790725
1.228505
1.507328
0.400928
1.793752
1.794500
0.235547
0.814682
1.233400
1.215646
0.349297
0.980365
1.470882
0.422671
1.794524
1.252409
1.465699
0.548119
0.145770
0.277453
1.338431
1.200221
0.197615
1.507598
0.127183
0.810582
1.703971
0.979037
0.316147
0.136146
0.749208
1.794971
0.369737
1.082650
0.132077
0.255608
0.156643
0.298131
0.656090
0.731429
1.228854
1.789004
0.975226
1.229530
1.793469
0.659228
1.229209
0.120967
0.523067
0.324692
1.229680
0.715987
0.990862
1.228794
1.740108
1.794239
1.788826
1.794578
1.443784
1.300709
0.250464
1.372629
0.486082
0.498741
1.226851
1.471388
1.230746
1.757924
0.777633
0.421605
1.253361
1.259702
0.975018
1.226998
0.791620
1.619654
1.445835
0.998766
1.273232
1.314648
0.212893
1.766152
0.522279
0.251860
1.445375
0.138814
0.122484
1.023353
1.787635
1.789106
0.329238
0.410438
1.726115
0.139728
0.648447
1.688916
0.354012
0.121200
1.794681
1.780623
0.130586
0.477888
1.504092
0.173089
0.153472
1.785785
1.564250
0.932402
0.278996
0.929784
1.229792
0.834341
0.627134
0.137888
1.505930
1.794914
1.794468
1.528766
0.121131
0.122944
0.783777
0.824327
0.303101
1.496592
0.952895
1.791658
1.467915
1.731377
1.438968
0.988622
1.520107
1.474090
0.308429
1.773803
1.208154
1.793891
1.527317
0.965844
0.825160
0.143190
1.009186
0.122292
1.228479
0.242017
1.713744
1.215172
1.228229
0.798403
0.324507
0.797342
0.350617
1.441034
0.424979
0.752320
0.191601
0.718337
1.231053
1.749700
1.795113
1.105910
0.327824
0.131335
1.226690
1.155261
0.120298
0.780640
1.478911
1.228869
0.969704
1.053413
0.335184
0.476334
0.852702
1.503693
0.838213
0.983103
1.789774
0.280734
0.623279
1.508729
1.703870
1.024749
1.746697
1.715953
1.534004
0.848989
0.985769
0.423665
0.119874
1.270138
1.663161
1.446235
1.790402
0.153885
1.303418
1.794751
1.328279
1.792922
0.705174
1.227369
0.845461
0.130728
1.721444
1.232389
0.876162
1.783149
0.181054
1.205068
1.440680
0.571609
0.345138
1.744153
1.708950
0.691246
0.457592
1.027417
0.265805
0.327950
1.215426
1.468978
1.221628
1.794934
0.119803
0.120546
0.884855
0.993380
1.554859
0.520768
0.524598
0.207600
0.581742
1.023301
1.229548
0.153636
0.468318
1.229592
1.634726
1.510132
0.221734
0.386857
0.122832
1.477711
1.225972
0.160113
1.229421
1.235764
0.533099
0.198365
1.792061
1.420003
0.987602
1.045397
1.235044
0.121091
0.133743
1.227680
0.987291
0.207545
0.722713
1.511311
1.794726
0.521732
0.137820
1.000190
1.431855
0.133505
0.119806
1.230487
1.221517
1.431916
1.228158
1.436752
1.443601
0.139432
1.443088
0.193291
1.202086
1.433619
1.792200
0.317605
0.484513
0.762200
0.386011
0.971490
1.446570
0.355107
1.261628
1.793862
0.975452
1.446239
0.990842
1.204617
0.659496
0.421628
1.227632
1.505397
1.229074
0.164242
1.792154
0.125176
0.125864
0.528540
0.796505
1.482910
0.732285
1.791693
0.499787
1.506035
1.468027
1.229724
0.495871
1.261413
1.238188
1.790041
1.439749
0.799974
1.503174
1.571562
1.466896
0.768809
0.846695
1.634224
0.751886
1.548137
0.499601
1.227262
1.770700
1.750621
1.776829
1.794955
0.563278
1.706963
1.659986
1.794710
0.488525
0.843964
0.451195
0.410798
1.206612
1.772467
1.793299
0.369357
0.173287
0.425007
1.225455
1.045368
0.377892
1.565391
0.138155
0.120947
0.297133
1.754116
1.226888
1.516712
0.145593
1.225527
0.215680
0.806818
1.754973
0.525449
1.228399
1.228799
0.484433
0.120139
0.138521
1.006685
0.388350
1.228820
0.344685
1.789894
1.504563
0.705512
0.585164
1.218187
1.231780
0.991325
1.178223
0.276543
1.793864
1.507001
0.813700
1.577510
1.413463
1.161896
1.794231
0.993460
0.893657
1.306104
0.586868
0.654015
0.384445
0.158418
1.794579
1.793962
1.584447
0.707543
1.227341
1.794763
0.678111
1.232807
1.795097
1.532493
0.974061
0.379479
1.034659
1.503685
1.128803
1.768335
1.554687
1.793762
0.490694
1.510364
0.225340
1.602914
0.328981
1.170202
1.229313
0.793596
0.159614
1.444766
0.499980
1.778580
1.009624
0.735105
0.605862
1.223332
0.132056
1.786864
0.435783
0.862295
0.831990
1.231328
1.009952
0.719705
0.283379
1.792860
0.221042
1.706437
0.822670
0.268294
1.664419
1.464593
1.213652
0.358120
0.192135
1.794780
1.228833
0.777138
0.404909
1.322706
1.785912
0.139614
1.445284
1.014527
0.962266
0.377702
0.313581
1.790889
1.506786
1.227553
1.440163
0.858963
1.788592
0.510835
0.121571
1.792762
1.795048
1.795075
1.235338
0.983434
1.791063
1.785564
1.793502
1.228499
0.124400
0.196281
0.746495
1.230686
1.795016
1.787062
1.793375
0.119848
1.109338
0.293321
1.794523
0.976955
0.986221
1.792564
1.230214
1.234625
1.515289
0.255632
0.182172
1.499735
0.180498
1.043035
1.115466
0.119843
1.213006
1.789946
0.345780
1.770935
1.752468
0.123690
1.228054
0.276893
1.228858
0.129121
1.793271
0.993126
0.762704
0.375003
1.793179
0.642323
0.125134
0.934913
0.618596
1.468947
1.233705
1.446151
0.504127
1.459709
0.119795
0.438718
0.155469
1.774910
0.921279
0.299003
0.324553
0.814465
0.953987
1.778025
0.934521
1.794141
1.227115
0.214270
1.229760
0.978378
0.310237
1.197860
0.205897
1.685789
1.469129
1.497050
1.795108
0.970354
0.136116
0.392889
0.366580
0.818619
1.786602
1.186959
1.228029
0.456230
0.989178
1.242476
0.625304
1.246069
1.008790
0.695989
0.539777
0.140244
1.325344
1.574994
1.789615
0.938175
1.412297
1.791816
0.992513
0.840161
1.648519
0.160021
0.455214
1.233927
1.774282
1.513611
1.779835
1.787044
1.033109
1.746654
0.121860
1.786490
1.583834
0.610169
1.234488
1.556101
0.122682
0.991539
0.212815
1.217891
0.227196
0.799395
1.481462
0.922826
0.239856
1.793729
0.220305
1.020191
0.132765
0.656788
1.230638
0.136246
1.459069
0.887389
0.854883
1.754474
1.045453
0.744296
1.247825
0.390399
1.574192
0.230540
1.458340
1.469181
0.981631
0.119796
0.163602
0.666790
1.469318
1.794222
1.786239
1.793474
1.794107
1.229115
0.455271
0.866647
0.466051
1.451750
1.411402
1.227828
1.685140
0.244039
1.438598
1.785815
0.393064
0.122192
0.365069
1.004599
1.304236
0.124304
0.149323
0.122655
1.675060
0.319394
0.525841
0.354884
0.814491
1.720633
1.468862
1.787766
1.229825
1.504990
0.735309
1.759824
0.566021
1.490429
0.182075
1.101463
0.235720
0.162440
1.780135
0.270176
0.507948
1.790946
1.547958
1.289691
0.120187
0.664803
1.265132
0.305804
1.790696
1.793390
1.495375
1.509642
0.437227
0.758198
1.628621
0.553556
1.224292
0.984481
0.144553
1.228243
0.295519
0.310561
0.357803
1.505329
0.199861
1.227026
0.298060
1.793741
0.360305
0.138004
0.762290
0.126810
0.766376
1.789104
0.919010
0.757586
1.508307
1.794969
1.777174
0.135343
1.218511
1.519598
1.228173
1.783511
1.570335
0.323406
0.506878
1.228250
0.247663
0.531351
0.226043
1.226500
0.169987
1.072513
0.821168
1.092341
0.548208
1.794580
1.229210
0.169245
0.535295
0.138570
0.962563
1.642741
0.668644
0.120082
0.144412
0.191438
0.819939
1.243128
1.222372
1.656633
1.794263
1.466643
0.693050
0.157404
1.503709
1.019643
0.166506
0.999463
0.750772
0.400393
1.234268
0.122322
0.121031
1.701415
0.140037
1.322907
0.609044
0.410632
1.794837
0.998670
0.133329
1.242286
0.685821
1.201521
1.566800
0.299739
0.378969
1.510371
0.977865
1.040474
0.560703
1.790361
1.044255
0.153510
1.220043
0.753166
0.126501
1.794876
1.227654
1.521207
0.610197
0.975675
1.490501
1.001024
0.945763
0.120280
0.336393
0.829606
1.775194
0.578902
1.792210
1.221293
1.247327
1.794745
1.429125
1.227146
0.991673
1.252255
0.973511
1.734733
0.894026
1.266084
0.119803
0.119795
0.210644
1.240463
1.754496
1.733545
1.273181
0.531397
1.473769
1.665532
1.227415
0.752802
1.507859
1.226805
0.137027
1.791044
1.181380
1.444668
1.129572
1.794886
1.229224
0.186000
1.230780
0.702858
0.359426
1.156543
1.215778
1.218461
0.125737
0.228715
1.505407
0.385036
0.455716
0.127622
1.654178
1.794930
1.433639
0.125687
1.446770
1.230360
0.311156
0.937262
1.786117
0.944189
1.468280
1.792357
0.570978
1.499402
0.791538
1.030110
1.792393
0.428998
1.046684
1.463721
1.767702
1.437978
1.782930
0.468593
1.024754
1.229571
1.430887
0.963913
0.146736
1.062740
0.730500
1.793141
1.229759
0.476070
0.281057
1.481604
1.235087
1.193504
0.134522
1.788325
0.547194
1.228689
1.774210
1.508329
0.304289
0.615563
1.001061
1.468492
1.439090
0.297817
1.793248
0.136424
1.525805
1.229783
0.485094
0.724515
0.321723
1.767445
0.313280
1.576709
1.794563
1.229784
0.129838
0.296750
1.787821
0.966493
1.488412
0.121062
0.340590
0.528153
0.971137
0.960641
1.785478
1.025708
0.835943
1.227005
0.120961
1.229103
0.177886
1.793345
1.251216
0.808125
1.277385
1.222767
1.228207
1.761670
1.778203
0.992441
0.664533
1.441245
0.382679
1.017050
1.547624
0.119798
1.508469
0.431241
1.776219
1.227544
1.229479
1.776126
1.246603
1.319203
1.765408
0.344061
0.383040
0.125075
0.557648
0.422611
0.959229
0.484877
0.754731
1.470854
0.131957
1.420439
0.429112
1.233162
1.794230
0.122291
1.472552
1.090970
1.229737
1.753459
1.558454
0.460784
1.794379
1.238193
0.133899
1.230129
0.334214
0.742648
0.465837
0.933629
0.140175
0.919932
0.570803
0.982609
0.374189
0.784135
0.915895
0.860484
0.339730
0.976850
0.518694
0.331794
0.491951
0.362291
1.723241
1.226320
0.960039
1.702200
0.971701
0.754292
1.794939
0.607520
1.277598
1.356369
1.052847
0.188360
0.151280
0.120477
0.120697
0.828694
1.018099
1.469859
1.754086
0.706248
0.726687
0.450774
1.433080
0.832140
0.327441
1.010047
1.228204
0.539859
1.795030
1.417210
1.225994
1.229541
0.123617
0.617997
0.579371
0.412799
0.984638
0.380786
0.775346
0.384844
1.691022
0.295485
0.470785
1.606239
1.430867
1.789207
1.226029
1.222746
0.816893
0.947877
1.786669
0.476203
1.432240
1.259672
0.946772
0.121643
0.120257
0.880139
0.290803
1.219513
0.141975
0.129999
1.456701
1.238601
1.228537
1.507464
0.597289
1.719188
0.382708
0.483249
1.794890
0.654172
0.244608
1.275857
0.979026
1.794592
1.792134
0.361104
1.513689
1.228524
1.768918
0.125678
0.937174
0.609380
0.165123
0.533784
1.229445
1.123127
1.208856
1.794512
0.698490
0.122194
0.128629
0.243824
0.526493
1.790505
0.466747
1.222194
1.791549
0.966874
0.129040
0.822604
1.794850
0.160429
1.439327
1.229826
0.519594
0.689082
1.331721
0.155464
0.731475
0.365574
0.121823
0.188486
0.515985
0.786472
0.120744
0.463396
1.770141
1.790696
1.230231
0.473127
1.794949
0.389548
0.494862
1.794338
0.466244
0.183345
0.341040
1.670991
1.256960
0.823683
1.532367
0.413103
1.011124
0.478261
0.582772
1.512289
0.804541
1.784227
0.283295
0.529112
0.437976
1.469895
0.684003
0.278136
0.129761
1.435561
0.984432
0.256764
0.214217
0.129477
0.843599
1.226158
1.194071
0.300747
0.160856
0.501956
0.119837
0.641091
1.661742
1.458276
1.196657
0.128656
0.137117
0.363312
0.282021
1.218000
1.772662
0.120617
0.399325
1.233384
1.220477
1.430335
1.507589
1.638609
1.721088
0.744745
1.624085
0.529703
1.464981
1.794559
0.976097
0.684640
1.344135
1.488495
0.409571
0.449764
1.793335
0.756937
1.442307
1.385539
0.805816
0.768625
0.691515
0.195178
0.120451
0.357731
0.121529
0.461460
0.282056
1.793215
0.143504
0.380494
1.442005
1.466903
0.248661
1.164353
0.191780
1.160912
0.453073
1.434894
1.506800
1.384814
0.964161
1.788422
0.852880
1.557885
0.826155
1.228438
0.332468
0.356946
0.136946
0.935343
0.812439
0.300487
0.248013
0.873889
1.238336
1.765758
0.695986
1.044932
0.889947
0.146122
1.683058
0.492053
0.686694
1.208369
0.657651
1.049223
1.506328
1.221891
1.229135
0.168860
0.528342
1.784431
1.229575
1.228870
1.790884
1.788409
1.484816
0.984798
1.794159
1.508760
0.301637
1.768402
0.844039
1.760168
0.136874
0.833481
1.226702
0.314229
0.956300
1.795106
0.361418
0.729215
0.972191
0.139336
1.447048
0.334257
0.237123
1.429736
0.121213
1.737691
1.224554
1.769585
1.778995
1.000429
1.458585
0.395370
1.022130
0.659074
1.794758
0.541151
1.458929
0.489998
1.437555
0.914151
1.232394
0.177991
1.231314
1.794984
0.172853
0.592748
0.484500
0.507424
1.477780
1.154603
0.153463
0.218189
1.794757
1.446253
0.498201
0.362882
0.599791
1.794089
1.052191
0.995565
1.794937
1.230291
0.503189
1.534917
0.125059
1.229376
1.794879
0.841791
1.236708
0.835284
0.225189
1.699899
1.760241
1.191986
1.431733
1.793967
1.687776
1.474364
1.619173
0.955584
1.675102
1.011190
1.440187
1.793929
1.490701
0.367297
1.280269
0.125217
1.335250
1.787337
0.316090
0.441282
1.501964
0.518449
0.488413
0.794398
1.746595
1.794322
1.468542
0.234896
0.431572
0.504491
0.985986
1.585781
0.849389
1.466834
0.409171
0.423697
0.639341
0.928210
1.230561
0.534561
1.793904
1.015040
0.745008
1.229041
0.268936
1.257138
1.584684
1.526063
1.228471
0.736174
1.245642
0.119816
1.227178
1.227678
1.390903
1.529162
0.639931
1.774756
1.051266
1.045711
1.232293
0.497982
1.001850
1.793721
1.780027
0.423151
0.430307
0.779447
1.739750
0.824001
0.557861
1.007053
1.218794
1.567355
1.216454
1.011918
1.183524
0.174322
1.011136
1.228793
1.247201
0.122190
1.695790
1.230097
1.498985
0.284692
0.675887
1.235353
1.788080
1.460255
0.534074
1.469182
0.176116
1.229066
0.439981
1.182979
0.939079
1.472747
1.171121
0.283975
1.794767
1.726305
1.792896
0.141244
1.220347
1.227185
0.281511
0.328726
0.283354
0.345966
1.791046
0.161520
1.230212
0.122090
0.358794
1.493010
0.933261
0.532338
1.693074
1.227352
1.768650
1.760148
0.212946
1.689249
1.225454
1.228110
0.119806
1.229128
0.835825
0.344497
1.227153
0.533549
1.787359
0.205800
1.073789
0.973508
0.145608
0.133255
1.226193
0.853911
1.787332
0.152986
1.204648
0.128245
0.719112
0.981444
1.202037
0.609703
1.790280
0.263541
0.978493
0.130099
1.480999
0.438426
1.551307
1.230743
1.213780
1.212544
1.792155
1.227443
1.444954
0.785450
1.794805
0.124925
0.822144
0.481308
1.132318
0.473787
0.377791
0.290525
1.229612
1.794663
1.462248
0.316355
1.781289
0.449390
1.228313
0.357580
1.446244
0.367693
1.599129
1.512419
1.197951
0.756581
1.224082
0.127900
0.132325
1.439062
0.119907
0.356919
1.793555
1.790868
0.169950
0.979547
1.215369
1.235096
1.393961
0.448509
0.139624
1.505480
0.808109
0.119801
0.320493
0.553914
0.155477
0.145851
0.126002
0.250246
0.500556
0.286855
0.398734
1.710399
1.427181
1.223814
0.980230
1.795030
1.231568
1.793601
0.128693
0.120357
0.673269
0.151924
0.826850
1.502836
1.507091
1.735378
0.503626
0.634211
1.009003
0.377476
1.226855
0.594987
0.995818
0.749268
0.326939
1.650647
1.671752
0.266887
0.999251
1.790668
0.349349
0.691673
1.561424
0.472985
1.138350
1.496171
0.748471
0.392735
0.203528
1.464213
0.825215
1.786027
1.791471
0.402080
1.228017
1.053227
0.119874
1.793171
1.505317
1.225940
1.788215
1.506263
1.783715
0.335459
1.578959
0.256135
1.769262
0.121587
1.510895
0.217621
0.976220
1.305808
1.268145
0.644701
0.415200
1.794693
0.246917
0.971001
1.038650
0.212579
1.795038
1.227850
1.793963
1.451520
0.317159
0.327161
1.786345
1.446294
0.422470
1.019101
0.617671
1.467536
1.574251
1.794925
0.624854
0.170752
1.217870
1.229461
0.281397
1.475156
0.176014
1.794866
1.479195
1.795079
1.783541
1.229301
0.981068
1.217823
0.772127
1.140597
0.138035
0.265733
0.414765
1.232712
0.226387
0.765620
0.976500
1.439311
1.228201
0.709025
1.524282
1.790300
0.240781
0.571647
1.038522
0.318133
1.419655
1.479420
1.775534
1.233185
1.028040
1.159696
1.468781
1.507188
1.112682
0.818137
1.770298
1.244344
1.786810
0.970603
0.842524
0.670054
0.267182
1.230448
0.789806
0.424945
1.445629
0.213966
0.835262
1.794257
0.719254
1.257144
0.381500
1.794625
1.633658
0.417792
1.791301
0.291617
0.433425
0.261410
0.298747
1.139351
0.891164
0.506492
0.533837
0.854039
0.191436
0.610954
1.500867
0.971451
0.991093
1.507551
0.120202
1.465969
1.794815
1.191851
1.758426
1.062172
1.512598
0.797379
0.121464
1.741875
0.669312
1.230848
1.794405
1.794453
1.788096
1.759223
1.783534
1.794332
0.725515
1.222505
0.991513
0.931003
1.792804
1.469820
0.737299
1.484333
0.409858
1.173658
0.596649
1.512296
0.966323
0.831483
0.516908
0.865458
1.522949
1.386973
1.410641
0.998114
1.007221
0.902024
1.792286
1.223031
1.441550
0.547035
0.148248
1.228849
1.225370
0.183777
1.225219
1.214702
1.220279
1.475449
1.467896
0.166292
1.794539
1.238986
1.241143
1.468702
1.486868
1.089791
0.158968
1.795034
1.505546
0.968036
1.032423
1.611452
1.530991
0.992957
0.121166
0.398718
0.153349
1.509733
1.162308
1.468481
1.229355
1.739629
1.245806
0.779798
1.484775
0.145543
0.498533
1.789861
1.453420
1.794405
0.799132
0.732114
0.356025
0.692007
0.320457
0.480658
1.437229
1.793236
1.228769
1.417209
0.120576
1.769519
1.759206
1.790819
0.985076
1.251039
1.512656
1.355118
0.431494
1.266841
0.147482
1.519492
1.221963
0.587670
0.921566
0.354400
1.446051
1.267869
1.794952
1.433468
1.442496
0.770970
1.776569
1.229821
0.167437
1.790279
1.733426
1.021822
0.708948
0.749128
0.432925
1.217777
1.513783
0.232321
1.228974
0.980985
1.514810
1.005092
0.469616
1.762136
1.222411
1.789805
0.925000
0.397565
1.228073
1.227333
1.792207
0.949240
0.172874
0.917686
0.733110
0.981374
0.463758
0.959693
1.791910
1.318531
1.461044
1.179536
0.406311
0.138652
1.229228
0.442665
0.529783
0.121045
0.471156
0.681443
1.226832
0.610002
1.516354
1.228142
1.226472
0.214636
1.228778
0.628128
1.510993
1.295323
1.794811
0.997375
0.701676
0.666180
1.233095
1.233557
1.504697
0.433399
1.269422
1.511028
1.793436
1.793380
1.472062
0.123433
0.973350
1.646833
0.470231
1.738810
1.307508
1.439550
1.688484
1.469555
1.783030
0.125577
0.993406
0.932443
1.241194
0.227311
1.240952
0.761932
1.782552
1.783942
1.508532
1.106045
1.794886
1.479444
1.227461
1.469747
0.726608
1.790787
1.243242
0.121039
0.942582
1.232203
0.551184
1.225941
0.558745
0.572967
1.229109
1.228368
0.256630
0.444583
1.793887
1.056531
1.508020
1.225173
0.406510
1.729573
0.122258
1.775445
1.790972
0.792991
1.202233
0.914333
1.506685
0.393963
0.120198
1.233125
1.225893
0.479818
1.435301
0.730759
1.228739
1.229260
0.134984
0.844127
0.583720
1.730217
1.794053
1.229488
0.936546
1.446225
0.803437
0.254271
0.972095
1.794547
1.698409
0.267442
1.794902
0.125581
1.123599
1.225227
1.511876
0.452195
1.412639
1.232965
0.975777
1.416060
1.505327
0.917141
1.522526
1.561264
0.995249
0.478654
1.444348
1.137600
1.228251
0.266047
1.229100
1.340976
0.544678
0.542131
1.493097
1.789677
0.218051
1.205389
0.909955
1.788083
1.435722
1.231331
1.226064
0.124546
1.535298
0.975022
0.731070
0.304479
0.740594
0.825402
1.778570
0.969796
1.772450
0.297262
1.228645
1.722445
0.119810
0.312329
1.506758
0.135631
1.229475
0.703956
0.485043
0.439214
1.505549
0.845562
0.941173
1.229596
1.509281
0.529364
1.285112
1.509404
0.379205
0.364153
1.226653
1.793392
0.555316
1.792831
1.661617
1.469066
0.176453
0.533203
1.506904
1.346892
0.452292
1.724190
0.406870
0.777243
1.632927
1.794000
1.226833
0.221779
1.002882
0.189333
0.142099
1.663774
0.121668
0.139726
1.780262
1.703884
1.505281
0.149448
0.142928
1.129661
0.545924
0.643151
0.212830
1.460409
0.973899
0.119797
1.158733
1.795006
1.794990
1.783696
1.786955
0.486152
0.938585
1.740904
1.229305
0.986619
1.761161
0.195001
1.703730
0.472747
1.229145
0.297311
1.240219
1.794955
0.694278
1.543221
1.240638
1.509353
1.794363
1.795019
1.229256
1.794658
1.772275
1.230258
1.435737
1.553144
0.123120
0.433925
1.211448
1.726517
1.664204
0.790970
1.430297
0.151470
1.227775
0.932621
0.647557
1.736868
1.253471
1.689346
1.505010
1.200556
0.161084
1.790277
1.794265
0.561719
0.209171
0.931985
1.044570
1.790569
1.597603
1.178087
1.230578
1.792832
1.207168
1.503707
1.739965
1.790741
1.082405
0.173709
1.281873
0.737086
1.782942
1.436247
1.260904
1.434387
1.523746
0.384699
1.227419
1.224990
0.172559
1.793790
1.787891
1.794204
1.789298
0.999236
1.794767
0.774672
0.507409
0.139293
1.234473
1.471808
1.678840
1.394426
1.311160
0.242712
1.789125
0.477489
1.226805
0.703335
1.603650
0.827762
0.268030
0.125889
0.132478
1.233513
0.978415
0.993196
1.445259
0.565511
1.228642
1.253678
1.075263
0.220208
0.993375
0.505938
1.773884
1.624716
1.669122
0.697121
1.508995
0.373952
0.272520
0.531875
0.971963
1.695473
0.122893
1.049788
0.132824
0.502949
1.226135
0.762056
1.468875
1.205554
1.233615
1.230510
1.228775
1.515151
0.761144
0.180398
1.642317
0.422665
1.220076
0.283754
0.859908
0.842222
1.691356
1.222283
0.353917
1.794864
0.488213
0.466003
1.790157
1.469599
1.759248
1.230067
1.228461
0.329551
0.300699
1.234249
0.783651
0.377900
0.144794
1.472698
1.725880
1.044186
0.828111
0.392172
1.227495
0.120622
1.240632
1.631194
1.260188
0.776614
0.678998
1.562635
0.822752
1.794603
0.428199
0.806034
0.843707
1.219909
0.845917
0.560622
1.436520
0.987134
1.793566
1.453710
1.228961
0.583669
1.776410
0.120066
0.400873
1.232430
1.785336
0.348234
1.235171
1.229015
0.308637
1.469863
1.236465
0.297991
0.723223
1.794384
1.236264
1.645404
0.839778
0.148187
1.023373
0.379595
0.741969
0.150676
0.569697
0.946131
1.789160
0.132861
1.113873
1.442491
0.963306
0.674473
1.229771
1.464184
1.470972
1.691929
0.246419
1.490293
0.987949
1.601573
0.508619
0.126996
0.856721
1.342286
1.228945
1.506697
1.343383
1.434185
1.507007
1.481411
0.187194
0.965041
0.969247
1.774200
0.811750
1.212159
0.359243
1.243811
1.445893
1.446028
1.228011
0.301770
0.513355
0.976387
0.685991
0.536015
1.237661
1.232264
0.122061
1.783385
1.230072
0.383159
0.900880
0.511222
0.382749
0.162370
0.480749
1.588262
0.838491
1.248251
1.790612
0.154061
0.120578
1.260970
1.230893
0.629723
1.297239
0.417169
0.376842
1.431392
1.788470
0.123748
1.286615
0.646923
1.233573
0.839205
1.791102
1.230058
0.473534
1.052007
0.349444
1.236760
0.510697
1.229277
1.471438
1.403027
1.792557
1.509706
0.245977
1.507077
0.601008
0.120259
1.793738
0.159440
0.328122
1.491526
0.243837
1.786303
1.600585
1.194356
0.280297
1.785394
0.136021
1.232727
0.133808
0.481370
1.237479
0.638914
1.794313
1.709530
1.465919
1.229124
0.140930
1.227795
0.196892
1.510255
1.229402
0.634338
1.793129
1.444834
1.481292
0.205320
1.228089
0.328838
1.020007
1.216630
1.434693
1.793527
0.830806
1.785034
1.229810
0.645694
0.970084
0.410576
1.794372
0.817654
0.120673
1.783831
1.051495
0.773018
0.754863
0.157273
1.229344
0.762724
1.372751
1.355432
0.219102
1.481506
1.146957
0.716978
0.133738
1.794657
1.247818
1.529595
0.391242
0.314217
0.169646
1.730931
1.520299
0.738978
1.794851
0.409499
0.163075
0.121112
0.123724
0.727829
1.543827
0.427094
0.168948
0.624732
0.572338
0.149398
1.777967
0.730942
0.336238
1.559916
1.509261
1.227465
1.242932
1.792423
1.783794
1.227992
1.468297
1.243136
1.481108
0.823421
1.475603
1.226749
