0.821279
0.746223
1.560021
0.179766
0.506028
1.860287
0.271153
1.628151
1.099605
0.644543
0.345246
1.862764
1.395682
0.141741
0.970507
1.003872
1.863535
0.296359
1.050920
1.759836
1.751572
1.140975
1.796143
0.886205
0.701772
1.347537
0.226113
1.495965
1.599774
1.201493
0.967476
1.241583
1.117949
0.652129
1.120629
1.044341
1.759319
1.738547
0.321323
0.790369
1.757913
0.575772
1.037055
1.479010
0.979113
0.524883
0.147845
1.141009
0.277875
1.561290
0.692270
1.860355
1.451558
1.122777
0.849181
0.673497
0.124057
0.200787
1.227008
0.932497
1.775222
0.436693
0.493921
0.542231
1.560054
0.170478
0.282542
0.604231
1.219999
0.176319
0.266652
1.860681
1.618395
0.112811
0.121435
0.532938
1.025872
1.279450
0.470001
1.800775
0.695365
1.111656
0.634053
1.858902
0.210843
1.114809
1.226167
1.770661
1.297613
0.120535
1.277371
0.467350
1.120887
1.769723
0.238491
0.115773
1.613858
0.978303
0.241198
0.450938
1.147093
0.740091
1.289923
0.370990
1.859612
0.623373
1.862673
1.767870
1.484370
1.332238
1.256015
0.532119
0.150931
1.766388
0.646462
1.102929
1.327682
1.403919
0.303750
1.784228
0.621082
1.356503
1.765925
0.719012
1.095388
1.124898
0.129019
0.728485
0.274380
0.160421
1.653170
1.209933
0.737084
1.463133
1.759165
1.308799
1.450345
0.610227
0.745542
1.194093
0.843632
0.518022
0.143222
1.121549
1.173218
0.916125
1.346769
0.210954
1.784241
0.357812
1.350969
0.554531
0.949081
1.863676
0.422805
0.980101
0.636155
1.766970
0.388158
0.107665
1.695725
0.318283
1.856530
1.591826
1.860333
0.110654
1.767688
1.770769
1.478027
0.544914
0.676215
1.120378
1.496396
0.600579
0.141025
0.932330
0.164252
1.863447
1.464823
1.738119
1.768375
1.860485
1.485915
1.317842
1.767664
0.843181
0.582130
1.364591
1.357468
0.725929
1.559842
0.699211
1.007859
1.222788
1.863765
1.862175
1.214823
1.854500
0.116013
1.863230
0.137897
1.770799
0.490852
1.292700
0.254331
0.210761
1.118112
1.158894
1.321164
0.602754
0.533608
1.769556
1.863559
0.486670
1.127302
1.019726
0.411252
0.141496
0.620824
0.704649
1.675613
0.885432
1.488754
0.753269
1.461765
0.355339
0.253239
1.614573
1.767526
1.762634
0.241231
1.854720
0.570418
0.568400
1.123914
0.484975
1.118013
0.245143
0.655627
0.228968
1.561563
1.733270
1.118628
1.763558
1.126855
1.143229
0.183028
0.751871
0.824841
0.376806
1.861521
0.377465
1.333792
0.831930
0.454692
0.675798
1.033810
1.496679
0.505951
1.322561
0.140472
0.689641
1.181975
1.290678
1.135758
0.705286
1.326647
1.051371
1.774466
1.734181
1.762192
1.189063
0.820251
1.739614
0.128569
0.872795
0.473626
1.188167
0.384764
1.274560
0.352425
0.297711
0.594485
1.861024
1.495963
1.720178
0.150358
0.960690
0.754085
1.003582
1.625242
1.496391
0.526626
0.220854
0.624398
0.897701
0.914986
0.762435
1.630165
0.597458
1.531936
1.157371
1.778197
1.635784
0.107811
0.664141
0.889234
0.232433
1.496392
0.895712
1.174248
1.327140
0.234646
1.510024
1.679147
1.764112
0.376434
0.904863
1.005984
0.559864
0.114131
1.764750
0.136508
0.150366
0.828632
0.442263
1.742798
0.563143
1.643990
0.221989
1.837489
1.758650
0.243991
1.216796
0.991491
1.863382
0.636491
1.768988
0.632510
1.158575
0.653724
0.585555
1.748764
1.852095
0.618180
0.315872
1.123093
1.785980
0.414804
0.904548
0.655112
1.005306
0.097995
0.546572
0.828208
1.139519
1.698606
1.863467
0.921480
0.709064
0.423950
0.875577
0.101322
1.121032
0.120386
1.863353
1.024773
0.249657
0.147121
0.274582
1.842086
0.914218
0.248034
0.193525
1.762843
0.669758
0.760383
1.651970
1.639060
0.104082
1.078565
0.674514
1.770757
1.215676
0.115959
1.746766
1.863686
1.487384
0.355928
1.000741
0.561445
0.454350
0.334029
1.324387
1.561531
1.710159
0.482976
1.333356
0.559455
1.465854
0.590097
1.319050
1.207736
1.148029
1.290348
1.114534
1.704826
0.882335
1.463150
0.706466
0.213589
1.863773
1.844487
0.467519
0.322549
0.965713
1.765389
0.154134
0.117805
1.747823
1.833644
1.515146
1.115702
1.006912
1.181419
0.579991
1.863795
0.611790
1.457802
0.474533
1.221978
1.174556
0.842165
1.220638
0.449213
1.634784
0.146095
0.889539
0.864698
0.790061
1.334031
1.687584
0.134171
1.283833
1.741064
0.383151
0.140779
0.809651
0.560108
0.764731
1.770716
1.770639
0.565778
1.759630
1.469981
0.163990
0.146619
1.740036
1.395460
1.700966
1.225462
1.863685
0.140545
0.212651
0.196622
0.648244
1.013061
1.122353
1.467753
1.759859
1.123858
0.131491
0.226671
0.933910
0.677447
1.649225
1.753003
0.360372
1.253736
1.561339
1.809063
0.631864
0.499882
0.122831
0.657831
0.948765
0.504138
1.135502
1.824467
1.848270
1.769289
1.123014
0.950177
1.458025
0.963214
0.368179
0.802534
0.777111
1.161747
0.302187
1.797720
1.046075
0.811436
1.768435
0.660220
1.700739
0.689245
0.532241
1.691924
0.921345
0.649852
1.240944
1.770773
1.755875
1.862066
1.005359
1.861931
1.118456
0.352411
0.634007
0.910226
0.996960
1.236664
0.912054
1.805523
1.862038
0.289458
1.756558
1.465426
1.769076
0.497862
1.863765
0.236633
1.283271
0.511298
0.127679
0.649876
1.847258
0.291022
1.238817
1.176939
1.290924
1.000875
0.872027
0.944988
1.835776
1.202359
0.346883
0.903009
0.153406
1.731576
1.143983
0.922947
1.238713
1.330370
1.124908
0.541031
0.652549
0.869497
0.921809
0.741452
0.942563
0.334611
0.105404
1.489739
1.178943
1.788724
0.841707
1.863696
1.009482
1.463347
0.102640
0.255176
1.496419
1.302882
1.267547
1.764610
1.623248
1.765952
1.560766
1.769713
1.636524
1.138121
0.465657
1.860820
1.764226
0.626472
1.785791
0.111336
1.771092
1.763270
0.400333
1.770916
0.851173
1.187652
1.863877
0.657651
0.315134
1.285073
0.560083
1.860138
0.142768
0.458882
1.130862
0.269498
0.152122
0.311237
1.006243
1.862136
0.979852
0.117120
0.474317
1.138215
1.807802
0.109922
0.583892
0.978834
0.629290
0.108992
0.280752
1.771532
1.737627
0.224121
0.925800
1.467649
0.397529
1.705794
1.358560
1.007316
0.667633
0.487357
0.490015
1.124922
1.496007
1.007279
0.123390
0.149713
1.269527
1.324077
1.767874
0.418533
1.768324
1.003389
0.785606
1.463234
0.140468
0.991219
0.503226
0.520033
0.204481
0.465201
1.312669
1.863843
0.288484
1.561541
0.627451
0.998199
0.264221
1.770429
0.652395
1.786654
0.735232
1.862896
1.558449
1.147961
1.341916
1.863279
0.205896
0.386321
0.121673
0.149222
0.455348
0.628682
0.863388
1.767608
0.119148
1.226956
0.503592
0.107361
1.773926
0.685461
1.862879
0.545220
1.211660
0.100244
1.685189
0.120829
1.863795
0.744073
1.862885
1.625362
1.858386
1.618454
1.103569
1.505891
1.219090
1.770483
0.822385
1.778667
1.363130
0.854170
1.507779
0.199549
0.331658
1.157277
1.747165
0.114190
1.287547
1.656497
0.595102
1.861460
1.017522
1.860103
0.269272
1.314533
1.269190
0.497139
0.746884
1.086104
1.863656
0.173700
1.859567
1.121131
1.742773
1.664105
0.985368
1.653059
1.251935
0.219602
1.860128
1.449238
1.841128
1.462178
0.188983
1.770708
1.009974
1.483816
1.863401
0.495154
1.300729
0.959856
1.574255
0.218294
1.764864
1.204235
1.499881
0.226457
1.863270
0.472461
1.408964
1.127593
0.522488
0.616400
0.894815
1.571321
1.186364
1.015055
1.726684
0.598583
0.399229
0.420621
0.588533
1.346451
0.569952
0.411643
1.501047
1.651230
1.354013
0.365698
0.339370
1.331460
0.539284
0.924816
1.862497
0.135300
0.440371
1.863781
0.567115
1.270406
1.863469
1.863817
0.321934
1.863560
1.171606
0.122900
0.998982
0.496240
1.496111
1.332035
0.183407
0.860290
0.263452
0.386272
1.463222
0.151473
1.307241
1.114071
1.863447
0.972206
0.186499
0.380176
0.564725
0.693938
0.923958
0.097346
0.118832
1.553202
0.207873
0.284245
1.695831
1.664281
0.541768
0.360141
0.524370
1.264937
1.559994
0.799167
0.421479
1.487692
0.342206
1.491262
1.659417
1.017448
0.892208
0.549799
0.143472
0.274559
0.915094
1.501592
0.131351
1.734133
1.816965
1.135720
1.338338
0.694886
1.119267
0.835215
0.336617
1.863280
1.731125
0.150490
1.559190
1.338154
0.364863
0.854870
1.115989
0.695612
1.120694
0.632344
0.662462
0.378121
0.666239
1.130722
0.332715
1.745476
1.861644
1.863682
0.779632
0.421535
0.930953
1.863661
0.527523
1.560541
1.771831
1.337500
1.322632
1.767783
0.929763
0.355644
0.329244
1.459919
0.849988
1.250130
0.552225
1.344656
1.572705
1.315797
0.457435
1.752190
1.464468
0.314508
0.591840
1.772376
1.457316
0.369421
0.606729
1.744053
0.527339
1.125225
0.499742
1.300937
0.586729
0.179516
0.830463
0.916924
0.446728
1.142891
0.106509
0.255223
0.942479
0.424247
0.107420
1.863827
0.438845
1.136447
1.465528
1.767858
1.862723
1.337035
1.145043
1.372524
0.699121
0.618772
0.338753
0.232653
1.202030
1.245661
1.620782
0.303501
0.599525
0.676033
1.769021
0.803155
1.771264
0.737285
0.294481
0.774332
1.333401
1.217755
1.305823
0.918030
1.764755
1.771040
1.647651
1.742439
0.984475
1.863695
0.628973
1.574754
0.319731
1.862866
1.179742
1.863379
0.800838
1.497228
1.355932
0.418737
1.769508
0.470379
0.392398
0.823326
0.479925
1.124554
1.464216
1.779948
0.647331
0.121672
1.001326
0.785958
0.381139
0.110687
1.769817
0.608884
0.146542
1.319672
1.005467
1.496124
0.421131
1.173995
1.490555
0.755828
0.609470
0.962789
1.181828
1.004965
1.567604
1.770872
1.844520
1.301556
0.497976
0.837734
0.389776
0.224859
0.144085
1.006736
1.753372
1.120875
1.121255
0.339444
0.827675
0.499346
0.260249
1.496777
1.862983
0.493696
0.976934
1.862712
0.604790
1.144042
1.863754
1.472534
0.510524
1.385152
1.134917
1.120156
1.859174
0.383802
0.668797
0.379548
0.623295
0.483115
0.840388
1.313378
0.187367
0.568756
0.422777
1.008468
0.183379
1.161319
1.144703
0.740591
0.730631
1.740147
1.768436
1.215041
0.944231
0.559476
1.765537
1.119081
0.425618
0.817270
1.859840
0.857488
0.529532
1.764620
0.609046
0.696531
1.444143
0.191879
0.754129
1.113796
1.799745
0.535426
0.110681
0.508527
0.106313
0.549715
0.685848
0.127912
0.198010
0.616361
1.685938
1.466995
0.549214
0.896297
0.805238
1.148157
1.862290
1.488348
0.925323
0.635955
1.769642
1.496923
0.278983
1.769867
1.010468
1.007777
0.569742
0.138258
0.318509
0.477498
0.101156
1.748678
1.646026
0.354034
0.907507
1.484685
0.331094
1.736377
1.119502
1.238498
0.910120
1.006798
0.486991
0.938748
0.121244
0.644022
0.462919
0.433720
0.109749
0.289291
0.717895
0.656731
0.483577
1.863217
0.914988
1.665742
1.456973
1.758209
0.476387
1.857375
0.606383
0.149997
0.417010
1.861567
1.560432
1.157899
0.912700
0.946617
0.606629
0.921079
1.104026
1.118741
1.770693
0.697305
0.303105
1.218022
1.741885
0.769671
0.116263
1.119290
0.795786
1.759590
1.862786
1.581433
0.185313
1.455244
0.812795
1.106263
1.792908
0.129411
1.863137
0.153193
0.818352
1.681043
0.359445
0.866996
0.609770
0.434890
0.558180
1.123289
0.604864
0.579927
1.308728
0.290089
1.576194
1.490834
1.221315
0.353325
0.943881
1.763101
1.829198
1.245622
0.899182
1.293953
0.545295
1.770851
1.861358
0.273307
0.294386
1.850951
1.121852
0.938803
0.558727
0.516517
1.498652
0.655670
0.141050
0.550480
1.198326
1.863362
0.217039
0.849324
0.667730
0.169516
0.460426
0.218762
0.191730
1.744193
0.947468
0.141986
1.462573
0.892949
1.673620
1.762411
1.248305
0.533785
1.333661
0.924659
0.838975
0.981943
0.539334
0.805762
0.766405
1.127481
1.461134
1.277531
0.962559
0.153045
0.851428
0.936574
0.597934
1.003502
0.361412
1.091372
1.560368
1.857088
1.561299
1.623241
0.802381
1.861905
1.771132
0.336995
0.143711
0.362517
1.768634
1.411628
1.119544
0.977115
1.657623
1.763489
0.134215
1.550561
0.556410
0.996607
0.179711
1.863443
1.396610
1.199845
0.507078
1.362948
1.463351
1.126618
1.310739
1.561544
1.129415
1.700552
0.655892
0.306376
0.249775
1.496065
1.433942
1.769623
0.409187
1.760126
1.308031
1.768775
1.263011
1.744521
1.621958
1.223953
1.140917
0.118529
0.262498
0.162592
1.626117
1.863663
1.770712
1.776737
0.106934
1.147286
0.561030
0.830313
1.251586
0.630994
0.661931
1.130579
1.632491
0.238012
0.643109
0.609308
1.850047
1.759038
1.124983
0.976596
0.879542
1.483720
1.685319
0.568873
1.569983
1.275394
1.863870
0.398253
0.150158
1.642461
1.017728
0.152391
0.118203
0.967544
0.586889
0.721635
0.113010
0.960801
1.143248
1.667541
1.264003
1.208951
0.973921
0.184473
0.779970
0.290671
1.112153
1.174108
0.788130
0.913635
1.863346
1.564114
0.408857
1.734691
0.734259
0.113532
0.627927
0.403999
1.613080
1.862039
0.204202
0.409489
0.708369
0.215058
1.112117
0.726770
1.466890
1.861869
0.604409
1.340193
1.830891
1.751615
0.737695
1.166757
0.529449
0.334231
0.265570
0.223266
0.888365
0.661596
0.954793
1.737847
1.760240
1.637624
0.217746
0.754573
0.691475
0.457405
0.495596
0.637924
0.142387
1.863784
0.673190
1.307980
0.636725
1.294362
0.797157
1.752924
1.461736
0.179777
1.590875
1.863669
1.286549
0.800978
0.967060
0.867945
1.635520
0.778484
0.426251
0.597702
1.863881
1.769132
0.988495
1.765122
1.389610
0.665734
1.054215
1.840424
1.042782
0.588609
0.896191
0.101786
0.630588
0.301615
1.863014
1.856217
0.197956
1.118822
1.863749
0.526023
0.362284
0.196261
1.237776
0.717522
0.380572
1.241832
1.847494
0.641522
1.007346
1.297062
0.306782
0.137176
0.571968
0.530232
0.256454
0.400056
0.790904
1.742773
1.193578
1.863816
0.480257
0.668849
1.244790
0.428378
0.656679
0.174690
1.642344
0.255741
0.183741
0.834906
0.429283
1.332442
1.715187
1.472832
1.000596
1.006258
1.643227
0.470124
0.585199
1.324597
1.848585
0.581713
0.726283
0.425557
1.140620
1.744961
0.917407
0.463443
0.116301
0.269390
1.767834
1.774865
1.854549
0.346808
1.261217
0.992028
1.125603
1.751895
0.796677
1.791262
0.339407
1.667625
1.122049
1.317983
1.863727
0.743098
0.836271
1.132155
1.560982
1.750628
1.325477
1.284995
0.857959
0.507212
1.765728
0.191456
1.005168
0.475581
1.762269
1.075829
0.202327
0.473336
0.573859
0.760100
1.861488
1.467700
1.756466
1.223846
0.659976
0.651493
1.863375
1.774632
0.974170
0.131227
1.765346
0.968520
0.609865
0.218739
0.693348
1.350203
1.821061
0.917580
0.404338
0.974029
1.197007
1.767843
0.675777
1.767902
1.700635
1.304256
0.519973
0.471737
1.826194
1.763104
1.436880
0.387373
1.740790
1.340333
1.169838
0.431962
1.765767
1.271437
0.894183
0.315844
0.120655
0.811404
0.918287
0.992921
1.718833
0.775230
1.757650
1.224886
0.149334
1.283487
1.863530
0.518849
0.325393
0.650094
1.285000
0.111203
1.476064
0.938345
0.999167
1.122079
0.783001
1.679903
1.372725
1.047180
0.629607
0.211426
1.834978
1.338649
0.508210
1.262957
1.469177
0.160739
0.962537
0.553277
0.524483
0.875241
1.136932
1.142861
0.117900
1.761735
0.660275
1.849015
0.817136
1.385745
1.150922
1.137821
1.493858
1.005872
0.377148
1.622498
1.365700
1.161143
0.579615
0.396320
1.113247
0.140696
0.905927
1.117654
1.682465
1.334167
1.704822
0.793142
1.311572
0.209464
1.119631
0.913037
0.294152
0.142902
1.032728
0.892872
1.196526
0.412616
0.709801
0.260673
1.860480
0.694364
0.530656
0.403733
0.676884
0.168337
0.863399
0.403472
1.246991
0.407391
0.302254
1.211665
0.801968
0.194674
1.496088
1.177164
0.666014
0.226104
1.006774
0.404521
0.883408
0.234657
1.691468
1.243715
0.184220
0.258783
0.239787
0.098822
0.425225
0.502359
1.287049
1.766139
0.279299
1.861587
0.346904
0.330879
0.830250
0.119848
1.120763
1.008607
1.005684
0.414013
0.574839
1.585278
0.373227
0.400742
0.286823
1.863678
1.397094
0.996641
0.523090
0.985496
1.133795
1.290322
1.753732
1.131429
0.164877
0.576185
1.728991
1.246669
1.720520
1.607524
1.450677
0.146313
0.453056
1.745232
1.652509
1.691650
1.284577
1.443180
0.762125
0.683420
0.890266
1.233820
0.313431
1.496011
1.319152
0.762421
1.489284
0.841382
0.292597
1.183574
0.818163
0.124919
1.862389
1.144932
1.175264
1.767021
1.770558
0.649117
1.502382
1.165602
0.214466
0.155163
0.612422
1.003420
0.468778
1.483357
1.863865
0.819492
1.495970
0.219985
1.131827
0.789439
1.863142
1.760769
1.770163
1.288720
1.176728
0.988048
1.118288
1.156914
0.998695
0.858605
1.374162
1.861498
1.463815
1.620935
0.591440
1.002464
0.293539
1.625790
0.977959
1.793761
1.738244
1.707861
0.421005
0.554091
1.794098
0.902944
0.923710
1.654170
1.863766
1.770743
0.292662
0.475486
0.367238
1.770842
1.275590
0.910673
1.863819
1.863624
1.658646
1.133894
0.161615
1.732553
0.921476
1.010456
1.862416
1.769736
0.257790
0.148746
1.768893
1.695962
1.825921
1.275894
0.145760
1.488882
1.501271
0.614391
0.946695
1.696022
1.468168
1.268675
0.164490
0.119707
0.116143
1.346172
0.842615
0.983156
1.111155
1.713200
1.229565
0.151133
0.831655
1.727431
0.466320
1.310035
0.172214
1.426401
1.160009
0.745450
1.858181
0.122728
1.787779
0.233648
0.646923
1.330274
0.680618
0.171248
1.495957
1.497558
0.578368
1.320933
1.624786
0.181041
1.862175
1.753306
0.555105
1.175518
0.169178
1.248117
0.589602
0.410454
0.974316
1.013289
1.089428
1.726166
0.530504
0.662410
1.414006
1.334117
1.329332
1.728482
0.798481
1.076882
0.694892
0.277401
0.995961
1.003684
1.332676
0.099677
0.514014
1.561290
0.615586
0.189255
1.466073
1.770922
1.860995
1.334646
0.482068
1.317192
1.300360
1.705585
1.639139
1.221785
0.965693
0.612696
0.356664
0.234282
1.006318
0.435706
0.929813
1.862602
0.945731
1.767932
0.877847
0.315631
0.561664
0.510303
1.498188
1.765772
1.175400
1.677127
1.338681
0.757600
0.701985
0.121694
1.160304
0.868817
1.736324
1.122331
1.494343
0.968996
1.061363
0.107292
1.467396
1.863879
0.147221
1.767634
0.367215
0.688022
0.362372
0.448914
1.301428
0.599845
0.789005
1.241037
1.703417
0.325735
1.855493
1.863876
1.414386
0.630252
0.460979
0.325403
1.205352
0.122520
1.147027
0.110870
1.557146
1.349063
1.617811
0.705920
0.548187
0.101999
1.863083
1.462529
1.767295
0.616778
1.847939
1.121283
0.380630
0.874837
1.632993
0.666448
1.618782
1.635389
0.401163
0.178797
0.241525
0.305398
0.213692
0.683348
0.612030
0.550797
0.240201
1.753540
0.130612
0.965851
1.672838
1.241067
1.123927
1.748539
1.338650
1.131269
1.244618
0.607800
0.847408
1.770379
0.547814
1.083815
0.115536
1.642165
1.689769
1.124604
1.198157
1.004683
1.863718
1.863885
1.228221
0.841803
1.767395
1.112759
0.422074
0.649433
1.469851
1.863749
1.615011
1.495959
1.229074
0.585015
0.293450
1.233425
0.122060
1.404634
1.351903
0.565517
0.100657
0.957687
1.007144
0.575352
0.787770
0.946945
0.413085
0.462540
0.757112
1.652411
1.116034
0.466988
0.739548
1.770766
0.129589
1.766854
1.275832
1.069749
0.376408
0.400414
1.121588
1.312837
1.164680
0.840262
1.227702
1.863902
0.852751
1.784927
1.548843
1.717321
0.178560
1.770219
0.928339
1.861501
1.387061
0.936874
0.643366
1.766055
0.924181
1.862682
0.442011
0.395144
1.769621
0.256892
1.251349
0.471552
1.259994
0.179426
1.860802
1.182661
1.486307
1.468379
1.650898
1.617351
0.120383
1.762033
0.274445
0.670869
1.118873
0.476042
1.860121
0.457547
1.863596
1.235330
0.633109
1.678757
0.585358
0.781862
0.566932
1.792616
1.342712
1.030228
1.463864
1.118164
0.546176
0.308649
1.854588
1.625366
0.275388
0.240513
0.200449
1.851951
0.558015
1.496991
0.740532
0.219679
0.485815
1.863876
0.115563
1.245606
1.170776
0.983514
0.724514
1.236496
1.670940
0.849949
0.561800
1.403424
0.724035
0.213624
0.560821
0.630917
0.602200
0.736167
0.590495
0.796996
0.491118
0.873580
0.750165
1.121115
0.321141
1.760173
0.893097
0.906707
0.338408
1.771017
1.799309
1.292083
0.496429
0.407870
0.629396
1.770442
0.293590
0.291742
1.767735
1.295505
1.166796
0.695008
0.997979
0.449315
0.188487
0.277272
1.268285
0.862501
0.867175
0.311318
1.323997
1.863079
1.860789
1.768928
0.140675
1.118788
0.171207
0.630391
1.741173
1.858658
0.560168
0.604710
1.647403
0.542026
0.704449
1.627745
1.735198
1.444160
1.341026
1.220332
0.654245
0.777329
1.088246
1.154189
1.745795
1.759248
1.863422
0.826073
0.133995
0.611051
1.680520
1.006230
0.989564
1.862800
0.856790
0.902467
1.215433
1.858594
1.738814
0.893007
0.399989
1.014436
1.563985
0.467105
0.433618
1.252337
1.350206
0.121230
1.118132
0.403281
0.612369
0.813022
1.771389
0.951916
0.290358
0.834709
0.523494
1.767606
1.238466
1.775298
0.808828
1.018149
0.353484
0.910094
0.991832
0.973163
1.769239
1.764177
0.938098
1.665369
1.030179
1.185103
0.869996
0.272929
1.231073
1.751166
0.860626
0.741913
1.354052
0.745678
1.165357
1.560054
1.053035
1.305654
1.413075
0.566859
0.261088
1.249871
1.119803
0.458989
1.770146
0.781014
1.762793
1.120494
0.616675
0.136087
1.677753
1.559564
1.257342
1.496384
1.119741
1.460245
1.856605
0.143002
0.171483
0.948654
1.770723
0.850447
0.115520
1.468904
0.524419
1.513806
1.843778
1.292758
0.749374
1.121569
1.770453
0.859980
1.127238
0.106798
1.019667
0.428062
1.132660
1.013000
1.347746
0.502038
1.652703
1.648535
1.863257
0.910089
0.100269
0.275636
1.863692
1.862811
0.468672
0.108274
0.834694
0.580944
0.371835
0.152241
1.653393
0.932663
1.333751
0.382138
1.362633
0.177846
1.842896
0.716601
1.123457
0.330824
0.378447
1.126568
1.732435
0.582732
1.863268
1.052525
1.764882
0.882136
0.896657
0.155850
0.331092
0.298437
1.285477
1.765175
0.367738
1.863866
1.852319
1.738730
1.862934
0.322000
1.579526
1.696365
0.653211
0.215125
1.771191
1.172306
1.305015
1.631849
0.395848
0.783278
1.770951
1.785689
1.862464
0.786237
0.507629
0.230189
1.767912
0.832942
0.801041
1.863544
0.879579
1.132524
0.515812
0.636628
0.925468
0.844167
1.398998
0.198523
0.835200
0.592113
1.317307
1.328510
1.465901
1.358930
0.857090
1.848716
1.863704
0.374517
0.457954
1.133410
1.268668
0.267025
0.697266
0.416527
0.537279
0.564661
1.093455
1.227100
1.771023
0.852531
1.863638
0.682261
1.151182
1.812842
1.752061
0.215455
1.644317
1.457661
0.121214
1.863463
1.223304
0.407492
0.452738
1.111859
0.439598
0.381038
1.396357
0.933146
0.538744
0.127620
0.403799
0.116484
0.291424
0.531926
0.318691
1.768063
1.464803
1.863888
0.594903
0.617248
1.744399
0.765962
1.714720
1.764682
0.835540
1.481177
0.436233
0.193134
1.561484
1.075911
1.811176
0.827720
1.350296
1.212080
1.863637
0.540851
0.621635
1.711375
0.993408
0.317676
0.426574
1.627364
1.635499
1.721740
1.706171
0.670011
1.863703
0.989225
1.561383
1.768429
0.825228
1.171397
1.698061
1.124570
0.623449
0.338775
0.181716
0.104992
1.093539
0.615126
1.856653
0.285158
0.235038
0.544178
0.893566
1.121051
1.560694
0.982070
0.407854
0.651208
1.863516
1.855281
1.856898
0.671000
1.763349
1.267129
0.599359
0.547418
0.340727
0.780392
0.784203
0.382962
0.952343
0.162597
0.145131
0.306780
0.749032
1.327084
1.634705
1.127905
0.945868
1.863754
1.029361
0.461685
1.766738
1.859603
0.189741
1.183998
0.930255
1.770834
0.466732
0.937380
0.995382
0.467050
0.111435
0.476657
0.629863
0.866645
0.967717
0.153215
1.129791
0.142037
0.687551
0.107642
1.103936
1.312708
0.826665
0.244246
0.131698
0.114031
0.165114
1.005522
0.735698
1.636701
1.463281
1.496166
1.559516
1.486880
1.164174
1.011449
0.288439
1.242114
1.006618
0.739191
1.123574
0.406680
1.331078
1.299941
0.547797
0.653698
0.579860
1.762208
0.108068
1.863368
1.378826
0.969752
1.561468
1.122120
0.899171
0.501681
0.921695
1.259182
1.158693
1.759802
0.929927
1.751295
0.689222
1.003953
1.121708
1.561272
0.724291
0.235959
1.863690
0.374955
0.177482
0.368039
1.846508
0.807988
1.859452
1.531402
0.944459
1.854701
1.000458
1.345311
1.117564
0.130953
0.627473
0.684674
1.126194
0.239233
1.189279
0.715835
0.123682
1.862273
0.129914
0.661125
0.394453
0.558099
1.665122
0.888038
1.201027
0.993014
1.122709
0.599068
0.915072
1.254505
0.394829
0.726164
1.222668
0.103559
0.883384
0.375939
0.137841
0.933024
0.534630
1.497163
1.405740
1.636856
0.996881
0.135496
0.158672
0.612362
1.464212
0.441978
1.090286
1.387352
1.496315
1.862349
0.795004
1.005610
1.848610
1.496006
0.192969
1.186648
0.523353
0.623951
0.530810
1.508230
1.681124
0.750443
1.634026
0.114711
0.241051
0.168078
0.396981
1.495627
0.632960
1.767860
0.535131
1.277974
0.474673
1.023483
0.606414
0.919851
0.864161
0.944092
0.154274
1.829291
0.545414
0.243554
1.309537
0.272733
0.186043
1.646437
0.543373
0.356004
0.229542
0.838247
1.863267
1.130193
0.319329
1.331947
0.282513
0.134955
1.005254
1.761741
0.324016
0.658764
1.610176
1.768382
1.655280
0.397876
0.679334
1.752893
0.254198
1.633317
1.863840
0.895106
0.929749
1.289141
1.769850
0.889536
0.100965
0.248103
1.861729
0.519385
0.472046
1.337617
0.347916
1.863609
0.356114
1.455736
0.973741
0.752093
0.156360
0.139523
0.853642
1.135570
0.866669
0.882919
1.121874
1.855006
1.318872
0.248140
1.861585
1.845682
1.621752
1.767012
0.752131
1.768223
1.487369
1.461349
0.471102
1.751374
1.338946
1.747986
1.274220
0.760654
0.345997
1.182328
0.768849
1.346141
0.246634
1.761048
0.766508
1.773382
1.427844
1.118769
1.353315
1.005730
1.462419
1.759017
1.153188
0.246479
1.004812
1.117488
0.133379
1.857833
0.836971
1.857153
0.153717
1.233894
0.121536
0.156748
0.309574
1.863772
1.766463
1.861515
1.767129
0.108563
0.696421
1.131445
1.178394
1.213142
0.572979
1.863508
1.630099
0.434744
1.120516
1.767810
0.607713
0.457806
0.115853
1.185516
1.638144
1.119727
1.825855
0.320417
0.725187
1.189652
1.239406
1.266182
0.406350
0.652956
1.126294
0.106810
0.806605
0.172949
0.563721
0.969165
1.323224
1.233092
0.885442
1.627396
1.661217
1.750657
0.177045
1.763378
0.381050
0.519533
1.366052
0.604406
0.485722
0.125199
0.928562
1.863013
0.280057
0.584847
1.863567
0.149403
0.482097
0.851971
1.312229
0.448180
1.830944
1.217406
0.361870
0.846647
0.099246
0.697174
1.008490
1.466448
0.669584
0.146001
1.759808
0.107794
0.280372
0.547606
1.463116
0.510331
1.708346
0.804206
1.120752
0.127198
0.123654
1.762394
1.331713
1.233665
1.861758
1.748110
0.124949
1.769611
0.674814
1.225255
1.122810
0.762554
1.768997
0.888503
0.647208
1.561460
0.284799
1.483210
0.907849
1.328912
1.764567
1.194079
1.860891
1.859270
1.043008
0.649754
0.958324
0.336857
1.863379
1.863756
1.250876
1.772781
1.702585
1.002582
1.786941
1.634261
0.524732
0.669219
0.957619
1.465755
1.770712
0.157991
0.248464
1.014390
0.521301
1.753912
1.863788
1.618466
1.426999
0.588131
1.818678
1.748107
0.392343
1.850910
1.385622
1.288326
1.351907
0.343108
0.107228
1.519076
1.862099
1.234512
0.462384
0.523039
0.401103
0.556496
1.529789
1.771028
1.465731
0.472396
1.652925
0.644659
1.496120
0.463207
0.521703
0.875330
0.329376
0.579433
0.167914
0.194330
1.763823
0.550944
0.185423
0.741676
0.273397
0.858186
0.392948
0.176750
0.920591
0.921939
1.454263
1.287342
1.118035
0.913504
0.879474
1.753394
0.714046
1.848436
1.342309
0.356517
1.826502
0.872624
1.186679
1.766200
0.459716
1.196290
0.155760
0.828687
0.600428
1.770144
1.464232
0.936417
0.601545
0.679304
1.863100
0.771366
0.137928
1.170868
0.625791
1.770682
1.746506
0.121845
1.144957
0.994697
0.178792
1.322496
0.150468
1.263402
1.710021
1.859365
1.766805
1.496082
1.679537
1.762958
1.559612
0.221220
0.569116
1.862608
1.564401
0.228163
1.006595
1.010716
0.321870
1.644028
0.135589
1.182606
0.382358
1.859897
1.144484
1.314894
0.406037
1.264520
1.729739
1.202456
0.746765
0.163199
1.764825
1.608006
0.211054
0.428760
0.752095
1.235690
0.803920
0.848695
0.278440
1.771115
1.043675
0.806292
0.672176
0.423742
0.193384
1.863080
1.212668
1.270191
1.862079
1.328479
0.661391
1.489052
0.116126
1.859770
0.642612
0.835709
0.208946
1.769042
0.721073
0.714258
1.648341
1.861408
1.862538
0.113350
1.757780
0.988632
1.832822
0.406178
0.158543
1.863844
1.000358
0.456179
0.808963
1.859192
1.852343
0.803611
0.977106
1.007977
0.147682
0.812037
1.311619
0.631270
0.478940
1.849162
1.318559
1.493773
1.775036
0.781238
0.526132
1.328055
0.836272
0.104755
0.565093
1.860220
0.431856
0.650291
0.133063
0.717335
1.863708
1.863360
1.199256
1.037516
0.249859
0.430879
0.790654
0.286916
0.596569
1.783341
0.897425
1.768924
0.726965
0.986757
0.438900
1.305187
0.994132
0.825559
0.111616
1.016191
0.102504
0.581653
0.112044
1.475797
0.385283
0.461888
1.762948
1.863586
0.664772
1.862668
0.119653
1.218980
0.940122
1.861424
0.110315
1.510333
1.553771
1.661930
0.225428
1.767603
1.496127
0.447735
0.532539
1.651868
0.917858
0.126889
0.960907
0.708122
1.455160
1.760388
1.259388
1.760224
0.335805
0.575167
0.999157
0.988683
1.171056
0.162180
0.341658
0.272429
0.115320
0.576036
1.859298
0.370900
1.770634
1.861485
0.122286
0.512027
1.749129
1.394198
0.965041
0.171133
1.178632
1.861368
0.277219
0.477172
1.732332
0.623842
1.099394
0.151993
1.183237
0.117728
1.125394
0.584870
0.170906
1.863723
1.466871
1.421329
1.859468
1.857028
1.145046
0.888532
0.244283
1.613043
0.598298
1.627810
1.090766
1.011816
0.567711
0.466242
1.362916
1.105292
0.150414
0.395671
1.483470
0.513418
0.144252
0.638675
1.465839
1.635611
1.320004
1.729401
1.464434
0.101524
1.120546
0.449723
1.111156
1.412509
0.105383
0.781022
1.863841
1.494637
0.289859
1.114888
0.739891
1.297722
1.621291
0.727586
1.766898
1.050631
0.827875
0.992053
0.998835
0.890641
0.150883
1.863853
1.863717
0.652971
1.773507
0.894064
0.302380
1.768237
1.234981
0.736338
0.478119
0.866477
0.145674
1.271868
0.594858
0.980220
1.758403
0.977084
0.672484
1.863698
1.770025
0.662412
0.132193
0.388087
0.308761
0.825636
1.141762
0.446201
1.000574
0.148653
0.907653
0.415509
1.764969
0.577669
0.159346
1.496317
0.547321
1.310426
0.121757
0.655525
0.278705
1.768136
0.876497
0.625997
0.132269
1.770021
0.977449
1.625453
1.194250
0.951203
0.210575
1.728023
0.467430
0.997229
0.907324
0.854759
1.213755
0.690005
0.205524
1.770802
0.373292
1.325631
0.426711
1.132808
0.624332
0.528808
1.764505
1.862915
1.862216
0.333276
1.640048
0.401804
0.814203
1.857121
1.770383
0.158341
1.226061
0.722344
0.925848
0.139897
0.303972
1.254709
0.318352
0.827827
1.820361
0.910937
1.377312
1.863207
0.413875
1.495995
0.743626
1.801394
1.863238
1.863898
1.318411
1.707278
0.161701
1.630650
0.308734
0.584045
0.161216
1.126871
1.273737
1.560840
0.862415
1.773064
1.686478
0.681603
0.479569
1.769389
1.188799
1.780312
0.423594
1.005993
1.734192
1.764198
1.215568
1.769514
1.212933
0.311256
0.230130
1.733388
1.228645
1.781206
1.578837
1.306912
0.384884
1.568606
0.496160
1.770210
1.324595
0.214794
1.496108
1.725557
0.570876
0.630272
1.335372
1.770343
1.561337
0.896325
0.302672
1.394814
0.310002
0.810006
0.564526
0.308115
0.341204
0.506845
1.165078
1.338085
1.081105
1.075303
1.771286
0.603943
1.706076
0.494477
1.008803
1.862467
1.111575
0.710454
0.254777
1.628398
1.197239
1.751389
0.972183
1.315374
0.178909
0.874698
1.863111
0.638637
0.729231
0.927838
1.440286
1.125051
0.241917
1.771170
0.148051
0.763290
0.669989
1.771917
1.149076
1.770361
0.632575
1.332116
1.178911
1.496179
0.897779
1.770376
1.389163
1.457680
1.147402
1.321632
0.638089
1.226183
1.496002
0.234250
1.030788
0.194887
1.772363
1.216621
0.815867
0.204778
1.122495
0.875532
1.511433
1.373872
1.304505
0.115672
1.176178
0.105410
0.501243
1.618313
0.941065
0.943944
1.560728
1.770213
1.772901
1.357864
1.008082
0.175074
0.278808
0.561109
0.596465
0.447890
1.495955
0.458479
0.196064
0.481052
1.766897
1.861882
0.182402
1.771221
0.764008
1.149736
1.639397
1.651731
1.770356
1.626411
1.342133
0.373695
0.872547
1.319675
0.125944
1.117219
0.601170
0.172284
1.074365
0.304241
0.894553
1.738361
1.006848
1.770374
0.662254
1.861244
1.860466
1.766666
0.167657
1.756965
0.712543
0.276515
0.746749
0.620041
1.195278
0.872760
0.976730
0.348603
1.770856
1.495979
0.984750
0.166010
0.851881
0.115699
1.561242
0.132361
0.407584
0.638464
1.616254
0.117844
1.812370
0.867696
1.179153
0.671783
0.719831
1.791372
1.045098
1.175504
1.144279
0.495472
0.445400
0.734368
1.763126
0.184666
0.908710
0.908162
1.561285
0.943629
1.496066
0.838279
0.106326
1.862885
1.862015
0.106240
0.367916
1.552850
0.654413
0.875638
0.940892
0.125664
1.309073
1.574854
0.446669
1.308884
0.157372
0.885791
0.606488
0.253055
0.239156
1.646153
1.710760
1.261641
0.975008
0.146222
0.845010
1.736730
0.124172
0.940409
1.585210
1.771004
0.901791
1.441471
1.780910
0.925636
0.656895
0.119702
0.284324
0.864232
1.236387
0.978281
0.450453
1.359172
1.860896
1.329746
0.701496
0.811920
0.889757
1.863149
0.348478
1.863364
0.867431
0.179756
0.116816
1.122210
1.858185
0.837963
0.135129
0.475697
1.715224
0.664137
1.766176
1.467298
0.121817
1.283981
0.956737
1.495994
0.188045
0.567437
0.938667
0.439739
0.164868
1.770987
0.913043
0.577618
0.998204
1.863274
0.165319
1.634003
0.616266
0.116377
1.758950
0.710697
1.863674
1.100481
0.254016
0.572450
0.395385
0.549250
0.266404
1.310522
1.785716
1.561990
1.760937
1.814861
0.934626
0.745935
1.132754
1.627494
0.380682
0.360442
1.099572
1.863186
0.611532
1.567214
0.406925
0.739705
0.618121
1.862920
1.668314
1.069940
0.728690
1.279346
0.135529
1.261848
0.936111
0.816355
0.403893
1.863652
0.234033
1.770546
0.896846
1.768980
1.863583
1.000643
1.460654
1.863031
1.439317
1.761446
1.646780
0.306185
1.307657
0.128691
1.770718
0.244811
0.461802
0.494135
1.775689
0.470860
1.706331
1.839141
1.136285
1.161506
1.269019
1.327522
0.443692
1.862719
1.770252
1.210130
1.622446
0.781660
0.244124
0.671977
1.284934
0.494165
1.859385
0.265885
1.797547
0.478750
0.593841
0.603377
1.269298
1.246909
1.465960
0.106969
0.915552
1.202582
0.823591
0.143725
0.858333
1.861626
0.415703
1.280208
1.858015
0.969624
0.464792
1.439567
1.010594
1.135696
0.240289
0.634468
0.265707
1.477699
0.976826
1.763942
0.649038
1.232561
0.568150
1.271148
0.238445
0.930094
0.561684
0.922748
0.614988
0.443471
0.824156
1.465247
0.900955
0.954379
0.397167
0.707954
0.562448
0.791354
1.735969
0.675375
1.121617
0.365379
0.160686
0.397538
1.140930
0.246894
0.347847
1.108785
0.938302
0.141350
0.853013
0.641186
1.186106
1.391085
0.158067
0.440565
1.761701
1.745096
0.944809
0.764379
1.848992
0.215117
0.772427
1.768169
0.271012
1.138732
0.255201
0.097614
0.996437
1.161891
0.771277
1.759814
1.173773
1.801877
1.633666
1.120020
0.641715
1.749398
0.137089
1.647956
0.389435
0.129074
1.292836
0.964759
0.117837
1.289309
1.754922
1.195757
1.624719
0.127858
1.467001
1.722390
0.745067
1.495478
1.745310
1.863053
1.310524
1.312925
1.770872
0.854090
1.615177
1.126044
0.435334
1.863901
1.565517
0.621596
1.761674
0.157224
1.766395
0.560107
0.440511
1.007941
0.759540
0.649410
1.693044
0.232543
1.178113
0.642277
0.353155
0.737172
0.618540
1.763100
1.732984
0.146148
0.706494
0.900345
1.774804
1.345201
0.573703
0.939997
1.863908
0.437094
1.420470
0.180546
0.640794
0.633165
1.255809
0.499842
0.426963
1.863781
1.863888
1.863421
0.692310
0.137189
1.764181
1.858941
0.160051
0.815699
0.602723
1.143863
0.936801
1.755664
1.071831
0.556252
0.885319
1.640015
1.770405
1.462408
0.957164
0.593936
1.495965
1.132098
1.009423
1.298943
0.882760
1.812347
1.855783
1.022032
0.594998
1.766107
1.716058
0.132592
1.333430
1.560767
1.756747
0.942217
0.921750
1.719748
1.483846
1.427042
0.704829
1.863335
1.743669
1.144074
1.340134
0.991553
0.984195
1.860725
0.718663
0.568436
0.666433
1.640229
0.389042
0.456252
1.167043
1.496129
1.635752
1.774651
1.718995
0.668642
0.787058
1.133016
1.863134
1.280971
1.496394
0.316948
1.524164
1.002936
1.632763
0.330272
1.862685
0.251450
0.121351
0.902377
1.771285
0.476030
0.336947
0.323250
0.970258
0.289134
0.523672
0.796774
0.880422
1.233815
1.252520
1.015860
0.386955
1.506255
1.377287
0.547912
1.255090
1.337421
0.605186
1.702602
1.770883
1.297719
0.134085
0.538175
0.610513
1.770519
0.133606
0.192013
0.558053
0.693872
1.247522
1.131269
0.267334
0.445795
1.742202
0.290419
0.844180
0.902525
1.306832
1.014141
0.776975
1.507091
0.644689
0.099830
1.150691
1.561381
1.226152
1.479000
1.235697
0.594237
1.240341
0.160086
0.568572
0.484429
0.629161
1.389701
0.991254
1.863037
1.467688
0.430316
0.132656
0.131550
1.619043
1.244709
1.202281
1.854789
1.229463
1.226758
0.439350
1.567369
1.266217
0.973768
1.297403
0.666655
1.311995
1.755290
1.225063
1.667783
1.765792
1.647867
1.599672
0.661187
0.476575
1.317143
1.767452
1.311202
1.118644
1.096625
0.207517
0.698852
1.487840
0.834884
0.348392
0.795210
0.612343
1.636414
0.584095
0.779403
0.893185
1.641302
1.559096
0.935003
0.752379
1.486305
1.861606
1.161378
1.187682
1.323934
0.541117
0.899790
1.863382
0.879363
1.683743
0.480415
1.523701
1.075356
1.129541
1.777267
0.551701
1.819550
1.561487
1.862872
0.888536
1.667841
1.311528
0.126024
0.120736
0.627089
1.735922
1.238920
0.375869
1.497189
1.760481
0.566499
1.453085
1.765492
1.002737
1.302207
1.648120
1.157797
1.332689
1.863503
1.014549
0.993164
1.103561
1.658955
0.312224
0.553227
0.244133
1.863685
1.480818
0.642489
1.769555
1.117884
0.111560
1.774428
0.962596
0.986624
1.863509
1.615328
1.561342
1.317574
0.688566
0.183495
0.949081
1.434469
0.230943
0.570071
1.760494
1.496352
0.684579
1.769570
1.505588
1.746205
0.589716
1.126486
0.755815
1.767402
1.863625
1.130738
1.007718
0.109408
0.674170
1.624288
1.257292
0.466805
0.836302
0.744827
0.906333
1.140439
1.559999
0.237192
0.194160
1.756689
1.124242
0.861236
0.713902
0.964732
0.825687
1.365647
0.364518
0.694381
0.350765
0.446824
0.592467
1.842281
1.769442
0.288093
0.817674
1.615937
1.717174
0.227372
1.487266
0.817079
1.242800
1.156191
1.727835
0.486643
0.951781
1.136321
0.124156
0.651619
0.297439
1.724488
0.541617
0.800753
1.851030
0.336222
1.251311
0.115566
0.739744
1.118705
0.636267
0.121820
0.185270
0.431871
1.495994
1.171861
1.844002
0.912423
1.649948
1.103028
1.768833
1.466591
1.097519
0.744468
1.419009
0.700186
0.408044
0.606363
1.316524
0.988820
0.463009
1.708394
0.176620
0.510458
0.990790
1.462094
1.767661
0.308792
0.506567
0.914051
1.246338
1.771146
1.133454
0.883062
1.118505
0.754783
0.843707
1.862088
0.584654
1.846366
1.718621
0.913172
0.951565
0.138278
1.863893
1.863225
1.723626
1.862338
1.848535
0.193900
0.212841
1.247756
0.287766
0.461429
0.549822
1.120777
1.251365
1.863448
0.322201
0.111894
1.863055
0.307948
0.899147
0.196410
0.158906
1.862269
1.250885
1.496258
0.524394
0.747120
0.152639
0.149834
1.143814
0.618984
1.561198
1.485677
0.566988
1.275132
1.006595
1.690927
0.530659
0.171923
0.113171
0.979877
0.782251
1.848881
1.863793
1.861520
1.624115
1.300802
1.769494
0.257701
1.495466
0.351892
0.607953
0.282390
1.575710
1.189142
1.115981
0.754328
1.592016
1.223937
0.276335
1.787493
1.200847
1.314178
0.965204
0.866456
0.134803
1.338727
1.299465
0.629364
0.859732
0.106492
0.117721
0.108255
1.460336
1.764822
0.623188
0.122239
1.163174
0.617492
1.766862
0.291400
1.480926
0.205979
0.801141
0.323910
1.181417
0.385423
0.482942
0.151249
1.401551
0.365138
1.753442
1.141524
1.207113
1.238973
1.181937
1.766377
0.565893
0.252111
0.727093
0.378854
0.893414
1.373177
0.265948
1.139618
0.795859
1.147123
1.823968
0.946371
0.320154
0.440849
0.634064
1.327318
0.999356
0.916478
0.114915
1.270588
1.782407
0.440683
0.471118
0.582385
1.863299
0.411295
0.232963
0.602123
0.995758
1.863695
0.687599
1.007752
0.324771
0.580034
1.118350
1.502427
0.423520
0.242392
0.541527
0.114425
0.246599
1.462164
0.896775
1.238947
1.769164
0.271225
0.354893
0.100008
0.216331
1.862312
1.307388
1.758026
0.661530
1.310267
1.711026
0.716969
1.767113
0.121266
0.439374
1.185141
0.883822
0.572088
1.561259
0.609901
0.933344
1.304263
1.129240
1.842998
0.940592
0.401149
1.863341
0.432222
1.640590
1.230021
1.768269
1.599921
0.930360
0.675220
0.908457
0.739041
1.463225
0.207501
1.770783
0.957570
1.096796
1.673976
1.717712
0.120455
0.122991
0.847386
1.262241
1.753616
1.496405
0.929213
0.455308
0.429023
1.159369
1.740548
0.496873
0.550811
0.322133
1.328112
0.493521
1.496001
0.115715
1.119223
0.256103
0.474357
0.949062
1.139341
0.841478
0.446017
0.638931
1.180117
0.490981
1.770874
1.564521
0.097446
0.143733
0.915306
0.247981
1.010286
1.315899
0.180963
1.089967
0.110799
0.641731
0.808050
1.119911
1.111422
0.123433
1.582730
0.824310
0.201985
1.643064
0.568877
0.193658
0.607600
0.549027
0.107883
0.143292
1.752791
1.409594
0.305217
1.496208
0.151291
1.863247
1.849959
0.515015
1.493254
0.141636
0.434696
0.495508
0.444780
1.856672
1.145903
0.664479
0.539433
0.548392
0.965750
1.816478
1.556064
0.812847
0.576284
0.168063
0.328549
0.829999
0.246016
1.769796
0.356747
0.580876
0.338269
1.759882
1.761639
1.137506
0.808179
0.536068
1.767260
1.692919
1.651365
1.291095
0.956695
0.662674
0.563023
0.236782
1.860383
1.450942
0.355142
1.120864
0.832489
0.731776
0.638842
0.150513
0.955354
0.935049
0.153587
1.118147
1.860848
0.846976
0.202743
1.770043
1.863233
0.231011
0.594918
0.887303
0.730418
0.289001
1.634980
0.404130
1.862088
0.459143
1.125879
1.496387
1.028084
0.104396
1.624478
0.434868
1.683019
0.879528
0.459846
0.777151
1.560435
0.313743
0.465422
1.754438
0.830686
0.173996
0.732436
1.770317
1.791281
0.636578
0.677689
1.624629
1.163674
1.495958
0.463482
1.759478
0.628777
1.139021
1.288592
0.340419
0.146263
1.256726
1.761877
1.176559
0.160821
0.472867
1.800803
0.988595
0.393271
0.137822
0.564528
1.148248
1.771280
0.665812
0.457058
1.769089
0.925768
1.263763
1.768056
0.371330
0.279226
1.129610
1.386046
1.756575
1.328143
0.594551
1.133521
0.812252
0.531279
1.561161
0.140361
1.608980
0.418512
1.277416
1.296517
0.497244
0.790731
1.119256
1.321953
1.608052
1.029542
0.911133
0.992535
1.458042
0.524379
0.940137
1.785267
0.544199
1.110972
0.148279
0.135023
0.194779
1.390675
0.987656
0.937778
0.881491
0.881845
1.483662
0.199680
1.859159
1.466397
1.734889
0.815879
1.349354
1.192802
1.863818
1.295989
1.614352
1.858039
1.218940
0.535688
0.378819
0.911654
0.206014
0.133941
0.594750
1.476755
0.259816
1.366018
1.007704
0.828869
0.811655
1.494822
0.528624
0.744965
1.202855
0.623013
1.428565
1.849022
1.863916
1.406910
0.136508
1.863369
0.398967
0.297581
1.770869
1.672015
1.579552
0.951432
1.316984
1.771331
0.315779
0.746662
0.201820
0.788508
1.682996
1.240352
1.005095
0.840888
1.768498
0.130502
0.470357
1.332764
1.046902
1.860070
0.499821
1.771354
0.805269
0.959539
1.227104
1.706579
1.614070
1.116017
1.862698
0.972209
1.119898
0.556429
0.942705
0.992429
1.710654
0.462038
1.677899
1.291579
0.331075
0.701136
1.319988
1.137407
1.291323
0.446431
1.345667
0.493143
1.153725
0.421873
0.895822
0.651108
0.184944
0.486269
0.698694
1.767742
0.563719
1.862953
0.631202
1.790339
0.169467
0.725977
0.123978
0.297044
1.843302
1.441418
0.495787
0.373145
1.681926
1.623812
1.012975
0.221229
0.369612
0.397778
1.769168
0.810314
1.772378
0.879061
0.915741
1.659824
0.655954
0.691333
0.110797
0.984580
0.427241
1.176103
1.463655
1.217706
0.704591
1.102053
1.856564
0.897062
0.344543
1.295215
0.819067
1.768739
1.722691
0.447943
0.293643
0.996863
0.267327
0.115213
0.144379
1.461463
1.600908
1.753720
0.655120
0.150361
0.879579
0.496280
0.880353
0.995942
0.268194
1.406059
1.268441
0.869119
1.863750
1.331314
0.197890
1.622435
0.128535
1.240932
0.898688
1.560219
0.904327
1.119166
0.683498
0.637536
0.111522
1.119228
0.800831
0.958548
0.126742
1.754157
1.786268
1.043427
1.141520
1.402400
0.134254
1.122505
1.766218
1.863905
0.371214
0.895486
1.258667
1.559247
0.132871
0.756596
0.269611
1.763838
1.495719
1.596877
0.732150
1.252696
0.698485
1.774430
0.274524
1.496073
0.921058
1.863831
0.638105
0.258913
1.733439
0.490115
0.275041
1.280522
0.103803
0.107394
0.226489
0.476798
0.260522
1.863696
0.459459
0.473718
0.864245
1.768255
0.734262
0.559911
0.773263
1.470293
1.323788
0.938955
1.677456
0.300536
0.119331
1.350843
0.964369
1.129392
0.122543
1.483905
0.785008
0.658625
0.594521
0.714467
1.768209
0.377385
1.002774
0.713069
0.109505
1.781016
1.439228
0.446321
0.325159
0.194673
0.432508
1.770639
0.186074
1.729016
0.398708
1.325748
0.661487
1.747752
1.116351
0.920307
0.452732
1.762035
0.323446
1.120014
0.913303
0.264181
1.765713
1.463798
0.447676
0.423165
1.495979
0.170203
1.863871
0.683989
1.662021
1.863693
1.258651
0.111731
1.677219
1.761558
1.064601
0.370050
0.445393
0.310563
0.215274
1.258525
1.291832
0.115514
1.625649
1.143106
0.664217
0.214686
1.760285
1.746063
0.814210
0.421681
1.683750
1.634987
1.111273
0.458010
0.138403
1.752470
0.581911
1.762002
1.050925
0.117035
0.199844
0.572014
1.009133
0.179702
0.841142
1.496966
1.390022
1.863504
0.323334
1.769647
1.855835
1.187304
1.267330
0.466313
0.497432
1.709339
1.863183
1.561525
1.769880
1.754371
0.851658
1.467219
0.799043
1.779379
0.574802
0.576692
1.585359
1.721633
0.964343
0.502648
1.734102
0.292046
1.250051
0.251085
1.770348
1.863502
1.496353
0.683082
0.165158
0.308490
1.497669
1.121524
1.754701
0.407654
1.122804
1.863894
0.908252
0.353760
0.101064
1.458238
1.148577
0.260339
0.794017
1.793457
1.765840
1.661966
1.623616
1.194639
0.665002
0.740742
0.099548
1.765292
0.164618
0.665936
0.106793
1.466804
1.006260
0.175583
0.991947
1.619693
1.733558
0.709112
0.942577
0.107820
0.595482
0.627757
0.107972
0.642709
1.561467
0.752214
0.630062
0.272049
1.669306
0.751748
0.801106
0.419240
1.468932
1.121896
0.869879
1.204385
0.910610
0.369150
0.214912
1.077872
0.143116
0.104567
1.648157
1.771575
1.763248
1.009436
0.801305
0.786368
0.724158
1.490413
0.386327
1.764211
1.863770
0.703333
0.512563
1.002041
1.724591
0.694780
1.023661
0.946562
1.140560
1.008429
1.337189
1.771239
0.455745
0.931242
0.810837
0.309876
0.941434
0.988119
0.713255
1.316789
0.218739
0.233153
0.545789
1.561312
1.111265
1.130814
1.176935
1.450370
1.767717
0.318733
1.767571
1.277116
1.152147
0.111191
1.265978
0.283276
1.280984
0.964635
0.400712
0.543825
0.815199
0.610131
1.283437
0.638593
0.598661
1.853247
1.122970
0.439619
0.947000
1.028025
0.381792
1.115778
1.860876
1.273253
0.385640
1.770190
0.143142
0.400950
1.763438
1.124470
1.208372
1.086516
0.165666
0.283032
1.132032
0.409608
1.850474
1.008653
0.580799
0.193512
0.734319
0.498153
0.394729
0.626407
0.976389
1.768421
1.863698
1.631412
0.107346
0.838493
1.249416
1.450061
1.768302
0.711491
1.004992
0.430187
1.497969
0.731311
0.916044
0.562285
1.498710
1.135972
0.440124
0.108763
0.285587
1.464961
0.569015
1.496349
1.863186
1.154168
0.338773
0.372997
1.057462
0.867251
0.145184
0.105487
1.861831
1.284397
1.756609
0.589295
1.133793
0.988192
0.392037
1.292598
0.406897
0.689958
0.185701
0.122624
0.421872
1.000791
0.168838
0.166112
0.597661
1.137109
0.964714
0.782934
1.093707
0.882198
0.378555
0.944957
1.167223
0.724993
0.208783
0.218164
1.279654
1.461336
0.729383
1.726146
0.982767
1.188457
1.498924
0.525939
1.468852
1.463935
1.624568
0.196245
0.606208
1.262925
0.557124
0.970054
1.609641
0.948208
1.008064
1.754482
0.733219
0.351616
0.582528
1.619168
0.246979
0.682967
0.681122
0.686760
1.770278
1.770676
1.284229
0.333188
0.189025
0.666627
0.804822
0.855102
0.980653
1.110728
0.121624
0.454087
0.947541
0.481301
0.207185
0.170466
1.446552
0.917207
1.312649
0.579671
1.502544
1.118818
1.009978
1.863318
0.791991
0.113097
1.862585
0.998486
1.758379
0.242472
1.486804
0.885716
1.855314
0.655311
0.897518
1.273371
0.914720
0.376475
1.764659
1.189558
0.157810
1.004086
1.862389
0.117403
1.328387
0.719117
1.136204
1.119781
1.212810
1.491348
1.133001
0.397572
1.311029
1.863781
0.150011
0.931483
0.485138
1.484999
1.735813
0.349702
0.105448
0.125602
1.119181
0.550368
0.336361
0.992861
0.398417
1.211693
1.759669
0.515790
0.644204
1.759203
0.109528
0.986184
1.770096
1.271724
1.138807
1.721985
1.168716
0.316968
0.755725
1.112491
0.960336
0.131826
0.111959
0.174621
1.863060
1.117456
0.668605
1.239409
1.151299
0.991487
0.174666
0.725414
1.348301
1.311682
1.137507
0.116813
1.772669
0.446887
0.396480
1.849661
1.144786
1.768369
0.910945
1.592981
0.923559
1.224575
0.351172
1.283581
0.716839
1.749078
0.957778
0.124834
0.154073
0.862644
0.135698
1.749934
0.414787
1.009335
0.173903
1.010935
1.465116
1.612843
0.185781
0.434898
1.861752
1.368265
1.496069
1.208532
1.158790
0.465248
1.129302
1.771861
0.103731
0.744660
1.122812
1.291540
0.215880
0.111458
1.130485
0.620817
1.115911
0.958123
0.261622
0.229047
0.879664
1.142299
0.911029
0.575449
1.857036
0.236523
0.780572
0.472270
1.496364
1.210817
0.213266
1.632091
1.749351
1.741070
1.464146
1.862909
1.861288
0.414408
0.560455
0.319491
1.114694
1.318055
1.007527
1.862395
1.624660
0.649853
1.239775
0.770648
1.771155
1.496401
1.856885
1.585416
1.745877
1.863821
0.559430
1.767011
1.863727
1.123291
0.660386
1.129106
1.343335
0.744619
1.355659
0.205276
1.773588
0.472670
1.121277
1.297348
1.074530
0.826501
0.524440
1.862953
0.385911
1.769754
0.930557
0.685568
1.247896
0.331361
1.494335
0.391385
0.103361
0.980407
1.338439
1.002606
0.708232
1.315986
0.215807
0.694777
0.163690
1.648434
1.339551
0.922017
0.628279
0.537902
1.765637
0.101223
1.374454
1.722964
0.525304
0.394135
0.373494
1.739066
1.749320
1.740055
0.567915
0.824967
0.227631
1.767942
1.488121
1.862663
0.599229
1.261001
1.003341
1.261155
1.305651
1.757088
0.156012
0.588634
1.634307
1.123544
0.863361
1.860608
1.126498
0.590351
0.334947
1.377377
1.861228
0.195717
0.235693
0.544654
1.770789
1.195672
0.188021
1.617373
0.526504
0.594041
1.765355
1.768745
1.096099
0.976585
1.623091
1.268441
0.983389
0.806814
1.766441
0.494393
1.069964
1.769026
0.154482
1.140839
1.496223
1.770457
0.431794
0.964343
0.579206
1.327995
1.114528
1.108286
1.597843
0.151234
0.204971
1.659135
1.007266
1.786611
0.721332
0.381555
1.735586
1.325773
0.585046
0.549239
0.694079
1.144078
1.249607
0.360491
1.008504
1.118675
1.496233
1.257540
1.737900
1.759159
1.457809
0.953001
0.956633
0.510305
1.863742
1.488940
1.769807
1.120110
0.112850
0.132648
0.925815
0.846913
1.730079
0.839567
1.465738
1.320467
0.564181
1.121481
0.919178
0.579043
1.202967
0.160307
1.006894
1.385292
0.996056
0.853174
1.465407
1.561402
1.854543
0.921926
0.308999
1.249036
1.426451
1.863786
0.099710
0.153709
0.338227
0.448982
1.338070
1.612565
0.581237
0.639771
0.992482
1.305313
0.104878
0.447966
1.561530
0.324234
0.541367
0.974288
0.137168
1.488449
0.809658
0.828915
0.915300
1.496152
0.121599
1.139797
1.074816
0.587566
1.127348
1.767014
0.152589
1.011209
1.226493
1.333857
1.289800
1.227631
1.700555
0.442569
0.280481
1.371509
0.184570
0.312714
0.561476
0.678784
1.843347
0.696578
1.770036
1.863359
0.315667
0.784393
1.759462
1.651865
0.526465
1.681717
1.726853
1.495980
0.578116
0.965990
0.273470
1.491900
1.306936
1.743008
1.341077
1.863847
0.128879
1.762013
0.191597
0.244951
0.831791
0.869072
0.696012
0.228512
0.105070
1.318277
1.718692
0.499097
1.200015
1.001202
0.891345
0.118258
1.738493
1.120747
1.489916
0.272166
1.754475
1.244196
0.244891
0.923126
1.097800
0.552857
0.668081
1.123614
0.146198
1.133565
1.119287
0.570717
1.561477
0.812783
1.636884
1.336160
0.826331
1.657973
1.862444
1.861809
0.596010
1.313152
1.021273
0.268901
0.307589
1.863550
1.767772
1.717898
0.992413
0.105449
1.119077
1.007732
1.767330
1.458386
1.017085
1.748579
0.824660
0.471368
0.988860
1.612539
0.701654
0.576645
1.348649
1.761544
0.970951
1.736812
1.301973
1.466960
0.384769
1.124545
1.863431
1.772072
1.120145
0.415034
0.106355
0.205504
1.646330
1.143393
1.496370
1.602382
1.316854
1.233006
0.137267
1.300043
0.574160
1.150795
1.599145
0.261231
1.612811
0.884168
1.466012
1.122305
1.758704
1.293087
1.285608
1.863692
1.466851
1.781534
0.489647
1.749704
0.505892
1.228638
1.466442
0.852427
1.170143
1.771016
0.414641
0.114756
1.400023
1.006747
0.716291
1.858128
1.003751
0.444191
0.659183
1.454880
0.157768
1.664550
0.822278
1.562331
0.721794
1.481298
0.396371
0.681652
0.711592
1.862702
1.863575
0.568034
0.294685
0.731503
0.993527
0.586195
1.373364
0.710078
1.845026
1.768988
0.586878
1.455395
1.297231
0.490671
0.216414
1.769352
1.482175
0.923575
1.765580
1.793796
1.277781
1.563812
1.351959
0.924290
1.643782
1.569351
0.409006
0.557872
0.487182
1.606935
0.633233
1.108346
1.863732
1.325324
1.591814
1.614151
0.496248
1.770943
1.718532
0.636089
1.030500
1.205446
0.634963
0.992083
0.586098
0.776383
1.769939
1.766840
0.493960
1.758658
0.912309
1.765448
0.149420
1.770159
1.696261
0.576463
0.467532
0.211402
1.767143
1.798329
0.213236
0.137761
0.160488
1.061970
0.615442
0.532754
1.772036
1.265467
1.706046
1.165273
0.510029
0.469604
0.781825
1.005413
0.674950
1.006222
1.111789
0.124811
0.803956
0.636428
0.469417
1.616362
1.006481
0.143203
1.628933
0.756332
0.832162
1.115656
1.848872
0.115921
1.131830
1.107110
1.793272
0.403613
0.313280
1.389129
0.107822
0.537787
0.878423
0.803844
1.862042
1.475803
1.199324
1.583030
0.596251
1.853734
1.297225
0.386958
1.549467
0.858716
0.145670
0.278118
0.989139
1.769638
1.560331
0.930603
1.862735
0.519652
0.560262
1.771723
1.007135
0.996482
1.483406
0.889156
1.417973
1.222589
0.545455
1.720230
1.250459
1.770653
0.159690
0.353217
0.173484
1.784143
1.675013
0.302314
0.392259
1.096306
0.659231
0.392378
0.136102
0.304445
1.006582
0.572851
0.733462
1.149863
0.946767
1.214954
1.551781
0.989427
1.425843
1.856132
1.766883
1.850660
0.261946
0.380096
1.556660
0.388268
1.236732
0.705798
1.768464
0.659998
0.591685
0.555145
1.129671
0.959966
0.209180
0.948366
1.266326
0.130099
1.639322
1.770883
0.918127
1.818500
0.348181
0.140856
0.326628
1.125800
1.117114
0.631975
0.243117
0.102494
1.747767
0.587276
1.286179
0.640428
0.724810
1.863868
1.129287
1.863378
0.593594
0.910304
1.453307
0.995115
0.966507
0.515259
0.099226
0.446136
0.959422
1.562150
0.618194
1.244842
1.767510
0.941711
1.769422
1.470789
0.980500
0.349047
1.842276
0.739330
1.560328
1.326136
0.222830
0.314771
1.766556
1.863614
1.002075
1.116649
1.703770
1.754025
1.199520
0.298275
1.461595
1.669286
0.128708
1.770984
1.863824
1.131879
0.950232
0.455455
0.674491
0.927405
0.173411
1.781909
1.862767
1.495967
0.924798
0.969121
0.836816
1.316339
1.462236
0.265560
1.831022
1.806945
1.294177
1.693383
0.127495
1.120035
0.838328
0.183280
1.635185
0.446784
1.463773
0.554698
0.379078
0.604613
0.250980
0.178964
0.200766
1.762883
1.147063
1.424423
1.496306
1.625010
0.499172
1.483061
1.863277
0.976357
0.206835
0.231137
1.842948
0.325554
0.204838
1.145309
0.122817
0.710131
1.121089
0.145646
0.118206
1.862504
0.844481
0.205169
0.910396
0.464666
0.451582
0.103868
1.465873
0.412028
1.721561
1.121260
1.566447
0.369160
0.233181
1.494763
0.530659
0.909040
1.163513
1.026643
0.834200
0.828665
1.774834
0.984220
1.111655
1.007223
0.563245
0.619682
1.750621
0.205886
0.879998
1.620557
0.143643
0.592598
0.589269
1.767939
0.197565
0.928485
1.844028
0.218045
1.768134
0.426528
1.862487
1.630648
0.508847
0.198923
1.730903
0.761090
0.591156
0.353589
1.782824
1.246256
1.121745
0.384992
1.130294
1.839053
0.916207
1.673638
1.343551
0.626300
0.550079
0.786919
0.593652
0.926999
0.561336
1.111216
0.303028
0.119712
1.174312
1.769009
0.396612
1.313581
0.114700
0.240310
0.774536
1.769902
1.760681
0.726056
1.349078
0.829739
0.162169
0.304600
0.923041
0.646929
1.313719
0.189210
1.299184
0.996519
1.773484
0.699749
0.312926
1.771563
1.760505
0.739929
0.166666
1.039305
0.858859
1.461590
1.769766
0.882281
1.229366
1.615690
0.867493
0.617075
0.916838
1.223411
1.140730
0.712242
1.471976
1.496271
0.114794
1.862799
0.548431
1.483651
1.225085
0.314110
1.770582
1.137864
1.481324
0.949810
0.584787
1.336748
1.559240
1.001505
0.109674
1.770389
0.101555
1.756667
1.662226
0.859211
0.259982
0.453314
1.315137
1.863840
1.569857
1.007016
0.654635
0.779323
1.860354
1.758996
0.149722
0.937580
0.125176
1.850240
1.758064
1.749509
1.232102
1.827772
1.674189
1.863526
0.896367
0.364515
1.698691
0.487649
0.299749
0.467163
0.321188
0.728708
0.608382
0.483363
1.248170
0.770214
0.169892
0.945239
1.460967
0.815990
1.159866
1.593834
0.196356
1.861921
1.136248
1.771188
1.863525
0.526489
0.493762
0.139740
0.224063
1.340664
1.780599
0.473329
1.218754
0.231711
1.194262
0.394505
0.507260
1.418277
1.707101
1.222754
1.766760
0.779784
0.140319
1.289088
1.634120
1.113658
1.729247
0.739041
0.513612
0.338087
0.726848
0.295501
1.708566
1.355113
0.359909
1.559740
0.660742
1.322943
0.148315
1.122709
1.862576
1.496384
0.204291
1.210893
0.164206
1.545387
0.856212
0.607709
0.251502
0.379294
1.679447
1.695726
1.770033
0.139577
0.529504
0.147884
1.559888
1.328117
1.854410
1.856155
0.343800
0.334530
1.025609
0.117503
0.970323
1.001897
1.477082
1.768641
0.476310
1.863742
0.817872
1.853211
0.316913
1.228376
0.977284
0.817709
0.873371
1.017166
0.996411
1.771174
1.862631
1.844911
0.284435
1.259804
1.121768
0.971971
1.464980
0.160164
1.642846
1.308611
0.307173
1.863738
0.125705
1.404998
1.044162
1.465814
0.451196
0.921408
1.749545
0.384262
0.241975
1.861935
1.578840
1.334058
0.143103
0.966041
0.929037
0.366431
1.863130
1.466327
1.863073
1.750773
0.336384
0.164620
0.865098
0.713859
0.745429
0.545248
1.286520
0.342384
1.833435
0.396358
0.552253
0.254150
1.863876
1.105967
0.915891
1.136448
0.405842
1.863865
0.506156
0.814372
1.497196
0.336057
0.691567
0.672007
1.353655
0.150138
0.129464
1.210583
0.946689
0.225519
0.458230
1.471647
1.749048
1.126158
1.171370
1.124718
0.176800
1.764598
0.895810
1.114791
0.880627
1.608493
0.142331
0.648676
1.596874
1.758586
0.472071
0.210057
0.108218
1.315230
0.623151
0.313820
1.770204
1.318109
0.611842
0.573099
1.604045
0.299518
0.307091
1.158880
0.203554
1.495016
0.936156
1.769953
1.068617
1.302862
1.112839
1.004397
1.863381
1.359385
1.637114
0.941926
0.695456
0.230468
0.427633
1.119285
0.458183
1.754025
1.466221
1.009574
1.861836
1.768129
0.320001
0.568516
0.809011
1.097032
0.550256
1.565569
0.140083
1.767422
0.569430
1.485815
1.067185
1.256981
0.875491
0.121908
1.762332
1.284584
0.819885
0.987940
0.399314
0.200396
0.571999
0.528942
1.133655
0.135268
0.797591
1.765346
0.130038
0.105146
0.861027
1.334440
0.617341
0.550732
0.562454
0.957172
1.846505
0.310619
0.869779
1.782182
0.493448
1.689597
0.690364
1.618292
0.525292
0.649940
0.977692
1.726213
0.281984
1.245069
0.791624
0.497129
0.103766
1.254137
1.859478
1.770480
0.544324
1.863409
1.496232
0.163899
1.833052
0.448632
1.737245
0.939781
0.134532
1.775718
1.155179
1.116325
0.984679
1.223322
0.521533
0.747443
0.932513
0.951508
0.558459
1.863772
1.184041
1.751197
1.496995
1.457086
0.189398
1.492117
0.881908
0.692980
0.625289
1.471481
1.127030
0.135114
1.857569
1.754852
0.628003
1.161913
0.819537
0.603605
1.306814
0.604202
0.924759
1.759078
1.240837
1.640156
0.568181
0.157688
0.177270
0.185370
0.447416
1.119995
0.596383
0.762026
0.412451
1.453444
1.561037
1.496423
1.767788
0.553632
1.219480
1.312543
1.639533
1.749201
0.644087
1.767237
1.771832
0.723285
1.738935
1.769856
1.769969
1.180727
1.762488
1.205577
1.216788
1.863458
1.227790
1.759195
0.768667
1.114750
0.374351
1.154676
0.099052
1.141005
0.143139
1.072011
0.697580
0.867545
0.348684
0.741574
0.639658
1.850025
1.734746
1.496067
0.813567
0.638209
0.860081
1.491014
0.607461
0.150278
1.464441
1.855434
1.740872
1.028139
1.464157
1.758592
0.643037
0.155925
1.353329
1.818247
1.754038
0.989408
1.652909
0.342075
0.844068
0.666224
1.737330
1.389535
0.601366
0.146965
0.524841
0.511450
1.550787
0.167119
1.507539
1.463394
0.998403
1.863725
0.479698
0.438213
1.809771
0.742369
1.018125
1.863897
0.151241
1.863786
1.737898
1.772422
1.259857
0.115312
1.728590
1.402060
0.849696
0.106494
0.531940
0.468375
1.004492
0.792037
1.495005
1.152049
1.483619
0.112043
0.565239
1.627869
1.282546
0.155494
0.595278
0.658294
1.323052
0.281600
0.377039
1.412960
1.817139
0.417688
0.177476
0.473344
1.770833
0.142466
0.596080
0.578638
0.455128
0.682011
0.546513
1.622535
1.236880
1.863680
1.682543
0.788960
1.292453
0.850626
0.945755
0.644877
0.537526
1.854898
1.240756
0.340337
1.273583
0.188342
0.923661
0.718950
1.119288
1.755364
0.127721
1.769683
0.581696
0.473743
1.135552
0.297057
0.633077
0.730253
1.751229
1.280017
0.709080
0.687118
1.297480
1.482256
1.079363
0.970415
0.647789
0.900591
1.863880
0.622640
1.126939
1.308888
0.228686
0.617838
0.677534
0.855453
1.177463
0.619864
1.214127
1.578706
0.211400
1.660439
0.140740
0.200939
1.164251
1.575211
1.026439
0.334746
1.387221
1.857647
1.437516
0.498117
0.524792
0.203485
1.752166
1.863297
0.208969
1.311149
0.479404
0.289388
1.286264
0.551169
1.507574
0.823544
0.640745
0.579100
1.005568
1.333722
0.802101
1.605909
1.226080
0.517978
0.891082
0.841406
1.808545
0.881935
1.501498
1.336118
0.466374
1.861800
1.497528
0.808508
0.137500
1.014253
0.811073
0.600948
1.770684
1.862967
0.206486
1.860403
1.639043
0.156963
0.229717
1.863917
0.880994
0.557874
0.128355
1.863257
1.051003
1.244519
0.160191
1.464442
0.107196
1.761365
0.164215
0.834352
1.282150
0.876651
0.842131
0.765105
1.223246
1.262864
1.773604
0.338410
0.129164
1.336240
1.561408
1.492540
1.467285
1.005409
1.137990
0.120772
0.143413
0.979062
0.380567
1.770939
1.131942
0.664419
0.814656
0.397841
1.855904
0.470958
1.123394
0.975936
0.815151
0.440699
1.461228
0.162331
1.124918
0.992461
1.096300
1.206872
0.110870
0.825370
1.212194
1.449218
0.643327
1.110506
0.980896
1.342356
1.770622
0.138591
0.846599
1.670041
0.449503
0.234641
1.156471
0.305167
0.835745
1.475066
1.362030
0.916048
0.904850
1.764742
0.329292
0.720399
0.713752
0.874451
1.055399
1.863445
1.863555
0.254187
1.748632
1.279640
0.202515
1.329400
1.348709
1.858378
1.780252
0.427109
0.720783
0.913585
1.454233
1.771458
0.492116
1.843109
1.770864
1.854503
1.736363
0.877306
0.303374
0.891572
1.770583
1.289037
1.010879
0.900811
1.190405
0.647655
1.205076
0.541712
1.466430
0.221383
0.200680
0.520567
1.462647
1.330125
0.529879
0.584132
1.769807
0.582412
1.493813
1.265760
1.482320
1.860062
1.562942
1.268172
0.438249
0.443582
0.648577
1.242839
1.729610
0.142039
1.119161
1.770599
0.102691
1.699739
0.138629
0.665818
0.106333
0.984295
1.750670
0.259845
0.698086
0.863918
0.120650
1.863048
1.768975
1.595576
1.455959
1.628850
0.243123
0.685468
0.446198
1.176397
1.542538
1.002212
0.119354
1.566485
1.770326
0.171619
0.598631
1.862414
1.746036
1.447786
0.888541
1.722354
1.863110
0.108987
1.124872
1.038039
1.212876
1.773836
1.119894
1.768571
1.684131
0.966614
0.497146
0.111852
0.389950
1.767314
1.607267
1.161590
0.576833
1.131880
1.854947
0.614115
1.189801
1.863354
0.960709
1.006599
0.238860
1.758856
0.754433
0.103217
0.833229
0.134211
0.124987
1.863731
1.153843
1.619365
0.280766
1.018384
1.559998
1.859494
1.174063
0.202396
0.944714
1.171824
1.768655
0.292987
0.791823
0.762056
0.935326
0.393853
1.761026
1.771518
0.691326
0.110542
0.843897
1.337054
1.863650
0.978948
1.859276
0.122006
1.770444
1.860010
1.733662
1.769430
1.376739
0.815545
1.613479
1.519162
1.346622
0.118231
0.792473
1.708498
0.210926
1.463895
0.758087
1.863201
1.862252
1.767136
0.914242
1.783302
0.664306
0.587127
0.707703
1.863469
1.394992
0.831269
1.496390
0.853686
1.282977
1.495521
0.405059
0.902848
0.275265
1.107548
0.626387
0.927255
1.722327
0.978300
1.304008
1.284006
1.125985
1.026646
0.484042
0.333304
0.660001
1.435616
1.350547
1.745947
0.179088
1.010137
1.636868
0.131466
0.995411
1.377587
0.186368
1.749084
0.914381
0.614358
1.152999
0.599545
1.549820
0.424784
1.769151
0.572660
0.236946
1.405238
0.513743
1.118480
1.754146
1.175631
1.770995
0.376366
0.972817
1.738487
0.109224
0.601144
0.904811
1.769232
0.106889
0.805680
1.468786
0.480152
0.974566
1.218665
1.226031
1.863533
0.783203
1.028742
1.764950
1.462438
0.946453
1.130558
1.863749
0.906340
0.141512
1.752449
1.694747
1.760945
1.290398
0.116626
0.646353
1.319856
0.275195
0.905629
0.292763
0.179597
1.004093
1.671833
0.567471
0.560304
1.615510
1.770434
1.855603
1.853418
1.052641
0.194392
0.131340
0.312392
1.753660
1.650838
1.551583
1.727409
0.104949
1.755493
1.839892
0.771688
0.901667
0.801773
1.005838
0.676331
0.817879
1.578825
1.380270
0.755463
0.491382
1.863529
0.136918
1.848934
1.664403
1.321039
1.863735
1.668261
0.870073
1.759552
0.844280
1.624153
0.675633
0.154573
1.237248
1.461827
1.497318
0.709087
0.111631
1.385269
1.863490
0.583846
0.490223
1.774880
0.227808
1.633607
0.157462
0.417454
1.335027
1.330107
1.639789
1.121993
0.119014
1.138303
1.860024
1.218082
1.770253
1.478082
1.262717
1.011646
0.458094
0.140504
0.852052
0.560852
1.757753
0.335057
0.149761
0.189260
1.852482
1.704714
0.100980
0.986964
0.154647
1.861236
1.152656
0.231124
1.136284
0.571900
0.105573
0.988900
1.839612
0.594179
1.369300
1.408052
1.863584
1.157366
0.536352
1.760963
0.585437
1.776533
1.520178
1.684636
1.863881
1.770439
1.725040
0.877318
0.102552
1.321234
0.512511
0.357948
1.342126
1.231654
0.325949
0.516729
0.784144
0.567131
0.455114
0.270330
0.828397
0.210607
0.604383
0.446688
0.099567
0.751533
1.149366
1.514987
0.099325
1.334713
1.862901
1.811138
1.766521
0.618989
0.523657
1.166107
0.919247
1.288849
0.998686
1.680985
0.855876
1.005514
1.465767
1.559113
0.576768
0.945777
0.284278
0.995626
1.230923
1.171931
0.642893
1.863618
0.251473
0.235601
0.995693
0.583720
0.867672
1.627375
1.759671
1.711522
0.637164
1.679482
1.230986
1.678403
0.343657
1.141740
0.998397
0.189757
1.605378
1.466110
1.496234
1.766850
0.614299
1.286680
0.596008
0.524678
0.947919
0.356915
1.257271
1.462662
0.581357
0.241740
0.247261
0.681752
1.861495
0.836759
1.761945
1.676370
0.467956
0.308382
0.240190
0.848791
1.848560
1.463552
1.863716
1.863784
0.386109
1.005864
0.503874
1.118155
0.176087
1.862388
0.950653
1.644669
0.484431
0.586139
0.311473
0.693097
0.651537
1.583288
0.209514
1.465535
1.626973
0.451777
0.851692
1.560317
1.123813
1.291526
1.626424
1.861979
0.639752
0.578926
0.137659
0.626561
1.452675
0.210477
0.229299
1.738414
1.772574
1.500691
0.679670
1.862748
1.755818
1.106411
0.370618
0.811932
0.399155
1.313768
0.146462
0.569052
1.769601
1.863232
0.312599
0.666623
1.767937
0.463679
0.401363
0.450789
0.390447
1.644269
1.326885
0.702303
1.496291
0.162038
0.404731
0.451688
0.559304
0.914605
0.652969
0.484194
0.475465
1.082865
0.320760
0.197638
1.496068
0.469453
0.418642
0.348022
1.009134
1.845835
0.553770
0.424634
0.875357
1.600239
1.559940
0.921017
1.769047
0.521585
0.154300
1.556514
0.691617
1.561336
0.623809
0.485998
0.159026
1.824543
1.351726
1.863734
1.284447
0.951023
1.459838
1.622193
1.765388
0.998282
1.632120
0.682776
1.470645
0.671223
0.484724
1.292600
0.197585
0.540660
0.444277
0.289004
0.131059
1.860746
0.500116
0.687345
0.883846
0.597464
1.863780
1.305433
1.496074
1.344836
0.250203
0.374043
1.126558
1.126438
1.002779
0.536113
1.770190
0.867170
0.471745
0.972468
0.477314
0.756144
1.463820
1.727318
0.727169
1.468400
1.753682
1.465445
1.383534
0.452623
0.822922
1.763618
0.138491
0.976291
0.843654
0.465719
0.856079
0.176299
0.835147
1.438482
1.863705
0.822948
0.866683
0.497774
1.237471
1.315695
0.110525
0.666275
1.387707
1.644173
1.642113
0.931054
1.474436
1.749036
1.560503
0.905764
0.257617
1.770913
1.561493
1.455808
0.193287
1.118959
1.120336
1.863683
0.929656
1.682543
0.810936
1.770318
0.168060
0.486328
0.194334
0.697545
1.850938
1.037466
1.744607
1.325620
1.124453
0.204326
0.687857
1.284442
0.153981
0.256031
1.121362
1.746346
1.413690
0.297585
0.127905
1.173331
1.862632
0.679003
1.863877
0.965867
0.815855
1.497007
0.469664
0.841854
0.555754
0.628892
1.647220
1.776340
1.514448
1.561490
0.175050
0.147868
0.690270
1.738150
1.608202
0.180701
1.122026
0.914416
1.117456
0.823609
1.647354
0.140320
1.328174
0.453251
0.769954
1.768855
0.610474
1.040725
0.676751
1.561039
0.406022
0.113197
0.403571
1.863513
0.697771
1.481801
1.824397
0.885841
1.810622
0.329224
1.227092
0.120117
0.519275
0.314306
1.860931
1.528548
1.340265
1.264578
0.121334
0.367307
1.861557
0.548997
1.560764
1.333560
1.858256
0.974015
0.121330
0.516182
0.983352
1.752975
1.467204
0.774003
1.770054
1.314991
0.140002
1.803755
1.514828
1.119412
0.802086
0.567942
0.623324
0.831551
1.728320
0.134274
0.573845
0.454335
1.454028
1.119088
0.782059
1.202982
1.475168
1.469020
0.160123
0.102746
0.162010
1.136686
0.232935
0.661509
1.468112
0.607869
1.580787
0.652204
0.764981
1.657959
0.426695
1.100332
1.676209
1.139478
1.323420
1.561433
1.179544
0.568056
1.863461
1.765348
1.246683
0.995215
0.254995
1.121957
0.516401
0.768460
1.009843
1.258013
0.189309
0.333726
1.760195
1.863839
1.631358
0.129032
0.243658
1.265948
1.351513
1.639566
0.249541
0.568847
1.093539
1.798728
0.252325
0.316377
1.863218
0.143342
0.558720
1.186613
1.624507
1.767046
1.471917
1.220328
1.556097
0.128042
0.932237
0.899922
0.809961
1.449251
0.578905
0.851618
0.943912
1.119690
0.184541
1.146752
1.748323
0.675418
1.170953
1.472655
1.698022
0.294146
1.282083
1.859305
1.192475
1.233718
1.562176
0.306880
0.915666
1.273088
0.998957
0.883746
0.609525
1.224574
0.797217
1.013108
0.935936
1.664379
0.855254
1.309712
1.466517
1.146052
0.197238
1.187423
1.561541
0.376312
1.392041
0.121188
0.121354
1.535467
1.208679
1.747260
1.361754
0.350651
1.308737
0.812710
1.456495
0.465130
0.165915
0.304193
1.224507
0.610341
0.472378
0.955044
1.255151
0.644656
0.632086
0.600130
1.320493
1.039441
0.209165
1.862392
1.276335
1.464203
0.847708
1.428496
0.955573
0.383750
0.483577
0.921015
1.862562
1.863816
0.609111
0.716822
1.182048
1.650118
1.561510
1.311494
1.071335
0.146535
0.981103
0.966588
1.616825
0.646734
1.310533
1.853323
1.349091
1.620862
0.688224
1.752967
1.769922
0.133453
1.122792
1.343570
0.464715
0.135455
1.647162
0.438235
1.496239
0.901351
0.483297
0.869868
0.333665
0.765570
1.495509
1.466938
0.836805
1.628498
1.148623
1.773058
0.987322
1.664895
0.552686
1.863592
0.110954
1.330017
0.416046
1.446776
1.555335
0.986375
0.463110
0.725419
1.242922
1.469485
0.848757
1.114921
0.669053
1.862587
1.770510
1.418107
1.125893
1.736948
0.869211
0.426872
1.794933
1.460174
1.599177
1.750911
0.966799
0.487533
0.285337
1.763839
0.714489
0.298270
1.589638
0.653621
1.317083
0.106621
0.774738
1.776736
0.387506
0.106841
1.676879
1.658781
0.729719
0.379008
1.278949
0.519936
1.253732
0.577190
0.109384
0.878603
0.621917
1.134707
0.182877
0.575594
0.889071
1.555582
0.209253
0.199147
0.634871
1.230412
1.496275
1.735136
0.449631
0.552565
0.901622
0.337180
0.737290
1.464716
0.360680
1.318081
1.752995
1.276673
0.116417
1.092530
1.400844
0.394413
0.910414
0.109234
1.617194
0.733941
0.186193
0.891425
0.367176
1.561482
1.338561
1.321130
1.751036
0.795680
0.817713
0.337873
0.370165
1.116593
0.428165
1.863903
0.273610
1.770779
0.873870
0.211437
0.747483
0.259048
0.968259
0.944322
1.064862
0.473197
1.497532
1.218801
1.711080
0.731558
0.960308
0.326411
1.003125
1.856383
0.678872
0.849911
1.495698
1.622063
1.758287
1.862418
1.167018
1.634539
0.487963
1.863373
1.863657
0.249918
0.813715
1.277280
1.120703
0.431927
0.967213
1.496238
0.507518
1.862879
1.311662
1.496133
0.598141
0.171155
0.301446
1.380804
1.122821
0.233834
1.622442
0.129626
0.769347
1.851275
0.948351
0.363437
0.158344
0.718450
1.863842
0.411930
0.994440
0.149184
0.323195
0.170723
0.351647
0.631881
0.720931
1.234946
1.767260
0.879421
1.263110
1.862565
0.667039
1.200464
0.110605
0.569345
0.405486
1.234289
0.715381
0.968807
1.173591
1.838632
1.771000
1.768418
1.832458
1.466281
1.319983
0.303533
1.380735
0.574139
0.563205
1.133677
1.561500
1.270894
1.770054
0.745444
0.489110
1.324832
1.287808
0.942432
1.155549
0.749345
1.709646
1.455111
0.957412
1.324620
1.371875
0.268907
1.858674
0.582218
0.287599
1.462922
0.159700
0.126710
0.990856
1.862512
1.769057
0.340308
0.494017
1.743966
0.148039
0.650548
1.754389
0.435414
0.110254
1.863693
1.765633
0.152518
0.559399
1.636217
0.165490
0.171359
1.858111
1.645307
0.899022
0.328473
0.911964
1.279955
0.822836
0.627360
0.166257
1.677567
1.863821
1.858809
1.726806
0.122301
0.150599
0.736926
0.815866
0.371018
1.633536
0.934167
1.806024
1.486362
1.761439
1.461321
0.951147
1.732334
1.559187
0.362527
1.842861
1.118534
1.863484
1.743006
0.926489
0.783535
0.174809
0.993804
0.121265
1.166814
0.247347
1.750911
1.118900
1.150505
0.773158
0.381657
0.752969
0.379957
1.473624
0.536343
0.716312
0.230679
0.675225
1.303474
1.757567
1.863883
1.003505
0.411644
0.171273
1.136482
1.007803
0.116779
0.753105
1.567631
1.215535
0.953026
0.999467
0.384631
0.572425
0.867740
1.609918
0.792465
0.974342
1.770054
0.307873
0.666812
1.650548
1.762228
0.989386
1.742168
1.767654
1.690285
0.831979
0.965425
0.502706
0.103712
1.321985
1.724931
1.461386
1.861255
0.219865
1.339885
1.863790
1.330497
1.770458
0.649574
1.165916
0.838085
0.139739
1.731423
1.271345
0.868958
1.803791
0.241382
1.125733
1.470614
0.620181
0.416462
1.755974
1.758297
0.672577
0.542180
0.984508
0.311277
0.421564
1.057859
1.496037
1.124773
1.863776
0.105906
0.117070
0.882669
0.965542
1.640022
0.565277
0.589337
0.255645
0.596930
0.971210
1.260662
0.199685
0.525801
1.227447
1.732795
1.642163
0.238508
0.452567
0.130541
1.583843
1.127204
0.176368
1.234934
1.309371
0.597629
0.240890
1.770934
1.461474
0.974574
1.113087
1.302161
0.114789
0.161362
1.162732
1.005942
0.235553
0.708735
1.606617
1.775735
0.572916
0.146368
0.989329
1.461343
0.140642
0.100928
1.310649
1.121725
1.461139
1.177165
1.464007
1.461838
0.147288
1.480503
0.234427
1.125014
1.477786
1.863176
0.373208
0.566353
0.746849
0.458820
0.960921
1.485551
0.443111
1.326428
1.770889
0.895641
1.459685
0.985163
1.101471
0.653693
0.466012
1.141558
1.565160
1.227823
0.205983
1.770868
0.147147
0.159574
0.577498
0.785237
1.559970
0.703758
1.862275
0.571277
1.623374
1.493510
1.241881
0.562487
1.287577
1.299758
1.768257
1.460302
0.785321
1.632288
1.721316
1.496511
0.735515
0.852239
1.736705
0.677183
1.732858
0.561011
1.176878
1.837696
1.748717
1.856709
1.863476
0.603555
1.768478
1.755053
1.863700
0.549610
0.776016
0.521835
0.501017
1.108871
1.770026
1.859071
0.423082
0.245347
0.512935
1.130095
1.005151
0.432226
1.674059
0.153046
0.114362
0.299408
1.842226
1.133581
1.615942
0.179569
1.131473
0.244477
0.778070
1.763200
0.583211
1.163462
1.186074
0.551233
0.111728
0.163743
0.980243
0.426515
1.216964
0.411984
1.768084
1.628137
0.666008
0.610289
1.129931
1.261256
0.912156
1.096844
0.345438
1.863124
1.560901
0.779961
1.748484
1.198901
1.084134
1.855106
0.937250
0.872490
1.367228
0.610566
0.670691
0.417100
0.162741
1.863661
1.771001
1.741844
0.659650
1.155293
1.851242
0.678461
1.286021
1.863894
1.687802
0.906431
0.453025
0.948846
1.627057
1.005521
1.845395
1.636573
1.854653
0.545125
1.622402
0.295493
1.754948
0.361281
1.120667
1.280703
0.766680
0.207704
1.461379
0.551096
1.766808
0.981200
0.714338
0.622832
1.126305
0.137648
1.860381
0.485845
0.855214
0.810070
1.289350
0.989873
0.706998
0.325720
1.770202
0.259457
1.762449
0.803687
0.327693
1.740893
1.492144
1.060741
0.415455
0.269313
1.860691
1.206291
0.760841
0.480127
1.350947
1.767957
0.152904
1.459533
0.961747
0.880171
0.421654
0.367423
1.861344
1.641589
1.154417
1.464904
0.850117
1.861111
0.572229
0.113996
1.770558
1.859995
1.863270
1.280827
0.978884
1.769228
1.770369
1.862705
1.187297
0.135688
0.243846
0.718704
1.261298
1.863840
1.859052
1.863206
0.103579
1.013228
0.369523
1.840117
0.928576
0.958061
1.861266
1.274194
1.316578
1.716499
0.340442
0.193250
1.570305
0.211024
1.005520
1.006505
0.104562
1.119161
1.857359
0.421253
1.781580
1.747118
0.143675
1.156276
0.313788
1.200049
0.128135
1.849780
0.975385
0.691231
0.452139
1.831871
0.660206
0.134068
0.875701
0.624516
1.495266
1.299720
1.455438
0.564234
1.466130
0.100018
0.495667
0.218331
1.764564
0.842742
0.332541
0.392487
0.762749
0.916805
1.770219
0.899740
1.863473
1.156486
0.263334
1.238881
0.941001
0.318736
1.121168
0.299590
1.742015
1.561003
1.625224
1.860430
0.859028
0.162742
0.451972
0.419726
0.814959
1.770051
1.118578
1.149056
0.535830
0.956623
1.315981
0.653811
1.279616
0.975908
0.711280
0.582735
0.165858
1.364377
1.698579
1.772846
0.912263
1.350078
1.862513
0.948007
0.860775
1.688977
0.187768
0.550939
1.289117
1.851899
1.691104
1.760503
1.768022
0.994533
1.745903
0.120357
1.808148
1.743637
0.650749
1.301883
1.719870
0.119835
0.961559
0.269966
1.120402
0.297367
0.822567
1.596827
0.924405
0.246925
1.827710
0.273214
0.983228
0.151172
0.654592
1.304853
0.165271
1.491808
0.889805
0.893044
1.751668
1.123145
0.709421
1.314477
0.498550
1.723846
0.286893
1.471955
1.561148
0.951571
0.104199
0.207654
0.643121
1.667926
1.863532
1.825068
1.771033
1.804916
1.216748
0.533040
0.889183
0.531635
1.490097
1.393772
1.161295
1.756598
0.291228
1.458028
1.766857
0.488070
0.120935
0.426472
0.982561
1.339809
0.121197
0.176295
0.128725
1.760827
0.344380
0.568615
0.441286
0.806648
1.767420
1.496104
1.769751
1.242140
1.645769
0.716574
1.776805
0.593723
1.607292
0.237365
1.077799
0.247476
0.204526
1.763871
0.339368
0.567690
1.770268
1.707770
1.338914
0.110924
0.653953
1.326803
0.313576
1.769949
1.863148
1.621875
1.609043
0.504257
0.718435
1.762101
0.636845
1.087524
0.961949
0.201890
1.193090
0.360212
0.367176
0.439981
1.622674
0.241043
1.131702
0.375491
1.863541
0.424543
0.146467
0.750114
0.129668
0.737415
1.769931
0.915267
0.715418
1.641118
1.863863
1.766851
0.166336
1.119421
1.731545
1.180045
1.860947
1.757293
0.367933
0.581569
1.184880
0.282768
0.588998
0.292377
1.127216
0.182783
1.038314
0.803788
1.113878
0.597849
1.863739
1.245965
0.179321
0.596776
0.151928
0.847549
1.762932
0.671581
0.112528
0.143314
0.243950
0.767389
1.317525
1.096357
1.734819
1.863507
1.496254
0.674767
0.206188
1.559650
0.945220
0.185075
0.929607
0.721707
0.481686
1.311255
0.123621
0.120504
1.768847
0.152939
1.298203
0.613101
0.468369
1.811095
0.970992
0.138606
1.307568
0.678523
1.071488
1.718622
0.377665
0.433914
1.618912
0.952793
1.006618
0.601159
1.859964
0.990525
0.174209
1.114756
0.810103
0.128998
1.863729
1.167108
1.626457
0.622077
0.940756
1.627871
0.949433
0.930885
0.104853
0.416942
0.819437
1.850420
0.595115
1.770577
1.057381
1.336036
1.863785
1.425152
1.155386
0.965246
1.315743
0.927398
1.730127
0.853706
1.329965
0.102971
0.102738
0.258088
1.312940
1.765554
1.763374
1.355457
0.577332
1.543538
1.751069
1.161765
0.721709
1.629383
1.151369
0.145211
1.769536
1.108445
1.459332
1.007148
1.863788
1.240593
0.234350
1.309759
0.693718
0.417868
1.119173
1.110564
1.118711
0.119315
0.268895
1.596631
0.442611
0.529974
0.129731
1.704350
1.858080
1.465683
0.119892
1.491973
1.265163
0.363783
0.914749
1.769057
0.884581
1.499479
1.863120
0.602237
1.559801
0.792633
0.965704
1.857618
0.522300
1.012622
1.496362
1.839815
1.463073
1.858220
0.553972
0.995400
1.204534
1.469113
0.951379
0.158281
1.005726
0.667470
1.862697
1.289707
0.549574
0.313188
1.560188
1.322370
1.100732
0.154635
1.773223
0.596583
1.160789
1.764130
1.591824
0.367640
0.651881
1.006184
1.519583
1.455013
0.382493
1.770591
0.174356
1.718158
1.288343
0.549625
0.717028
0.377964
1.797796
0.360320
1.665236
1.863726
1.243661
0.123630
0.336479
1.773049
0.926462
1.561426
0.114555
0.398486
0.580985
0.971947
0.923025
1.816097
1.008981
0.835768
1.160170
0.115472
1.269761
0.214513
1.774056
1.310724
0.817881
1.339252
1.122870
1.183973
1.768595
1.768482
0.975434
0.639305
1.496374
0.439717
1.013796
1.644959
0.106754
1.615255
0.519322
1.767603
1.149662
1.277254
1.766578
1.290275
1.404964
1.769086
0.428303
0.436613
0.127645
0.600978
0.479931
0.945118
0.535081
0.685836
1.561024
0.145716
1.430501
0.493267
1.289986
1.863544
0.129657
1.497787
1.003879
1.229193
1.859153
1.707666
0.544019
1.791821
1.303187
0.148124
1.246794
0.419222
0.712236
0.534313
0.914407
0.159993
0.880656
0.590180
0.937610
0.436187
0.818672
0.876345
0.863840
0.399643
0.973912
0.581564
0.378504
0.538627
0.408254
1.764149
1.142549
0.909437
1.730446
0.937916
0.764702
1.862826
0.622027
1.325050
1.367595
0.994626
0.206984
0.169255
0.107747
0.113272
0.839853
0.981876
1.496379
1.842290
0.703781
0.729111
0.495625
1.431190
0.838742
0.410465
1.026699
1.157191
0.600783
1.859771
1.403934
1.146520
1.270510
0.134800
0.642556
0.614559
0.496563
0.987956
0.456715
0.800035
0.447904
1.765080
0.367406
0.540882
1.667598
1.464039
1.854274
1.135121
1.127335
0.778115
0.906111
1.790107
0.566923
1.466841
1.331689
0.913166
0.132542
0.112700
0.883297
0.329824
1.120417
0.199997
0.154948
1.496398
1.299120
1.191948
1.598243
0.620271
1.819761
0.455364
0.530396
1.863787
0.634232
0.289663
1.303077
0.971361
1.863677
1.770964
0.403521
1.616794
1.201451
1.770234
0.148610
0.904396
0.640158
0.185725
0.585777
1.209289
1.009227
1.118902
1.863552
0.709635
0.123382
0.158468
0.325526
0.591199
1.862052
0.527831
1.124070
1.769537
0.895609
0.131666
0.846893
1.863764
0.205665
1.427784
1.267766
0.588021
0.658802
1.338082
0.169826
0.705181
0.431651
0.128736
0.221364
0.563941
0.836781
0.113428
0.534289
1.856503
1.771361
1.257275
0.530129
1.863842
0.517719
0.548434
1.836271
0.550612
0.225313
0.385508
1.737354
1.323923
0.806620
1.628515
0.489587
0.999193
0.548768
0.597282
1.632597
0.763729
1.848843
0.300947
0.579562
0.522365
1.496092
0.679644
0.321775
0.143506
1.465477
0.883053
0.311009
0.252130
0.159651
0.832965
1.137015
1.122426
0.400120
0.205586
0.555761
0.106051
0.642040
1.762199
1.467590
1.120384
0.135810
0.144385
0.449456
0.337121
1.095726
1.771509
0.113916
0.469183
1.256557
1.121018
1.459711
1.637307
1.724798
1.767607
0.702081
1.659949
0.581240
1.496212
1.863661
0.949879
0.691875
1.347796
1.564148
0.476343
0.521870
1.863120
0.736803
1.468603
1.410697
0.805571
0.737526
0.712808
0.223030
0.118411
0.380241
0.136666
0.533510
0.311869
1.770824
0.142126
0.420884
1.464446
1.485270
0.289305
1.070534
0.265874
1.117723
0.524353
1.465162
1.655345
1.376020
0.906623
1.860983
0.848886
1.673859
0.800546
1.181293
0.403852
0.414736
0.138610
0.870865
0.837010
0.317410
0.332835
0.855464
1.294459
1.854470
0.674083
1.017879
0.870790
0.170893
1.763666
0.537455
0.683703
1.114507
0.667294
1.005670
1.561152
1.120029
1.217201
0.207886
0.568634
1.767115
1.235164
1.222415
1.855138
1.770652
1.558853
0.920428
1.770797
1.611416
0.319978
1.822562
0.842072
1.840644
0.146925
0.832097
1.137295
0.356120
0.879121
1.860658
0.424543
0.696998
0.885458
0.168563
1.464597
0.387538
0.244074
1.450949
0.111518
1.850499
1.127167
1.764484
1.762155
0.989004
1.496313
0.493976
0.983452
0.654711
1.861612
0.593266
1.486322
0.523689
1.519599
0.888398
1.272374
0.202337
1.298719
1.777513
0.206576
0.627232
0.557999
0.552233
1.620136
1.008349
0.173000
0.245839
1.863779
1.463117
0.541409
0.431694
0.649392
1.772358
1.003035
0.967309
1.863821
1.231431
0.570360
1.644323
0.139881
1.245872
1.790742
0.856029
1.295708
0.789777
0.259367
1.765336
1.844925
1.115966
1.481013
1.863544
1.728433
1.561544
1.758674
0.917908
1.765122
0.969727
1.435721
1.863573
1.561331
0.456883
1.328092
0.146287
1.340755
1.837794
0.405224
0.506501
1.611824
0.561419
0.563533
0.814894
1.839865
1.770972
1.558075
0.240729
0.493910
0.568818
0.876145
1.731992
0.847090
1.495608
0.492813
0.486566
0.635340
0.893672
1.290976
0.590543
1.863468
0.997236
0.702459
1.230358
0.285948
1.327370
1.751468
1.705738
1.206266
0.697416
1.313135
0.101146
1.142789
1.146172
1.403843
1.719220
0.635751
1.760354
1.002440
0.928669
1.297882
0.573074
0.982204
1.863033
1.765712
0.503742
0.498501
0.753641
1.768808
0.794733
0.609123
0.955929
1.122982
1.748803
1.119208
1.004100
1.106786
0.212285
0.928779
1.223738
1.300064
0.140920
1.767488
1.277181
1.616734
0.321799
0.675773
1.315892
1.861647
1.471906
0.601856
1.560987
0.244850
1.231659
0.515773
1.112010
0.898263
1.568358
1.118792
0.289070
1.863076
1.747244
1.783486
0.161316
1.121269
1.170664
0.362090
0.386604
0.300681
0.403716
1.770574
0.203301
1.296104
0.117929
0.439309
1.587837
0.883586
0.567957
1.754240
1.158132
1.851347
1.767125
0.215677
1.766796
1.125885
1.163460
0.102809
1.227041
0.843863
0.376248
1.132835
0.586664
1.775281
0.229664
1.010406
0.945188
0.158493
0.153366
1.147268
0.865160
1.767137
0.151757
1.118430
0.152956
0.692483
0.945993
1.117561
0.631078
1.861158
0.314539
0.955322
0.132966
1.496253
0.494114
1.696679
1.257531
1.122852
1.118994
1.770741
1.158102
1.450111
0.732728
1.863752
0.150478
0.851173
0.541687
1.010125
0.539012
0.438094
0.299070
1.251374
1.862674
1.496430
0.375004
1.766581
0.516500
1.149444
0.424747
1.456233
0.472993
1.752852
1.619029
1.119159
0.698992
1.124616
0.135374
0.147797
1.459515
0.105380
0.409078
1.770845
1.769768
0.232741
0.976790
1.121690
1.319814
1.381112
0.534907
0.166950
1.654963
0.814597
0.103181
0.364118
0.598191
0.186926
0.167117
0.159167
0.281451
0.556329
0.320251
0.471322
1.753195
1.395907
1.122850
0.912216
1.863822
1.241203
1.863234
0.156278
0.108001
0.665950
0.190393
0.834062
1.560308
1.623055
1.805649
0.566350
0.635227
0.987383
0.435026
1.133341
0.616261
0.946765
0.690384
0.380297
1.744652
1.767236
0.303525
0.953586
1.769202
0.406331
0.669314
1.686558
0.535399
1.110084
1.618374
0.715531
0.459861
0.209097
1.480244
0.793047
1.857311
1.862995
0.482427
1.153947
1.010429
0.111436
1.862966
1.559283
1.130285
1.768277
1.624297
1.769406
0.392686
1.722201
0.302364
1.769672
0.115310
1.644785
0.275407
0.959559
1.224549
1.322260
0.619882
0.477487
1.777273
0.321377
0.885738
0.999786
0.228482
1.863661
1.147075
1.863473
1.466931
0.371977
0.393249
1.766817
1.484297
0.508110
1.090248
0.638161
1.524656
1.654537
1.863809
0.628492
0.214649
1.105695
1.222945
0.353755
1.570457
0.195443
1.860957
1.559958
1.863520
1.769752
1.225926
0.980720
1.122651
0.789002
1.117458
0.165458
0.338939
0.489293
1.302352
0.339004
0.745672
0.948532
1.459723
1.195224
0.691136
1.682510
1.769149
0.280761
0.600022
0.955767
0.364144
1.461828
1.616596
1.843159
1.278656
1.001632
1.094380
1.496105
1.639418
1.040633
0.809779
1.753635
1.314781
1.768494
0.934151
0.852497
0.630973
0.343030
1.246823
0.747207
0.505134
1.465190
0.259096
0.868960
1.770919
0.684034
1.332099
0.451933
1.862881
1.733285
0.495136
1.861373
0.358504
0.480427
0.348127
0.346066
1.084029
0.855311
0.562135
0.580503
0.818712
0.216670
0.639337
1.623156
0.938582
0.949770
1.630200
0.109915
1.489449
1.863764
1.011369
1.764104
1.003335
1.692476
0.768081
0.115996
1.764037
0.673626
1.294764
1.863513
1.791027
1.769987
1.838802
1.860438
1.863380
0.730549
1.120306
0.906538
0.918822
1.862846
1.493014
0.699866
1.578229
0.491919
1.019296
0.635832
1.621280
0.936952
0.851997
0.594846
0.882750
1.775793
1.374376
1.395489
0.994519
0.934917
0.884455
1.862930
1.121974
1.456687
0.584004
0.166217
1.183621
1.126945
0.258272
1.127734
1.119135
1.122962
1.618968
1.478279
0.222084
1.847672
1.327929
1.283509
1.484881
1.638884
1.087790
0.213128
1.863848
1.621558
0.940516
1.004623
1.683663
1.740100
0.999786
0.113937
0.472887
0.182805
1.605201
1.079943
1.496348
1.209705
1.756973
1.304492
0.711061
1.603659
0.182320
0.577145
1.861869
1.461443
1.780428
0.789080
0.709675
0.423097
0.659342
0.389828
0.553849
1.496233
1.860760
1.204244
1.350653
0.108665
1.853131
1.859229
1.770582
0.920464
1.306448
1.624056
1.367524
0.498772
1.229150
0.144174
1.677117
1.121264
0.613586
0.899037
0.444955
1.461311
1.326163
1.863831
1.464438
1.464133
0.778416
1.767267
1.276091
0.251670
1.790042
1.753699
0.991877
0.694321
0.786225
0.511719
1.116450
1.672639
0.238307
1.222166
0.933161
1.729526
0.931719
0.542954
1.767355
1.126498
1.769745
0.904629
0.453260
1.161309
1.154226
1.862906
0.911334
0.182658
0.885995
0.754412
0.965844
0.512675
0.930555
1.771256
1.345804
1.484111
1.027640
0.492353
0.171986
1.240100
0.530078
0.597298
0.124310
0.520913
0.671366
1.149462
0.658191
1.646975
1.148486
1.136830
0.266058
1.170208
0.643742
1.652657
1.343281
1.863766
0.979737
0.674085
0.669584
1.279479
1.259643
1.605003
0.509003
1.334296
1.678462
1.863398
1.770895
1.568764
0.129559
0.928843
1.758681
0.544030
1.768089
1.339698
1.472291
1.717803
1.560011
1.769848
0.135347
0.959048
0.895131
1.298511
0.248381
1.296622
0.774710
1.841376
1.769838
1.654730
1.010211
1.858620
1.575642
1.155779
1.569833
0.706212
1.862579
1.293965
0.106486
0.921394
1.248108
0.596036
1.130271
0.604877
0.598662
1.243198
1.166652
0.314930
0.539513
1.863351
1.026435
1.712416
1.139441
0.475047
1.759159
0.121773
1.837993
1.862188
0.788577
1.125658
0.920414
1.626929
0.469280
0.106253
1.268505
1.131635
0.551566
1.473330
0.717828
1.203280
1.234006
0.138235
0.847740
0.622666
1.831879
1.770980
1.220907
0.807401
1.462216
0.771592
0.339461
0.968561
1.771556
1.721061
0.276360
1.862323
0.136590
1.003858
1.132337
1.727086
0.517421
1.366530
1.297058
0.915259
1.375478
1.617599
0.911761
1.735744
1.741152
0.949839
0.530137
1.467042
1.048161
1.163535
0.349341
1.224183
1.327356
0.588062
0.582281
1.560469
1.840509
0.261828
1.061554
0.896279
1.768618
1.415655
1.261627
1.133340
0.147972
1.661361
0.990963
0.713242
0.361866
0.717034
0.849808
1.770368
0.900246
1.768575
0.337011
1.185064
1.762725
0.105484
0.373742
1.561335
0.177590
1.210683
0.710241
0.555837
0.474004
1.563130
0.858054
0.925271
1.231529
1.659275
0.605492
1.198136
1.661682
0.420104
0.427083
1.147477
1.799961
0.586338
1.788758
1.705612
1.486511
0.240651
0.583849
1.627134
1.229518
0.524755
1.836773
0.449646
0.732034
1.758499
1.863117
1.129328
0.269235
0.963951
0.230114
0.179429
1.753453
0.138297
0.173799
1.767425
1.762642
1.621164
0.153215
0.184088
0.998592
0.598944
0.634714
0.227772
1.486448
0.944815
0.103338
1.067606
1.863840
1.863767
1.773821
1.769702
0.546305
0.912372
1.831937
1.240978
0.930197
1.760849
0.231661
1.756389
0.538108
1.188609
0.346555
1.296629
1.862720
0.691703
1.723369
1.313100
1.653779
1.771370
1.861826
1.220198
1.863732
1.856858
1.267267
1.454251
1.643863
0.129441
0.513421
1.125946
1.763573
1.760910
0.764860
1.479951
0.227225
1.187315
0.914026
0.651956
1.836905
1.316758
1.702187
1.636029
1.018148
0.165109
1.860966
1.860822
0.617160
0.265144
0.879696
0.969777
1.768535
1.729684
1.096342
1.256075
1.770810
1.119675
1.652779
1.770080
1.770152
1.008154
0.237140
1.320197
0.698705
1.859599
1.485770
1.328826
1.472339
1.619316
0.468881
1.159948
1.123128
0.187988
1.770820
1.769973
1.771369
1.784137
0.953809
1.831279
0.737226
0.560875
0.154298
1.321886
1.603626
1.762949
1.382880
1.346663
0.255278
1.770212
0.549428
1.144188
0.669125
1.743333
0.826183
0.291895
0.162920
0.143616
1.261386
0.902852
0.932003
1.463445
0.617780
1.224282
1.332757
1.009720
0.245323
1.002172
0.552430
1.765840
1.836596
1.766321
0.669127
1.629650
0.425291
0.307936
0.583832
0.836186
1.765500
0.140057
1.000934
0.149753
0.564426
1.133982
0.746718
1.491888
1.088271
1.303807
1.212880
1.188168
1.674528
0.746216
0.219245
1.757242
0.496023
1.083706
0.360344
0.864755
0.838508
1.767814
1.123315
0.424801
1.863792
0.539504
0.562777
1.861515
1.496019
1.743530
1.282294
1.174573
0.380039
0.284455
1.285377
0.735891
0.463399
0.183763
1.559448
1.768454
1.004166
0.807985
0.483139
1.156139
0.118710
1.302058
1.753977
1.314286
0.752725
0.644336
1.773891
0.793118
1.863698
0.506216
0.777296
0.838265
1.120475
0.824777
0.597687
1.470926
0.987529
1.770567
1.494618
1.236073
0.640347
1.770373
0.103299
0.467584
1.307142
1.767843
0.387086
1.179024
1.223810
0.338565
1.497671
1.320660
0.367174
0.693984
1.863264
1.295013
1.743905
0.848696
0.180053
0.982831
0.439012
0.764000
0.182770
0.618953
0.920026
1.770778
0.145732
1.024896
1.412104
0.946426
0.643917
1.240409
1.495705
1.561545
1.722826
0.320347
1.608175
0.938661
1.664679
0.565582
0.134462
0.863426
1.354508
1.216915
1.600641
1.368634
1.463245
1.682021
1.608871
0.230795
0.942363
0.925670
1.768662
0.815024
1.110402
0.420053
1.320392
1.456777
1.464079
1.165808
0.364653
0.555108
0.934213
0.665859
0.588668
1.298495
1.231152
0.130353
1.770620
1.280698
0.441035
0.919516
0.551467
0.438627
0.199284
0.529892
1.716825
0.855903
1.317282
1.785787
0.161624
0.128528
1.328868
1.233427
0.656350
1.341924
0.482205
0.440444
1.494359
1.769203
0.115828
1.355318
0.669112
1.252647
0.790503
1.780529
1.269824
0.547094
1.000032
0.386433
1.280929
0.574744
1.207420
1.595736
1.446573
1.784015
1.598809
0.290814
1.575471
0.628114
0.115301
1.863556
0.195747
0.398525
1.533791
0.254164
1.766848
1.814076
1.118391
0.312640
1.770633
0.178395
1.302157
0.173373
0.543958
1.302621
0.659724
1.863533
1.764361
1.486040
1.208221
0.198520
1.165048
0.216594
1.632595
1.238256
0.628507
1.770326
1.453986
1.511205
0.249682
1.199314
0.382272
1.109864
1.068965
1.455630
1.863203
0.834631
1.770350
1.224419
0.624817
0.925945
0.477940
1.786648
0.758997
0.117171
1.767619
1.033500
0.762277
0.739577
0.164673
1.232580
0.749783
1.346173
1.384263
0.260619
1.620482
1.045318
0.713228
0.152170
1.862798
1.293761
1.663516
0.441151
0.329554
0.197354
1.769361
1.680358
0.722359
1.863802
0.473036
0.191076
0.113310
0.129261
0.753549
1.712466
0.485891
0.186398
0.619087
0.606807
0.152239
1.763533
0.670273
0.401751
1.633941
1.627926
1.148157
1.266567
1.813652
1.857304
1.146260
1.496327
1.322008
1.561394
0.826907
1.575994
1.127854
