0.759500
0.731505
1.593294
0.166091
0.459555
1.886357
0.225268
1.610634
1.038124
0.631977
0.291951
1.887696
1.382295
0.136040
0.948506
0.977538
1.893525
0.260431
1.109183
1.704025
1.741604
1.101420
1.902495
0.837427
0.667621
1.367954
0.196812
1.492877
1.565935
1.312708
0.942110
1.213688
1.060880
0.625911
1.092324
1.005916
1.785437
1.719197
0.274516
0.749442
1.830634
0.545499
1.011250
1.427677
0.946280
0.449224
0.145537
1.197836
0.250854
1.539858
0.642795
1.881347
1.386163
1.073860
0.788338
0.637070
0.086899
0.182613
1.216369
0.893662
1.902176
0.377453
0.419884
0.449875
1.531037
0.147898
0.233481
0.547320
1.245299
0.144146
0.218396
1.876863
1.615751
0.074017
0.102286
0.495899
1.056788
1.259986
0.413512
1.710889
0.652796
1.082131
0.568741
1.881682
0.202270
1.054230
1.234496
1.902253
1.314881
0.087157
1.298020
0.404340
1.088380
1.843945
0.186787
0.070302
1.590493
0.968058
0.193252
0.395176
1.099475
0.675493
1.295803
0.329854
1.902471
0.559657
1.890739
1.843743
1.489065
1.358749
1.263671
0.476977
0.145624
1.892664
0.596264
1.096843
1.350751
1.383354
0.297091
1.902270
0.561083
1.373452
1.881639
0.679812
1.052854
1.117671
0.093790
0.679893
0.261509
0.152919
1.623458
1.249372
0.695037
1.336287
1.769723
1.302425
1.386941
0.576387
0.695281
1.103071
0.818276
0.429701
0.124442
1.069189
1.111701
0.871705
1.373676
0.206496
1.901848
0.316210
1.369730
0.512870
0.933277
1.892557
0.379821
0.966503
0.599677
1.859337
0.326823
0.065448
1.623947
0.260183
1.902356
1.559989
1.821225
0.077543
1.900380
1.902275
1.437614
0.507690
0.649114
1.067030
1.491421
0.569284
0.141537
0.919952
0.162631
1.892095
1.394687
1.728921
1.813259
1.843865
1.361132
1.329429
1.827460
0.801836
0.530883
1.375918
1.377679
0.675622
1.558081
0.665465
1.096157
1.142942
1.893340
1.881189
1.237803
1.787095
0.085409
1.889271
0.101779
1.902355
0.421995
1.296339
0.240750
0.195801
1.078784
1.149726
1.320469
0.531735
0.498007
1.870798
1.892363
0.431119
1.109524
1.003792
0.344437
0.152903
0.587379
0.653600
1.626487
0.814213
1.502920
0.690180
1.409208
0.346131
0.211189
1.576408
1.888542
1.749059
0.203852
1.816169
0.529750
0.514772
1.095792
0.413319
1.072832
0.186011
0.619784
0.217812
1.576129
1.735259
1.059636
1.806394
1.100700
1.132919
0.164845
0.688940
0.751869
0.294146
1.902544
0.338073
1.361676
0.793576
0.400619
0.621142
1.010149
1.513063
0.447811
1.336619
0.109193
0.647721
1.283880
1.288943
1.075720
0.677427
1.367447
1.025709
1.847435
1.730359
1.735792
1.136363
0.758131
1.711615
0.093853
0.789121
0.427489
1.185331
0.333110
1.229869
0.300272
0.266541
0.565829
1.890576
1.506582
1.769898
0.142575
0.938070
0.709802
0.975539
1.625299
1.502153
0.457154
0.174309
0.565916
0.845025
0.861888
0.710524
1.627570
0.544560
1.533900
1.101937
1.825860
1.611271
0.066232
0.606531
0.855642
0.218819
1.514989
0.879288
1.134716
1.335828
0.185531
1.415445
1.656396
1.834469
0.319116
0.857120
1.007906
0.565916
0.066777
1.852930
0.128847
0.142733
0.777733
0.395750
1.742004
0.449647
1.623851
0.174895
1.902243
1.716502
0.228630
1.140188
0.951996
1.892040
0.602858
1.830292
0.595175
1.248194
0.616770
0.545217
1.703263
1.847750
0.586066
0.253433
1.070527
1.836639
0.353878
0.887291
0.631154
1.002759
0.062827
0.477343
0.755641
1.101680
1.738579
1.892078
0.877090
0.652695
0.396370
0.862983
0.063620
1.069400
0.087526
1.890860
0.997959
0.205745
0.122587
0.220922
1.875913
0.893018
0.218249
0.161285
1.815498
0.604331
0.712773
1.619069
1.622079
0.065902
1.082914
0.619054
1.902257
1.306627
0.080438
1.749918
1.892588
1.502334
0.331435
0.974913
0.514463
0.391537
0.291621
1.342256
1.558102
1.738459
0.408205
1.373223
0.507542
1.406732
0.538488
1.331027
1.145352
1.100659
1.296814
1.085820
1.635144
0.844155
1.392356
0.685858
0.168063
1.902495
1.902470
0.403509
0.279743
0.943873
1.894812
0.155545
0.097046
1.704284
1.802473
1.530141
1.096967
1.053260
1.108460
0.537305
1.893372
0.563656
1.388600
0.412364
1.144138
1.232412
0.829962
1.113225
0.398133
1.624027
0.148008
0.862131
0.825798
0.723971
1.351771
1.623821
0.100770
1.258386
1.713576
0.324000
0.142379
0.744598
0.537987
0.711979
1.883599
1.902304
0.514168
1.748550
1.469728
0.124163
0.139339
1.741021
1.330430
1.626105
1.246917
1.892958
0.127184
0.176104
0.155045
0.606598
1.020985
1.069406
1.324726
1.724143
1.098745
0.093126
0.172378
0.885867
0.642979
1.625516
1.711585
0.317450
1.234120
1.524181
1.843520
0.609315
0.426987
0.094494
0.647649
0.891352
0.413339
1.100688
1.774179
1.801744
1.843566
1.087465
0.925940
1.405673
0.905861
0.312510
0.764102
0.698134
1.133293
0.262872
1.887861
1.043562
0.776219
1.895560
0.608068
1.625762
0.663351
0.470542
1.624858
0.896648
0.596545
1.313666
1.902277
1.705790
1.897179
0.981434
1.892527
1.062005
0.284824
0.595790
0.859566
0.956133
1.239998
0.868959
1.902436
1.895805
0.236425
1.703729
1.399293
1.901220
0.417978
1.893510
0.221585
1.287354
0.466976
0.116317
0.622073
1.816715
0.271064
1.278265
1.103600
1.284366
0.956620
0.824382
0.891277
1.902096
1.139984
0.302858
0.865026
0.145092
1.713000
1.098371
0.938700
1.190728
1.323612
1.099991
0.456753
0.606441
0.820389
0.871275
0.685630
0.926160
0.345995
0.065117
1.474282
1.108109
1.762993
0.781591
1.893345
1.090001
1.335366
0.063779
0.198865
1.479301
1.278443
1.315342
1.764222
1.612139
1.889087
1.530230
1.857372
1.618283
1.101318
0.431337
1.902474
1.748301
0.590554
1.902454
0.069829
1.902455
1.745472
0.314753
1.902483
0.794765
1.112741
1.902513
0.618698
0.280055
1.266084
0.513091
1.891708
0.134411
0.410982
1.132726
0.236889
0.142750
0.283237
1.012674
1.880417
0.939844
0.076397
0.417811
1.100641
1.857016
0.071734
0.540889
0.959089
0.600536
0.073597
0.225331
1.902162
1.706577
0.214403
0.902007
1.426722
0.337706
1.625968
1.364021
1.075712
0.628104
0.420200
0.432943
1.090061
1.508829
1.016804
0.082323
0.119695
1.266234
1.345044
1.893601
0.367566
1.850282
0.971171
0.740103
1.400904
0.102152
0.967004
0.487795
0.456830
0.181734
0.414898
1.289126
1.893748
0.225292
1.562960
0.596582
0.986101
0.211886
1.902293
0.614481
1.885750
0.680590
1.890090
1.512915
1.128755
1.352999
1.891384
0.168462
0.338182
0.113008
0.137265
0.395880
0.611642
0.846814
1.797944
0.118051
1.284833
0.439607
0.074227
1.902297
0.643552
1.892225
0.517668
1.156638
0.061643
1.621742
0.084047
1.893903
0.719307
1.892800
1.596322
1.864803
1.598106
1.096097
1.547478
1.143534
1.902326
0.758649
1.901974
1.370834
0.824169
1.511777
0.178479
0.269136
1.101119
1.718290
0.086142
1.283511
1.616670
0.528759
1.894838
0.981491
1.874353
0.204996
1.303869
1.328744
0.419379
0.688529
1.003363
1.893142
0.151900
1.851817
1.069337
1.713975
1.624384
0.968609
1.626551
1.316856
0.188762
1.902531
1.390279
1.885438
1.409066
0.166605
1.902226
1.066823
1.482875
1.893205
0.427224
1.298210
0.940840
1.554853
0.165827
1.755024
1.125370
1.505033
0.196519
1.888795
0.407779
1.382826
1.024207
0.465191
0.595570
0.835209
1.559650
1.137590
0.988648
1.633596
0.518954
0.364013
0.382730
0.553426
1.365421
0.492318
0.377287
1.509891
1.628220
1.370201
0.334967
0.285127
1.363936
0.519529
0.874364
1.886588
0.107037
0.365245
1.893267
0.518705
1.257203
1.893043
1.902510
0.247655
1.891697
1.134547
0.089208
0.963666
0.416159
1.489803
1.355247
0.151665
0.827084
0.191576
0.360415
1.394286
0.151822
1.327126
1.068474
1.891665
0.935951
0.161386
0.344203
0.503233
0.638851
0.891196
0.060756
0.111931
1.583808
0.179290
0.242844
1.631281
1.661325
0.505058
0.318411
0.512261
1.230416
1.544598
0.762357
0.364409
1.500601
0.278554
1.439628
1.634335
1.028259
0.896856
0.482840
0.134534
0.255651
0.870265
1.508604
0.105047
1.702742
1.772214
1.099071
1.367570
0.649010
1.064774
0.783775
0.282472
1.888513
1.677099
0.116426
1.547923
1.360280
0.332719
0.800989
1.060379
0.644567
1.069801
0.628918
0.635878
0.328380
0.621304
1.091421
0.263736
1.702480
1.886476
1.893812
0.724577
0.381044
0.886074
1.892660
0.450999
1.541671
1.807771
1.367940
1.314804
1.841849
0.899863
0.325466
0.269603
1.393408
0.820407
1.247751
0.509218
1.323328
1.562472
1.302697
0.407843
1.705673
1.427408
0.257689
0.541994
1.894425
1.392313
0.321758
0.553653
1.753604
0.487553
1.071607
0.472156
1.302696
0.547779
0.154799
0.777397
0.860162
0.402882
1.075751
0.077279
0.201059
0.924941
0.395666
0.063839
1.896447
0.407196
1.098941
1.416796
1.891107
1.890981
1.345425
1.130752
1.378185
0.647070
0.559635
0.281802
0.193405
1.274147
1.178752
1.596636
0.262723
0.542933
0.647215
1.900829
0.778478
1.902424
0.698617
0.254938
0.728987
1.355235
1.203662
1.328933
0.894570
1.771540
1.902376
1.626310
1.715312
0.963493
1.892650
0.596593
1.576032
0.281910
1.889336
1.136263
1.892748
0.775337
1.541804
1.366112
0.354473
1.900242
0.395556
0.389637
0.780361
0.466543
1.074388
1.392902
1.821300
0.563942
0.075061
0.958856
0.753310
0.355202
0.074100
1.853509
0.570694
0.140754
1.308010
1.013109
1.505448
0.367475
1.136270
1.480049
0.703254
0.548312
0.960037
1.140184
0.974348
1.569549
1.902396
1.902428
1.326020
0.417878
0.791071
0.355960
0.191395
0.117050
0.987363
1.784778
1.096700
1.070928
0.331026
0.754436
0.454380
0.242214
1.504172
1.888246
0.430463
0.950504
1.891525
0.552722
1.085984
1.892524
1.440783
0.447502
1.376752
1.075318
1.098644
1.873542
0.330313
0.635746
0.352072
0.560421
0.410388
0.803728
1.280700
0.151644
0.518478
0.389785
0.991030
0.154655
1.101204
1.099854
0.680949
0.693614
1.735094
1.893039
1.118504
0.944243
0.518712
1.766671
1.090292
0.412593
0.758111
1.879679
0.781867
0.480291
1.881396
0.557483
0.630511
1.392470
0.165479
0.715486
1.094976
1.744708
0.494964
0.072637
0.434783
0.065432
0.521654
0.637613
0.093617
0.174182
0.546946
1.629677
1.418424
0.521068
0.893168
0.747307
1.132939
1.884917
1.474141
0.875219
0.612348
1.901603
1.501240
0.244295
1.901595
0.983334
1.059037
0.545844
0.143032
0.285003
0.411411
0.063287
1.704880
1.612682
0.356991
0.888803
1.507525
0.273466
1.698406
1.067641
1.286689
0.860676
0.982894
0.423698
0.890685
0.086611
0.607010
0.433607
0.384318
0.067876
0.257413
0.700304
0.582150
0.416880
1.902478
0.856037
1.659703
1.390073
1.804442
0.409620
1.861581
0.544952
0.157245
0.385939
1.886153
1.556703
1.110013
0.883883
0.936021
0.538921
0.892339
1.048610
1.059215
1.902382
0.651624
0.253958
1.194496
1.710717
0.721594
0.077936
1.124000
0.752865
1.703693
1.884172
1.596394
0.168073
1.387936
0.762843
1.061914
1.902414
0.125127
1.892385
0.161411
0.766007
1.741198
0.327469
0.874911
0.573662
0.371106
0.527222
1.095665
0.572571
0.530591
1.333288
0.251702
1.535900
1.462108
1.275368
0.326481
0.934362
1.800262
1.902422
1.273508
0.880990
1.324178
0.524358
1.902376
1.876104
0.208429
0.249035
1.847007
1.093016
0.895073
0.505935
0.425871
1.512321
0.632788
0.122085
0.485554
1.140484
1.891496
0.201105
0.770292
0.637645
0.136644
0.402198
0.190396
0.184842
1.725246
0.945544
0.119095
1.395851
0.877649
1.625259
1.849556
1.310374
0.506573
1.366793
0.909921
0.772475
0.954145
0.502230
0.752023
0.709133
1.097519
1.392937
1.242071
0.935219
0.134872
0.786713
0.904222
0.551086
0.986066
0.295795
1.051725
1.552879
1.842794
1.528466
1.583348
0.731489
1.883870
1.902143
0.316998
0.163293
0.323989
1.893533
1.377846
1.097323
0.968248
1.629762
1.864000
0.093980
1.536267
0.510283
0.970362
0.145553
1.891417
1.379669
1.136281
0.435135
1.366446
1.404691
1.075912
1.337786
1.531399
1.097424
1.742132
0.611443
0.245513
0.228351
1.499089
1.332054
1.897269
0.338366
1.802651
1.334852
1.856951
1.240119
1.714749
1.594571
1.212671
1.131862
0.090327
0.241539
0.152023
1.593763
1.893311
1.902232
1.901891
0.062801
1.328042
0.492079
0.774814
1.324325
0.584167
0.628959
1.074172
1.593032
0.177951
0.589186
0.559057
1.820190
1.714688
1.097896
0.963725
0.807041
1.450497
1.650428
0.523308
1.598721
1.268799
1.893604
0.367308
0.140872
1.624203
1.051929
0.145756
0.097139
0.922179
0.550701
0.692766
0.083750
0.940953
1.099281
1.724272
1.183469
1.236819
0.958624
0.166775
0.733061
0.221079
1.086345
1.101573
0.763511
0.891661
1.892953
1.560929
0.373797
1.716150
0.702185
0.066088
0.579988
0.350390
1.622586
1.891665
0.176796
0.360322
0.667622
0.200646
1.052094
0.664912
1.418539
1.874945
0.544776
1.365354
1.896131
1.706381
0.691572
1.114442
0.468983
0.294428
0.230362
0.175431
0.880941
0.632712
0.933101
1.736328
1.807713
1.605832
0.208013
0.724265
0.648392
0.400433
0.455356
0.598464
0.115650
1.896409
0.609031
1.343306
0.600694
1.255123
0.725975
1.827819
1.409426
0.142289
1.598324
1.892763
1.306973
0.749023
0.943307
0.799544
1.625200
0.712832
0.366486
0.546415
1.902577
1.901192
0.957214
1.796644
1.376586
0.594727
1.055018
1.870326
1.048704
0.538839
0.866387
0.063355
0.589473
0.249363
1.891713
1.797436
0.177328
1.085087
1.893429
0.481902
0.304546
0.165895
1.151759
0.683828
0.323227
1.256470
1.866124
0.609477
1.012362
1.277438
0.273204
0.086434
0.509319
0.487547
0.202634
0.369166
0.756337
1.725939
1.133714
1.893522
0.431458
0.624879
1.264523
0.381416
0.609899
0.157666
1.626367
0.215130
0.160892
0.777588
0.378844
1.370855
1.736583
1.445479
0.976526
1.003413
1.623987
0.410435
0.515126
1.304109
1.902482
0.536159
0.678043
0.356071
1.100454
1.703750
0.892556
0.414982
0.066423
0.214219
1.804444
1.902441
1.838388
0.298602
1.215470
0.969955
1.077116
1.703403
0.740378
1.884179
0.300383
1.626451
1.071123
1.359704
1.893637
0.704974
0.778787
1.098912
1.529170
1.714221
1.354640
1.285154
0.795020
0.440723
1.794378
0.195196
0.975089
0.391815
1.762721
1.067532
0.168976
0.400275
0.552770
0.715599
1.856423
1.430201
1.748982
1.306448
0.633656
0.606167
1.892648
1.794654
0.960846
0.092133
1.829627
0.962422
0.589228
0.208865
0.651169
1.371385
1.891637
0.896787
0.390896
0.972992
1.105824
1.837133
0.617602
1.895487
1.742035
1.295413
0.434612
0.411732
1.746608
1.748893
1.385212
0.355053
1.703612
1.362203
1.136752
0.384836
1.876497
1.320245
0.865381
0.267033
0.121221
0.774239
0.927570
0.969761
1.733254
0.730355
1.773999
1.268483
0.153264
1.258997
1.891665
0.430140
0.304315
0.630773
1.311683
0.084270
1.416478
0.931984
0.991042
1.076294
0.722716
1.666788
1.399290
1.056992
0.588456
0.187596
1.902482
1.365541
0.437793
1.264942
1.467828
0.147339
0.946185
0.490095
0.497488
0.849469
1.094315
1.131145
0.082215
1.791779
0.610873
1.902483
0.765450
1.376580
1.351485
1.102561
1.508111
1.015341
0.321408
1.594559
1.377774
1.134059
0.533054
0.365060
1.058144
0.129844
0.890607
1.083593
1.624227
1.353089
1.638799
0.730243
1.290210
0.194670
1.041636
0.896056
0.306276
0.106056
1.042277
0.844535
1.122750
0.386645
0.670301
0.221916
1.902457
0.659327
0.467767
0.382673
0.648427
0.144674
0.783698
0.364935
1.246436
0.375438
0.286273
1.150235
0.730133
0.168598
1.507257
1.114303
0.637702
0.198047
0.997684
0.363168
0.825449
0.211609
1.729431
1.251257
0.145079
0.255597
0.219433
0.059759
0.351805
0.444366
1.259065
1.883697
0.254575
1.890132
0.289354
0.294926
0.809624
0.086130
1.070961
0.964064
1.003204
0.318394
0.530198
1.561391
0.388338
0.343059
0.226320
1.893261
1.379160
0.956927
0.442943
0.959825
1.073246
1.329714
1.852502
1.097349
0.136731
0.529016
1.718979
1.274642
1.641772
1.593915
1.418770
0.133269
0.405010
1.744182
1.626149
1.626586
1.262622
1.387935
0.734227
0.656227
0.844102
1.141023
0.252913
1.507916
1.327416
0.678964
1.444972
0.777331
0.265787
1.135013
0.776407
0.095182
1.883069
1.134265
1.100900
1.895441
1.902154
0.573564
1.522409
1.244635
0.184344
0.155668
0.591610
0.985845
0.409391
1.466576
1.894140
0.737338
1.505351
0.189082
1.077174
0.714110
1.902395
1.711952
1.901753
1.274166
1.103247
0.949906
1.120738
1.135278
0.981644
0.826293
1.378465
1.862847
1.401893
1.612632
0.547194
1.002924
0.247191
1.600840
0.963599
1.902369
1.741801
1.726947
0.386997
0.519696
1.902372
0.889853
0.935640
1.621986
1.892964
1.901990
0.225032
0.421354
0.315034
1.902385
1.286764
0.916486
1.893866
1.896550
1.624585
1.078849
0.155263
1.744005
0.899015
0.968509
1.882071
1.901886
0.217594
0.145813
1.901636
1.686220
1.763841
1.206791
0.129598
1.457159
1.542577
0.560004
0.915897
1.628497
1.424577
1.259500
0.153699
0.079506
0.067634
1.367860
0.787211
0.969460
1.130355
1.739720
1.205159
0.156394
0.803940
1.721960
0.411501
1.275814
0.151713
1.382233
1.133724
0.701701
1.802943
0.094309
1.756243
0.203790
0.623384
1.342020
0.649086
0.163969
1.507854
1.502625
0.514916
1.305957
1.597415
0.152983
1.881363
1.702822
0.528435
1.119471
0.158130
1.287497
0.529909
0.340345
0.965459
1.046373
1.009515
1.703318
0.486586
0.606662
1.383347
1.341639
1.337482
1.742243
0.754202
1.017288
0.645685
0.240247
0.973937
0.971159
1.335193
0.063525
0.466803
1.537566
0.563113
0.179782
1.452576
1.902064
1.892144
1.352840
0.400188
1.302479
1.319150
1.721844
1.626652
1.116163
0.947183
0.562539
0.332892
0.226308
0.995777
0.399910
0.895487
1.883409
0.905571
1.899581
0.859762
0.279649
0.496692
0.440029
1.519333
1.881911
1.105973
1.624992
1.361262
0.711900
0.651155
0.084499
1.102059
0.836643
1.741549
1.094792
1.440627
0.942931
1.099435
0.071848
1.447843
1.893863
0.128652
1.896043
0.345642
0.675280
0.276019
0.408502
1.281526
0.547012
0.712730
1.156314
1.626228
0.288038
1.854931
1.893831
1.384933
0.580999
0.417556
0.291750
1.275379
0.096874
1.077030
0.077928
1.548568
1.368393
1.563971
0.642136
0.464351
0.061995
1.891355
1.417490
1.809227
0.588745
1.824489
1.096926
0.330631
0.866719
1.593427
0.661690
1.597914
1.606514
0.352037
0.163105
0.197415
0.265147
0.169917
0.623588
0.549778
0.474978
0.245535
1.830124
0.103144
0.937111
1.645809
1.165118
1.099864
1.719432
1.372335
1.098877
1.300858
0.563262
0.804277
1.902203
0.475436
1.057405
0.096277
1.625921
1.721660
1.090998
1.286686
0.979152
1.893282
1.893860
1.308327
0.766477
1.771680
1.061812
0.339974
0.625331
1.430991
1.892736
1.600881
1.503802
1.170750
0.545693
0.286267
1.154105
0.107049
1.381439
1.374897
0.518144
0.063823
0.940473
1.041599
0.529167
0.742210
0.921138
0.365068
0.400435
0.708268
1.643023
1.115630
0.414873
0.705837
1.902239
0.108717
1.844163
1.254191
1.069671
0.314811
0.333057
1.093944
1.296053
1.135973
0.778812
1.166686
1.894124
0.755273
1.842459
1.519210
1.724864
0.166350
1.902168
0.887760
1.885017
1.378400
0.894388
0.587399
1.861742
0.880775
1.891297
0.395709
0.355629
1.901874
0.208014
1.248998
0.430096
1.265971
0.159334
1.861156
1.126033
1.462067
1.469180
1.623897
1.593150
0.109754
1.791754
0.235305
0.629440
1.067965
0.407615
1.896173
0.402662
1.892973
1.152245
0.591569
1.641510
0.564996
0.728303
0.524848
1.898339
1.368908
1.016548
1.334007
1.088142
0.473780
0.258678
1.844871
1.598915
0.226835
0.173082
0.149900
1.902409
0.506326
1.556611
0.666851
0.174992
0.424311
1.893898
0.087960
1.176369
1.134160
0.950146
0.679067
1.204380
1.736094
0.818161
0.530834
1.381625
0.679592
0.169325
0.498313
0.579544
0.548654
0.693314
0.548789
0.727466
0.425940
0.868814
0.721239
1.071033
0.258852
1.718535
0.853133
0.884808
0.247643
1.902411
1.902406
1.318863
0.453765
0.375567
0.580588
1.870651
0.266562
0.227406
1.821920
1.308099
1.196753
0.658672
0.985785
0.397841
0.161055
0.257541
1.316307
0.797435
0.875154
0.313200
1.343798
1.888071
1.902413
1.857488
0.120430
1.055673
0.156681
0.577389
1.703206
1.887803
0.522419
0.576946
1.618356
0.486538
0.633612
1.601616
1.721081
1.385686
1.366776
1.156638
0.591074
0.723966
1.082945
1.100457
1.728444
1.783302
1.890703
0.784281
0.145902
0.585001
1.638164
1.004030
0.963166
1.888040
0.762454
0.844242
1.167445
1.885817
1.703027
0.870212
0.356612
1.056610
1.583302
0.418085
0.387830
1.252710
1.371102
0.111340
1.093726
0.367419
0.558002
0.759050
1.902419
0.942083
0.253848
0.788246
0.433968
1.898496
1.216098
1.901966
0.752839
1.027166
0.320635
0.865704
0.967825
0.951556
1.901019
1.829221
0.895861
1.626318
1.002234
1.102742
0.841798
0.265916
1.311293
1.706751
0.801633
0.700776
1.375024
0.701166
1.105474
1.596728
1.078597
1.310461
1.383045
0.518226
0.243213
1.252503
1.096173
0.415588
1.880852
0.725843
1.759930
1.097943
0.576250
0.135148
1.626598
1.573221
1.287746
1.490536
1.045169
1.399601
1.839016
0.132940
0.157207
0.939675
1.902258
0.795651
0.094858
1.417051
0.436689
1.507775
1.836014
1.274552
0.705671
1.096954
1.901775
0.776909
1.095487
0.068005
0.995948
0.385275
1.100001
1.044779
1.362587
0.485930
1.618660
1.605723
1.892388
0.887214
0.061511
0.237822
1.892975
1.889555
0.415918
0.070120
0.814776
0.534366
0.313954
0.114107
1.625471
0.893105
1.359935
0.337210
1.376584
0.164811
1.902166
0.681101
1.132563
0.277236
0.328753
1.073824
1.705532
0.504915
1.890712
1.070904
1.838412
0.842526
0.818789
0.152088
0.288528
0.244637
1.273847
1.770736
0.310379
1.893642
1.902058
1.702874
1.891159
0.255738
1.576999
1.741068
0.606326
0.199632
1.902395
1.136754
1.291614
1.619457
0.376489
0.724933
1.902393
1.901914
1.891027
0.731404
0.435888
0.205020
1.800442
0.764597
0.762235
1.893308
0.845250
1.099678
0.457673
0.625050
0.888084
0.796849
1.378417
0.173681
0.806575
0.551630
1.328176
1.352977
1.465411
1.372880
0.809740
1.817687
1.893209
0.348112
0.415294
1.088019
1.329300
0.232662
0.643998
0.371474
0.499035
0.528645
1.089666
1.163882
1.902204
0.795977
1.893577
0.619107
1.100857
1.891940
1.708929
0.172315
1.625685
1.393010
0.084971
1.890614
1.239969
0.376272
0.407565
1.102249
0.398233
0.334544
1.377956
0.894378
0.502442
0.095341
0.361164
0.085184
0.250380
0.505279
0.252843
1.897464
1.393467
1.893909
0.549850
0.574053
1.806924
0.729063
1.742133
1.826218
0.761181
1.441125
0.367887
0.168935
1.614330
1.009815
1.868443
0.774076
1.329271
1.151791
1.892905
0.525047
0.603805
1.626326
0.975541
0.307383
0.361066
1.598578
1.627839
1.630207
1.749810
0.623527
1.892987
0.957666
1.530722
1.831390
0.756080
1.147939
1.790119
1.075592
0.562419
0.300349
0.169212
0.073219
1.057037
0.569127
1.902151
0.207964
0.213959
0.444464
0.847257
1.068037
1.553469
0.954610
0.396657
0.597142
1.892789
1.834608
1.894357
0.628531
1.748879
1.275853
0.567955
0.514297
0.259620
0.732870
0.727849
0.334424
0.924247
0.133174
0.119845
0.268389
0.715628
1.325280
1.595216
1.069803
0.927671
1.892919
1.011233
0.410835
1.790260
1.902411
0.159171
1.114556
0.935871
1.902157
0.400604
0.941112
0.949164
0.414021
0.069088
0.431165
0.570073
0.817069
0.932590
0.145425
1.099418
0.133167
0.637715
0.080964
1.071699
1.331318
0.786832
0.225811
0.101912
0.079679
0.127591
0.973684
0.684810
1.600590
1.335097
1.507338
1.569257
1.503135
1.103261
1.096178
0.256491
1.169375
1.027038
0.699507
1.096433
0.347308
1.332898
1.333742
0.500265
0.632195
0.515044
1.856636
0.066633
1.892981
1.373072
0.948671
1.545559
1.070371
0.881903
0.438043
0.898054
1.171752
1.133857
1.791546
0.892224
1.705795
0.660997
1.003685
1.094672
1.549776
0.675019
0.241177
1.892893
0.353074
0.150071
0.327275
1.844685
0.761589
1.858577
1.549360
0.897906
1.902415
0.953611
1.329169
1.084262
0.094730
0.557282
0.628039
1.096503
0.214438
1.135418
0.672391
0.101758
1.890338
0.077662
0.611798
0.349590
0.535619
1.625360
0.832892
1.140860
0.970678
1.070550
0.557242
0.845752
1.251535
0.344839
0.689021
1.308051
0.067302
0.841485
0.352222
0.132028
0.898821
0.520088
1.512112
1.378446
1.598746
0.953220
0.083224
0.146044
0.586632
1.392283
0.394068
1.015286
1.380974
1.504403
1.877748
0.737839
0.973927
1.805472
1.513577
0.170181
1.275153
0.469904
0.589512
0.480536
1.536600
1.630754
0.707302
1.622707
0.076289
0.192362
0.155681
0.349920
1.443468
0.590727
1.900411
0.486100
1.233996
0.404241
1.070204
0.550227
0.895644
0.822359
0.928833
0.152606
1.752322
0.515386
0.208609
1.293513
0.204024
0.149421
1.634782
0.460136
0.309424
0.203273
0.833084
1.891062
1.084245
0.245946
1.332081
0.227811
0.120210
0.987232
1.825947
0.268125
0.609131
1.579261
1.897175
1.618965
0.356559
0.638884
1.828018
0.242786
1.626782
1.902485
0.878958
0.881583
1.304871
1.901599
0.884222
0.065220
0.235745
1.892142
0.502418
0.396883
1.364538
0.332826
1.892405
0.296908
1.394380
0.962279
0.690329
0.133314
0.105292
0.778958
1.157755
0.809464
0.875025
1.095946
1.805812
1.352107
0.187054
1.884464
1.858420
1.621217
1.782943
0.724387
1.818910
1.472950
1.393628
0.409904
1.702759
1.356822
1.743723
1.280620
0.699194
0.295384
1.152822
0.720907
1.369739
0.232148
1.742768
0.718219
1.900573
1.387988
1.087839
1.369365
0.979613
1.403286
1.740849
1.135639
0.217456
0.974658
1.093346
0.115016
1.889198
0.772287
1.865001
0.144220
1.279199
0.076162
0.150050
0.241871
1.893460
1.835720
1.877695
1.801880
0.068127
0.671149
1.068826
1.122476
1.229189
0.515561
1.893552
1.599538
0.391205
1.094995
1.893865
0.570268
0.399727
0.088592
1.135666
1.622737
1.059068
1.896999
0.219006
0.694296
1.102628
1.214648
1.277600
0.331366
0.645796
1.096832
0.064419
0.730608
0.173771
0.525345
0.943055
1.294913
1.154983
0.812356
1.625250
1.689634
1.830642
0.169347
1.756621
0.359468
0.497187
1.373774
0.534298
0.402286
0.090561
0.900087
1.881876
0.256424
0.539054
1.891724
0.147877
0.427901
0.797428
1.362018
0.400281
1.896199
1.229006
0.302568
0.792158
0.062229
0.659542
1.044007
1.402649
0.652925
0.119886
1.829674
0.064736
0.219866
0.501600
1.391964
0.477407
1.740590
0.750687
1.094292
0.081403
0.086620
1.728526
1.358167
1.153806
1.892155
1.710194
0.069292
1.901584
0.641520
1.284350
1.096459
0.725754
1.834175
0.845714
0.619939
1.533282
0.210304
1.438817
0.886747
1.354275
1.731280
1.138182
1.867084
1.902482
1.013624
0.614143
0.928352
0.269444
1.892009
1.893763
1.278586
1.901969
1.723910
0.967586
1.902142
1.626183
0.455003
0.655378
0.936963
1.408215
1.902276
0.140436
0.208939
0.989636
0.448494
1.750731
1.893465
1.623103
1.404278
0.544145
1.894643
1.724239
0.326011
1.796919
1.382993
1.287481
1.361518
0.326607
0.063728
1.544985
1.891551
1.182047
0.414834
0.427903
0.381607
0.528254
1.498473
1.902395
1.400262
0.413043
1.623434
0.572416
1.504050
0.404558
0.465353
0.813715
0.311834
0.544757
0.151974
0.159610
1.740036
0.439863
0.163345
0.688579
0.222948
0.788968
0.314210
0.180212
0.884781
0.866842
1.385008
1.246736
1.052079
0.889176
0.826996
1.702730
0.666254
1.891211
1.369335
0.297221
1.902449
0.830999
1.136639
1.860312
0.417726
1.138661
0.149545
0.784027
0.542457
1.900461
1.408246
0.930642
0.531699
0.665276
1.894730
0.719997
0.147786
1.194870
0.573454
1.902291
1.719363
0.097889
1.131373
0.972366
0.181560
1.360100
0.152944
1.253056
1.627446
1.866487
1.822633
1.500249
1.741981
1.845157
1.587156
0.180336
0.522001
1.884899
1.578033
0.217694
0.982157
1.017128
0.294985
1.618413
0.111561
1.103904
0.326440
1.868399
1.078235
1.307372
0.364134
1.258128
1.750523
1.108743
0.700933
0.140345
1.808063
1.559615
0.183401
0.391604
0.703890
1.269139
0.751944
0.804663
0.239692
1.902278
1.024451
0.773882
0.638318
0.371143
0.172193
1.890334
1.141049
1.259389
1.896989
1.365791
0.605263
1.483794
0.070000
1.869648
0.597956
0.785883
0.193044
1.834355
0.669435
0.669527
1.625931
1.874909
1.890630
0.089323
1.757620
0.985438
1.868105
0.347549
0.164567
1.893845
0.971029
0.406125
0.765614
1.890155
1.868649
0.739713
0.954443
1.035493
0.143810
0.758887
1.312710
0.620132
0.406015
1.864077
1.333320
1.484879
1.795331
0.735185
0.480017
1.368860
0.762460
0.064839
0.524122
1.852096
0.383927
0.604626
0.099185
0.684995
1.893456
1.890354
1.267720
1.031830
0.189859
0.355473
0.757518
0.258613
0.571038
1.901499
0.893519
1.834578
0.681528
0.976267
0.393498
1.324182
0.968653
0.756410
0.068551
1.067744
0.062983
0.548881
0.067125
1.449950
0.331905
0.391339
1.818594
1.902498
0.632246
1.893198
0.075581
1.140699
0.925259
1.872757
0.067340
1.498372
1.527260
1.608638
0.206528
1.802348
1.513697
0.398787
0.475927
1.624257
0.890542
0.091050
0.953841
0.655514
1.400181
1.722100
1.241768
1.825425
0.284082
0.517398
0.988392
0.970651
1.256860
0.137934
0.338703
0.203044
0.084191
0.539844
1.857252
0.315614
1.902315
1.901655
0.084575
0.432330
1.702735
1.378316
0.937700
0.148717
1.108661
1.884105
0.238658
0.421882
1.669279
0.582913
1.048535
0.145235
1.101796
0.069581
1.068424
0.552303
0.157598
1.892773
1.420712
1.382083
1.902245
1.861524
1.099203
0.845975
0.225052
1.607534
0.558248
1.597484
1.084707
1.067148
0.527003
0.399889
1.371047
1.067885
0.104856
0.330425
1.447778
0.438227
0.129142
0.624779
1.399391
1.596595
1.291746
1.732046
1.401570
0.062039
1.068240
0.391856
1.103385
1.380782
0.065639
0.721325
1.893634
1.492493
0.258989
1.040873
0.705640
1.260783
1.592933
0.658754
1.879671
1.129719
0.793939
0.966065
0.968108
0.846877
0.115401
1.893626
1.893870
0.605627
1.901058
0.866322
0.263437
1.900213
1.218898
0.698109
0.421582
0.805756
0.128990
1.268795
0.535673
0.962416
1.829384
0.955581
0.600734
1.902369
1.901680
0.625167
0.106624
0.349521
0.236445
0.781147
1.101791
0.386409
0.966926
0.132018
0.892328
0.368615
1.882227
0.540911
0.153924
1.504377
0.498976
1.307032
0.073606
0.587264
0.248829
1.900151
0.856925
0.611022
0.104625
1.901881
0.951667
1.617677
1.136315
0.919563
0.184548
1.757753
0.406751
0.955437
0.858472
0.834569
1.265877
0.655917
0.170603
1.902307
0.298002
1.347957
0.394066
1.099683
0.546528
0.482956
1.745164
1.894544
1.898435
0.286786
1.608640
0.357351
0.775666
1.891191
1.902035
0.149433
1.276299
0.691010
0.923918
0.122971
0.264655
1.282177
0.283597
0.759542
1.855686
0.861921
1.377891
1.892930
0.358463
1.507606
0.680376
1.873311
1.892268
1.893892
1.285929
1.627719
0.155938
1.593717
0.247305
0.521772
0.141209
1.077505
1.249122
1.565915
0.824933
1.898149
1.625352
0.638653
0.428716
1.900642
1.203847
1.902449
0.368228
0.995572
1.740812
1.828200
1.176947
1.901530
1.136133
0.276867
0.224948
1.703051
1.133242
1.901114
1.548495
1.310292
0.372498
1.578887
0.412496
1.866659
1.306350
0.203808
1.505047
1.719182
0.526621
0.603976
1.358319
1.902110
1.548493
0.884590
0.258647
1.381304
0.250706
0.757929
0.451065
0.282533
0.269650
0.421598
1.099919
1.359956
1.056199
1.119337
1.789967
0.554205
1.749471
0.397710
1.087230
1.902332
1.092319
0.679527
0.205600
1.592331
1.133752
1.717361
0.953148
1.353468
0.176634
0.833353
1.902469
0.606252
0.694518
0.933027
1.384902
1.073254
0.211668
1.884220
0.105806
0.712594
0.616294
1.902006
1.101760
1.881142
0.561724
1.359033
1.107769
1.502292
0.895134
1.901793
1.381548
1.390081
1.100993
1.331853
0.590733
1.240382
1.496527
0.197441
1.034188
0.189775
1.902456
1.293099
0.753650
0.192289
1.070668
0.825608
1.537850
1.377181
1.335446
0.076014
1.136842
0.064154
0.415789
1.582289
0.911747
0.898789
1.533383
1.878738
1.830176
1.381139
1.047052
0.170933
0.262915
0.526677
0.518964
0.410107
1.497525
0.406768
0.175484
0.412864
1.889711
1.882450
0.147826
1.902436
0.700006
1.100009
1.625349
1.619021
1.878801
1.610585
1.362738
0.338844
0.883718
1.345794
0.078170
1.063566
0.562826
0.153918
1.123546
0.276493
0.853005
1.707311
0.985752
1.902282
0.632203
1.881543
1.885244
1.780944
0.158529
1.707346
0.669851
0.235243
0.710319
0.565394
1.132478
0.821487
0.943270
0.264181
1.902375
1.511560
0.968571
0.147675
0.789224
0.077770
1.552382
0.107407
0.378781
0.599875
1.575866
0.083924
1.791532
0.828548
1.100372
0.643502
0.680195
1.902378
1.075495
1.134208
1.102131
0.424440
0.399333
0.708586
1.877316
0.163501
0.847375
0.888972
1.545134
0.938985
1.478230
0.791532
0.065204
1.890390
1.892579
0.066825
0.343162
1.546500
0.613047
0.883978
0.929912
0.074983
1.305097
1.552592
0.403944
1.314531
0.149994
0.827491
0.540258
0.235457
0.232059
1.625077
1.740197
1.263993
0.968377
0.130088
0.770683
1.736389
0.102383
0.951108
1.570531
1.902421
0.859059
1.385898
1.892415
0.937650
0.631563
0.073835
0.212406
0.802717
1.257385
0.952263
0.389201
1.371844
1.888457
1.324231
0.673122
0.745216
0.868913
1.889478
0.353004
1.891603
0.769301
0.166485
0.070519
1.127146
1.880078
0.781102
0.108733
0.406057
1.625860
0.630156
1.855077
1.414735
0.085674
1.349626
0.939160
1.548573
0.164351
0.517093
0.894786
0.410122
0.158109
1.902392
0.855130
0.548673
0.967287
1.891945
0.149674
1.631548
0.584101
0.073421
1.706497
0.671907
1.893883
1.067369
0.214643
0.527550
0.320114
0.459587
0.206082
1.341911
1.902018
1.564696
1.785718
1.893535
0.895309
0.715241
1.093540
1.602214
0.308489
0.366832
1.092129
1.889210
0.572149
1.558996
0.363577
0.722022
0.554833
1.889672
1.622166
1.021752
0.672134
1.254924
0.143666
1.301176
0.908683
0.761181
0.325831
1.893357
0.187727
1.902116
0.879668
1.880441
1.893311
0.987019
1.395687
1.890161
1.384370
1.750228
1.623912
0.251098
1.264883
0.125576
1.902287
0.196453
0.413601
0.422439
1.825482
0.430354
1.720812
1.889748
1.134696
1.110319
1.246433
1.376994
0.392859
1.892341
1.902230
1.213165
1.599508
0.725443
0.179141
0.642446
1.237083
0.430660
1.885677
0.238388
1.902419
0.420163
0.539960
0.560099
1.292257
1.211249
1.441029
0.087181
0.890618
1.204761
0.755719
0.143288
0.819193
1.896387
0.385305
1.302422
1.869009
0.938596
0.404648
1.387749
1.034881
1.080155
0.185457
0.579118
0.230377
1.501092
0.977423
1.865959
0.620334
1.242578
0.519474
1.229031
0.207719
0.930150
0.559084
0.892977
0.549526
0.400785
0.764820
1.416047
0.881314
0.937099
0.363489
0.651108
0.513865
0.726136
1.698822
0.619131
1.074427
0.308215
0.150373
0.372621
1.089823
0.216231
0.310968
1.069974
0.888683
0.109297
0.785674
0.571646
1.136874
1.380366
0.149006
0.386852
1.730183
1.729816
0.903701
0.707041
1.896794
0.196787
0.724804
1.830953
0.206013
1.076821
0.223676
0.061476
0.964777
1.100401
0.705138
1.702931
1.150785
1.902330
1.629648
1.071333
0.572729
1.723933
0.120852
1.729480
0.393321
0.083475
1.333988
0.933699
0.075988
1.254483
1.717645
1.104586
1.609213
0.133086
1.403214
1.718699
0.685567
1.466691
1.735223
1.893104
1.326530
1.331692
1.902363
0.796146
1.559599
1.074971
0.344366
1.894062
1.563292
0.582267
1.808028
0.138245
1.838418
0.499746
0.386992
1.057283
0.711028
0.581762
1.625754
0.208555
1.117999
0.574534
0.317538
0.682217
0.572147
1.725947
1.715034
0.113966
0.653028
0.860398
1.902130
1.360888
0.526512
0.936235
1.894039
0.356267
1.381953
0.156534
0.589431
0.593612
1.217034
0.446583
0.371146
1.893752
1.893856
1.890886
0.652940
0.105953
1.754044
1.890559
0.158407
0.759125
0.550397
1.131740
0.933310
1.703497
1.064495
0.438707
0.837072
1.625668
1.902203
1.418070
0.935068
0.534392
1.509584
1.074994
1.080626
1.345486
0.860233
1.863139
1.902063
0.998404
0.543113
1.888861
1.629674
0.135953
1.362598
1.573184
1.829959
0.895043
0.881280
1.667312
1.451303
1.380637
0.646510
1.893672
1.730820
1.265900
1.368089
0.966884
0.949861
1.891522
0.678586
0.522394
0.615821
1.605810
0.371832
0.403139
1.094969
1.526695
1.625942
1.901988
1.722844
0.618153
0.733015
1.075287
1.891948
1.301459
1.463795
0.267590
1.555108
0.985805
1.704618
0.312305
1.889681
0.238710
0.104743
0.851026
1.902100
0.426103
0.259569
0.260793
0.942477
0.238255
0.435392
0.767325
0.794329
1.185194
1.233794
1.068536
0.344064
1.532366
1.378044
0.499627
1.287217
1.366094
0.531840
1.638899
1.902345
1.302336
0.076970
0.435936
0.582243
1.877096
0.141627
0.172883
0.509287
0.632319
1.199826
1.133161
0.244671
0.399207
1.726148
0.237325
0.810530
0.847225
1.276706
1.091384
0.727587
1.523289
0.632597
0.067167
1.223394
1.543687
1.116203
1.352965
1.235925
0.523163
1.274804
0.150825
0.535646
0.429619
0.599310
1.377432
0.957114
1.902451
1.430596
0.370897
0.097294
0.107681
1.623572
1.261319
1.110857
1.902305
1.202663
1.223633
0.421955
1.591769
1.322041
0.938893
1.289805
0.646117
1.331228
1.704111
1.236949
1.608471
1.862895
1.612504
1.556821
0.601258
0.413445
1.324354
1.893611
1.269351
1.060968
1.053333
0.182757
0.661311
1.450240
0.745942
0.301429
0.758573
0.546118
1.615801
0.532423
0.713683
0.886753
1.625535
1.551055
0.894487
0.701458
1.492874
1.887232
1.100480
1.251525
1.311135
0.486243
0.839671
1.891051
0.834812
1.625990
0.418196
1.527673
1.077891
1.074616
1.741226
0.517367
1.897579
1.541193
1.896368
0.845050
1.620491
1.297014
0.105891
0.096776
0.569409
1.675960
1.315324
0.344486
1.516095
1.767226
0.519064
1.383430
1.762189
0.977359
1.291179
1.600341
1.080925
1.360581
1.892260
1.015975
0.964908
1.082796
1.626308
0.275737
0.495296
0.204981
1.893316
1.509625
0.570364
1.864074
1.062874
0.066063
1.902262
0.937639
0.971617
1.893750
1.598040
1.545693
1.304349
0.645168
0.156691
0.900159
1.383621
0.208287
0.491823
1.725369
1.504102
0.648767
1.901471
1.516272
1.715899
0.536300
1.133182
0.701278
1.892576
1.893061
1.077157
0.984680
0.069339
0.642089
1.591243
1.270119
0.415029
0.787647
0.709662
0.847892
1.100927
1.563030
0.219413
0.178226
1.728066
1.072859
0.777834
0.683649
0.935678
0.747226
1.331331
0.323899
0.676202
0.292785
0.407670
0.543964
1.852937
1.901963
0.259874
0.776012
1.597567
1.634483
0.197735
1.466820
0.776080
1.201556
1.128527
1.721592
0.430815
0.935396
1.076047
0.078741
0.626359
0.252411
1.663377
0.514755
0.742532
1.902458
0.279202
1.261467
0.088504
0.684305
1.083395
0.590110
0.091363
0.173820
0.369962
1.477499
1.100258
1.791348
0.896710
1.622995
1.072299
1.819774
1.416711
1.066800
0.703013
1.384507
0.657276
0.395693
0.592232
1.329419
0.971701
0.411622
1.629163
0.144466
0.426825
0.968393
1.391713
1.850412
0.276028
0.447273
0.841163
1.262632
1.902410
1.100107
0.843884
1.091871
0.697679
0.844055
1.890710
0.535915
1.882968
1.642387
0.885379
0.926318
0.117229
1.893934
1.887564
1.645014
1.902440
1.902057
0.179947
0.178757
1.197783
0.262233
0.418116
0.459337
1.069052
1.292911
1.891966
0.275660
0.071084
1.888990
0.262878
0.873723
0.196246
0.136438
1.891092
1.286878
1.534482
0.451104
0.697281
0.132192
0.111464
1.080901
0.561874
1.581980
1.452958
0.525110
1.266371
1.008563
1.742072
0.462927
0.151952
0.085457
0.945562
0.709980
1.798676
1.902509
1.865291
1.600960
1.329585
1.902096
0.228812
1.473731
0.287732
0.564138
0.256077
1.557424
1.107818
1.066616
0.692108
1.593560
1.209988
0.282145
1.902468
1.139923
1.300356
0.951965
0.855397
0.098938
1.367806
1.302413
0.564407
0.823905
0.063855
0.073458
0.067537
1.392513
1.714515
0.573910
0.096983
1.135262
0.595554
1.896374
0.236628
1.466530
0.165315
0.736007
0.249999
1.137258
0.330016
0.406126
0.138519
1.381786
0.331610
1.703949
1.100710
1.160762
1.225744
1.137043
1.829362
0.517344
0.210749
0.708736
0.300542
0.889151
1.377406
0.205680
1.099720
0.746658
1.131965
1.902487
0.911019
0.272775
0.342834
0.643471
1.369312
0.990217
0.924355
0.080005
1.275004
1.758744
0.405853
0.420099
0.566799
1.902439
0.355892
0.194801
0.556588
0.976136
1.892302
0.632016
1.053900
0.264690
0.542046
1.095273
1.508851
0.343383
0.193749
0.477175
0.071499
0.173338
1.315743
0.825467
1.232002
1.831591
0.219690
0.363837
0.065746
0.201297
1.893309
1.287265
1.740985
0.614840
1.327243
1.654270
0.678377
1.796766
0.083937
0.386947
1.156089
0.858148
0.529712
1.538510
0.581989
0.880107
1.329125
1.097522
1.902085
0.942097
0.341348
1.889067
0.391975
1.604748
1.268943
1.900443
1.563469
0.886693
0.637441
0.862491
0.684438
1.413326
0.210305
1.902291
0.936118
1.081689
1.625931
1.720393
0.071744
0.081318
0.784317
1.314429
1.703094
1.508328
0.890948
0.412577
0.389079
1.101707
1.754930
0.415040
0.484998
0.242817
1.356004
0.438299
1.501530
0.099959
1.057086
0.208136
0.402221
0.936452
1.078572
0.804573
0.392385
0.612701
1.161007
0.436653
1.902386
1.556829
0.061273
0.116864
0.892712
0.232200
0.994747
1.327171
0.165918
1.091374
0.070826
0.582439
0.779989
1.097488
1.131117
0.083213
1.586447
0.736159
0.170604
1.626013
0.528832
0.177100
0.580271
0.518965
0.073052
0.131319
1.729767
1.378199
0.263862
1.506180
0.131541
1.890644
1.888706
0.445258
1.452657
0.125525
0.384397
0.446998
0.402302
1.885852
1.092191
0.637194
0.521972
0.488308
0.946499
1.859620
1.555798
0.759113
0.514991
0.146966
0.257104
0.786644
0.213120
1.855405
0.265447
0.540853
0.295345
1.712129
1.719264
1.130017
0.757149
0.487221
1.756654
1.632632
1.631119
1.303437
0.950460
0.631398
0.505460
0.210850
1.883042
1.412503
0.324942
1.063060
0.796782
0.696924
0.600870
0.129465
0.937467
0.894693
0.135472
1.126934
1.890786
0.758054
0.208972
1.901849
1.893841
0.235535
0.537871
0.835667
0.676115
0.234079
1.617852
0.370631
1.902480
0.403792
1.096149
1.523437
1.030750
0.061449
1.614961
0.394874
1.737841
0.828720
0.407363
0.721690
1.558684
0.261698
0.397333
1.722981
0.810172
0.149807
0.699940
1.902112
1.702905
0.608951
0.622605
1.591255
1.101667
1.516246
0.407945
1.711936
0.613490
1.100458
1.262354
0.289618
0.114491
1.278329
1.826662
1.134578
0.139146
0.398044
1.820765
0.940690
0.367735
0.121781
0.529519
1.093210
1.902357
0.618368
0.395967
1.899979
0.858843
1.277671
1.816062
0.313909
0.217435
1.075434
1.379461
1.791965
1.320345
0.536673
1.078679
0.765387
0.477126
1.553358
0.112877
1.584670
0.351458
1.259110
1.316411
0.433536
0.744606
1.124612
1.330299
1.560234
1.045228
0.871521
0.964553
1.389550
0.479105
0.894086
1.826325
0.454353
1.111946
0.138183
0.102605
0.151746
1.379028
0.971465
0.896343
0.852278
0.842654
1.446013
0.175894
1.882399
1.442739
1.673769
0.759620
1.363656
1.166079
1.893591
1.278043
1.575812
1.857587
1.163068
0.500479
0.332676
0.930032
0.199575
0.105613
0.554245
1.460311
0.236819
1.364398
0.984286
0.778509
0.767016
1.494359
0.457944
0.693079
1.300211
0.580373
1.387397
1.902259
1.894089
1.394381
0.115554
1.892786
0.330028
0.238593
1.898034
1.625606
1.599610
0.932216
1.276641
1.902414
0.268908
0.716660
0.193628
0.739411
1.741391
1.195231
0.993723
0.804740
1.872765
0.080539
0.412650
1.353149
1.058177
1.902463
0.439355
1.902395
0.729032
0.948933
1.296679
1.768995
1.623385
1.050388
1.891044
0.949349
1.069900
0.495049
0.929811
0.986379
1.626852
0.406614
1.625875
1.260701
0.268346
0.642646
1.338800
1.099336
1.303972
0.394088
1.365489
0.410496
1.081487
0.375445
0.871685
0.597819
0.150764
0.400877
0.634364
1.899970
0.503016
1.887657
0.624231
1.891095
0.157601
0.661201
0.087962
0.240695
1.797995
1.387255
0.409825
0.316974
1.705296
1.615430
0.992004
0.166005
0.311892
0.386267
1.901489
0.759475
1.902267
0.868201
0.940573
1.619784
0.609922
0.687403
0.070907
0.968294
0.366764
1.103526
1.408122
1.159701
0.662282
1.045540
1.831674
0.877995
0.258059
1.299488
0.743314
1.900700
1.738733
0.403965
0.260219
0.969813
0.237659
0.072410
0.122614
1.333305
1.559061
1.716644
0.602410
0.119506
0.807207
0.418463
0.864801
0.966702
0.223542
1.380363
1.262161
0.780301
1.894108
1.363025
0.179218
1.616523
0.107615
1.149024
0.861194
1.541886
0.847373
1.060680
0.622069
0.608583
0.067399
1.089820
0.756718
0.960932
0.083676
1.830421
1.901989
1.062374
1.132208
1.383722
0.117356
1.096521
1.782789
1.895160
0.334617
0.823267
1.243331
1.528547
0.101303
0.730208
0.240862
1.755270
1.503258
1.575285
0.675204
1.149962
0.665850
1.902430
0.229867
1.391475
0.894744
1.893790
0.598744
0.273058
1.719541
0.417998
0.241865
1.236830
0.063008
0.066302
0.188159
0.401350
0.212136
1.892796
0.397259
0.410312
0.788054
1.901440
0.689372
0.519822
0.720959
1.444486
1.339258
0.920767
1.622558
0.237076
0.069136
1.377002
0.951335
1.097111
0.092001
1.472388
0.733295
0.605435
0.549029
0.662887
1.817274
0.281217
0.954065
0.656058
0.081408
1.902241
1.383518
0.397262
0.246894
0.153166
0.376778
1.902059
0.165771
1.705685
0.330358
1.316663
0.625608
1.733305
1.061740
0.903622
0.389509
1.726328
0.267973
1.056166
0.851952
0.221508
1.893141
1.337118
0.388259
0.386534
1.504074
0.148481
1.893804
0.634803
1.623801
1.893812
1.247816
0.075722
1.637101
1.855162
1.082713
0.310413
0.399497
0.236357
0.164521
1.257402
1.261766
0.077693
1.587883
1.075770
0.637408
0.165125
1.825758
1.759448
0.772431
0.337916
1.697336
1.609085
1.064319
0.405146
0.123424
1.710839
0.518587
1.730814
1.061000
0.074249
0.160748
0.538168
0.965055
0.152837
0.773289
1.533218
1.380195
1.892706
0.308229
1.901480
1.902446
1.136005
1.267132
0.412320
0.449010
1.653327
1.902491
1.545630
1.902114
1.708569
0.824009
1.431455
0.716215
1.902173
0.524175
0.515546
1.563276
1.741917
0.948763
0.425077
1.741956
0.232836
1.161767
0.208113
1.842265
1.892950
1.474579
0.616963
0.155989
0.221447
1.546086
1.093275
1.704604
0.362442
1.099358
1.897636
0.890972
0.324072
0.065319
1.399434
1.097672
0.220481
0.731350
1.902476
1.836795
1.615395
1.575428
1.104790
0.621864
0.701597
0.064854
1.827975
0.165476
0.622629
0.065157
1.411004
1.032837
0.156334
0.972072
1.594822
1.721161
0.647151
0.936416
0.071367
0.552594
0.584588
0.077471
0.570342
1.549958
0.719307
0.589291
0.244777
1.618060
0.725320
0.740086
0.385380
1.413716
1.073197
0.815545
1.144296
0.890606
0.340203
0.185867
1.081175
0.145333
0.063602
1.624509
1.902288
1.831886
1.009534
0.734315
0.730587
0.680932
1.488271
0.363802
1.810347
1.893807
0.629806
0.489544
0.988805
1.757690
0.656164
1.021910
0.931496
1.098904
0.955761
1.355560
1.902089
0.407829
0.933522
0.750716
0.270648
0.935473
0.966102
0.685343
1.344813
0.198988
0.199685
0.469734
1.565706
1.045952
1.133476
1.214848
1.390091
1.883586
0.263251
1.814099
1.232148
1.133041
0.072935
1.292121
0.253027
1.278592
0.949275
0.376172
0.514398
0.767092
0.555457
1.272542
0.598035
0.547250
1.902478
1.094000
0.409313
0.902176
1.027158
0.303672
1.050602
1.881489
1.259815
0.295365
1.901293
0.096079
0.371650
1.837765
1.073809
1.139769
1.078906
0.143333
0.236155
1.133027
0.335211
1.844427
1.009882
0.531443
0.170424
0.692871
0.415999
0.369220
0.608316
0.941033
1.890572
1.893665
1.625540
0.071356
0.776008
1.155576
1.383191
1.815753
0.663237
0.963532
0.399627
1.514987
0.710646
0.891891
0.523130
1.547742
1.098598
0.401618
0.068455
0.250543
1.402843
0.546597
1.501777
1.891043
1.106791
0.258683
0.327873
1.010692
0.830263
0.106240
0.074231
1.877683
1.293731
1.716126
0.526672
1.098063
0.949268
0.369277
1.316046
0.351411
0.660950
0.179474
0.098063
0.392217
1.011971
0.164478
0.151744
0.534581
1.134443
0.936331
0.719015
0.997726
0.878323
0.285284
0.932775
1.137893
0.664618
0.183849
0.176707
1.319697
1.391654
0.673218
1.730979
0.985268
1.156324
1.534224
0.443742
1.442137
1.392281
1.625463
0.167287
0.571315
1.329121
0.480199
0.949158
1.616995
0.938848
1.028370
1.711599
0.704951
0.263017
0.532741
1.564036
0.194850
0.642352
0.657696
0.656420
1.885727
1.902265
1.282590
0.279469
0.157915
0.644886
0.773548
0.759608
0.985058
1.045011
0.110581
0.393379
0.927112
0.417935
0.177433
0.159903
1.386768
0.892360
1.298603
0.546593
1.543484
1.067422
1.015982
1.892795
0.746929
0.065994
1.883859
0.961701
1.719674
0.219584
1.437469
0.797470
1.816986
0.630289
0.935848
1.217562
0.890855
0.311836
1.795561
1.106393
0.133141
0.966341
1.888721
0.086767
1.330532
0.689864
1.139410
1.069984
1.227893
1.488345
1.087538
0.351649
1.321897
1.893319
0.104864
0.907162
0.429027
1.458959
1.702765
0.295782
0.065664
0.082860
1.092222
0.495819
0.279369
0.968328
0.387550
1.141000
1.776319
0.466327
0.567119
1.808092
0.065172
0.976521
1.901808
1.266792
1.100463
1.686433
1.134444
0.251782
0.715466
1.114131
0.940786
0.111260
0.065125
0.150328
1.894407
1.050296
0.619976
1.250695
1.133559
0.972556
0.164732
0.688031
1.363254
1.279994
1.132138
0.094942
1.901922
0.400137
0.329388
1.889913
1.132780
1.900926
0.909598
1.568518
0.866886
1.162687
0.337119
1.262795
0.678164
1.741186
0.937873
0.088607
0.125349
0.817291
0.113105
1.739319
0.367607
0.973010
0.141267
1.014676
1.401608
1.566557
0.156000
0.382570
1.891368
1.377232
1.519932
1.099875
1.133638
0.422971
1.099912
1.902029
0.063445
0.690213
1.072511
1.264067
0.185088
0.070388
1.099587
0.554793
1.071510
0.936576
0.246537
0.177815
0.866824
1.097982
0.857974
0.518688
1.833312
0.213493
0.737354
0.428217
1.484734
1.167693
0.169438
1.624767
1.716254
1.729263
1.430853
1.889980
1.888735
0.365372
0.516097
0.274025
1.045041
1.289452
1.006192
1.891801
1.621315
0.563994
1.266923
0.715139
1.902457
1.524488
1.887824
1.553002
1.740369
1.893532
0.526283
1.800550
1.892530
1.079536
0.616580
1.102640
1.363063
0.686662
1.381585
0.189062
1.902410
0.411627
1.129128
1.340240
1.080070
0.783086
0.460468
1.891154
0.346005
1.858616
0.937392
0.649425
1.224859
0.253001
1.469704
0.364248
0.069914
0.945077
1.360017
0.969336
0.686022
1.331550
0.216965
0.666451
0.146060
1.628724
1.366159
0.865632
0.577962
0.461705
1.865783
0.062746
1.372162
1.627549
0.489237
0.349365
0.340758
1.719780
1.748270
1.740395
0.506320
0.773678
0.200600
1.813207
1.475245
1.891762
0.562571
1.269076
0.956384
1.239900
1.319606
1.725518
0.106305
0.530796
1.618246
1.098343
0.799044
1.881769
1.066892
0.550728
0.294391
1.378944
1.887959
0.169441
0.204937
0.500899
1.902355
1.108118
0.150703
1.602166
0.463781
0.531141
1.859038
1.839811
1.029602
0.948336
1.628004
1.303692
0.951943
0.746849
1.875715
0.436656
1.058518
1.847938
0.144557
1.133712
1.510503
1.902111
0.376155
0.935121
0.533027
1.319740
1.066025
1.120528
1.601844
0.147115
0.171066
1.619270
1.012797
1.819856
0.671385
0.326660
1.733911
1.357828
0.541839
0.507652
0.685148
1.125106
1.248131
0.295619
0.991217
1.089724
1.496671
1.175593
1.721321
1.719381
1.413454
0.896660
0.933255
0.453120
1.893456
1.494893
1.844857
1.071690
0.069184
0.097836
0.893009
0.834696
1.742043
0.794171
1.404023
1.313738
0.478578
1.070804
0.881322
0.521029
1.187268
0.148957
0.997383
1.380683
0.958746
0.800825
1.417693
1.550295
1.880555
0.872212
0.297713
1.170130
1.386765
1.894000
0.062106
0.134072
0.281477
0.407529
1.354074
1.595447
0.537972
0.582273
0.954190
1.277414
0.068592
0.388328
1.532545
0.297255
0.459475
0.969772
0.127352
1.454056
0.744666
0.776165
0.887941
1.514527
0.076160
1.134130
1.035118
0.532125
1.073523
1.897287
0.142379
1.073997
1.190574
1.370819
1.255384
1.203892
1.628256
0.392510
0.241832
1.374892
0.171864
0.282026
0.510073
0.643922
1.852275
0.627593
1.852203
1.893272
0.260515
0.724683
1.768381
1.608058
0.457146
1.736655
1.626465
1.510742
0.533831
0.956223
0.227708
1.461702
1.340868
1.706642
1.328975
1.893706
0.080445
1.822568
0.160046
0.204656
0.778239
0.807494
0.655397
0.217403
0.071619
1.353308
1.700494
0.449274
1.119457
0.969463
0.839987
0.085856
1.717416
1.069553
1.469026
0.235573
1.769473
1.220173
0.203807
0.894679
1.046900
0.470113
0.631832
1.078071
0.151228
1.100344
1.057161
0.508153
1.542468
0.748798
1.624545
1.359241
0.768612
1.624283
1.889231
1.892561
0.539734
1.356089
1.030121
0.247348
0.280357
1.892301
1.829406
1.727082
0.972977
0.064284
1.087892
1.045061
1.783716
1.390396
1.038163
1.708167
0.768115
0.412164
0.970032
1.596178
0.641323
0.515577
1.374915
1.807870
0.959752
1.709970
1.259395
1.418483
0.339605
1.074435
1.893329
1.840595
1.065527
0.365891
0.065287
0.163959
1.619069
1.133183
1.508155
1.580322
1.294405
1.314478
0.120994
1.352422
0.523458
1.134812
1.584505
0.225582
1.555182
0.859331
1.427014
1.070587
1.733336
1.261882
1.250241
1.902305
1.412542
1.902131
0.398329
1.725772
0.446462
1.260613
1.409285
0.797453
1.133471
1.902428
0.385159
0.072944
1.379190
0.987796
0.680302
1.886804
0.979019
0.400637
0.634400
1.388354
0.143114
1.620925
0.783037
1.532409
0.670495
1.498113
0.355293
0.618144
0.659007
1.891025
1.892171
0.509516
0.255867
0.678381
0.972131
0.525554
1.373649
0.671890
1.902009
1.873293
0.529974
1.390418
1.365398
0.468388
0.202359
1.901551
1.500842
0.895837
1.878808
1.756058
1.333799
1.586364
1.378362
0.896606
1.791622
1.549059
0.384643
0.502264
0.414775
1.600401
0.598047
1.054095
1.902489
1.343479
1.574969
1.597007
0.456551
1.828877
1.728548
0.591701
1.013411
1.145043
0.604978
0.952926
0.548875
0.746200
1.860715
1.823889
0.451656
1.710840
0.891091
1.896921
0.150967
1.901727
1.691025
0.537076
0.401412
0.167483
1.832562
1.784495
0.177219
0.127509
0.153484
1.051391
0.557584
0.463115
1.901994
1.264859
1.627236
1.134132
0.453943
0.388194
0.735845
0.967362
0.627960
1.023378
1.084189
0.112813
0.751328
0.597047
0.422693
1.587188
1.014462
0.105500
1.601360
0.725989
0.763805
1.091001
1.902460
0.076936
1.154052
1.072667
1.902275
0.372150
0.267734
1.377131
0.066549
0.466057
0.866241
0.752721
1.876421
1.495536
1.267471
1.600262
0.522952
1.871575
1.285955
0.353236
1.539716
0.782053
0.111584
0.250440
0.966202
1.845401
1.544857
0.895537
1.890375
0.497892
0.487805
1.902348
1.017758
0.955384
1.454048
0.815671
1.384663
1.169001
0.483360
1.700224
1.178061
1.882090
0.148317
0.281528
0.158868
1.902184
1.626347
0.240075
0.344860
1.050759
0.572083
0.356609
0.116876
0.264932
0.996860
0.532455
0.717962
1.102726
0.929072
1.113973
1.512129
0.966440
1.380613
1.790284
1.877070
1.902442
0.210747
0.348863
1.535187
0.346237
1.265978
0.695170
1.900991
0.636283
0.564934
0.508028
1.131387
0.940195
0.156346
0.935822
1.271908
0.104084
1.612948
1.902324
0.889403
1.902462
0.294646
0.098108
0.273585
1.074522
1.081915
0.585553
0.193716
0.063310
1.741352
0.555719
1.291335
0.620325
0.691567
1.897981
1.098562
1.892191
0.543101
0.858273
1.391979
0.969096
0.963344
0.468322
0.061620
0.393360
0.944376
1.553663
0.579058
1.314116
1.894888
0.898597
1.901550
1.439364
0.952523
0.310471
1.901392
0.685447
1.539217
1.344375
0.223450
0.258061
1.889865
1.895250
0.971772
1.067038
1.745565
1.704884
1.139301
0.243081
1.386782
1.626422
0.121553
1.902421
1.893467
1.075549
0.943695
0.392715
0.631734
0.930489
0.162768
1.900058
1.886292
1.518823
0.854508
0.935276
0.786790
1.294784
1.398472
0.227297
1.734332
1.819352
1.262029
1.625866
0.107647
1.077789
0.784436
0.171940
1.600147
0.385144
1.411925
0.515000
0.352212
0.544621
0.207241
0.169846
0.148608
1.878233
1.100629
1.386706
1.500102
1.591133
0.463838
1.348825
1.891572
0.949784
0.180511
0.182703
1.902457
0.269315
0.185174
1.132270
0.098985
0.683648
1.079221
0.132128
0.093029
1.888927
0.820215
0.162230
0.913504
0.401902
0.399912
0.065855
1.414473
0.330910
1.712969
1.068466
1.584930
0.263003
0.220333
1.485904
0.449155
0.869116
1.102429
1.051966
0.786366
0.801132
1.889853
0.969155
1.071913
0.969360
0.516312
0.578610
1.753661
0.169809
0.853072
1.591053
0.141461
0.560823
0.554136
1.836658
0.157338
0.896316
1.888296
0.178789
1.806621
0.387764
1.887047
1.622879
0.446143
0.170159
1.714883
0.705695
0.542714
0.267485
1.902036
1.291163
1.097098
0.366187
1.080777
1.902415
0.899899
1.619839
1.371693
0.555910
0.463611
0.749374
0.566278
0.902666
0.513110
1.076487
0.242625
0.069122
1.138547
1.900846
0.352887
1.343462
0.063890
0.217557
0.731450
1.901910
1.828138
0.696797
1.370059
0.753523
0.151137
0.234844
0.886890
0.593640
1.273963
0.160448
1.309841
0.976162
1.899511
0.668083
0.334032
1.902326
1.730703
0.701394
0.131983
1.071945
0.829497
1.408491
1.843731
0.849388
1.150809
1.569260
0.808668
0.562060
0.939480
1.162606
1.099538
0.651391
1.435220
1.505040
0.081267
1.902487
0.461030
1.478481
1.137657
0.293904
1.902249
1.100082
1.471284
0.944443
0.554091
1.355575
1.561186
0.988929
0.083222
1.901949
0.063332
1.770980
1.628012
0.806466
0.249663
0.393752
1.357625
1.893764
1.544798
1.043329
0.618109
0.725394
1.892808
1.829762
0.136260
0.880982
0.119619
1.822540
1.795132
1.717673
1.165873
1.768118
1.625910
1.897703
0.835749
0.289704
1.722040
0.423257
0.285179
0.410598
0.282006
0.690166
0.553970
0.408468
1.222250
0.720862
0.149316
0.926128
1.393918
0.759495
1.098345
1.567883
0.184945
1.872683
1.131835
1.902342
1.891432
0.441078
0.453013
0.117768
0.196639
1.371198
1.809302
0.424967
1.164735
0.173768
1.116223
0.358385
0.423422
1.384391
1.629150
1.110031
1.836167
0.733217
0.131428
1.252218
1.625607
1.061835
1.705622
0.698359
0.453106
0.239507
0.677253
0.235676
1.627774
1.330941
0.287156
1.554425
0.615684
1.297534
0.135379
1.073178
1.885594
1.507342
0.169183
1.211171
0.139645
1.532984
0.790061
0.572965
0.209540
0.310751
1.629246
1.628958
1.864852
0.127889
0.468540
0.133559
1.594996
1.376879
1.817723
1.892255
0.273739
0.262095
0.969164
0.072606
0.945826
0.975054
1.424288
1.901093
0.423531
1.893349
0.771308
1.818941
0.265959
1.201571
0.955624
0.774873
0.826924
1.034785
0.966988
1.902470
1.880968
1.902463
0.251458
1.251460
1.090372
0.964096
1.405943
0.145956
1.609090
1.278103
0.263907
1.893748
0.077452
1.382997
1.015136
1.417658
0.401675
0.889574
1.729701
0.351451
0.184640
1.883640
1.564301
1.356892
0.127241
0.951725
0.910474
0.345043
1.892855
1.401830
1.891755
1.751201
0.266772
0.141117
0.835156
0.674305
0.678674
0.484223
1.321222
0.311955
1.793594
0.389162
0.464666
0.196167
1.902611
1.039383
0.889602
1.097361
0.355405
1.893876
0.426729
0.729252
1.467042
0.294659
0.648779
0.638761
1.371732
0.143975
0.076617
1.202004
0.900080
0.186851
0.404616
1.422505
1.738560
1.095999
1.137166
1.073133
0.164335
1.883332
0.882091
1.060489
0.839198
1.575483
0.145715
0.617481
1.594744
1.783758
0.462188
0.171235
0.066581
1.316526
0.570243
0.249742
1.902048
1.333035
0.529626
0.520415
1.549340
0.268530
0.269895
1.102530
0.171253
1.480561
0.905471
1.901733
1.104111
1.262863
1.110730
0.995910
1.890642
1.375135
1.625072
0.904619
0.633023
0.167604
0.388080
1.083217
0.403949
1.705114
1.400865
1.012078
1.892061
1.830362
0.296894
0.522878
0.757262
1.013881
0.504042
1.597371
0.146878
1.764486
0.535801
1.468493
0.997551
1.198490
0.842191
0.098626
1.740797
1.319612
0.760542
0.971291
0.368826
0.175392
0.504589
0.498077
1.074607
0.106634
0.748165
1.750696
0.116954
0.068384
0.855109
1.349911
0.575777
0.524171
0.500501
0.942549
1.902448
0.267900
0.821355
1.902375
0.406468
1.724650
0.635344
1.595184
0.448098
0.617950
0.959015
1.777479
0.243551
1.284799
0.735311
0.433792
0.062141
1.250524
1.871736
1.902132
0.500048
1.893345
1.505403
0.149144
1.844534
0.393686
1.711066
0.926192
0.114540
1.902017
1.102090
1.059067
0.958077
1.137184
0.454403
0.686962
0.900703
0.935853
0.486557
1.894612
1.107903
1.702812
1.553236
1.388477
0.155108
1.490650
0.840675
0.654460
0.576921
1.347092
1.079360
0.113366
1.874757
1.759027
0.606626
1.134101
0.797771
0.566119
1.323771
0.529600
0.890948
1.744418
1.201326
1.721378
0.522040
0.146511
0.159547
0.156453
0.379591
1.084034
0.567370
0.711214
0.377455
1.391716
1.554272
1.502617
1.898445
0.434837
1.287617
1.324885
1.624477
1.702730
0.583018
1.900760
1.901506
0.672936
1.761128
1.901530
1.901469
1.102859
1.754123
1.135673
1.141081
1.893472
1.238582
1.702957
0.727106
1.079312
0.323296
1.132999
0.063200
1.120042
0.155683
1.050747
0.662718
0.812647
0.283500
0.685989
0.603719
1.764243
1.702361
1.504787
0.786273
0.594659
0.803243
1.457930
0.552125
0.120073
1.408982
1.772923
1.743468
1.024836
1.399460
1.710417
0.607161
0.140681
1.368169
1.902478
1.704567
0.976939
1.621479
0.298936
0.755988
0.631440
1.731751
1.383774
0.540189
0.138443
0.443095
0.475102
1.517794
0.139682
1.489865
1.406283
0.959394
1.893510
0.429086
0.402162
1.885391
0.705116
1.076287
1.894004
0.138588
1.893257
1.723206
1.902151
1.272679
0.077630
1.707067
1.331219
0.795349
0.069109
0.423957
0.399566
0.991894
0.737753
1.489870
1.100500
1.452681
0.073874
0.502570
1.617741
1.314247
0.111716
0.569576
0.616992
1.349688
0.248424
0.325259
1.384788
1.768196
0.377388
0.167622
0.413829
1.902305
0.140703
0.542913
0.521929
0.405362
0.660186
0.511419
1.596991
1.262745
1.892394
1.662755
0.731606
1.257429
0.783640
0.936499
0.592040
0.530300
1.886199
1.223773
0.300439
1.296371
0.185763
0.891676
0.662043
1.065231
1.829280
0.076069
1.901747
0.534312
0.417274
1.101569
0.248663
0.582664
0.697186
1.830058
1.277261
0.659941
0.656401
1.260039
1.484376
1.006709
0.958966
0.605370
0.836234
1.893827
0.555198
1.072932
1.272740
0.183581
0.570896
0.632173
0.790363
1.134331
0.576960
1.148611
1.585182
0.180598
1.625841
0.114426
0.167059
1.135065
1.544997
1.059728
0.309267
1.378865
1.851602
1.383261
0.405616
0.456897
0.184463
1.830506
1.890593
0.198354
1.301929
0.436170
0.230317
1.287742
0.482735
1.519385
0.779787
0.619683
0.525161
1.027376
1.354720
0.752077
1.594944
1.174670
0.509072
0.887169
0.742353
1.882985
0.857502
1.550465
1.373013
0.399415
1.853936
1.537268
0.752194
0.116469
0.990655
0.763587
0.529940
1.885469
1.886165
0.192847
1.902514
1.624772
0.137503
0.183556
1.897965
0.813036
0.537008
0.081715
1.891967
1.077021
1.211122
0.152523
1.422553
0.067750
1.728270
0.142727
0.769701
1.301885
0.838668
0.788789
0.714608
1.132644
1.279063
1.902408
0.367742
0.113886
1.362359
1.521722
1.473477
1.426598
0.999910
1.097940
0.076915
0.126392
0.946377
0.341374
1.902388
1.081246
0.620857
0.780271
0.341822
1.856114
0.392202
1.133271
0.953196
0.752268
0.389088
1.392349
0.156908
1.091223
0.953124
1.124674
1.106831
0.078248
0.763090
1.256786
1.388386
0.609249
1.054722
0.955306
1.375992
1.902146
0.097067
0.807914
1.622726
0.405484
0.224839
1.134971
0.242502
0.758586
1.452532
1.376822
0.845504
0.831505
1.787878
0.272978
0.688118
0.688780
0.871006
1.004403
1.892942
1.891970
0.211706
1.720586
1.281385
0.202591
1.340450
1.366766
1.889010
1.902195
0.378948
0.651385
0.868042
1.384395
1.902479
0.421393
1.776120
1.902362
1.899993
1.729801
0.808016
0.279901
0.827770
1.902351
1.285108
1.054513
0.844265
1.136727
0.577863
1.105139
0.521514
1.406427
0.204560
0.174859
0.444912
1.335372
1.334850
0.450727
0.540681
1.843310
0.541977
1.492382
1.266063
1.426059
1.840492
1.534171
1.236693
0.401973
0.380797
0.609844
1.260640
1.789472
0.140701
1.089738
1.902283
0.064270
1.705215
0.091554
0.598648
0.064501
0.950875
1.721690
0.214193
0.670366
0.830033
0.094918
1.892765
1.816454
1.565750
1.391920
1.625612
0.227623
0.649651
0.390500
1.159622
1.567698
0.991183
0.082951
1.545241
1.882512
0.155972
0.540334
1.891032
1.710907
1.387230
0.831369
1.636387
1.890539
0.071441
1.072149
1.065054
1.177769
1.889943
1.033280
1.849254
1.729168
0.927524
0.441703
0.075736
0.330028
1.828645
1.599831
1.118316
0.529590
1.133745
1.837735
0.561600
1.251474
1.890393
0.945395
1.041989
0.226262
1.765312
0.717929
0.061710
0.782245
0.107777
0.108547
1.892507
1.101281
1.593495
0.241207
1.108967
1.588041
1.884770
1.114088
0.188479
0.891231
1.100929
1.900139
0.240111
0.736500
0.723959
0.878658
0.306731
1.710616
1.838070
0.662572
0.067461
0.860787
1.356236
1.893350
0.965877
1.822236
0.071162
1.902251
1.902204
1.786466
1.900702
1.378082
0.754138
1.558175
1.520181
1.372016
0.072247
0.756119
1.730869
0.210578
1.407007
0.691023
1.893984
1.891842
1.805424
0.861842
1.878097
0.643435
0.518917
0.657137
1.889848
1.378274
0.780854
1.506252
0.802345
1.252270
1.504748
0.348815
0.853975
0.244392
1.092297
0.620852
0.890760
1.633622
0.955272
1.322852
1.265620
1.097131
1.020327
0.417051
0.303376
0.605561
1.385127
1.381817
1.741891
0.182170
1.012716
1.598012
0.090272
0.977780
1.372572
0.168365
1.744999
0.942041
0.576565
1.099874
0.565666
1.535496
0.377724
1.901833
0.522306
0.194988
1.393721
0.461162
1.064720
1.749486
1.132861
1.902429
0.315731
0.948556
1.728806
0.069402
0.555550
0.881868
1.872952
0.065248
0.760259
1.425855
0.407300
0.963669
1.173009
1.322936
1.891951
0.742404
1.080851
1.828979
1.398583
0.895173
1.124486
1.893594
0.859528
0.109296
1.767500
1.721925
1.825754
1.276107
0.091545
0.604493
1.315577
0.215301
0.862898
0.277691
0.168237
0.969607
1.631748
0.521051
0.514756
1.575250
1.902231
1.833754
1.896144
1.041018
0.170906
0.103203
0.295970
1.778860
1.602059
1.524807
1.735267
0.062927
1.703652
1.889936
0.726535
0.863648
0.712266
1.000546
0.640565
0.761915
1.556713
1.375046
0.691895
0.418468
1.893211
0.128709
1.828799
1.652406
1.341967
1.892822
1.625085
0.809487
1.830175
0.779999
1.576725
0.664079
0.141253
1.203750
1.336992
1.505206
0.672558
0.072468
1.382377
1.890890
0.521810
0.428802
1.901737
0.206443
1.598171
0.137063
0.381699
1.356268
1.370878
1.626702
1.069214
0.088751
1.099596
1.884755
1.291041
1.901990
1.349085
1.297958
0.999811
0.404548
0.112267
0.788631
0.480666
1.783804
0.277963
0.131286
0.188600
1.812173
1.718607
0.064316
0.951495
0.131952
1.891143
1.154402
0.161872
1.140612
0.539832
0.068236
0.969133
1.886831
0.545490
1.376427
1.382700
1.891872
1.202794
0.469498
1.762330
0.559816
1.708283
1.518199
1.627963
1.893906
1.902289
1.707699
0.818406
0.062779
1.292684
0.476985
0.315031
1.359088
1.169742
0.247261
0.461832
0.706650
0.528418
0.375069
0.230667
0.784292
0.191638
0.576315
0.399584
0.061369
0.693298
1.083712
1.516935
0.062858
1.350775
1.892240
1.902347
1.892000
0.618925
0.442608
1.101363
0.871361
1.291116
0.962920
1.636391
0.790059
0.976332
1.397830
1.563304
0.552363
0.948052
0.247639
0.971785
1.269302
1.116975
0.619220
1.893475
0.206092
0.212486
0.945815
0.542287
0.791212
1.608766
1.815211
1.794627
0.575033
1.624990
1.320209
1.624228
0.265851
1.134108
0.971805
0.179522
1.572916
1.415708
1.382702
1.899278
0.573906
1.317328
0.531798
0.493589
0.941475
0.307780
1.241040
1.403327
0.536326
0.238020
0.205469
0.637852
1.884965
0.776802
1.748662
1.625432
0.415240
0.244643
0.230752
0.792440
1.803602
1.439844
1.893713
1.893606
0.337343
0.999393
0.423236
1.074601
0.156230
1.891112
0.939784
1.616656
0.428120
0.556840
0.292038
0.620414
0.621058
1.548686
0.173303
1.410069
1.597026
0.393700
0.809028
1.511909
1.063941
1.289956
1.602420
1.891227
0.585242
0.547200
0.116717
0.581106
1.390759
0.197121
0.201798
1.725985
1.902481
1.548704
0.636939
1.900808
1.750828
1.118728
0.339410
0.765836
0.356273
1.347781
0.138171
0.512107
1.901638
1.899887
0.278187
0.621727
1.898119
0.417524
0.373291
0.403468
0.357664
1.622318
1.352768
0.657290
1.517376
0.141749
0.362031
0.411803
0.491775
0.876933
0.618916
0.401584
0.417246
1.039500
0.266278
0.207208
1.485187
0.410612
0.394791
0.383613
1.025283
1.783530
0.510284
0.391387
0.806797
1.580053
1.529240
0.895353
1.901345
0.480767
0.133209
1.560326
0.606920
1.562457
0.582855
0.425361
0.142583
1.812958
1.368708
1.893005
1.317795
0.893536
1.390281
1.588078
1.757962
0.985457
1.597693
0.638982
1.418564
0.624907
0.433537
1.258830
0.169711
0.504514
0.387322
0.232916
0.115631
1.902465
0.413798
0.656362
0.829167
0.545320
1.893271
1.298739
1.505817
1.371998
0.192099
0.376616
1.074177
1.129370
0.984592
0.466696
1.902093
0.842875
0.435270
0.940660
0.427908
0.729586
1.393185
1.702799
0.682828
1.419430
1.712924
1.432293
1.378463
0.403896
0.768137
1.788871
0.111354
0.965641
0.857271
0.436432
0.789595
0.174381
0.771802
1.383640
1.892579
0.769821
0.829233
0.478383
1.163871
1.309601
0.089305
0.629253
1.382496
1.601008
1.625718
0.896362
1.435609
1.716332
1.539809
0.887803
0.255204
1.902393
1.538020
1.392473
0.156504
1.084710
1.091868
1.892689
0.894801
1.729742
0.760370
1.901875
0.155996
0.412552
0.160497
0.644539
1.823415
1.065692
1.709290
1.327742
1.093651
0.154313
0.640258
1.289644
0.131323
0.204256
1.069422
1.730685
1.383875
0.242463
0.077783
1.101720
1.883799
0.627796
1.893981
0.936014
0.749702
1.507907
0.406196
0.772097
0.486922
0.597395
1.621332
1.830600
1.553672
1.551935
0.159387
0.133270
0.663677
1.736106
1.625130
0.127519
1.073787
0.844343
1.065047
0.780612
1.625138
0.139165
1.338690
0.401681
0.703532
1.828104
0.562561
1.072169
0.601379
1.570976
0.344136
0.068165
0.391236
1.892227
0.625742
1.443215
1.752284
0.849237
1.704591
0.271237
1.213899
0.083061
0.413739
0.244851
1.891658
1.546928
1.359936
1.294249
0.079140
0.311135
1.878122
0.509393
1.548866
1.350108
1.884925
0.957830
0.069490
0.464896
0.945600
1.769870
1.492277
0.721317
1.901890
1.347407
0.130142
1.817359
1.498826
1.094919
0.738413
0.523872
0.563076
0.781798
1.704396
0.106206
0.515578
0.394832
1.389947
1.087057
0.697364
1.312075
1.477075
1.450948
0.126419
0.063220
0.135892
1.087149
0.195773
0.616269
1.413898
0.564076
1.585707
0.616796
0.731526
1.631673
0.380844
1.087827
1.626616
1.100221
1.336086
1.557911
1.101297
0.526519
1.892258
1.832456
1.252545
0.952755
0.198845
1.071468
0.456457
0.742247
1.025870
1.203225
0.171030
0.289516
1.753456
1.893815
1.593861
0.106834
0.180463
1.321154
1.366043
1.608860
0.216518
0.544803
1.128149
1.826872
0.226820
0.315336
1.886103
0.135903
0.512235
1.133512
1.599542
1.888417
1.437924
1.136799
1.535490
0.120717
0.878492
0.839417
0.789325
1.387177
0.515844
0.784286
0.895196
1.094132
0.172904
1.244418
1.705470
0.646475
1.407634
1.428228
1.773933
0.299485
1.279896
1.871655
1.223687
1.154174
1.594989
0.236741
0.856972
1.274089
0.960703
0.887875
0.548551
1.172668
0.739667
1.004339
0.891744
1.625147
0.784054
1.294373
1.416224
1.133994
0.190850
1.102260
1.560580
0.325054
1.379656
0.070822
0.070109
1.521020
1.140476
1.731873
1.369990
0.283935
1.291203
0.746817
1.371884
0.416704
0.141101
0.253599
1.266245
0.591613
0.405149
0.896242
1.255426
0.622236
0.572945
0.548431
1.350427
1.026301
0.173888
1.889037
1.292355
1.413141
0.812563
1.385313
0.934098
0.372409
0.420066
0.886830
1.888513
1.893093
0.558995
0.672018
1.103592
1.624820
1.514628
1.310766
1.052062
0.122128
0.965497
0.954972
1.614766
0.616390
1.313534
1.829422
1.373254
1.616302
0.620690
1.709378
1.858011
0.105886
1.099190
1.359408
0.398400
0.088228
1.625145
0.385309
1.510754
0.887568
0.397588
0.808719
0.267481
0.722249
1.504606
1.416781
0.816803
1.605415
1.098740
1.808236
0.954906
1.652109
0.508884
1.893117
0.081219
1.367205
0.394774
1.385770
1.527931
0.966326
0.403815
0.668553
1.260692
1.470122
0.780716
1.046005
0.628975
1.892124
1.878558
1.380215
1.098960
1.741764
0.833972
0.402260
1.839773
1.399971
1.583411
1.724460
0.949911
0.419443
0.283635
1.823189
0.681066
0.254893
1.567155
0.617191
1.340749
0.067922
0.704001
1.860457
0.359143
0.070804
1.625293
1.629485
0.687185
0.292031
1.291808
0.454367
1.424890
0.530304
0.072760
0.829270
0.588253
1.133249
0.191577
0.533069
0.811820
1.549215
0.205907
0.176621
0.580391
1.211150
1.503009
1.673932
0.386406
0.507140
0.875237
0.326773
0.689580
1.417969
0.327258
1.312614
1.705604
1.323927
0.070109
1.092488
1.378318
0.318762
0.889868
0.075405
1.595974
0.668588
0.155335
0.864355
0.339828
1.518291
1.369853
1.292114
1.705472
0.753692
0.785167
0.279570
0.293352
1.065332
0.388687
1.893971
0.243271
1.901975
0.800206
0.205299
0.718867
0.219219
0.944107
0.946921
0.993784
0.402666
1.520381
1.214296
1.703240
0.693346
0.917922
0.243000
0.988361
1.878013
0.629144
0.797877
1.495562
1.564092
1.802176
1.890931
1.104948
1.617657
0.421057
1.892234
1.893334
0.218050
0.735016
1.318433
1.060716
0.396488
0.933144
1.553217
0.411346
1.891833
1.321518
1.509611
0.544838
0.166100
0.311845
1.377696
1.072565
0.180712
1.614754
0.099663
0.739540
1.886190
0.935393
0.327076
0.152141
0.676136
1.893647
0.386924
0.953366
0.139568
0.262436
0.148486
0.297416
0.598283
0.664939
1.154133
1.891621
0.903213
1.218839
1.888074
0.619823
1.183964
0.079900
0.520147
0.339317
1.269736
0.651417
0.937386
1.148892
1.797883
1.902460
1.897019
1.902331
1.416668
1.350583
0.252578
1.377947
0.481112
0.510758
1.100516
1.550904
1.271367
1.860712
0.704019
0.416221
1.340032
1.317126
0.936021
1.132637
0.689187
1.719651
1.380278
0.942161
1.348978
1.375042
0.206320
1.889246
0.541060
0.243465
1.393203
0.145662
0.092252
0.966628
1.892914
1.900786
0.328837
0.420281
1.709348
0.145970
0.645838
1.732831
0.379969
0.078053
1.893185
1.830313
0.136914
0.515855
1.622893
0.173994
0.189633
1.848478
1.629568
0.874443
0.294786
0.886639
1.241500
0.761640
0.575074
0.142229
1.625822
1.893633
1.902413
1.637189
0.098903
0.147451
0.708323
0.758923
0.280542
1.604825
0.897663
1.897624
1.422916
1.784378
1.334180
0.929536
1.723717
1.550546
0.345607
1.810269
1.077495
1.893260
1.740414
0.882001
0.730020
0.151298
0.972579
0.127940
1.105128
0.221298
1.715591
1.089039
1.081990
0.729216
0.349578
0.708159
0.327060
1.449951
0.491400
0.663559
0.214859
0.621730
1.269309
1.711695
1.897732
0.986281
0.334970
0.153546
1.130227
1.047324
0.075511
0.702758
1.571555
1.153731
0.941270
0.992351
0.324446
0.519734
0.770317
1.571658
0.749402
0.938598
1.901886
0.270655
0.607673
1.599628
1.735875
0.966956
1.712943
1.808932
1.625847
0.772627
0.926793
0.437301
0.066650
1.356810
1.719023
1.391651
1.882947
0.172776
1.376312
1.893837
1.360584
1.902284
0.631809
1.133592
0.802240
0.104508
1.707023
1.286444
0.818977
1.834186
0.202867
1.068091
1.425043
0.559180
0.372924
1.830545
1.703050
0.620264
0.465635
0.954760
0.272442
0.393489
1.089457
1.396613
1.067803
1.893007
0.062736
0.068521
0.857927
0.936743
1.628172
0.525653
0.535657
0.181865
0.537213
0.951477
1.210289
0.157200
0.466215
1.214439
1.706936
1.596683
0.228641
0.406139
0.117885
1.571359
1.099425
0.179294
1.214666
1.283108
0.544787
0.193539
1.901049
1.399477
0.978953
1.048873
1.294899
0.068884
0.132469
1.135353
1.002508
0.205984
0.648939
1.603625
1.902449
0.541415
0.146647
0.981292
1.414571
0.147276
0.064493
1.258843
1.092135
1.387336
1.137341
1.396449
1.394917
0.126907
1.440602
0.205138
1.076639
1.449564
1.892737
0.298729
0.517991
0.698950
0.408934
0.939186
1.440014
0.396550
1.347498
1.902356
0.889274
1.393398
0.947576
1.077998
0.615017
0.417950
1.082650
1.556388
1.137406
0.166938
1.902290
0.138400
0.137951
0.527841
0.737969
1.558491
0.673115
1.883797
0.520972
1.594606
1.448127
1.279700
0.525201
1.326349
1.295455
1.895271
1.392154
0.742859
1.599845
1.627552
1.503881
0.687224
0.788974
1.720587
0.637466
1.731439
0.520805
1.100925
1.707569
1.829759
1.871433
1.896503
0.589612
1.858576
1.728785
1.892901
0.490457
0.743938
0.445232
0.423574
1.119217
1.873939
1.885926
0.393881
0.190798
0.412332
1.131840
0.994209
0.388790
1.625800
0.149018
0.081820
0.307267
1.794443
1.093068
1.616135
0.158547
1.130804
0.206722
0.727079
1.794769
0.539993
1.105977
1.139971
0.495634
0.067124
0.153500
0.941784
0.404023
1.126154
0.380268
1.899994
1.596893
0.617760
0.559905
1.073406
1.303715
0.889753
1.052728
0.284745
1.886233
1.572930
0.751543
1.704651
1.317109
1.058152
1.891301
0.900771
0.845157
1.375596
0.558022
0.618890
0.371112
0.155986
1.893008
1.902403
1.735062
0.641753
1.110664
1.902435
0.633913
1.275400
1.895135
1.741919
0.910989
0.390804
0.921625
1.608239
1.003294
1.748868
1.629692
1.901957
0.483854
1.623713
0.247837
1.706908
0.340594
1.072270
1.219905
0.720676
0.164863
1.396920
0.503097
1.826001
0.967133
0.668167
0.580551
1.070521
0.124066
1.878954
0.423565
0.847178
0.755913
1.275203
0.953892
0.675905
0.289638
1.901798
0.221173
1.735490
0.741026
0.259158
1.724140
1.526810
1.117580
0.382431
0.186144
1.902405
1.132288
0.723484
0.444246
1.374675
1.892435
0.142733
1.393046
0.935649
0.824160
0.381640
0.286676
1.875667
1.607081
1.134604
1.499159
0.828311
1.882653
0.524861
0.074434
1.901888
1.902490
1.902494
1.279032
0.965844
1.901460
1.883551
1.884825
1.108516
0.103700
0.189140
0.696393
1.270004
1.893569
1.832159
1.891390
0.069189
1.045849
0.273163
1.902355
0.895187
0.927200
1.876091
1.278669
1.295987
1.628278
0.272411
0.188316
1.563488
0.194203
0.992600
1.039246
0.065448
1.085348
1.871484
0.394760
1.812539
1.829654
0.104872
1.135185
0.254061
1.115305
0.094878
1.887229
0.947022
0.657610
0.394292
1.901868
0.624905
0.112856
0.824050
0.588305
1.487028
1.296297
1.388755
0.513507
1.424804
0.064065
0.429724
0.183699
1.888098
0.812050
0.334681
0.347772
0.704046
0.858927
1.863005
0.837467
1.892176
1.101081
0.245761
1.215195
0.943203
0.252518
1.073248
0.251929
1.702977
1.548831
1.621725
1.902495
0.837393
0.156054
0.397133
0.395842
0.767035
1.901832
1.062917
1.086497
0.509625
0.936013
1.305502
0.599158
1.319081
0.965612
0.666401
0.529905
0.155960
1.379119
1.640962
1.901196
0.887740
1.372655
1.888270
0.936562
0.804465
1.637860
0.157776
0.496546
1.312621
1.813986
1.627410
1.826794
1.899913
0.960466
1.827065
0.068398
1.853480
1.737824
0.597031
1.285161
1.627167
0.088428
0.939919
0.223440
1.092882
0.253188
0.757187
1.571483
0.918998
0.252304
1.890706
0.246716
0.948314
0.140348
0.609162
1.273192
0.153219
1.504687
0.829805
0.824257
1.743918
1.083726
0.671102
1.314711
0.427812
1.719013
0.234788
1.478816
1.554583
0.932833
0.065592
0.175601
0.626280
1.757374
1.892547
1.847879
1.902420
1.901953
1.165875
0.432551
0.844446
0.453349
1.402365
1.379292
1.134602
1.766690
0.245694
1.327723
1.896348
0.418911
0.089713
0.390322
0.947137
1.377644
0.074924
0.178785
0.075366
1.706473
0.290100
0.521335
0.385743
0.751180
1.832483
1.528826
1.900589
1.270242
1.612043
0.678017
1.805599
0.564507
1.583473
0.180480
1.013128
0.219262
0.186175
1.825904
0.275650
0.538136
1.902046
1.739328
1.354235
0.066875
0.612002
1.335486
0.309789
1.901826
1.890904
1.605505
1.565917
0.449886
0.701383
1.810267
0.564340
1.099663
0.958813
0.181984
1.135240
0.265550
0.338675
0.374524
1.599795
0.215006
1.133970
0.309106
1.893601
0.379491
0.154815
0.693069
0.107019
0.685690
1.902092
0.861659
0.692632
1.603698
1.893934
1.893228
0.146218
1.092725
1.719049
1.135352
1.889658
1.738586
0.331728
0.542292
1.135610
0.221931
0.538398
0.223573
1.083921
0.182812
1.030889
0.715475
1.026932
0.546628
1.893720
1.170357
0.164661
0.538070
0.150882
0.810805
1.713681
0.615788
0.067553
0.142021
0.186689
0.721926
1.338496
1.096475
1.739869
1.892495
1.505850
0.641700
0.161686
1.533553
0.899371
0.192867
0.900564
0.684087
0.421879
1.296240
0.071678
0.073815
1.850348
0.155284
1.358395
0.562960
0.415474
1.902473
0.966133
0.137421
1.320120
0.660276
1.074056
1.740993
0.316188
0.370081
1.588544
0.936451
0.978353
0.550007
1.861744
0.955265
0.161606
1.092790
0.704727
0.117087
1.892841
1.134630
1.616504
0.580326
0.897692
1.597957
0.934980
0.892043
0.069987
0.341225
0.767334
1.782941
0.555922
1.901787
1.117671
1.359054
1.893892
1.381815
1.132760
0.939356
1.345919
0.906183
1.745735
0.805016
1.353928
0.066581
0.065346
0.230364
1.324903
1.836267
1.771781
1.374832
0.533206
1.504697
1.725394
1.134066
0.677080
1.619867
1.099381
0.125651
1.901870
1.061321
1.392121
1.013895
1.893283
1.184750
0.217615
1.290486
0.640153
0.339508
1.066038
1.122717
1.090970
0.077238
0.229345
1.595133
0.412665
0.459631
0.118989
1.723418
1.902474
1.404192
0.084888
1.451048
1.262251
0.331908
0.880350
1.899981
0.887852
1.510404
1.892952
0.560079
1.555619
0.731259
0.943440
1.866525
0.442108
0.995702
1.508924
1.780159
1.394079
1.837288
0.497061
0.970498
1.263923
1.411116
0.932402
0.164580
0.988768
0.661835
1.880364
1.252753
0.495687
0.252460
1.556830
1.301169
1.057545
0.128335
1.870540
0.540480
1.188350
1.880694
1.611919
0.308006
0.596391
0.991858
1.521923
1.390820
0.329285
1.902079
0.160562
1.728466
1.253340
0.514285
0.660740
0.329269
1.706588
0.293854
1.652932
1.893656
1.241356
0.106667
0.276363
1.858503
0.900546
1.595522
0.086133
0.325390
0.539931
0.959049
0.895701
1.827963
0.999108
0.759804
1.331551
0.087010
1.204252
0.193011
1.901794
1.367711
0.750414
1.363464
1.125993
1.135540
1.890422
1.834937
0.978543
0.590936
1.508882
0.403928
0.991839
1.611045
0.068009
1.572984
0.447326
1.897916
1.134297
1.249126
1.895890
1.308351
1.383250
1.842418
0.385571
0.381527
0.132141
0.563955
0.422185
0.894496
0.497136
0.663226
1.530396
0.138549
1.384807
0.431931
1.287414
1.892256
0.080758
1.508113
0.972245
1.226701
1.891137
1.628345
0.468913
1.902187
1.321173
0.151885
1.267071
0.340476
0.658254
0.462575
0.888185
0.148893
0.860048
0.548680
0.929581
0.381358
0.760369
0.824477
0.809935
0.308322
0.957637
0.528018
0.334280
0.501229
0.379700
1.816575
1.100266
0.893290
1.718458
0.896194
0.702962
1.902458
0.575968
1.348393
1.376368
0.952048
0.179595
0.147841
0.068678
0.077248
0.758349
0.952487
1.503762
1.814269
0.653017
0.665130
0.451924
1.388336
0.767510
0.351305
0.998372
1.178362
0.543645
1.902487
1.381061
1.098717
1.245018
0.109105
0.584870
0.570314
0.435855
0.975175
0.400160
0.724306
0.401088
1.763744
0.271810
0.495930
1.699210
1.334691
1.853388
1.075838
1.072649
0.699743
0.888719
1.853662
0.491556
1.429562
1.351645
0.887370
0.071612
0.075072
0.831944
0.278497
1.067220
0.161785
0.147424
1.488192
1.290998
1.139575
1.598328
0.568038
1.770450
0.389469
0.481823
1.893130
0.602868
0.254801
1.356716
0.932851
1.892912
1.902395
0.383061
1.624341
1.137339
1.864722
0.141708
0.875523
0.577264
0.154489
0.527561
1.234833
1.026757
1.070332
1.892577
0.655420
0.084486
0.124138
0.285449
0.547393
1.884389
0.473001
1.072260
1.900543
0.859336
0.107405
0.764298
1.893027
0.171965
1.386825
1.263728
0.542612
0.595734
1.364990
0.149948
0.655543
0.388845
0.104669
0.169420
0.541079
0.772793
0.076088
0.448853
1.870183
1.900627
1.244928
0.479857
1.893747
0.462532
0.516713
1.902461
0.457618
0.205476
0.360852
1.721030
1.343126
0.775365
1.596410
0.426034
0.986862
0.466521
0.557695
1.602655
0.713206
1.860863
0.281380
0.523029
0.426337
1.506418
0.615821
0.255141
0.140696
1.415729
0.854084
0.251238
0.224163
0.132079
0.761692
1.099148
1.069112
0.317718
0.156596
0.450005
0.065930
0.589702
1.713535
1.335557
1.070650
0.127946
0.101673
0.395337
0.264268
1.092262
1.769159
0.072753
0.395563
1.287571
1.069424
1.394920
1.597580
1.729870
1.855186
0.676322
1.626923
0.538349
1.479674
1.893116
0.934198
0.633768
1.363334
1.605074
0.415350
0.439394
1.890833
0.687111
1.435090
1.382848
0.747846
0.679505
0.644543
0.221857
0.069842
0.384216
0.105512
0.482042
0.280818
1.902259
0.148205
0.360923
1.421318
1.501619
0.250870
1.034856
0.234651
1.057373
0.468868
1.401509
1.628785
1.374890
0.890435
1.870778
0.800074
1.629647
0.767776
1.135830
0.384883
0.377923
0.124097
0.824474
0.760960
0.274856
0.277608
0.794352
1.307043
1.873662
0.639503
0.992523
0.834939
0.150688
1.793760
0.445017
0.631396
1.062986
0.629894
0.982642
1.540675
1.096648
1.166672
0.182938
0.513182
1.899774
1.164656
1.160314
1.871483
1.856134
1.584392
0.895538
1.902297
1.594641
0.291491
1.776952
0.802559
1.752714
0.136140
0.815974
1.099001
0.276476
0.822669
1.902500
0.390088
0.663520
0.893375
0.169584
1.392135
0.336482
0.216509
1.388459
0.071910
1.876524
1.096813
1.873173
1.829667
0.970833
1.511137
0.412397
0.961322
0.610070
1.902510
0.562911
1.457638
0.445873
1.511358
0.831409
1.276176
0.170333
1.291615
1.902469
0.168359
0.581453
0.484450
0.501594
1.595107
1.049399
0.161255
0.212181
1.893826
1.394963
0.468499
0.393110
0.580331
1.902394
0.973707
0.946588
1.893790
1.255464
0.530616
1.608058
0.108975
1.224863
1.902441
0.801128
1.315088
0.746224
0.207951
1.807584
1.803005
1.081955
1.445209
1.893468
1.797701
1.530632
1.739366
0.888128
1.743365
0.945829
1.383580
1.893610
1.519205
0.398299
1.352711
0.115394
1.362350
1.837872
0.353503
0.424006
1.591245
0.528620
0.489801
0.766729
1.794456
1.902404
1.522839
0.241414
0.477696
0.512630
0.846407
1.730467
0.808717
1.504696
0.411592
0.435954
0.611267
0.839329
1.258526
0.558348
1.893455
0.967385
0.675386
1.129238
0.253202
1.341580
1.707654
1.629452
1.139346
0.638559
1.326978
0.062958
1.077919
1.167078
1.382517
1.695019
0.626200
1.801993
0.952838
0.934707
1.277224
0.528068
0.941230
1.887910
1.835924
0.453528
0.447313
0.699226
1.814626
0.736884
0.570585
0.937462
1.095310
1.720427
1.090763
1.008052
1.065853
0.202546
0.938961
1.158206
1.324316
0.108369
1.795908
1.265775
1.594302
0.264205
0.615083
1.311792
1.887017
1.426677
0.541484
1.562074
0.221256
1.173403
0.462633
1.063916
0.857138
1.548655
1.074758
0.265407
1.902438
1.729070
1.901524
0.114607
1.089447
1.099969
0.298443
0.329613
0.258988
0.373402
1.902060
0.177142
1.277796
0.094837
0.363086
1.561232
0.850879
0.544319
1.705160
1.100254
1.829172
1.796106
0.202999
1.772433
1.099803
1.105683
0.064186
1.168216
0.767820
0.371539
1.081944
0.535741
1.891492
0.210644
1.004502
0.915416
0.153487
0.142154
1.093336
0.782873
1.875251
0.152463
1.098222
0.144941
0.630007
0.938525
1.063583
0.575006
1.873948
0.265242
0.949208
0.143031
1.522243
0.429068
1.695509
1.263473
1.071322
1.105281
1.902346
1.153044
1.386880
0.696324
1.893384
0.108650
0.783420
0.499070
0.999656
0.504532
0.397983
0.266627
1.245173
1.891861
1.489994
0.335811
1.800032
0.447802
1.319769
0.376660
1.391142
0.394987
1.703298
1.622365
1.067174
0.677246
1.095954
0.151021
0.144171
1.386789
0.067521
0.360801
1.902212
1.901971
0.189967
0.949342
1.065818
1.323612
1.374554
0.480698
0.155582
1.614649
0.747644
0.063916
0.327382
0.569239
0.173354
0.157840
0.121251
0.233281
0.514643
0.267881
0.398556
1.755116
1.330634
1.098151
0.921164
1.893661
1.263310
1.890402
0.142361
0.078797
0.640991
0.158340
0.782553
1.592860
1.592484
1.709672
0.487147
0.587724
0.956668
0.396676
1.128084
0.567063
0.936738
0.641384
0.305232
1.813661
1.816818
0.240624
0.949171
1.901944
0.391206
0.624263
1.634241
0.512230
1.043104
1.573728
0.670731
0.399752
0.173986
1.432584
0.737914
1.854450
1.893030
0.437661
1.133767
0.976665
0.065584
1.890554
1.555811
1.075237
1.873350
1.593948
1.900402
0.332027
1.631546
0.261193
1.851429
0.073172
1.624718
0.232523
0.922530
1.313534
1.341501
0.586139
0.418459
1.902421
0.308434
0.854577
0.972272
0.178365
1.902558
1.086645
1.893345
1.406517
0.335253
0.341989
1.899837
1.434811
0.411841
1.029120
0.591877
1.532466
1.648267
1.893645
0.592079
0.176425
1.094709
1.189022
0.311326
1.554139
0.180321
1.902440
1.577754
1.902509
1.901887
1.186230
0.958789
1.067163
0.729201
1.055238
0.137286
0.268289
0.453452
1.296814
0.247032
0.694896
0.928831
1.389920
1.137549
0.623573
1.719211
1.901849
0.232547
0.562650
0.943254
0.330491
1.416065
1.587602
1.806214
1.277888
0.954675
1.059273
1.484094
1.608683
1.039649
0.737082
1.830645
1.311482
1.901531
0.905464
0.779139
0.613009
0.322035
1.257909
0.710449
0.446109
1.411013
0.218867
0.786939
1.902419
0.651019
1.357532
0.375840
1.892144
1.742291
0.432641
1.866064
0.292290
0.428465
0.302212
0.333481
1.028407
0.829432
0.484038
0.534188
0.789780
0.206142
0.589392
1.595871
0.892299
0.943780
1.623786
0.068031
1.482652
1.893548
1.083762
1.806834
0.981258
1.740700
0.713937
0.075041
1.766362
0.644536
1.254943
1.891629
1.902398
1.901878
1.758955
1.886097
1.888607
0.682112
1.097440
0.891982
0.876868
1.885966
1.498276
0.669159
1.560866
0.411718
1.054610
0.570613
1.604888
0.886633
0.763435
0.530962
0.793916
1.879254
1.376375
1.380855
0.969032
0.946459
0.824915
1.891350
1.096613
1.391015
0.533319
0.155166
1.167367
1.073724
0.192940
1.099360
1.092332
1.072525
1.590804
1.442467
0.188063
1.902482
1.326613
1.313023
1.430301
1.626750
1.032027
0.176357
1.893553
1.605032
0.941830
0.967628
1.742164
1.703464
0.988191
0.073696
0.422928
0.155924
1.595860
1.015086
1.497483
1.268530
1.739381
1.315645
0.684098
1.567132
0.169680
0.523755
1.884073
1.391041
1.902341
0.760337
0.667149
0.385170
0.635463
0.326941
0.508523
1.539873
1.884446
1.117719
1.369801
0.064304
1.844764
1.891433
1.902235
0.889962
1.323261
1.606306
1.376572
0.434945
1.309808
0.129825
1.622794
1.072327
0.561514
0.875638
0.394427
1.395328
1.348246
1.893703
1.338244
1.408970
0.717404
1.811561
1.258526
0.199725
1.893482
1.728951
0.952236
0.652560
0.720177
0.442283
1.092229
1.627602
0.203929
1.148710
0.899465
1.740353
0.932627
0.484314
1.843840
1.129973
1.902001
0.843828
0.417053
1.102929
1.101309
1.891720
0.890296
0.156295
0.850392
0.689405
0.902100
0.484143
0.919993
1.901466
1.362849
1.419208
1.042741
0.418762
0.149887
1.170335
0.484452
0.520937
0.083572
0.484478
0.639845
1.101416
0.607020
1.624546
1.134849
1.149497
0.230586
1.139753
0.604167
1.621274
1.372648
1.893506
0.965166
0.650803
0.621030
1.290858
1.293875
1.592661
0.430816
1.349329
1.626809
1.893243
1.902390
1.567001
0.076940
0.896927
1.712116
0.456711
1.806456
1.362936
1.419401
1.725707
1.553843
1.901796
0.109861
0.922112
0.863822
1.316874
0.228997
1.315257
0.720947
1.822933
1.901810
1.620495
1.002675
1.902456
1.537927
1.100999
1.556051
0.669903
1.892211
1.368819
0.074077
0.896453
1.289791
0.554664
1.099750
0.552262
0.542746
1.157328
1.101483
0.250323
0.456494
1.891118
1.044037
1.735913
1.081284
0.417721
1.797445
0.084448
1.839269
1.887910
0.733125
1.073803
0.861905
1.601278
0.414878
0.066338
1.317328
1.076323
0.512385
1.428796
0.655551
1.138849
1.203869
0.138735
0.795087
0.570701
1.811317
1.902326
1.257541
0.789745
1.396883
0.722348
0.310756
0.974005
1.902402
1.728618
0.240829
1.897182
0.110834
0.975023
1.097267
1.641849
0.459459
1.377930
1.285742
0.894692
1.374647
1.595527
0.880663
1.665354
1.729337
0.961012
0.444438
1.414397
1.017395
1.102735
0.276647
1.142274
1.355578
0.535151
0.541430
1.595117
1.854346
0.232549
1.086299
0.852202
1.888360
1.331370
1.286448
1.099173
0.126929
1.625580
0.969229
0.680185
0.315351
0.680817
0.789109
1.869978
0.894214
1.900721
0.277840
1.142329
1.762125
0.066320
0.345639
1.584400
0.152125
1.250158
0.659725
0.494645
0.458228
1.564997
0.780931
0.889804
1.232287
1.626632
0.546697
1.310165
1.711451
0.408135
0.398995
1.133561
1.902159
0.533846
1.891531
1.790858
1.505968
0.237127
0.538991
1.588689
1.313861
0.476844
1.820523
0.403235
0.703722
1.705724
1.888626
1.105367
0.249065
0.956583
0.217122
0.144770
1.739990
0.099406
0.154557
1.796792
1.792185
1.627652
0.136127
0.167767
0.956984
0.538828
0.597062
0.216995
1.467034
0.891733
0.066020
1.058638
1.893378
1.893476
1.833358
1.901801
0.508897
0.850797
1.806636
1.183591
0.939700
1.795308
0.200592
1.741331
0.453526
1.231298
0.312685
1.286242
1.902470
0.629466
1.721496
1.304446
1.626353
1.902257
1.902485
1.198826
1.893545
1.870258
1.251693
1.392513
1.626135
0.086265
0.436982
1.064242
1.814480
1.744804
0.709427
1.439790
0.171864
1.134786
0.852059
0.598103
1.793917
1.369339
1.772188
1.613153
1.099017
0.153947
1.872832
1.894566
0.569181
0.235296
0.831876
0.970518
1.900332
1.744511
1.078069
1.267112
1.902041
1.090171
1.617045
1.739614
1.902136
0.993776
0.214935
1.367594
0.652332
1.880762
1.463192
1.330830
1.449188
1.607475
0.421500
1.099294
1.099348
0.152217
1.902333
1.864742
1.902336
1.852239
0.931036
1.902442
0.685020
0.525537
0.152300
1.313380
1.595438
1.750536
1.327237
1.363338
0.241210
1.901782
0.463612
1.083600
0.611025
1.741000
0.755891
0.257408
0.140970
0.132328
1.290701
0.853879
0.898451
1.401799
0.546729
1.139064
1.342715
1.008529
0.234488
0.986589
0.508240
1.825772
1.882602
1.790474
0.639588
1.596095
0.404951
0.269136
0.539149
0.835100
1.803698
0.117550
0.993049
0.141632
0.522942
1.128418
0.696048
1.473485
1.066279
1.307881
1.280661
1.146998
1.627013
0.683396
0.202156
1.709839
0.435188
1.126747
0.319970
0.841124
0.792580
1.804166
1.072513
0.384768
1.893485
0.481810
0.505967
1.879531
1.509931
1.703908
1.265114
1.103919
0.340705
0.266856
1.312938
0.727847
0.395408
0.155528
1.580998
1.823394
0.981750
0.755637
0.402829
1.112680
0.075280
1.310311
1.703032
1.334499
0.702714
0.586989
1.851454
0.720157
1.893610
0.432992
0.720781
0.808447
1.120398
0.769302
0.577022
1.411987
0.969003
1.902284
1.476307
1.178085
0.561639
1.871963
0.070681
0.394114
1.293761
1.898990
0.359471
1.297396
1.157775
0.317774
1.505538
1.320764
0.312253
0.646578
1.890577
1.301976
1.745993
0.780844
0.163337
0.957265
0.382327
0.723966
0.153492
0.564577
0.889284
1.894239
0.132008
1.048139
1.379431
0.898708
0.586635
1.232788
1.497348
1.536139
1.799410
0.261608
1.573823
0.910289
1.634378
0.521060
0.140302
0.819117
1.346704
1.128413
1.594094
1.373786
1.399832
1.625798
1.576161
0.182344
0.890633
0.937506
1.895113
0.747212
1.087830
0.364410
1.343493
1.388235
1.426593
1.123343
0.282143
0.524152
0.894788
0.630745
0.550323
1.310721
1.299342
0.075640
1.877983
1.253503
0.398909
0.883707
0.513704
0.386209
0.165228
0.488807
1.626811
0.789263
1.336753
1.882197
0.157754
0.091776
1.373939
1.291506
0.614477
1.360842
0.402299
0.393136
1.486084
1.901138
0.090956
1.376374
0.609898
1.315713
0.771368
1.899886
1.247295
0.509916
0.982487
0.313793
1.311762
0.533960
1.214864
1.599474
1.391273
1.901346
1.596259
0.241812
1.601428
0.557729
0.064325
1.893794
0.188763
0.354463
1.532094
0.225611
1.896388
1.868072
1.051890
0.249665
1.880781
0.160781
1.287858
0.161652
0.510827
1.318268
0.637262
1.893010
1.757314
1.473456
1.144026
0.168070
1.134756
0.197102
1.624851
1.171972
0.597977
1.902208
1.386161
1.508324
0.222687
1.135324
0.344965
1.047317
1.093875
1.391459
1.891479
0.763464
1.871472
1.282647
0.594315
0.900671
0.434508
1.902408
0.714975
0.070487
1.859789
1.010515
0.717286
0.688275
0.167227
1.213150
0.713971
1.358209
1.376826
0.218696
1.601098
1.042849
0.654594
0.147734
1.895944
1.326344
1.625289
0.412902
0.322518
0.170240
1.841728
1.627016
0.664521
1.893767
0.413981
0.166892
0.080964
0.092397
0.725699
1.638975
0.433702
0.151355
0.607708
0.552269
0.164706
1.842163
0.653653
0.340935
1.621589
1.595031
1.135186
1.325338
1.888982
1.829102
1.102561
1.521482
1.319364
1.531266
0.772099
1.557510
1.098699
