0.780614
0.741691
1.511527
0.204171
0.538490
1.640146
0.274334
1.521417
1.062362
0.677369
0.327835
1.794497
1.269269
0.170074
0.973196
1.009158
1.824782
0.319468
1.196164
1.593860
1.531937
1.220283
1.833357
0.824423
0.692805
1.246890
0.210693
1.333220
1.521024
1.225894
0.958075
1.233625
1.126330
0.665646
1.180689
1.024467
1.519916
1.549762
0.308483
0.775880
1.604617
0.570816
1.043055
1.344463
0.955181
0.521481
0.164684
1.216442
0.264560
1.458561
0.711103
1.677804
1.265274
1.101591
0.810374
0.652991
0.141355
0.222101
1.232990
0.925088
1.761021
0.417029
0.495091
0.513977
1.498627
0.186950
0.281283
0.625924
1.233113
0.185386
0.231246
1.767561
1.473625
0.132440
0.146482
0.546836
1.045223
1.234585
0.486685
1.594343
0.671443
1.148108
0.612590
1.636309
0.203810
1.085504
1.230888
1.779529
1.236170
0.137311
1.233345
0.473900
1.050518
1.594231
0.229032
0.133160
1.496172
0.979988
0.251338
0.445201
1.217398
0.731065
1.234848
0.363333
1.833610
0.625507
1.782630
1.522393
1.425669
1.240816
1.232442
0.541909
0.184740
1.695883
0.655679
1.223787
1.239415
1.253814
0.298397
1.825091
0.629411
1.244686
1.659227
0.716670
1.038778
1.196142
0.153827
0.712155
0.294494
0.180127
1.523091
1.229226
0.726604
1.260966
1.618279
1.235010
1.271623
0.604108
0.724496
1.229439
0.834804
0.523383
0.160815
1.112292
1.225207
0.935456
1.241670
0.231991
1.801465
0.367674
1.244834
0.562892
0.933317
1.832237
0.464514
0.981953
0.664833
1.646118
0.401516
0.127994
1.564542
0.305250
1.832415
1.464164
1.758095
0.132112
1.660965
1.814679
1.285375
0.535639
0.692056
1.168513
1.282445
0.614531
0.167720
0.945959
0.199492
1.826966
1.357380
1.553883
1.628776
1.726816
1.329090
1.234944
1.563301
0.833871
0.592226
1.244773
1.239798
0.690283
1.451045
0.692344
1.142397
1.231195
1.832098
1.786818
1.228716
1.673362
0.136113
1.825798
0.151484
1.799432
0.517873
1.233999
0.233535
0.246793
1.189548
1.214824
1.235087
0.630169
0.508896
1.632988
1.829820
0.507782
1.070645
1.026814
0.412799
0.173877
0.640333
0.710528
1.561393
0.807913
1.431551
0.739749
1.371763
0.385719
0.245012
1.522828
1.658852
1.586240
0.255639
1.667954
0.563347
0.550076
1.188069
0.480059
1.096100
0.250015
0.625745
0.222401
1.517193
1.579747
1.037284
1.586022
1.219899
1.229375
0.205047
0.741374
0.767450
0.356398
1.830685
0.383108
1.237152
0.799336
0.444467
0.672238
1.009551
1.416916
0.537576
1.240807
0.147449
0.651302
1.220897
1.233930
1.206893
0.721534
1.236096
1.031396
1.678991
1.542695
1.541390
1.231742
0.778279
1.517897
0.147943
0.862849
0.520995
1.227858
0.413419
1.233274
0.339773
0.296093
0.599752
1.646008
1.439910
1.575977
0.172864
0.960878
0.721822
1.014136
1.524807
1.345885
0.514277
0.199577
0.614464
0.832001
0.877484
0.740208
1.519396
0.613917
1.354831
1.227642
1.679591
1.519162
0.127349
0.654454
0.864612
0.240389
1.477856
0.916192
1.229699
1.243288
0.225607
1.328228
1.541046
1.632440
0.372046
0.867329
1.041440
0.587962
0.131446
1.684531
0.159777
0.173509
0.802288
0.444938
1.521458
0.550052
1.519754
0.212168
1.829476
1.558202
0.288155
1.232818
1.015885
1.825768
0.642801
1.635457
0.632332
1.208421
0.650264
0.625413
1.598852
1.624281
0.610546
0.328275
1.179498
1.681427
0.397096
0.926429
0.629272
1.001195
0.127908
0.560593
0.774882
1.230371
1.546370
1.826289
0.914520
0.703867
0.414364
0.854013
0.127754
1.174050
0.146401
1.829334
1.031316
0.250213
0.176022
0.281016
1.777842
0.925551
0.276031
0.234298
1.515106
0.647655
0.745880
1.521927
1.508724
0.127795
1.099059
0.686205
1.763993
1.229713
0.135986
1.589584
1.831610
1.482394
0.340598
1.001923
0.547630
0.476400
0.357483
1.237302
1.516941
1.596749
0.507301
1.241024
0.543008
1.327935
0.575858
1.237635
1.232970
1.225029
1.235792
1.172678
1.547486
0.865636
1.291232
0.705992
0.230213
1.834514
1.833493
0.473629
0.313027
0.958795
1.650090
0.193168
0.141083
1.518379
1.608896
1.400333
1.222149
1.074098
1.226275
0.565386
1.833864
0.585511
1.317444
0.505409
1.232512
1.222060
0.812923
1.232423
0.438095
1.536316
0.177794
0.871858
0.818440
0.772349
1.241605
1.518464
0.149797
1.234115
1.543828
0.377694
0.163454
0.775721
0.580125
0.753523
1.674902
1.716216
0.549601
1.591632
1.382614
0.173176
0.174022
1.568198
1.251804
1.521443
1.232537
1.832125
0.168246
0.242149
0.192126
0.668720
1.018400
1.058597
1.284695
1.553520
1.193812
0.153270
0.202685
0.921187
0.648995
1.550134
1.537073
0.347941
1.234079
1.460923
1.551301
0.607551
0.512945
0.140472
0.672944
0.960640
0.474533
1.217278
1.593054
1.643494
1.627751
1.194231
0.961272
1.281918
0.949129
0.343715
0.795975
0.745568
1.230320
0.323686
1.514299
1.004556
0.788600
1.699483
0.665962
1.520288
0.723950
0.544554
1.519202
0.940948
0.649581
1.232492
1.817163
1.521836
1.830887
1.003742
1.634796
1.067940
0.344405
0.652019
0.894496
0.982919
1.234051
0.876490
1.831885
1.828616
0.252224
1.579747
1.351727
1.705630
0.511353
1.831943
0.245110
1.234192
0.512446
0.147811
0.677777
1.602094
0.293784
1.234306
1.228595
1.234125
0.989100
0.843100
0.933150
1.826771
1.233062
0.310437
0.909042
0.160666
1.602902
1.222604
0.948622
1.233824
1.246177
1.221452
0.529099
0.647595
0.822511
0.909053
0.692756
0.982542
0.403037
0.127260
1.303675
1.228535
1.582170
0.795247
1.831356
1.129462
1.298875
0.127204
0.245620
1.324256
1.234228
1.233437
1.534154
1.530125
1.688980
1.517313
1.729895
1.524007
1.217196
0.481332
1.834140
1.576957
0.656232
1.831759
0.132730
1.825274
1.553249
0.381498
1.721666
0.805300
1.227550
1.835000
0.677350
0.327451
1.234669
0.569387
1.827436
0.171103
0.448962
1.227841
0.266664
0.184592
0.325636
1.045989
1.774973
0.969507
0.140197
0.490120
1.216682
1.706221
0.127495
0.592346
0.954521
0.627741
0.128106
0.289364
1.798055
1.528865
0.252535
0.925288
1.457118
0.387300
1.518662
1.272653
1.140373
0.632256
0.502379
0.517718
1.174737
1.365272
1.028474
0.148925
0.157018
1.232832
1.241275
1.642397
0.433411
1.619585
1.011268
0.771276
1.340787
0.153804
0.991824
0.510782
0.518659
0.226221
0.476457
1.235335
1.833699
0.279788
1.517237
0.632786
0.971675
0.237506
1.755126
0.664810
1.771509
0.735133
1.805247
1.473116
1.226519
1.251244
1.825061
0.217768
0.385166
0.146065
0.171379
0.461688
0.640282
0.854599
1.645372
0.139420
1.228490
0.515406
0.128911
1.744943
0.666536
1.789107
0.561390
1.231424
0.127690
1.520191
0.140426
1.832405
0.750022
1.747338
1.475148
1.667849
1.510668
1.195746
1.504701
1.233431
1.804332
0.772168
1.821015
1.275720
0.826764
1.516487
0.199374
0.332785
1.226713
1.581557
0.135530
1.235062
1.506725
0.575139
1.829904
1.060371
1.745684
0.237123
1.236765
1.232948
0.507840
0.738182
0.996694
1.832300
0.177749
1.755058
1.173126
1.599586
1.516203
0.961706
1.536162
1.237626
0.239862
1.833816
1.311780
1.802991
1.353460
0.200019
1.721915
1.120950
1.289914
1.818381
0.502469
1.234264
0.943503
1.499010
0.220854
1.566340
1.231776
1.411903
0.211906
1.824661
0.486228
1.262651
1.043431
0.527516
0.629599
0.839674
1.500810
1.232898
1.015348
1.518390
0.581079
0.412521
0.433381
0.602630
1.242046
0.544047
0.418429
1.461547
1.516872
1.252320
0.351193
0.344679
1.238627
0.562194
0.926751
1.795167
0.155654
0.419012
1.833263
0.550234
1.234697
1.826810
1.835018
0.293839
1.830161
1.231837
0.142696
1.006688
0.506757
1.467964
1.238712
0.179363
0.836617
0.233585
0.418264
1.301665
0.177189
1.238325
1.128715
1.827683
0.972320
0.203152
0.361068
0.577297
0.710670
0.920625
0.128112
0.151116
1.466891
0.224306
0.297987
1.522808
1.519407
0.549916
0.373736
0.562083
1.232882
1.506707
0.769161
0.424221
1.382897
0.326005
1.434759
1.550591
1.025998
0.922971
0.522246
0.168062
0.305690
0.903972
1.493048
0.156387
1.595715
1.640800
1.226593
1.242167
0.692257
1.080124
0.782966
0.354131
1.826128
1.518478
0.165587
1.453357
1.244732
0.330125
0.797974
1.098229
0.675899
1.159275
0.647102
0.737699
0.370984
0.652471
1.209696
0.307854
1.575941
1.710732
1.828771
0.749983
0.427003
0.930101
1.832042
0.529479
1.515495
1.660856
1.244881
1.237017
1.523185
0.952795
0.375059
0.295925
1.308861
0.823349
1.234241
0.538445
1.245825
1.519410
1.235555
0.479979
1.607803
1.297615
0.308009
0.607771
1.772808
1.262465
0.360766
0.608942
1.572682
0.529387
1.166958
0.535217
1.234971
0.591013
0.188344
0.802419
0.903367
0.469719
1.212450
0.128958
0.269829
0.950540
0.443431
0.129276
1.833752
0.473115
1.215290
1.319468
1.733979
1.754977
1.253755
1.228188
1.260650
0.644095
0.617328
0.327983
0.234649
1.228087
1.232915
1.486146
0.313754
0.618321
0.694146
1.712980
0.782584
1.830181
0.736973
0.260910
0.772169
1.242054
1.230275
1.238914
0.904066
1.585151
1.821651
1.525994
1.586362
0.979832
1.830242
0.643532
1.504734
0.276308
1.802308
1.224745
1.808465
0.781871
1.483660
1.247432
0.397059
1.723055
0.481005
0.428143
0.791380
0.508001
1.187992
1.288251
1.626730
0.624066
0.144830
1.009966
0.774178
0.410348
0.128771
1.625933
0.638934
0.171758
1.236521
1.008734
1.426477
0.406195
1.230822
1.481775
0.733285
0.595559
0.959738
1.231217
1.003248
1.484112
1.815298
1.832518
1.235210
0.485082
0.784144
0.402814
0.263179
0.163995
1.009533
1.594771
1.186516
1.166959
0.359202
0.780900
0.518573
0.297727
1.410946
1.825737
0.508076
0.971454
1.780663
0.600088
1.214371
1.833121
1.309233
0.507725
1.256758
1.201503
1.214191
1.787116
0.382805
0.689619
0.427130
0.614954
0.493961
0.796528
1.234596
0.176549
0.576808
0.434037
1.033745
0.204146
1.229638
1.219207
0.732172
0.735055
1.587933
1.680621
1.230411
0.960768
0.549590
1.574438
1.206828
0.473125
0.771121
1.676727
0.791451
0.523443
1.665174
0.576086
0.664486
1.267743
0.233302
0.767435
1.203254
1.588261
0.544861
0.129239
0.511282
0.127315
0.589986
0.691386
0.151357
0.209123
0.609149
1.519862
1.312411
0.555471
0.932017
0.775488
1.229236
1.800960
1.301061
0.918735
0.664748
1.743735
1.501919
0.272682
1.789047
0.979353
1.121319
0.581889
0.173479
0.374353
0.458340
0.127256
1.514910
1.528180
0.391324
0.892541
1.371819
0.362033
1.524220
1.158671
1.232997
0.883850
1.026995
0.490783
0.933822
0.146309
0.639567
0.513116
0.437904
0.130978
0.303814
0.735351
0.650864
0.479242
1.834113
0.894402
1.512906
1.279984
1.611716
0.505156
1.664740
0.634225
0.168965
0.449396
1.696765
1.495181
1.226668
0.920375
0.947813
0.560758
0.939001
1.027519
1.107088
1.803847
0.685639
0.335181
1.229759
1.596440
0.754264
0.143539
1.206510
0.770186
1.592090
1.815237
1.418524
0.214354
1.275390
0.785267
1.078301
1.830460
0.163286
1.785236
0.182260
0.763717
1.522418
0.339912
0.861880
0.624460
0.439566
0.587096
1.210461
0.625643
0.568190
1.234024
0.295205
1.517782
1.364528
1.230707
0.353178
0.953139
1.622955
1.830722
1.234193
0.910883
1.234879
0.546066
1.799520
1.815436
0.248592
0.287356
1.752794
1.193465
0.925937
0.561555
0.539863
1.406895
0.682979
0.151839
0.551187
1.231945
1.829985
0.213581
0.788510
0.661917
0.187513
0.496853
0.238081
0.212658
1.524579
0.955134
0.152035
1.271087
0.939910
1.524409
1.631777
1.232115
0.536825
1.236025
0.952572
0.791763
0.969918
0.552867
0.774114
0.737377
1.205325
1.314433
1.234394
0.947283
0.161759
0.799966
0.935067
0.598932
0.997281
0.356407
1.030172
1.480196
1.692530
1.515246
1.515920
0.753543
1.762114
1.801152
0.318240
0.194223
0.353878
1.719734
1.329114
1.208366
0.965554
1.537524
1.627182
0.143419
1.488380
0.548482
0.980697
0.167626
1.822659
1.255350
1.230638
0.510438
1.258048
1.269181
1.209319
1.236285
1.476648
1.220997
1.569632
0.655624
0.278586
0.267799
1.459803
1.247838
1.676306
0.436967
1.632289
1.235500
1.656128
1.233114
1.595882
1.518100
1.232980
1.227495
0.145930
0.300481
0.170703
1.514749
1.830662
1.815756
1.753114
0.127987
1.199127
0.557911
0.781945
1.230321
0.627112
0.673343
1.196767
1.522267
0.211941
0.620773
0.604396
1.625049
1.591772
1.211506
0.985574
0.814790
1.406838
1.527179
0.555483
1.384320
1.233970
1.834515
0.410306
0.176765
1.514044
1.056132
0.185974
0.152538
0.969549
0.600324
0.742942
0.133704
0.972576
1.212971
1.532067
1.233634
1.231042
0.959281
0.201265
0.764315
0.273011
1.177486
1.220905
0.770735
0.945313
1.821444
1.519616
0.446321
1.574995
0.740258
0.129319
0.637568
0.383484
1.518015
1.697547
0.225829
0.414152
0.708804
0.224584
1.051921
0.710862
1.320314
1.780966
0.598865
1.239552
1.825086
1.569956
0.738330
1.221183
0.552617
0.362683
0.243334
0.198276
0.912418
0.647617
0.950593
1.580709
1.623867
1.517558
0.239061
0.743872
0.676417
0.473024
0.515759
0.646388
0.154817
1.833512
0.662994
1.236604
0.635687
1.234301
0.756395
1.649925
1.314541
0.200307
1.478286
1.831298
1.236760
0.781938
0.989992
0.800623
1.512576
0.736248
0.394551
0.602268
1.834678
1.746438
0.991645
1.619078
1.272590
0.651174
1.098058
1.778603
1.046779
0.589195
0.863595
0.127270
0.647593
0.316718
1.788124
1.703206
0.235539
1.163936
1.831965
0.527662
0.330354
0.214121
1.233380
0.716244
0.358552
1.232993
1.578653
0.658124
1.026210
1.234609
0.323850
0.153701
0.528491
0.542974
0.246826
0.396171
0.748075
1.520547
1.231159
1.832941
0.506400
0.652211
1.233589
0.441723
0.651671
0.198856
1.524750
0.270076
0.209035
0.797678
0.429948
1.239692
1.590339
1.328041
0.965642
1.003263
1.529704
0.455896
0.613878
1.238624
1.833703
0.596079
0.709999
0.405323
1.223085
1.513575
0.936072
0.455299
0.134293
0.249536
1.586996
1.829194
1.636849
0.376868
1.234197
0.960766
1.159879
1.599209
0.747233
1.768900
0.350425
1.528775
1.152633
1.238107
1.831116
0.739771
0.804017
1.219343
1.439930
1.524867
1.236696
1.233375
0.792137
0.499951
1.520266
0.212177
1.028473
0.455716
1.538953
1.088899
0.204883
0.485896
0.591945
0.761556
1.774951
1.329215
1.609707
1.229522
0.674008
0.671514
1.819474
1.623702
0.967701
0.147283
1.687043
0.992686
0.594783
0.246217
0.700675
1.245571
1.796768
0.930946
0.422949
0.966422
1.231356
1.598522
0.663657
1.680437
1.584498
1.234354
0.535403
0.498863
1.587427
1.598050
1.263285
0.409096
1.587842
1.237112
1.230103
0.436349
1.709057
1.233148
0.887988
0.299443
0.142110
0.784521
0.936480
0.968863
1.564002
0.760785
1.633222
1.229856
0.176768
1.235255
1.827882
0.512292
0.337361
0.659567
1.234209
0.137689
1.430168
0.946248
0.988145
1.204480
0.766597
1.518318
1.251951
1.135296
0.621524
0.234549
1.832191
1.245229
0.520900
1.232770
1.363042
0.187490
0.981803
0.572019
0.547934
0.859963
1.182522
1.228101
0.136722
1.625431
0.656853
1.833793
0.792609
1.258020
1.207057
1.229199
1.423612
1.028363
0.404549
1.453140
1.245861
1.231730
0.555548
0.404131
1.066472
0.148854
0.918160
1.120531
1.522855
1.237619
1.536047
0.748124
1.236157
0.220037
1.016390
0.961967
0.316252
0.156966
1.031080
0.878008
1.229495
0.442377
0.730514
0.253500
1.833733
0.692809
0.534289
0.418632
0.709558
0.184285
0.797609
0.400124
1.231813
0.394047
0.319348
1.229817
0.743579
0.193479
1.396011
1.224688
0.689771
0.238857
1.012919
0.377620
0.881127
0.230068
1.537162
1.233807
0.188294
0.307560
0.271467
0.127735
0.432369
0.495331
1.233920
1.677375
0.287208
1.812915
0.327819
0.320928
0.790065
0.143053
1.152449
1.023288
1.055891
0.416429
0.585054
1.491867
0.433362
0.408618
0.266455
1.829430
1.258415
1.004489
0.533866
1.025670
1.203899
1.240526
1.518371
1.218490
0.180692
0.582520
1.568095
1.230728
1.516122
1.524615
1.284934
0.162765
0.484121
1.529443
1.545075
1.525832
1.233354
1.330482
0.761632
0.692357
0.879845
1.232552
0.307237
1.453656
1.239008
0.687355
1.370901
0.806367
0.317654
1.228930
0.786659
0.139979
1.779304
1.229832
1.228167
1.630787
1.771657
0.639681
1.418558
1.214629
0.220042
0.184612
0.661285
1.021832
0.472207
1.384573
1.834616
0.773744
1.319178
0.258806
1.200772
0.751614
1.833296
1.579015
1.783723
1.234382
1.229533
0.993137
1.188071
1.231135
1.006537
0.872882
1.244669
1.775076
1.294483
1.518580
0.588467
1.000911
0.272164
1.510391
0.997586
1.827781
1.566391
1.565563
0.444452
0.552295
1.825954
0.907460
0.968804
1.514811
1.832549
1.794874
0.259304
0.477253
0.348072
1.809299
1.234911
0.914141
1.832988
1.832350
1.526309
1.205594
0.173975
1.596246
0.955084
1.075330
1.786402
1.775495
0.233583
0.190348
1.720625
1.569259
1.598517
1.233867
0.151571
1.370490
1.490555
0.643112
0.940421
1.519338
1.342052
1.234173
0.191250
0.138541
0.133699
1.247711
0.792675
0.954219
1.225704
1.570858
1.233560
0.165519
0.796834
1.496457
0.480838
1.236091
0.179387
1.290884
1.229802
0.708322
1.722695
0.148973
1.602833
0.235861
0.665806
1.239557
0.665803
0.185577
1.407504
1.488559
0.601807
1.234862
1.493229
0.203721
1.765413
1.579765
0.582855
1.224663
0.194045
1.230375
0.570531
0.358600
0.971870
1.078624
0.998867
1.590990
0.546378
0.666836
1.261482
1.249551
1.245265
1.577152
0.763583
1.016988
0.675344
0.262527
1.004112
0.982614
1.238675
0.127250
0.526190
1.519048
0.596525
0.208372
1.374281
1.816313
1.611286
1.243411
0.471196
1.235031
1.234373
1.514173
1.520901
1.230768
0.960645
0.621010
0.353390
0.258489
1.060606
0.433476
0.942826
1.815535
0.950663
1.769975
0.847252
0.320359
0.558195
0.498322
1.510567
1.721843
1.227646
1.519724
1.238168
0.728167
0.702049
0.138816
1.225909
0.829684
1.578234
1.208372
1.378258
0.975022
1.209103
0.131076
1.389543
1.834662
0.163029
1.640443
0.377216
0.713288
0.351361
0.461611
1.234694
0.616782
0.754157
1.232366
1.540305
0.324762
1.619145
1.834450
1.288461
0.655953
0.493122
0.331806
1.228951
0.138176
1.213827
0.134752
1.411647
1.238796
1.511728
0.708705
0.557931
0.127381
1.827502
1.321762
1.586423
0.663964
1.627127
1.215957
0.363830
0.874540
1.519562
0.688232
1.516524
1.518664
0.382139
0.189580
0.226232
0.290745
0.213371
0.661841
0.584123
0.542233
0.270566
1.619435
0.161170
0.964372
1.570287
1.233019
1.213583
1.573228
1.237253
1.218076
1.231251
0.582327
0.788127
1.806073
0.531446
1.128667
0.137816
1.516961
1.522924
1.210082
1.223107
1.008873
1.830912
1.834439
1.231420
0.788845
1.675435
1.053546
0.390119
0.673213
1.385085
1.832487
1.517766
1.438879
1.233480
0.568945
0.342430
1.233093
0.137103
1.254178
1.241346
0.587010
0.127640
0.939128
1.071338
0.568571
0.754649
0.946943
0.441328
0.446785
0.750827
1.520277
1.200057
0.475834
0.745780
1.719480
0.155414
1.630548
1.233764
1.093309
0.370679
0.383819
1.195073
1.235948
1.232751
0.793471
1.230976
1.834867
0.784489
1.539251
1.507531
1.514868
0.204208
1.694970
0.927540
1.722755
1.256541
0.935039
0.616631
1.642312
0.900141
1.804267
0.454149
0.407557
1.647603
0.242313
1.233499
0.503942
1.233971
0.196451
1.718780
1.222229
1.437643
1.313626
1.513516
1.458535
0.147130
1.686470
0.247136
0.688558
1.149131
0.479596
1.830570
0.451625
1.829298
1.232477
0.610312
1.517901
0.609846
0.753371
0.591899
1.752278
1.243743
0.998485
1.299803
1.178301
0.551928
0.315321
1.655047
1.459798
0.267072
0.230992
0.174453
1.832406
0.538140
1.465035
0.717911
0.211615
0.512023
1.834626
0.129049
1.233387
1.229332
1.006142
0.729835
1.233368
1.525850
0.786010
0.547104
1.254161
0.704359
0.192911
0.518085
0.645964
0.597258
0.751934
0.593632
0.762704
0.477838
0.832918
0.750606
1.140829
0.313657
1.545138
0.881883
0.891186
0.306277
1.825355
1.817853
1.234320
0.485346
0.443541
0.610826
1.648602
0.325020
0.284582
1.545543
1.235088
1.221135
0.719777
0.998191
0.466795
0.193958
0.283181
1.232790
0.805711
0.907252
0.337636
1.237669
1.820270
1.833075
1.660981
0.153250
1.094353
0.176981
0.609973
1.561054
1.617127
0.575304
0.582292
1.514453
0.562070
0.675558
1.518854
1.601431
1.259363
1.240345
1.231861
0.672693
0.769365
1.140384
1.227836
1.532217
1.597393
1.826350
0.806595
0.169760
0.617272
1.520519
1.038010
0.963713
1.826313
0.796035
0.866893
1.233293
1.618474
1.594035
0.894052
0.401126
1.113895
1.516894
0.493083
0.449757
1.234655
1.255391
0.144609
1.138639
0.446525
0.604421
0.790023
1.814884
0.956363
0.326722
0.808323
0.530680
1.658941
1.232397
1.759910
0.775992
1.123375
0.341908
0.887104
0.986867
0.971096
1.644965
1.698084
0.958857
1.520519
1.004962
1.227922
0.873415
0.304755
1.228425
1.597589
0.836098
0.737940
1.240955
0.722104
1.221439
1.513850
1.009068
1.236897
1.252847
0.536012
0.272483
1.233503
1.134561
0.488922
1.672636
0.748402
1.533542
1.217840
0.621057
0.164658
1.465428
1.510994
1.234144
1.360264
1.027864
1.284199
1.668257
0.164267
0.187030
0.934271
1.816274
0.798000
0.139617
1.345317
0.528131
1.473668
1.581070
1.234066
0.716847
1.213434
1.784631
0.797542
1.210735
0.128199
1.078717
0.400741
1.225925
1.104814
1.252435
0.500406
1.533135
1.526466
1.820078
0.939226
0.127733
0.289803
1.832417
1.789535
0.475781
0.131328
0.810275
0.584233
0.367995
0.154603
1.519685
0.934780
1.245974
0.391891
1.243483
0.185435
1.812188
0.707776
1.229288
0.328432
0.380058
1.187017
1.571402
0.559565
1.821607
1.137547
1.651123
0.882524
0.818846
0.197194
0.332371
0.310202
1.233400
1.619217
0.328689
1.834321
1.818444
1.569140
1.795413
0.303090
1.427332
1.565494
0.642763
0.226112
1.825408
1.232694
1.235068
1.525838
0.422634
0.749331
1.776219
1.794275
1.710177
0.757169
0.515897
0.242308
1.669312
0.783789
0.772640
1.825928
0.870978
1.215466
0.535849
0.657688
0.912991
0.789301
1.256246
0.196332
0.822447
0.612228
1.234154
1.238827
1.340335
1.244115
0.831889
1.643044
1.830886
0.372905
0.520954
1.201338
1.233980
0.257903
0.669867
0.437659
0.550193
0.580006
1.178892
1.232112
1.803308
0.830342
1.826288
0.651803
1.227366
1.792466
1.550946
0.223145
1.555027
1.259677
0.134766
1.827683
1.230741
0.422511
0.470846
1.156566
0.475813
0.390318
1.259863
0.926124
0.556733
0.143694
0.430329
0.142619
0.285721
0.555103
0.313586
1.679502
1.299010
1.834591
0.563331
0.635852
1.576921
0.737803
1.592447
1.627283
0.812178
1.347602
0.436388
0.211907
1.487273
1.023146
1.694103
0.791212
1.249430
1.233407
1.832255
0.571148
0.658802
1.527617
0.983733
0.318568
0.433528
1.504699
1.527173
1.523279
1.601089
0.657562
1.832938
0.971807
1.517516
1.634784
0.783098
1.224902
1.582566
1.103960
0.610620
0.334410
0.200204
0.127518
1.068644
0.616121
1.828658
0.268306
0.242034
0.532296
0.880999
1.126666
1.518456
0.973835
0.454081
0.647980
1.826621
1.658510
1.829736
0.679480
1.566644
1.235306
0.640420
0.567973
0.325990
0.757024
0.763543
0.352748
0.951791
0.164467
0.166338
0.310973
0.719966
1.236518
1.519328
1.177126
0.956051
1.832712
1.026046
0.469449
1.577749
1.831591
0.208988
1.229956
0.942862
1.825689
0.478248
0.949423
1.004903
0.494055
0.132697
0.501043
0.624367
0.811852
0.968450
0.182618
1.218547
0.152403
0.733115
0.129999
1.121205
1.234341
0.787519
0.250954
0.154675
0.137450
0.173254
1.031838
0.724792
1.513039
1.262877
1.396869
1.486667
1.444580
1.229664
1.217822
0.326607
1.232839
1.054412
0.744383
1.197227
0.439510
1.238771
1.237284
0.544492
0.701449
0.590727
1.594160
0.127759
1.812865
1.253734
0.945658
1.487565
1.172614
0.891140
0.524480
0.927124
1.233168
1.230616
1.612859
0.925584
1.574735
0.691648
0.987980
1.194050
1.511861
0.725879
0.245154
1.831357
0.388138
0.190414
0.350968
1.762804
0.786408
1.679468
1.495812
0.953118
1.833118
0.992697
1.240333
1.160937
0.155008
0.596944
0.620976
1.202857
0.235417
1.230859
0.678688
0.147999
1.827563
0.140480
0.667948
0.395814
0.585771
1.500332
0.849691
1.232164
0.986560
1.170072
0.617602
0.891872
1.232655
0.417361
0.698551
1.230173
0.127492
0.878556
0.359711
0.155776
0.949677
0.519413
1.286951
1.262006
1.531306
1.001165
0.153843
0.169609
0.631042
1.358055
0.433953
1.015854
1.243194
1.345336
1.762634
0.768029
1.056273
1.642814
1.380921
0.211843
1.223473
0.543435
0.660578
0.564231
1.477089
1.514288
0.758049
1.519015
0.132238
0.214409
0.184796
0.379837
1.495064
0.626004
1.620609
0.534544
1.233581
0.481178
1.200099
0.617255
0.940409
0.813094
0.951628
0.165063
1.609334
0.520810
0.239057
1.235441
0.231935
0.182185
1.545344
0.560375
0.358894
0.236795
0.796016
1.821669
1.191692
0.292812
1.241722
0.272328
0.159890
1.050842
1.643917
0.318523
0.688489
1.516590
1.689338
1.516815
0.404052
0.707501
1.614654
0.264837
1.524954
1.834412
0.912475
0.957134
1.235164
1.717719
0.935355
0.127309
0.255964
1.638480
0.542472
0.475904
1.237246
0.359586
1.831583
0.313537
1.248909
0.979715
0.714221
0.166614
0.154394
0.786343
1.099520
0.818155
0.924192
1.188533
1.668158
1.257318
0.238896
1.705634
1.699815
1.531743
1.578724
0.757584
1.542172
1.342987
1.278692
0.461993
1.517987
1.240580
1.600759
1.233179
0.732714
0.337057
1.227137
0.733150
1.242879
0.253704
1.617597
0.741867
1.743684
1.249606
1.139994
1.245663
1.067893
1.252713
1.523262
1.224114
0.249967
1.033417
1.200705
0.148563
1.598360
0.794150
1.813745
0.168624
1.230325
0.135956
0.189510
0.283167
1.832919
1.595886
1.781728
1.627108
0.129397
0.711949
1.182714
1.225697
1.229757
0.561166
1.823914
1.514085
0.455121
1.196610
1.616245
0.606885
0.469885
0.141305
1.232148
1.560989
1.114442
1.824403
0.293563
0.732411
1.229979
1.233294
1.234323
0.399667
0.679263
1.212105
0.128789
0.763334
0.185176
0.577697
0.966801
1.235255
1.232360
0.852319
1.525685
1.527316
1.605076
0.214868
1.559379
0.406021
0.525602
1.244763
0.588378
0.490371
0.144891
0.943451
1.822605
0.295886
0.596425
1.831454
0.181066
0.489016
0.815801
1.237659
0.467698
1.827579
1.231725
0.356018
0.785301
0.128046
0.706764
1.074355
1.344405
0.683364
0.162129
1.629527
0.129011
0.276872
0.547917
1.321954
0.529384
1.585053
0.764987
1.183672
0.142389
0.147094
1.596261
1.240837
1.232330
1.642458
1.588570
0.144987
1.685050
0.675492
1.227723
1.204076
0.770883
1.593281
0.817496
0.652300
1.483836
0.238303
1.308948
0.913013
1.241833
1.596731
1.231384
1.790094
1.833633
1.028292
0.632243
0.945204
0.306262
1.824179
1.831871
1.232027
1.826767
1.570798
0.991494
1.808362
1.516621
0.521911
0.714086
0.956387
1.287618
1.734913
0.177302
0.232240
1.006248
0.508096
1.621310
1.832342
1.523499
1.248461
0.598450
1.819101
1.540732
0.378907
1.641617
1.244512
1.235121
1.259911
0.376408
0.127307
1.402946
1.697304
1.232265
0.483882
0.493875
0.403931
0.576601
1.466497
1.817559
1.336003
0.476877
1.514912
0.617523
1.411347
0.489872
0.512104
0.821252
0.343205
0.587387
0.191184
0.200334
1.591777
0.540419
0.204300
0.733536
0.270038
0.795863
0.367851
0.236889
0.898429
0.890589
1.299697
1.233861
1.097382
0.878122
0.835621
1.554699
0.716230
1.826369
1.245293
0.345287
1.831456
0.845922
1.231477
1.696269
0.463056
1.232430
0.182418
0.780168
0.591566
1.789018
1.262067
0.949445
0.587694
0.718350
1.831869
0.742913
0.164458
1.221428
0.647489
1.813387
1.594305
0.136900
1.228419
0.962054
0.234951
1.235319
0.181518
1.234187
1.519541
1.681517
1.526521
1.344196
1.550064
1.654255
1.518682
0.244170
0.553405
1.802850
1.517333
0.238288
1.002800
1.034444
0.319108
1.502629
0.156530
1.226137
0.367314
1.713299
1.209797
1.237739
0.409725
1.232705
1.574341
1.229293
0.747032
0.176557
1.580955
1.517636
0.229928
0.432949
0.710845
1.231160
0.763193
0.825954
0.256762
1.825239
1.046353
0.812755
0.651199
0.438725
0.217154
1.823958
1.232813
1.233634
1.830576
1.264116
0.659538
1.357933
0.132615
1.681823
0.623790
0.800151
0.183283
1.597070
0.715064
0.729337
1.565064
1.713728
1.753315
0.135117
1.573084
0.984744
1.727134
0.398475
0.193409
1.833326
0.978570
0.480468
0.778294
1.817808
1.601613
0.761049
0.959575
1.071991
0.175043
0.771348
1.235364
0.667877
0.494700
1.603790
1.236540
1.339216
1.656680
0.750129
0.533583
1.235966
0.785330
0.128746
0.577836
1.701507
0.428344
0.666553
0.155608
0.731526
1.830812
1.828300
1.225315
1.070688
0.241474
0.417796
0.787272
0.296992
0.627700
1.798171
0.939160
1.626184
0.695540
0.984082
0.461488
1.241469
1.006246
0.772499
0.131957
1.139594
0.127526
0.606964
0.132736
1.325373
0.396185
0.477718
1.661792
1.834557
0.672696
1.680708
0.136648
1.233330
0.949351
1.756139
0.127679
1.506964
1.469536
1.527323
0.217817
1.604405
1.362669
0.466116
0.535559
1.529035
0.909389
0.145033
0.947124
0.678987
1.317569
1.535790
1.233661
1.629396
0.315205
0.574587
0.974261
1.000163
1.226319
0.173490
0.362484
0.254629
0.144244
0.571824
1.719278
0.392021
1.788540
1.822250
0.141025
0.505651
1.587505
1.306635
0.975306
0.172418
1.230414
1.705866
0.235880
0.502884
1.583276
0.630685
1.106503
0.165296
1.228912
0.134746
1.187636
0.592395
0.182235
1.831833
1.317117
1.301027
1.830522
1.637475
1.216619
0.869063
0.246090
1.526681
0.602222
1.505502
1.170950
1.125775
0.565301
0.491085
1.264146
1.170058
0.164226
0.376795
1.374983
0.516895
0.170181
0.653922
1.334949
1.516563
1.235093
1.581564
1.284881
0.127259
1.144062
0.442762
1.170189
1.275565
0.127248
0.766894
1.834072
1.355260
0.309592
1.041087
0.737962
1.234341
1.478759
0.726568
1.644328
1.228783
0.803361
1.020722
1.004319
0.865793
0.168054
1.834308
1.830393
0.640344
1.789849
0.891306
0.307003
1.678057
1.233421
0.741448
0.489472
0.804422
0.164466
1.235588
0.601926
0.971812
1.572262
0.952362
0.621138
1.833689
1.690420
0.676939
0.156797
0.415579
0.306484
0.789673
1.217717
0.474083
1.000250
0.176810
0.944718
0.405791
1.682938
0.570691
0.178659
1.347399
0.548620
1.236627
0.135912
0.628620
0.296388
1.711231
0.861042
0.681647
0.156245
1.687382
1.000015
1.496285
1.232141
0.949238
0.247685
1.583350
0.482088
0.994464
0.893058
0.816335
1.224914
0.687364
0.235905
1.801531
0.354214
1.244027
0.442740
1.227035
0.593367
0.551698
1.587806
1.832213
1.831277
0.304058
1.513958
0.368640
0.798447
1.571510
1.694525
0.177900
1.232050
0.707273
0.950127
0.157964
0.299061
1.233976
0.324107
0.786942
1.700857
0.846236
1.250415
1.808023
0.396979
1.314334
0.720337
1.685916
1.817878
1.834780
1.236328
1.526637
0.204659
1.522618
0.318280
0.586048
0.180185
1.152791
1.235195
1.514369
0.825289
1.751835
1.514528
0.651167
0.496326
1.691127
1.228568
1.831339
0.424249
1.047387
1.578470
1.644091
1.231124
1.703406
1.232782
0.287941
0.239372
1.548934
1.232014
1.790522
1.519487
1.236087
0.429514
1.492497
0.517324
1.672005
1.240924
0.225660
1.379264
1.523484
0.601457
0.649739
1.240984
1.729763
1.517939
0.928394
0.315526
1.241943
0.314777
0.787248
0.561217
0.300511
0.296749
0.530355
1.227232
1.244206
1.062278
1.194632
1.620806
0.588394
1.562268
0.505264
1.182629
1.828766
1.212679
0.730386
0.252661
1.499624
1.229761
1.631396
0.996971
1.239586
0.213894
0.866361
1.831627
0.632781
0.742101
0.947922
1.268338
1.198766
0.247566
1.729952
0.151041
0.740854
0.701640
1.751086
1.220291
1.671993
0.590006
1.260535
1.230830
1.480056
0.948596
1.750044
1.244020
1.314118
1.221223
1.240045
0.611769
1.234082
1.493855
0.247118
1.029567
0.218250
1.832543
1.228034
0.779789
0.219665
1.142128
0.841859
1.516418
1.251815
1.238745
0.138034
1.230831
0.127353
0.497729
1.512296
0.945997
0.963115
1.500057
1.665932
1.671847
1.240502
1.076472
0.187268
0.305468
0.549403
0.597541
0.472368
1.507576
0.456545
0.219557
0.480139
1.676161
1.722721
0.184157
1.828833
0.745199
1.225518
1.519299
1.515677
1.725999
1.520363
1.263206
0.369049
0.893791
1.254392
0.148971
1.120553
0.614048
0.174612
1.221812
0.307357
0.844040
1.582878
1.039093
1.679883
0.681030
1.690407
1.650874
1.611254
0.218051
1.590977
0.704768
0.282037
0.741876
0.613391
1.228454
0.840469
0.991290
0.335907
1.822725
1.514305
0.955593
0.163036
0.807272
0.137381
1.430806
0.148987
0.398994
0.647245
1.517858
0.137520
1.647282
0.842656
1.230291
0.658462
0.705133
1.828615
1.173790
1.231164
1.222318
0.483035
0.438274
0.718561
1.643764
0.179208
0.837600
0.909029
1.504113
0.956934
1.481390
0.790554
0.129695
1.783158
1.830011
0.127788
0.378221
1.468158
0.637247
0.904256
0.957978
0.134079
1.239187
1.517033
0.472766
1.235524
0.174689
0.815951
0.588247
0.263241
0.251013
1.551745
1.544454
1.233344
0.993690
0.159210
0.798563
1.528069
0.159929
0.942333
1.430148
1.822507
0.885456
1.255659
1.725562
0.971144
0.688791
0.135511
0.252860
0.847633
1.231013
0.971020
0.466075
1.243992
1.682946
1.235627
0.709500
0.782592
0.907109
1.824109
0.389817
1.826135
0.798369
0.205280
0.131854
1.225548
1.691514
0.792683
0.151970
0.487151
1.517999
0.665177
1.634622
1.306502
0.142428
1.247457
0.954943
1.459115
0.191837
0.550421
0.950199
0.445735
0.188779
1.820106
0.880145
0.603664
0.995388
1.829927
0.172081
1.521262
0.636419
0.132476
1.536341
0.718234
1.824308
1.171250
0.227736
0.580971
0.370273
0.537426
0.282547
1.236275
1.792810
1.500284
1.638549
1.818069
0.944726
0.750846
1.206405
1.483565
0.340311
0.380817
1.189401
1.825045
0.613212
1.512128
0.420767
0.762051
0.624665
1.760234
1.520056
1.029063
0.684370
1.232783
0.173765
1.231895
0.940841
0.770973
0.371237
1.828809
0.219296
1.702035
0.890043
1.687611
1.829206
1.016054
1.284995
1.825552
1.291901
1.605226
1.490671
0.262575
1.234847
0.152647
1.823745
0.229388
0.492203
0.520441
1.710765
0.495107
1.564597
1.806155
1.226490
1.223444
1.233643
1.239208
0.441458
1.721056
1.784376
1.234028
1.499168
0.769798
0.233866
0.688587
1.234332
0.505124
1.813241
0.309219
1.827438
0.500963
0.574972
0.602423
1.232278
1.232905
1.382217
0.131587
0.920967
1.229404
0.781426
0.176649
0.825964
1.832802
0.421556
1.233590
1.662201
0.965829
0.485944
1.251827
1.006259
1.196732
0.227752
0.616503
0.263708
1.397954
0.978634
1.597197
0.657406
1.231950
0.565051
1.233815
0.230166
0.947392
0.557862
0.943754
0.608400
0.413176
0.764390
1.272550
0.933979
0.964413
0.415488
0.701166
0.566346
0.757428
1.591104
0.688587
1.179676
0.358232
0.175244
0.411106
1.211379
0.258733
0.327079
1.162161
0.927110
0.154851
0.810921
0.609793
1.231863
1.266318
0.176793
0.437406
1.588230
1.559238
0.976530
0.738263
1.830325
0.224445
0.747206
1.637627
0.263638
1.216883
0.261575
0.127956
0.981214
1.228774
0.761568
1.541634
1.221216
1.829401
1.522717
1.184194
0.627106
1.535785
0.173519
1.519195
0.444130
0.156633
1.239294
0.961529
0.138157
1.234230
1.519981
1.229861
1.481375
0.158665
1.309806
1.556315
0.726228
1.304967
1.543590
1.723496
1.234456
1.236987
1.796318
0.814353
1.513248
1.199168
0.432950
1.834882
1.434349
0.597081
1.519688
0.175254
1.723225
0.573638
0.432851
1.141292
0.754993
0.644474
1.516959
0.238985
1.224913
0.625261
0.343163
0.722571
0.615935
1.591624
1.563259
0.157451
0.723421
0.907668
1.808399
1.243735
0.574146
0.946366
1.834865
0.447366
1.268810
0.186170
0.622562
0.628471
1.233516
0.507726
0.426564
1.831835
1.834465
1.826269
0.724383
0.152391
1.567547
1.583233
0.169420
0.782711
0.573971
1.227526
0.956886
1.566297
1.069494
0.549184
0.829370
1.514202
1.790091
1.353866
0.963012
0.558036
1.400442
1.204801
1.130810
1.234947
0.873589
1.535900
1.830390
1.013612
0.600774
1.638634
1.524600
0.158937
1.240628
1.489782
1.607495
0.946019
0.928782
1.517440
1.288707
1.298567
0.705683
1.831436
1.573037
1.205440
1.240002
0.989025
0.995340
1.617260
0.708399
0.559208
0.657046
1.524606
0.407443
0.473405
1.220378
1.444378
1.503876
1.776012
1.545911
0.671251
0.770270
1.159967
1.813332
1.234033
1.380007
0.270000
1.512299
0.995767
1.520914
0.341306
1.778628
0.260977
0.148045
0.891445
1.769176
0.503156
0.333444
0.351448
0.948160
0.260423
0.513168
0.767535
0.812403
1.233906
1.231787
1.168782
0.400770
1.432541
1.251200
0.549430
1.234467
1.238308
0.561464
1.542225
1.782251
1.235611
0.140883
0.532481
0.605976
1.692540
0.162563
0.215272
0.566977
0.654867
1.232400
1.228253
0.265551
0.432986
1.591757
0.261190
0.801513
0.871224
1.235134
1.144100
0.761613
1.476313
0.668088
0.127558
1.211493
1.510160
1.232057
1.316367
1.233246
0.586395
1.230633
0.193996
0.575131
0.511676
0.639258
1.251423
1.005312
1.832287
1.283623
0.436316
0.146881
0.160671
1.518539
1.233406
1.229293
1.829783
1.232214
1.230388
0.464664
1.411881
1.231965
0.981341
1.234372
0.694869
1.237494
1.580154
1.231778
1.545189
1.676583
1.507593
1.456223
0.656548
0.488269
1.237927
1.696671
1.234426
1.021161
1.064252
0.211547
0.727701
1.361323
0.775710
0.357233
0.771888
0.609095
1.491352
0.592031
0.758928
0.932983
1.527189
1.510202
0.942247
0.749192
1.443860
1.686322
1.224664
1.222413
1.235379
0.542262
0.855706
1.826604
0.862546
1.536236
0.483663
1.429659
1.055653
1.178151
1.568441
0.535702
1.733366
1.516181
1.830413
0.850331
1.518166
1.235440
0.160018
0.144235
0.622540
1.577652
1.229427
0.375257
1.483368
1.518401
0.568769
1.315397
1.610323
0.965077
1.234236
1.518432
1.217736
1.239803
1.825102
1.042279
0.979626
1.167945
1.515220
0.320806
0.554814
0.257681
1.827322
1.412361
0.615966
1.547724
1.137376
0.128153
1.823373
0.977174
1.001803
1.831484
1.521890
1.363273
1.235333
0.696281
0.189475
0.944068
1.263040
0.230609
0.567219
1.603304
1.455700
0.660864
1.736931
1.394340
1.584630
0.576365
1.226991
0.743757
1.663041
1.829962
1.206718
1.010724
0.131903
0.662246
1.517927
1.233644
0.496264
0.789518
0.751136
0.865116
1.224123
1.512951
0.251789
0.218125
1.657454
1.185388
0.794230
0.727392
0.989685
0.773433
1.243938
0.335719
0.709098
0.322021
0.462276
0.597340
1.677058
1.740310
0.314611
0.775108
1.535861
1.519279
0.221036
1.387429
0.794785
1.232547
1.230401
1.583648
0.512107
0.951861
1.197522
0.140047
0.693569
0.312679
1.542825
0.582938
0.769322
1.833382
0.354769
1.233146
0.137455
0.739005
1.141570
0.654069
0.136748
0.221010
0.404901
1.506052
1.226575
1.620959
0.942097
1.550706
1.097126
1.584734
1.319454
1.060340
0.741179
1.268276
0.680296
0.458940
0.632631
1.236678
0.960303
0.488655
1.518289
0.171940
0.501189
0.980801
1.433264
1.640971
0.325957
0.529073
0.885657
1.234352
1.820290
1.212841
0.848601
1.206523
0.742078
0.850503
1.706572
0.590991
1.812284
1.564863
0.929566
0.948986
0.159550
1.834597
1.829223
1.535312
1.831947
1.814350
0.223681
0.210232
1.234008
0.274257
0.471755
0.551734
1.097924
1.229924
1.830393
0.289399
0.133719
1.819208
0.280228
0.909666
0.200877
0.170178
1.703027
1.231725
1.370174
0.520474
0.764291
0.164312
0.168393
1.200700
0.638526
1.434889
1.387076
0.552581
1.234930
1.020523
1.516360
0.530806
0.184386
0.139428
0.958078
0.763736
1.679314
1.834798
1.732839
1.506588
1.236872
1.683298
0.250941
1.334649
0.355582
0.622643
0.276618
1.518467
1.227676
1.115641
0.713039
1.483717
1.231668
0.314797
1.831601
1.233272
1.235856
0.964034
0.857067
0.148413
1.241118
1.232744
0.608984
0.815926
0.127589
0.136230
0.131922
1.380930
1.573928
0.610765
0.143396
1.231481
0.659377
1.603776
0.296684
1.304954
0.190019
0.751835
0.265228
1.230703
0.385358
0.459528
0.162014
1.250983
0.384038
1.583063
1.222595
1.233390
1.233272
1.231488
1.523995
0.561838
0.250574
0.752802
0.383977
0.914890
1.241103
0.230905
1.218944
0.775494
1.225422
1.833512
0.944436
0.292645
0.410074
0.653734
1.241050
1.001210
0.935129
0.139192
1.235036
1.645640
0.473151
0.502300
0.604725
1.833083
0.391522
0.225103
0.602618
0.996061
1.831788
0.659177
1.055465
0.305823
0.579538
1.198725
1.494673
0.419130
0.239620
0.532727
0.135692
0.233144
1.265115
0.822785
1.232263
1.654325
0.265412
0.389160
0.127620
0.236704
1.832486
1.234265
1.601097
0.646380
1.241707
1.515236
0.714269
1.571792
0.151775
0.432412
1.232068
0.885941
0.600795
1.502042
0.657265
0.934884
1.243251
1.209017
1.830354
0.947321
0.415512
1.828006
0.429594
1.513752
1.231742
1.712262
1.447709
0.927257
0.673491
0.858848
0.721753
1.254366
0.225007
1.770673
0.967222
1.135802
1.518420
1.517463
0.129745
0.139616
0.791881
1.232969
1.541597
1.403757
0.933688
0.458315
0.443864
1.224399
1.622414
0.482524
0.556264
0.286196
1.243856
0.506006
1.412266
0.141961
1.152871
0.250344
0.462791
0.962131
1.207087
0.786251
0.454445
0.633732
1.233743
0.502723
1.794101
1.524193
0.128200
0.168683
0.929442
0.242056
1.014295
1.238280
0.189340
1.182110
0.130563
0.647060
0.776773
1.198700
1.225776
0.133519
1.522582
0.780944
0.209679
1.519515
0.568247
0.213019
0.594093
0.549001
0.128020
0.168340
1.526175
1.282933
0.298369
1.371141
0.165895
1.814344
1.823301
0.501354
1.404360
0.155522
0.390065
0.492665
0.461406
1.594440
1.219477
0.669291
0.539108
0.567613
0.951014
1.671936
1.503310
0.780070
0.580464
0.196484
0.323977
0.782797
0.261425
1.662925
0.334452
0.576245
0.332065
1.562704
1.594904
1.228346
0.783221
0.555434
1.600748
1.516254
1.541485
1.234351
0.955359
0.685655
0.542816
0.249922
1.701289
1.288121
0.349941
1.128270
0.798531
0.705586
0.648080
0.165313
0.979650
0.936366
0.164693
1.222670
1.816820
0.800114
0.253787
1.668206
1.832863
0.269839
0.577123
0.831454
0.725152
0.257630
1.487316
0.405951
1.833505
0.458608
1.202808
1.459253
1.022065
0.127259
1.516718
0.431155
1.546496
0.857969
0.476444
0.759205
1.394240
0.313870
0.473657
1.604071
0.793601
0.212848
0.729551
1.780926
1.589922
0.668378
0.635972
1.513854
1.224963
1.467055
0.490998
1.543107
0.648682
1.223435
1.234985
0.338813
0.177383
1.235330
1.607776
1.232071
0.161752
0.471662
1.677487
0.990701
0.410631
0.156296
0.595838
1.230244
1.825320
0.655210
0.468258
1.808453
0.887794
1.233948
1.593570
0.357031
0.284347
1.210810
1.246238
1.610145
1.236275
0.583536
1.206039
0.791935
0.531164
1.503252
0.157013
1.519281
0.383524
1.234372
1.236631
0.498565
0.747228
1.199957
1.238669
1.517260
1.060726
0.932032
0.988313
1.336590
0.538591
0.940205
1.689427
0.509787
1.186158
0.160602
0.157738
0.220297
1.261268
0.956898
0.958547
0.857007
0.867900
1.387354
0.225122
1.796101
1.273344
1.526564
0.768145
1.243329
1.230262
1.833307
1.233786
1.483399
1.681409
1.232649
0.553076
0.371473
0.940333
0.261734
0.155924
0.622179
1.503178
0.281484
1.273289
1.009147
0.794369
0.781938
1.493671
0.562586
0.716224
1.226385
0.612899
1.292267
1.829806
1.834888
1.273243
0.150424
1.818782
0.389522
0.280184
1.724318
1.515280
1.519245
0.949708
1.234941
1.829540
0.291312
0.750000
0.207354
0.760316
1.512018
1.233728
1.013173
0.818910
1.661134
0.143212
0.483813
1.241137
1.095304
1.832381
0.531710
1.826679
0.764211
0.956253
1.229545
1.518268
1.520606
1.082532
1.737422
0.998285
1.167025
0.552720
0.948186
0.968806
1.528790
0.465732
1.518880
1.234453
0.288868
0.711445
1.236876
1.216820
1.237074
0.460750
1.239257
0.517501
1.212263
0.419016
0.879123
0.662037
0.181691
0.451654
0.689996
1.691756
0.565729
1.817689
0.649582
1.808549
0.204827
0.688056
0.138761
0.300323
1.609937
1.248830
0.512530
0.340646
1.518252
1.555073
1.020661
0.201478
0.317290
0.413425
1.696476
0.770418
1.781964
0.908921
0.935789
1.519038
0.651412
0.703564
0.128437
0.977722
0.431257
1.229242
1.302821
1.233408
0.692253
1.037689
1.657848
0.897914
0.322534
1.235575
0.777700
1.636502
1.542736
0.476030
0.297884
0.970012
0.277837
0.132419
0.168386
1.258832
1.518205
1.633278
0.651793
0.170751
0.806988
0.484004
0.862406
1.024556
0.275488
1.274930
1.234398
0.819495
1.833434
1.238500
0.222584
1.519504
0.147852
1.231969
0.882383
1.500098
0.882003
1.123406
0.666750
0.617213
0.131329
1.172595
0.776636
0.951929
0.155273
1.625080
1.796805
1.081471
1.229402
1.248470
0.159583
1.213757
1.648351
1.834872
0.389022
0.871528
1.233672
1.400960
0.157279
0.755769
0.236054
1.558561
1.328712
1.518591
0.711300
1.233132
0.706240
1.830425
0.231972
1.308939
0.946131
1.834281
0.634206
0.325104
1.534170
0.471387
0.273772
1.233244
0.127414
0.127958
0.225677
0.463948
0.258764
1.831495
0.480401
0.470541
0.781099
1.701046
0.734692
0.583661
0.762135
1.325477
1.236569
0.942742
1.518407
0.303024
0.130127
1.243930
0.963419
1.218892
0.147477
1.378793
0.768543
0.671554
0.600773
0.744451
1.608211
0.353752
1.016132
0.734416
0.136343
1.825406
1.281859
0.415188
0.286089
0.219986
0.443932
1.783482
0.224923
1.533222
0.398751
1.236926
0.657889
1.517277
1.064404
0.928054
0.465659
1.572248
0.338363
1.047648
0.882026
0.250004
1.649594
1.256901
0.440388
0.442538
1.437331
0.183816
1.834149
0.665170
1.526162
1.832988
1.233359
0.135183
1.571459
1.635872
1.137520
0.322950
0.450699
0.278756
0.211105
1.234457
1.235744
0.135807
1.513845
1.219110
0.693526
0.202640
1.676551
1.644172
0.788672
0.414864
1.499647
1.558280
1.071206
0.505759
0.151273
1.521173
0.575886
1.583467
1.123948
0.129837
0.195050
0.585416
1.016331
0.191954
0.778293
1.481795
1.253469
1.825567
0.334958
1.786113
1.829710
1.231498
1.234255
0.463086
0.511788
1.511783
1.834200
1.445730
1.713985
1.528537
0.814366
1.278814
0.728646
1.824684
0.579337
0.564176
1.500528
1.539579
0.978027
0.518706
1.560537
0.294210
1.233252
0.256760
1.671488
1.821996
1.389973
0.665882
0.178873
0.292503
1.335076
1.159350
1.518446
0.399143
1.220643
1.834827
0.929488
0.376013
0.127411
1.259179
1.221872
0.251304
0.767377
1.833473
1.698406
1.512990
1.494031
1.231786
0.672208
0.717067
0.127379
1.605319
0.186414
0.672950
0.130257
1.316092
1.058111
0.181201
0.998184
1.517872
1.550327
0.703209
0.950976
0.133761
0.628503
0.660474
0.134905
0.620333
1.442877
0.758526
0.649549
0.269004
1.555338
0.760589
0.769333
0.436125
1.336410
1.069143
0.804452
1.233179
0.917965
0.399948
0.254077
1.110427
0.181109
0.127193
1.540588
1.827359
1.659314
1.005985
0.772265
0.760402
0.705100
1.356124
0.406514
1.658820
1.832226
0.666666
0.533536
0.973464
1.589365
0.664940
1.038548
0.953579
1.212273
1.037651
1.244723
1.755416
0.477197
0.944359
0.787763
0.300431
0.949073
0.978171
0.739270
1.237791
0.233599
0.239401
0.555816
1.514652
1.075336
1.229007
1.226819
1.252746
1.645137
0.308088
1.622597
1.233640
1.229295
0.131274
1.233646
0.290912
1.234238
0.952044
0.410858
0.545025
0.774723
0.602799
1.235118
0.682394
0.578666
1.831958
1.188161
0.468341
0.949048
1.021599
0.385202
1.042402
1.692652
1.233805
0.370641
1.707893
0.155841
0.426915
1.545590
1.179708
1.232530
1.098292
0.178361
0.268255
1.224677
0.413429
1.736405
1.029158
0.557765
0.209430
0.755514
0.483631
0.426806
0.629478
0.948593
1.641490
1.830855
1.522523
0.130216
0.786584
1.233579
1.319013
1.544692
0.686453
1.039914
0.426807
1.360680
0.745797
0.926434
0.576587
1.502122
1.209208
0.432384
0.129513
0.241475
1.265503
0.605619
1.406736
1.821520
1.221325
0.312853
0.374464
0.989716
0.804284
0.153244
0.135499
1.727285
1.234105
1.519475
0.597469
1.216689
0.964449
0.385185
1.234069
0.393889
0.707952
0.220950
0.145802
0.457411
0.961116
0.188693
0.172799
0.576212
1.227960
0.944276
0.774549
1.006877
0.873651
0.344078
0.981754
1.233071
0.728883
0.233628
0.211717
1.233872
1.312835
0.728686
1.574434
0.953934
1.232001
1.513842
0.531568
1.406816
1.281606
1.519592
0.210000
0.613624
1.233170
0.548090
0.970844
1.518233
0.950884
1.032591
1.536645
0.742867
0.342578
0.597814
1.513631
0.245166
0.702320
0.689485
0.728740
1.673225
1.815575
1.235305
0.343679
0.199203
0.705075
0.790091
0.794373
0.966271
1.079543
0.137208
0.458197
0.963569
0.491461
0.227555
0.179036
1.316652
0.944240
1.235360
0.590690
1.503731
1.060552
1.020189
1.800485
0.775911
0.128429
1.786681
1.004653
1.589534
0.242848
1.440117
0.817464
1.673251
0.670210
0.938092
1.233785
0.908346
0.316716
1.602841
1.229969
0.163168
1.007191
1.735084
0.139261
1.238163
0.721058
1.181247
1.154054
1.233282
1.342212
1.130166
0.409587
1.237865
1.833344
0.164678
0.947581
0.504364
1.291660
1.589479
0.347342
0.127824
0.141602
1.183487
0.540163
0.358990
0.998271
0.437575
1.232247
1.563806
0.515417
0.624568
1.602757
0.128201
0.983359
1.789487
1.234513
1.218531
1.516373
1.231873
0.306456
0.727442
1.199101
1.004284
0.155667
0.127399
0.192537
1.832305
1.112319
0.675641
1.230833
1.229274
0.977584
0.181877
0.704379
1.250129
1.235702
1.225728
0.139210
1.782600
0.464122
0.357482
1.531850
1.229188
1.702892
0.951137
1.442078
0.903738
1.230832
0.373883
1.233418
0.711427
1.568128
0.962257
0.140782
0.160754
0.856286
0.155845
1.616319
0.443954
0.961841
0.175834
1.014938
1.271894
1.518511
0.189627
0.442870
1.825912
1.241451
1.506922
1.229609
1.228765
0.489559
1.218647
1.781965
0.127407
0.711749
1.182039
1.234141
0.213782
0.127635
1.221578
0.622579
1.148791
0.962029
0.245445
0.215923
0.881667
1.219512
0.876250
0.571646
1.693249
0.232592
0.740752
0.504535
1.364300
1.232742
0.233081
1.532192
1.572912
1.550896
1.376918
1.823810
1.824169
0.436068
0.549063
0.293535
1.114571
1.236572
1.010661
1.830182
1.484201
0.636219
1.230299
0.737664
1.829226
1.407632
1.821532
1.514138
1.591338
1.833635
0.560858
1.535742
1.832738
1.083672
0.653419
1.222326
1.242157
0.736647
1.242099
0.223277
1.830000
0.481198
1.213752
1.234433
1.141943
0.800224
0.541531
1.785669
0.356308
1.632851
0.963020
0.679978
1.232869
0.279576
1.359640
0.403867
0.127295
0.968952
1.240351
1.033519
0.723141
1.243220
0.246589
0.681976
0.172568
1.547894
1.239938
0.882096
0.618695
0.547816
1.664283
0.127636
1.253018
1.549814
0.553437
0.415730
0.368233
1.516541
1.590072
1.581950
0.581224
0.785346
0.225913
1.563163
1.464633
1.722238
0.605159
1.234506
1.017102
1.233075
1.234529
1.563882
0.158675
0.585423
1.524277
1.208458
0.796337
1.768291
1.162220
0.600951
0.344222
1.249455
1.678015
0.222473
0.249891
0.538829
1.808394
1.228143
0.188850
1.522684
0.537945
0.572871
1.714515
1.573605
1.018918
0.988116
1.518920
1.233563
0.968307
0.778537
1.703853
0.513366
1.118003
1.636210
0.191589
1.231726
1.385956
1.668012
0.423532
0.974775
0.585618
1.236552
1.094229
1.212564
1.514974
0.179575
0.210359
1.532870
1.066947
1.669153
0.725062
0.379752
1.544287
1.239892
0.556834
0.549668
0.692304
1.218252
1.234343
0.342734
1.014475
1.173399
1.322270
1.233469
1.571463
1.550015
1.283488
0.964125
0.944601
0.500381
1.833068
1.426014
1.603312
1.150150
0.130133
0.167606
0.926384
0.836187
1.526315
0.806368
1.323304
1.238342
0.543976
1.180885
0.908317
0.544848
1.233035
0.167220
1.040475
1.245190
0.991765
0.787311
1.301811
1.490121
1.805904
0.884645
0.353825
1.233680
1.264980
1.831351
0.127514
0.169444
0.364255
0.486453
1.254767
1.469434
0.608673
0.655173
1.006419
1.235475
0.127406
0.478070
1.506055
0.339227
0.507995
0.966811
0.153302
1.429434
0.757095
0.785316
0.928406
1.442060
0.142958
1.229895
1.050594
0.591981
1.183858
1.674187
0.178295
1.117344
1.233153
1.250340
1.234395
1.232314
1.565304
0.457244
0.288123
1.256544
0.209550
0.326172
0.528965
0.700696
1.739620
0.687149
1.645939
1.815404
0.321431
0.745245
1.658321
1.521608
0.548017
1.564147
1.529721
1.365192
0.577004
0.961607
0.258005
1.315952
1.240670
1.599632
1.242510
1.833901
0.150026
1.593057
0.190260
0.245956
0.788190
0.833325
0.677386
0.235198
0.127255
1.234968
1.545098
0.538287
1.227888
0.991946
0.871725
0.139697
1.584903
1.169100
1.394691
0.277690
1.636413
1.231965
0.251779
0.953502
1.037416
0.564516
0.691664
1.201213
0.175726
1.218998
1.107904
0.572664
1.447904
0.779402
1.506179
1.240502
0.780518
1.527241
1.795686
1.831149
0.611747
1.242595
1.025804
0.266259
0.342936
1.829077
1.568844
1.545437
0.982124
0.127394
1.148373
1.067262
1.580355
1.283855
1.122657
1.546868
0.767891
0.497555
0.996076
1.515307
0.692472
0.566337
1.243373
1.610707
0.983420
1.588245
1.234433
1.338171
0.395867
1.199328
1.831855
1.639314
1.152558
0.393836
0.127547
0.218281
1.540520
1.228361
1.388347
1.529578
1.235175
1.231333
0.161699
1.239224
0.544580
1.230598
1.519066
0.259273
1.515519
0.861202
1.267157
1.181393
1.605717
1.234301
1.234152
1.833905
1.278255
1.757722
0.485352
1.557625
0.528474
1.232581
1.287175
0.799146
1.229763
1.825948
0.451077
0.132174
1.255115
1.033613
0.706683
1.817871
1.002506
0.474406
0.695263
1.295829
0.171280
1.561601
0.810426
1.516225
0.698090
1.363900
0.399383
0.659327
0.736606
1.764786
1.830704
0.564309
0.291699
0.713333
0.967426
0.582799
1.247235
0.715168
1.825900
1.527401
0.612553
1.261547
1.234938
0.520764
0.240991
1.669212
1.472673
0.966202
1.615143
1.647008
1.239343
1.468091
1.241586
0.978056
1.510242
1.483215
0.450248
0.582389
0.510526
1.418176
0.641908
1.079945
1.834558
1.250674
1.518556
1.513344
0.521503
1.690228
1.583367
0.624485
1.044134
1.233196
0.652164
0.997167
0.622741
0.780411
1.661397
1.539849
0.532569
1.569659
0.914789
1.664778
0.162113
1.685397
1.506361
0.582729
0.497746
0.205290
1.601534
1.662155
0.184410
0.157296
0.191152
1.050731
0.622438
0.538423
1.801754
1.234261
1.527373
1.231233
0.518846
0.434547
0.780818
1.022936
0.656273
1.016209
1.043911
0.133011
0.770693
0.648583
0.499402
1.496261
1.086133
0.177916
1.517065
0.738741
0.777354
1.184245
1.832701
0.134786
1.179411
1.057223
1.820203
0.434570
0.343714
1.248158
0.131005
0.528758
0.890453
0.776989
1.790316
1.325051
1.223106
1.333975
0.606786
1.599698
1.236681
0.411325
1.386672
0.794769
0.149214
0.290010
0.983803
1.598620
1.517213
0.933501
1.819418
0.541441
0.577262
1.821917
1.047465
0.999061
1.380782
0.830147
1.254731
1.232392
0.576922
1.527680
1.232919
1.707187
0.178083
0.332704
0.206814
1.828014
1.522355
0.296236
0.367541
1.102845
0.617448
0.427038
0.147588
0.310558
1.084447
0.565709
0.762497
1.223729
0.942834
1.230597
1.472321
1.002478
1.323714
1.708206
1.752385
1.832500
0.261510
0.393963
1.516011
0.372980
1.234354
0.736330
1.719142
0.631688
0.594379
0.551022
1.226039
0.994911
0.180521
0.961181
1.233459
0.145287
1.518309
1.758671
0.944549
1.833724
0.298448
0.149924
0.299959
1.161851
1.148235
0.609523
0.235636
0.127532
1.521533
0.597765
1.234263
0.660436
0.731718
1.834611
1.220295
1.821839
0.599134
0.915445
1.253096
0.987848
0.988710
0.510009
0.127535
0.438749
0.983617
1.515312
0.650989
1.234066
1.639113
0.967886
1.783851
1.274524
0.966668
0.337375
1.820275
0.736847
1.519007
1.236121
0.216241
0.296408
1.684834
1.833287
0.994341
1.165845
1.588354
1.595017
1.232714
0.315946
1.338546
1.546136
0.169343
1.829848
1.833965
1.210072
0.984495
0.462458
0.653378
0.946508
0.180736
1.814574
1.812807
1.356033
0.858442
0.953104
0.819058
1.235904
1.273222
0.271080
1.616678
1.631779
1.234722
1.518487
0.135263
1.038278
0.787828
0.197578
1.515253
0.455216
1.358607
0.564821
0.377503
0.596964
0.245043
0.231205
0.186048
1.610232
1.217016
1.246375
1.286283
1.518046
0.526047
1.407237
1.824022
0.978412
0.214786
0.225933
1.832840
0.313335
0.230077
1.227803
0.138792
0.719172
1.183221
0.158278
0.143080
1.794937
0.823936
0.216899
0.933395
0.447421
0.468333
0.128842
1.287647
0.384425
1.545409
1.103673
1.504037
0.308897
0.262914
1.509386
0.514761
0.863962
1.226622
1.090285
0.803185
0.770192
1.720072
0.973411
1.121753
1.027572
0.573301
0.660780
1.593724
0.204671
0.831144
1.508463
0.168385
0.604007
0.586989
1.519380
0.214168
0.939240
1.814536
0.225485
1.593971
0.441710
1.781719
1.522538
0.509829
0.232788
1.515130
0.740563
0.600642
0.327734
1.817149
1.232314
1.205076
0.415963
1.186757
1.831432
0.963914
1.535241
1.237588
0.639841
0.538295
0.767120
0.605488
0.908502
0.570127
1.128614
0.266931
0.141804
1.233229
1.687662
0.397284
1.240361
0.131240
0.241116
0.757095
1.701333
1.639478
0.721779
1.240564
0.789199
0.163788
0.250019
0.894672
0.628030
1.235050
0.187096
1.234703
0.994238
1.765856
0.704295
0.312727
1.827432
1.606556
0.741193
0.163660
1.049715
0.801193
1.314211
1.654261
0.904426
1.232294
1.517680
0.805361
0.638892
0.933176
1.233872
1.220758
0.699959
1.289913
1.364478
0.130460
1.834453
0.521366
1.453971
1.231815
0.321535
1.699587
1.225496
1.285308
0.948679
0.582939
1.242633
1.518137
0.986240
0.127963
1.684759
0.127611
1.615829
1.571805
0.799994
0.276566
0.459622
1.240127
1.833819
1.516523
1.048536
0.680233
0.771662
1.827046
1.605101
0.168801
0.918467
0.145401
1.648744
1.612587
1.578519
1.233850
1.638903
1.513947
1.833927
0.856292
0.353806
1.529309
0.489240
0.308363
0.471482
0.330425
0.723908
0.590071
0.470974
1.232363
0.745484
0.182285
0.950323
1.283037
0.779745
1.217134
1.526945
0.221519
1.754257
1.225245
1.815356
1.829342
0.504417
0.502103
0.160799
0.218879
1.238389
1.688978
0.489389
1.233583
0.238700
1.227221
0.400323
0.518927
1.245534
1.513056
1.230062
1.521602
0.759847
0.157851
1.233632
1.526150
1.158535
1.569677
0.729924
0.520095
0.294781
0.708286
0.276586
1.519633
1.240916
0.344649
1.451495
0.676048
1.237717
0.169808
1.174456
1.817291
1.321359
0.212946
1.233182
0.179861
1.517040
0.793385
0.634019
0.244339
0.359335
1.518701
1.541666
1.628650
0.163854
0.525499
0.163162
1.501801
1.239580
1.628005
1.822914
0.334172
0.322858
0.997259
0.131786
0.993407
0.998927
1.404723
1.667906
0.487289
1.832594
0.774616
1.648772
0.338711
1.233180
0.964795
0.764089
0.861277
1.083599
1.002970
1.830292
1.810545
1.832533
0.318561
1.232826
1.192414
0.952519
1.354135
0.178975
1.518083
1.235466
0.296943
1.831328
0.142507
1.255380
1.022796
1.349485
0.451785
0.901502
1.548658
0.368556
0.217854
1.797281
1.467617
1.240646
0.153412
0.958982
0.947190
0.383624
1.802480
1.286382
1.806347
1.607717
0.313840
0.179864
0.818912
0.716035
0.709233
0.533534
1.233003
0.330869
1.588377
0.405935
0.517580
0.234861
1.834756
0.994131
0.919717
1.213638
0.417341
1.834259
0.512927
0.769457
1.327831
0.336823
0.692825
0.651579
1.244729
0.165745
0.146961
1.227894
0.961005
0.223749
0.464242
1.318025
1.558709
1.207935
1.230246
1.183304
0.216145
1.676596
0.919883
1.032562
0.846507
1.518354
0.173746
0.683144
1.541294
1.581159
0.505737
0.187477
0.127954
1.236330
0.617481
0.316715
1.695211
1.238184
0.567393
0.550249
1.500006
0.317713
0.313821
1.225134
0.215875
1.409644
0.951078
1.782772
1.167335
1.234136
1.173652
1.011286
1.828032
1.240813
1.518633
0.938932
0.663069
0.226972
0.432013
1.144391
0.471325
1.567713
1.343130
1.001814
1.828478
1.594763
0.346482
0.558923
0.769582
0.991081
0.539528
1.518681
0.167536
1.571619
0.558841
1.282007
1.040270
1.233026
0.873955
0.156188
1.563668
1.233072
0.781673
0.971929
0.401599
0.206128
0.551600
0.523629
1.210755
0.157430
0.775312
1.581104
0.150802
0.127446
0.865299
1.241390
0.609779
0.578426
0.550292
0.948221
1.832160
0.334305
0.879045
1.824053
0.470246
1.520112
0.699393
1.522389
0.522102
0.658680
0.964973
1.600453
0.254592
1.232840
0.761827
0.499641
0.127234
1.233944
1.688140
1.799939
0.534445
1.788823
1.341204
0.178407
1.684029
0.467166
1.562589
0.947705
0.165060
1.816772
1.224250
1.117221
0.977835
1.231975
0.523059
0.718976
0.948815
0.948197
0.553072
1.834000
1.231051
1.601285
1.492352
1.263015
0.202448
1.435716
0.850464
0.658915
0.628176
1.288297
1.188609
0.151876
1.775954
1.608185
0.647775
1.229798
0.793500
0.645760
1.234531
0.592984
0.934129
1.595675
1.233028
1.525480
0.585074
0.163747
0.179542
0.178842
0.444466
1.165481
0.602743
0.746447
0.412438
1.255730
1.516764
1.481863
1.682499
0.545992
1.226726
1.236031
1.505839
1.556585
0.628553
1.654512
1.775050
0.701570
1.535809
1.639126
1.693403
1.226300
1.593667
1.231738
1.232323
1.826003
1.230145
1.542334
0.767126
1.110214
0.374589
1.228318
0.128083
1.203319
0.172512
1.056582
0.701971
0.857759
0.326004
0.738615
0.651643
1.649176
1.585599
1.393092
0.811467
0.621541
0.817655
1.437835
0.590443
0.151957
1.384115
1.701284
1.559192
0.999933
1.267829
1.544068
0.640782
0.171023
1.252491
1.833117
1.560979
0.994117
1.515025
0.346635
0.783305
0.676129
1.522187
1.242350
0.605535
0.165864
0.536744
0.540471
1.356978
0.163748
1.513508
1.348946
1.002744
1.831581
0.511083
0.442217
1.517596
0.717804
1.180159
1.834606
0.166330
1.833164
1.579772
1.791859
1.233516
0.130551
1.585416
1.245251
0.806897
0.127627
0.529134
0.458890
0.996718
0.755564
1.363662
1.226388
1.317398
0.136429
0.580265
1.499557
1.236223
0.152251
0.620185
0.655340
1.236302
0.316850
0.396057
1.249371
1.582864
0.450150
0.198411
0.489506
1.824134
0.170762
0.572583
0.571677
0.459542
0.701870
0.543535
1.516609
1.233740
1.831502
1.560078
0.773271
1.234289
0.809371
0.963800
0.650192
0.547423
1.577763
1.231955
0.357037
1.233100
0.211135
0.939887
0.710812
1.115155
1.649864
0.141745
1.743565
0.582938
0.508030
1.222888
0.287175
0.641680
0.745591
1.620106
1.234474
0.677615
0.700571
1.235042
1.431803
1.031205
0.998679
0.637361
0.858344
1.834514
0.635704
1.200304
1.236143
0.227193
0.623935
0.680527
0.788630
1.230735
0.622361
1.230396
1.508449
0.209320
1.510988
0.153545
0.209073
1.230505
1.517792
1.016550
0.340016
1.264833
1.643908
1.261563
0.457308
0.505581
0.240001
1.619751
1.821296
0.245738
1.234813
0.510437
0.270813
1.235254
0.574893
1.447561
0.804221
0.662687
0.576123
0.993720
1.244980
0.766252
1.496928
1.232627
0.539678
0.876673
0.783201
1.519428
0.865824
1.516223
1.237396
0.472258
1.772764
1.463411
0.776355
0.153333
0.996585
0.787008
0.603458
1.713575
1.824156
0.220910
1.830788
1.546404
0.163282
0.248224
1.835056
0.794352
0.581684
0.137557
1.802774
1.114768
1.231912
0.173736
1.331823
0.130952
1.544033
0.160552
0.789571
1.235353
0.852992
0.806015
0.769529
1.231717
1.232444
1.825971
0.384286
0.156352
1.243611
1.479930
1.302820
1.296777
0.998308
1.214493
0.137213
0.160458
1.005650
0.401732
1.821133
1.215020
0.699347
0.778260
0.405943
1.632096
0.473946
1.224179
0.970166
0.778666
0.442487
1.297717
0.174624
1.222706
0.978948
1.214705
1.229217
0.138510
0.790024
1.234380
1.259120
0.652349
1.074265
0.971378
1.240942
1.750942
0.158942
0.832179
1.519122
0.468383
0.259080
1.230611
0.292365
0.789734
1.360228
1.250266
0.864755
0.876571
1.611198
0.331830
0.742693
0.731157
0.914825
1.000886
1.825626
1.828377
0.240039
1.529916
1.235007
0.236387
1.256021
1.250521
1.792058
1.826335
0.419488
0.691389
0.892065
1.305686
1.832720
0.492844
1.676177
1.822438
1.826392
1.553327
0.804309
0.279479
0.860807
1.789697
1.235179
1.094296
0.856427
1.232845
0.628940
1.229220
0.553050
1.287933
0.228765
0.217459
0.531902
1.255559
1.252445
0.509138
0.590431
1.593486
0.589445
1.438863
1.234708
1.372315
1.758677
1.512686
1.233887
0.436669
0.441783
0.683062
1.231308
1.589454
0.159192
1.141903
1.803137
0.127498
1.576560
0.152350
0.678761
0.127300
0.979284
1.576691
0.246261
0.685904
0.825629
0.155717
1.801234
1.655264
1.410053
1.261910
1.524043
0.258106
0.692805
0.473387
1.223632
1.483181
0.980228
0.142595
1.516860
1.650482
0.174876
0.608675
1.720710
1.578088
1.252148
0.815445
1.518859
1.818096
0.128235
1.166814
1.114351
1.233044
1.802387
1.046643
1.667382
1.546859
0.984119
0.536885
0.139051
0.382727
1.630593
1.530152
1.219446
0.599456
1.229589
1.679236
0.636038
1.221731
1.828168
0.957742
1.100854
0.240161
1.574462
0.762826
0.127286
0.804714
0.161421
0.159759
1.832904
1.223230
1.511246
0.309145
1.209385
1.521248
1.805777
1.229015
0.214381
0.950806
1.227643
1.653729
0.294331
0.752698
0.740304
0.911150
0.373088
1.581659
1.657393
0.713050
0.132046
0.822807
1.242351
1.827584
0.971602
1.728354
0.142624
1.800221
1.827818
1.601597
1.677064
1.252203
0.791214
1.518015
1.513262
1.243032
0.132559
0.774562
1.591229
0.215495
1.300619
0.746521
1.832400
1.699374
1.602333
0.903389
1.708688
0.664563
0.574984
0.705849
1.829838
1.255477
0.776878
1.362952
0.805619
1.234365
1.497529
0.410615
0.881158
0.275860
1.186223
0.681173
0.926409
1.513560
0.984856
1.235545
1.233593
1.201851
1.024802
0.504763
0.339640
0.674882
1.273577
1.237293
1.598833
0.203554
1.023501
1.520634
0.162782
0.985058
1.265121
0.188577
1.608424
0.942478
0.625135
1.226418
0.589536
1.427789
0.435517
1.734692
0.578212
0.234549
1.253371
0.507388
1.137086
1.593681
1.231094
1.809087
0.353893
0.970745
1.586229
0.127895
0.632131
0.890531
1.632516
0.128001
0.788806
1.321739
0.501242
0.977878
1.233084
1.242857
1.829081
0.777460
1.113526
1.588437
1.254067
0.940071
1.219578
1.831199
0.885082
0.158825
1.618230
1.518307
1.662264
1.234608
0.131301
0.679476
1.237816
0.278087
0.856452
0.299435
0.208984
1.073714
1.586742
0.585239
0.562788
1.508084
1.734355
1.624187
1.829129
1.058666
0.215252
0.162152
0.332379
1.578250
1.522204
1.400411
1.524287
0.127485
1.561689
1.813211
0.749122
0.882152
0.740546
1.059533
0.685431
0.775917
1.459274
1.246284
0.721473
0.503771
1.826910
0.154853
1.603849
1.494250
1.236463
1.832638
1.511522
0.810249
1.586866
0.789619
1.505645
0.694674
0.176953
1.231730
1.251477
1.488323
0.713262
0.133725
1.250078
1.831329
0.598541
0.498721
1.774266
0.248649
1.519268
0.177715
0.425239
1.240182
1.238691
1.536731
1.155839
0.130704
1.216602
1.815341
1.228483
1.811912
1.301011
1.232570
1.063628
0.460533
0.160765
0.789165
0.544835
1.601448
0.316215
0.168470
0.215631
1.635545
1.530525
0.127340
0.962303
0.173271
1.661368
1.226369
0.190166
1.194406
0.574733
0.127248
0.988588
1.522654
0.602924
1.252716
1.253817
1.831125
1.205557
0.509266
1.599137
0.610344
1.613649
1.392241
1.534350
1.834555
1.707448
1.582556
0.836007
0.127468
1.235044
0.522894
0.346595
1.243877
1.233391
0.284270
0.530276
0.745773
0.573802
0.435514
0.256957
0.791329
0.204342
0.607685
0.472244
0.128083
0.737548
1.210340
1.393867
0.127675
1.242090
1.782370
1.827260
1.706590
0.667660
0.508582
1.229836
0.895001
1.234586
0.976400
1.520231
0.812078
0.982874
1.331844
1.498460
0.601354
0.959261
0.257436
0.985076
1.234260
1.221058
0.669203
1.827082
0.244771
0.243400
1.026381
0.593827
0.804574
1.495987
1.521871
1.597208
0.625830
1.514101
1.231798
1.520998
0.289773
1.224424
0.984128
0.207128
1.508456
1.314192
1.352164
1.673831
0.629382
1.236482
0.587852
0.516967
0.969742
0.336231
1.233449
1.374180
0.591805
0.256345
0.239730
0.659472
1.709797
0.792539
1.527035
1.536421
0.488222
0.273959
0.266750
0.802837
1.644945
1.310443
1.831142
1.832748
0.373444
1.009136
0.484104
1.167634
0.200773
1.826272
0.965052
1.517124
0.481661
0.610311
0.334251
0.661562
0.637576
1.514740
0.234410
1.306067
1.515958
0.443282
0.808603
1.452750
1.146105
1.234140
1.501796
1.705984
0.639158
0.582653
0.169179
0.623117
1.283024
0.223292
0.252186
1.579603
1.832043
1.401336
0.653883
1.831523
1.519518
1.211471
0.398865
0.785175
0.394046
1.240644
0.166040
0.546280
1.694879
1.833616
0.321429
0.683910
1.750956
0.474182
0.405427
0.467730
0.412827
1.541154
1.239929
0.680370
1.366244
0.173240
0.406314
0.486181
0.551887
0.920295
0.635541
0.460149
0.502549
1.069524
0.306629
0.198818
1.394877
0.492144
0.441743
0.408383
1.043975
1.626985
0.531392
0.433957
0.867869
1.492756
1.487465
0.953297
1.721596
0.525376
0.164325
1.514008
0.681132
1.366351
0.623669
0.470770
0.181373
1.606231
1.239922
1.832731
1.235861
0.941819
1.317830
1.496045
1.567842
0.978746
1.499163
0.694625
1.285225
0.687127
0.494729
1.234589
0.202834
0.550750
0.458600
0.259974
0.166728
1.833570
0.499346
0.684450
0.823366
0.594896
1.832596
1.235239
1.384440
1.240862
0.213814
0.402054
1.206203
1.226085
0.978919
0.535266
1.720608
0.879736
0.499932
0.968805
0.479351
0.753157
1.356612
1.580950
0.674561
1.290420
1.614656
1.273671
1.260214
0.498298
0.788794
1.583696
0.146685
0.973745
0.865010
0.495426
0.812774
0.195790
0.769921
1.280053
1.831657
0.780013
0.823226
0.516847
1.232546
1.237459
0.131534
0.658356
1.247204
1.519517
1.495338
0.945457
1.304445
1.571632
1.403923
0.887329
0.306814
1.822766
1.513172
1.255344
0.195704
1.186544
1.154143
1.832264
0.927628
1.521879
0.772076
1.803442
0.195241
0.462743
0.206507
0.715285
1.603957
1.141692
1.576265
1.235959
1.211011
0.197238
0.702015
1.234869
0.163796
0.266533
1.135891
1.605232
1.257644
0.260224
0.143856
1.225987
1.823603
0.687935
1.834507
0.969757
0.776014
1.465961
0.485258
0.800505
0.568573
0.627392
1.545076
1.663704
1.514420
1.433185
0.180253
0.171132
0.668996
1.515705
1.518744
0.185154
1.171745
0.848421
1.099910
0.789330
1.521739
0.162676
1.237858
0.438107
0.749704
1.694561
0.606299
1.078780
0.652665
1.518069
0.414442
0.132141
0.397444
1.828477
0.673633
1.492021
1.614105
0.862324
1.626918
0.327006
1.230585
0.143693
0.495054
0.273174
1.628148
1.425085
1.247440
1.237496
0.144409
0.334663
1.717254
0.570306
1.515861
1.240734
1.805227
0.985735
0.137499
0.500790
0.997315
1.585342
1.327368
0.767937
1.711311
1.239521
0.149512
1.651027
1.511255
1.193955
0.788520
0.589853
0.622470
0.810792
1.517697
0.154374
0.577251
0.465941
1.285945
1.140918
0.753071
1.218868
1.272542
1.408101
0.179018
0.127482
0.170924
1.209784
0.224523
0.668455
1.393572
0.615248
1.462972
0.670022
0.746510
1.548322
0.445390
1.141108
1.553527
1.221053
1.241824
1.493101
1.228197
0.591380
1.829306
1.625153
1.232918
1.017604
0.237339
1.184976
0.524043
0.758554
1.044923
1.232951
0.203970
0.345108
1.623008
1.834069
1.518187
0.161997
0.217287
1.233341
1.261949
1.513596
0.282380
0.575458
1.222592
1.695291
0.244338
0.286735
1.827293
0.151966
0.572659
1.229549
1.521433
1.651874
1.277138
1.229566
1.497458
0.153314
0.916392
0.869368
0.792751
1.279895
0.568658
0.796984
0.954869
1.169504
0.219013
1.104121
1.613796
0.697546
1.212471
1.294706
1.564759
0.307834
1.234262
1.691864
1.228591
1.233026
1.516378
0.279277
0.894137
1.233931
0.987868
0.878703
0.595764
1.232221
0.770119
1.000461
0.942215
1.523392
0.787617
1.236594
1.304852
1.229423
0.200388
1.228626
1.477313
0.380664
1.250995
0.139281
0.130687
1.467418
1.229672
1.602906
1.254950
0.312920
1.235067
0.805037
1.243953
0.460592
0.174963
0.284936
1.231531
0.623559
0.458565
0.947249
1.233695
0.661938
0.604238
0.596187
1.235898
1.079540
0.224056
1.745221
1.233155
1.283577
0.799848
1.255628
0.968994
0.393990
0.478149
0.934478
1.800558
1.833949
0.613921
0.706916
1.230318
1.509961
1.479115
1.235715
1.059669
0.160465
0.991765
0.960383
1.518863
0.673621
1.237929
1.691035
1.238247
1.527144
0.697989
1.517606
1.634374
0.150530
1.212677
1.240027
0.464115
0.142077
1.529421
0.451632
1.511835
0.918772
0.474550
0.805458
0.307943
0.765705
1.448813
1.285143
0.825882
1.518420
1.214102
1.675394
1.000291
1.479295
0.552713
1.827126
0.134258
1.239808
0.439614
1.257490
1.292164
0.978471
0.459365
0.733657
1.233830
1.394931
0.778253
1.034003
0.700173
1.696833
1.680548
1.260150
1.092812
1.555439
0.855872
0.450380
1.644387
1.282867
1.503007
1.513948
0.971744
0.483203
0.288247
1.630195
0.697302
0.293225
1.495768
0.656976
1.241393
0.127341
0.720574
1.656512
0.427732
0.130569
1.532514
1.527522
0.735877
0.379711
1.235013
0.529476
1.258620
0.583985
0.127640
0.832907
0.643788
1.229727
0.219485
0.561624
0.837663
1.510069
0.237680
0.233288
0.641828
1.233415
1.316060
1.520913
0.421308
0.558828
0.910140
0.350257
0.758409
1.300175
0.359941
1.237542
1.562969
1.233138
0.130791
1.188329
1.245224
0.397629
0.913000
0.128745
1.517484
0.719846
0.200900
0.929074
0.396668
1.502153
1.238603
1.235456
1.537600
0.768701
0.793329
0.327830
0.375205
1.090333
0.408148
1.834803
0.247782
1.790358
0.801433
0.223339
0.754478
0.277784
0.964762
0.965348
1.050139
0.466347
1.502299
1.229767
1.521543
0.731827
0.965292
0.302394
1.003842
1.635419
0.693630
0.805263
1.489593
1.522367
1.611258
1.729729
1.229111
1.517720
0.466622
1.823185
1.830389
0.266375
0.775746
1.234475
1.140124
0.420350
0.961575
1.494971
0.496005
1.828115
1.238563
1.346822
0.573833
0.197816
0.335771
1.243734
1.097962
0.242163
1.512260
0.156192
0.774825
1.564664
0.939185
0.390457
0.186801
0.728685
1.833708
0.418885
0.990750
0.176957
0.266183
0.185741
0.336225
0.664504
0.695655
1.233650
1.724823
0.935308
1.233871
1.813637
0.647471
1.233431
0.134513
0.584936
0.357036
1.232411
0.713407
0.944831
1.226244
1.591852
1.823167
1.726100
1.830008
1.284438
1.246633
0.343298
1.251318
0.540026
0.582916
1.225292
1.460560
1.233751
1.600346
0.747947
0.522463
1.239272
1.236393
0.949265
1.228063
0.736273
1.551504
1.285791
0.975108
1.240244
1.243328
0.253301
1.603460
0.593148
0.270128
1.269406
0.191493
0.139950
0.986449
1.680683
1.714759
0.383460
0.488628
1.593624
0.167114
0.645104
1.581030
0.407448
0.134171
1.832365
1.665515
0.174847
0.560726
1.498039
0.204147
0.207430
1.664333
1.546278
0.909034
0.342930
0.915781
1.234013
0.785481
0.624661
0.191313
1.513345
1.833119
1.829195
1.518261
0.137762
0.165908
0.735971
0.775582
0.349062
1.491574
0.933005
1.783370
1.484409
1.595575
1.268278
0.965600
1.520354
1.501163
0.383943
1.633000
1.166528
1.823952
1.520705
0.935823
0.774843
0.191893
0.981192
0.150322
1.226572
0.268908
1.600302
1.178359
1.218748
0.766230
0.388702
0.751921
0.416066
1.267342
0.548195
0.711939
0.229534
0.663312
1.234406
1.629336
1.834850
1.011121
0.375290
0.180156
1.223671
1.084312
0.135365
0.734006
1.507044
1.233722
0.956282
0.994094
0.399684
0.550910
0.803453
1.516975
0.766347
0.984370
1.716653
0.299573
0.643668
1.518665
1.586948
0.998005
1.607062
1.566357
1.531157
0.794978
0.955208
0.537366
0.127316
1.240470
1.575162
1.266685
1.709721
0.219164
1.238849
1.832131
1.250113
1.790467
0.671146
1.230133
0.804985
0.158979
1.589933
1.233946
0.807297
1.668159
0.239877
1.101107
1.369097
0.606794
0.412534
1.605928
1.593806
0.684302
0.522651
0.976363
0.325376
0.434472
1.200976
1.347125
1.156097
1.833822
0.127265
0.128915
0.861866
0.960375
1.542484
0.588303
0.606241
0.232698
0.637193
0.961775
1.233924
0.209703
0.545599
1.231508
1.560997
1.518526
0.258956
0.439204
0.146896
1.498303
1.207586
0.199139
1.233481
1.236083
0.561965
0.221344
1.798607
1.248613
0.961489
1.043763
1.235821
0.130811
0.165195
1.232309
1.024132
0.254494
0.702398
1.520839
1.829568
0.564489
0.170136
0.964224
1.350222
0.172866
0.127550
1.234250
1.185618
1.326323
1.232378
1.401302
1.262209
0.183594
1.344399
0.232412
1.125407
1.294228
1.772889
0.344739
0.575096
0.722726
0.468117
0.971599
1.344137
0.442552
1.239164
1.821163
0.941271
1.275221
0.989917
1.174058
0.689434
0.501612
1.218860
1.518489
1.232489
0.217060
1.788701
0.155542
0.147309
0.568344
0.762439
1.478454
0.724727
1.783316
0.556588
1.518059
1.456595
1.230579
0.577231
1.233916
1.235188
1.727890
1.263513
0.754026
1.512640
1.553799
1.416243
0.748431
0.794394
1.571156
0.697759
1.527915
0.593585
1.229349
1.656596
1.610535
1.641415
1.833138
0.591311
1.525040
1.567784
1.832121
0.561280
0.769724
0.546997
0.515814
1.186158
1.632436
1.805667
0.438413
0.233814
0.496283
1.225366
1.015913
0.441959
1.544354
0.176383
0.137289
0.330121
1.607577
1.215477
1.522703
0.184354
1.222945
0.257839
0.749360
1.606104
0.564123
1.215235
1.231635
0.540901
0.129616
0.180718
0.969284
0.458882
1.231727
0.425829
1.717420
1.517531
0.673913
0.615334
1.191358
1.232173
0.937699
1.059518
0.339799
1.824238
1.517963
0.760964
1.540287
1.234133
1.058805
1.824386
0.941908
0.835056
1.241342
0.623785
0.701843
0.427528
0.217856
1.829743
1.814467
1.520118
0.701459
1.217582
1.830371
0.688957
1.234780
1.834868
1.517655
0.928669
0.442820
0.969091
1.515578
1.045300
1.631933
1.539724
1.821919
0.554406
1.518749
0.293052
1.554732
0.365483
1.091229
1.233962
0.753355
0.229253
1.286294
0.544861
1.649073
0.970441
0.706151
0.634520
1.192066
0.166372
1.679348
0.503190
0.854631
0.783183
1.234550
0.971339
0.685854
0.322576
1.809107
0.240245
1.587334
0.766851
0.315526
1.578446
1.374362
1.212814
0.443860
0.236762
1.831636
1.228758
0.741976
0.477247
1.241965
1.698753
0.175949
1.270079
0.950251
0.831871
0.437996
0.349987
1.756189
1.513383
1.231634
1.338521
0.819482
1.695167
0.562540
0.138889
1.793422
1.834242
1.834360
1.235918
0.991946
1.747039
1.687759
1.815012
1.230046
0.159337
0.244188
0.736836
1.232674
1.833991
1.694196
1.811654
0.127671
1.014195
0.337722
1.829484
0.941862
0.969644
1.803280
1.234109
1.235233
1.518491
0.286266
0.235438
1.516473
0.215232
0.991083
1.046093
0.127256
1.157421
1.721063
0.424805
1.616542
1.616202
0.157400
1.230557
0.318058
1.231859
0.151586
1.808242
0.990450
0.704873
0.421625
1.802574
0.691751
0.154592
0.857990
0.640633
1.491646
1.234275
1.272099
0.563742
1.424398
0.127700
0.483063
0.216564
1.634657
0.843098
0.346898
0.387022
0.739664
0.886088
1.659847
0.875408
1.826359
1.228120
0.280833
1.234096
0.944757
0.314390
1.100958
0.294674
1.585659
1.397895
1.484707
1.834808
0.867142
0.178805
0.485914
0.442666
0.790177
1.687747
1.099193
1.213166
0.534850
0.955356
1.237523
0.617830
1.234033
0.986684
0.701314
0.584573
0.202265
1.241850
1.550897
1.686776
0.904759
1.265507
1.763971
0.967033
0.808617
1.586734
0.214306
0.514089
1.233320
1.636466
1.518145
1.667917
1.681396
0.988174
1.604582
0.137209
1.685311
1.547560
0.637183
1.235119
1.550078
0.135509
0.969318
0.249246
1.184777
0.303660
0.765997
1.512392
0.937098
0.285216
1.812788
0.252006
1.002057
0.159913
0.673910
1.234294
0.187033
1.368307
0.826086
0.838483
1.625540
1.036816
0.713880
1.239382
0.466010
1.538087
0.264531
1.389410
1.418162
0.955749
0.127296
0.232837
0.665119
1.362623
1.826227
1.672101
1.815403
1.827036
1.232153
0.527907
0.867288
0.538968
1.265035
1.262538
1.229463
1.571965
0.282516
1.244318
1.677492
0.480749
0.140465
0.422478
0.996227
1.242734
0.150527
0.200926
0.140483
1.584202
0.375055
0.538587
0.430951
0.789982
1.594493
1.467428
1.716239
1.234179
1.506777
0.714854
1.603948
0.597815
1.513303
0.212365
1.013956
0.280370
0.201743
1.660194
0.312817
0.583640
1.725330
1.528200
1.244970
0.128404
0.667601
1.240382
0.369411
1.713329
1.817261
1.490442
1.522923
0.520319
0.732829
1.518885
0.610519
1.220819
0.949185
0.195589
1.231564
0.326230
0.384947
0.422113
1.503366
0.223794
1.229323
0.370925
1.821523
0.451889
0.184275
0.724371
0.148163
0.727815
1.694449
0.883895
0.749337
1.518381
1.833853
1.646437
0.175668
1.183619
1.515396
1.232184
1.653297
1.520495
0.374046
0.567400
1.231685
0.296633
0.573672
0.286783
1.189099
0.214452
1.044119
0.771242
1.018740
0.614746
1.830253
1.233497
0.186592
0.594982
0.170869
0.837767
1.561004
0.655778
0.130627
0.174436
0.211640
0.757261
1.236318
1.210835
1.577833
1.828726
1.359443
0.704018
0.192201
1.517776
0.954882
0.214307
0.944787
0.725361
0.496924
1.235076
0.143754
0.135456
1.533442
0.182111
1.245929
0.630450
0.488181
1.831843
0.966612
0.168291
1.234265
0.692901
1.110604
1.539557
0.354047
0.462583
1.522171
0.963260
1.009442
0.615861
1.741344
0.985526
0.207454
1.203041
0.759946
0.147510
1.833178
1.231926
1.524135
0.648607
0.965317
1.486728
0.972012
0.907576
0.127636
0.406850
0.775954
1.655762
0.607205
1.782796
1.217295
1.237084
1.832311
1.275854
1.227313
0.981245
1.235630
0.932695
1.618742
0.812770
1.239903
0.127216
0.127277
0.260933
1.235904
1.609199
1.598598
1.238382
0.574184
1.507920
1.575603
1.230321
0.701263
1.518221
1.219385
0.163689
1.708617
1.072989
1.266710
1.033059
1.833070
1.233302
0.241068
1.233833
0.677181
0.411611
1.089541
1.211834
1.182441
0.142715
0.280193
1.513752
0.455175
0.517495
0.158163
1.573604
1.832823
1.311612
0.149655
1.330047
1.233809
0.356004
0.891293
1.688973
0.879788
1.402584
1.783796
0.592644
1.517381
0.759795
0.972584
1.792429
0.509805
0.976904
1.346728
1.627308
1.288281
1.662105
0.519242
0.980976
1.226763
1.347097
0.946656
0.176192
1.027827
0.709952
1.814746
1.233677
0.546769
0.301478
1.476560
1.235290
1.133182
0.179264
1.690390
0.600194
1.217602
1.633925
1.517772
0.342270
0.630614
1.001560
1.416233
1.257147
0.378312
1.817555
0.192731
1.524538
1.234058
0.555412
0.699249
0.381611
1.655656
0.355734
1.549528
1.830553
1.233297
0.158630
0.328722
1.693107
0.929087
1.509027
0.135556
0.380210
0.566376
0.991413
0.938265
1.672421
0.988466
0.778151
1.196470
0.132555
1.233987
0.218107
1.812669
1.235421
0.768116
1.240620
1.216150
1.231977
1.620836
1.664580
0.957906
0.643446
1.322744
0.444230
0.962894
1.542554
0.127663
1.518901
0.531055
1.652223
1.230760
1.233654
1.658185
1.235237
1.241617
1.635891
0.449468
0.455278
0.153889
0.623713
0.501060
0.949977
0.533730
0.698158
1.479732
0.169291
1.258860
0.517122
1.235253
1.827680
0.152623
1.511917
1.026197
1.231698
1.586998
1.548415
0.520312
1.828825
1.235593
0.164168
1.232916
0.398778
0.701169
0.540023
0.914773
0.161504
0.883849
0.576753
0.958446
0.421255
0.777349
0.844580
0.820947
0.368857
0.955946
0.577781
0.357881
0.541487
0.422505
1.591349
1.225194
0.930106
1.590051
0.914709
0.708104
1.833174
0.626461
1.239869
1.247781
0.986552
0.235618
0.182033
0.129202
0.134261
0.785357
0.998161
1.496500
1.606290
0.682151
0.709770
0.541544
1.262601
0.788414
0.395581
0.983850
1.214242
0.593478
1.833927
1.256546
1.227298
1.233931
0.150993
0.614172
0.632671
0.495628
0.980664
0.465415
0.742954
0.462185
1.586298
0.359036
0.548105
1.561560
1.272980
1.703082
1.206823
1.172719
0.770304
0.921204
1.665787
0.550299
1.348043
1.238742
0.924986
0.144424
0.129454
0.813938
0.301632
1.167340
0.195685
0.175239
1.364857
1.236305
1.232741
1.518607
0.628696
1.584954
0.439649
0.564649
1.833198
0.679634
0.302348
1.240110
0.958187
1.830133
1.801292
0.428227
1.520838
1.232821
1.607036
0.164224
0.887566
0.630099
0.194643
0.585945
1.232704
1.031409
1.115178
1.829246
0.697049
0.141221
0.168200
0.325652
0.571888
1.715999
0.547523
1.187916
1.802812
0.832623
0.163475
0.781309
1.832746
0.187205
1.256106
1.233748
0.599923
0.643582
1.251737
0.175291
0.690485
0.419548
0.150825
0.229666
0.566222
0.772366
0.130367
0.511887
1.621907
1.743123
1.232144
0.546232
1.833399
0.479489
0.567313
1.826098
0.540785
0.233207
0.378431
1.575293
1.237975
0.780608
1.546117
0.494084
1.023487
0.533206
0.626981
1.522312
0.752855
1.651735
0.304700
0.572432
0.515144
1.498550
0.636749
0.307433
0.162912
1.311974
0.904643
0.303373
0.256475
0.164343
0.791997
1.219308
1.118039
0.374408
0.207700
0.557771
0.127352
0.644534
1.567796
1.277955
1.110703
0.158186
0.162099
0.418076
0.328697
1.205504
1.633228
0.138083
0.475618
1.232892
1.163603
1.355615
1.518455
1.570300
1.535454
0.731127
1.572919
0.593688
1.396223
1.830250
0.950619
0.692099
1.255067
1.497657
0.499362
0.541206
1.814653
0.709810
1.366852
1.256605
0.761478
0.708128
0.698378
0.239573
0.133281
0.419330
0.147230
0.536353
0.311693
1.792579
0.166274
0.439018
1.266641
1.439519
0.284819
1.054155
0.257090
1.051676
0.553426
1.320230
1.498986
1.263154
0.936942
1.696407
0.810812
1.546540
0.771965
1.231474
0.397162
0.410239
0.153018
0.863671
0.781753
0.331438
0.309835
0.818443
1.235802
1.614872
0.675043
1.011505
0.853702
0.175153
1.536911
0.537223
0.680347
1.148723
0.667429
1.021574
1.518635
1.205497
1.232420
0.201530
0.570170
1.666289
1.232847
1.233299
1.734633
1.686541
1.499209
0.934179
1.825787
1.519106
0.330500
1.624510
0.833262
1.625139
0.168594
0.782172
1.224203
0.361966
0.856757
1.834751
0.432574
0.701980
0.931618
0.172504
1.427403
0.376408
0.256438
1.254941
0.135034
1.586533
1.198820
1.622482
1.670796
0.967767
1.327656
0.504253
0.963796
0.631700
1.831193
0.597711
1.402653
0.559648
1.319854
0.888258
1.234513
0.218511
1.233848
1.833392
0.202966
0.623760
0.567809
0.565745
1.483154
1.091728
0.195526
0.247781
1.832388
1.270761
0.559091
0.424303
0.619630
1.814151
1.016001
0.956455
1.833669
1.234288
0.558605
1.549475
0.152525
1.233225
1.832085
0.804501
1.234279
0.792621
0.241032
1.583986
1.612450
1.104439
1.325073
1.825990
1.591383
1.509333
1.549743
0.906607
1.573182
0.982868
1.270626
1.822245
1.516897
0.443572
1.241203
0.158056
1.248112
1.682388
0.393530
0.490805
1.463028
0.596123
0.567079
0.749731
1.600168
1.825999
1.414145
0.255048
0.500729
0.561915
0.855145
1.549124
0.793805
1.442682
0.493744
0.497084
0.644500
0.874492
1.234289
0.597005
1.825527
1.007888
0.734802
1.232075
0.282355
1.240200
1.549254
1.526166
1.233056
0.705048
1.236580
0.127483
1.223152
1.207905
1.249955
1.525286
0.666446
1.634499
1.006151
0.981169
1.234980
0.593754
0.962561
1.822191
1.669858
0.508184
0.505317
0.719370
1.597063
0.763056
0.610325
0.984367
1.204978
1.535956
1.167945
0.998665
1.096009
0.243185
0.943865
1.229424
1.237271
0.148337
1.564943
1.233995
1.513774
0.328007
0.639120
1.235514
1.691261
1.411386
0.587850
1.425931
0.268957
1.232197
0.515125
1.102913
0.896640
1.476272
1.073370
0.327679
1.831661
1.587867
1.805475
0.162417
1.174690
1.228111
0.370397
0.385922
0.303224
0.417352
1.778975
0.204355
1.234421
0.136104
0.434958
1.511606
0.862871
0.597333
1.587170
1.226512
1.622614
1.628953
0.244521
1.575720
1.217626
1.222111
0.127329
1.232858
0.781696
0.409903
1.215045
0.597994
1.689472
0.263529
1.001287
0.956870
0.197360
0.170585
1.214098
0.806206
1.694540
0.179336
1.145012
0.172852
0.685966
0.947374
1.116634
0.641062
1.737782
0.313513
0.951557
0.163608
1.514461
0.528500
1.534460
1.234436
1.144894
1.166273
1.786043
1.211604
1.271133
0.707016
1.832590
0.161370
0.792643
0.554007
1.011408
0.544707
0.439308
0.313719
1.233349
1.830621
1.348064
0.371854
1.663301
0.514264
1.204463
0.415568
1.274783
0.465924
1.543092
1.518998
1.083759
0.724462
1.206407
0.155883
0.167604
1.413505
0.127609
0.414352
1.812217
1.718638
0.239788
0.966651
1.131852
1.234989
1.255283
0.552884
0.177461
1.513867
0.774865
0.127469
0.377910
0.617653
0.210055
0.179326
0.156940
0.296782
0.568684
0.313260
0.473927
1.578413
1.244423
1.211553
0.940202
1.834147
1.234789
1.821027
0.179506
0.131523
0.683326
0.196370
0.785735
1.516386
1.518296
1.601909
0.568223
0.650432
0.960238
0.450708
1.226764
0.605903
0.940300
0.697053
0.361778
1.520252
1.536178
0.310840
0.952360
1.717762
0.423055
0.662006
1.546067
0.557539
1.067262
1.506915
0.731843
0.487667
0.238653
1.429528
0.772945
1.670295
1.754278
0.475753
1.227742
1.063670
0.128267
1.814987
1.517947
1.207612
1.694804
1.518383
1.681316
0.382765
1.550821
0.297621
1.656255
0.141442
1.514176
0.251407
0.962931
1.229584
1.239843
0.654082
0.495583
1.830126
0.320058
0.866002
0.997847
0.234964
1.834277
1.220685
1.826407
1.384015
0.372656
0.392945
1.677250
1.367801
0.492563
1.038702
0.627654
1.399263
1.542276
1.833796
0.627018
0.213165
1.197184
1.230751
0.371210
1.506624
0.225448
1.832476
1.481701
1.834447
1.656626
1.232080
0.979202
1.150957
0.752409
1.042371
0.171692
0.342501
0.492969
1.234078
0.275028
0.740881
0.956719
1.331347
1.233163
0.696955
1.523025
1.705115
0.273660
0.613277
0.953732
0.363587
1.248445
1.478298
1.643327
1.235212
1.005332
1.066469
1.476547
1.514006
1.035972
0.776233
1.641790
1.237325
1.673856
0.968633
0.789681
0.650124
0.333939
1.234545
0.742716
0.523367
1.288493
0.234851
0.822178
1.826201
0.719763
1.238264
0.462521
1.829783
1.558504
0.512740
1.784991
0.304112
0.502426
0.350924
0.355961
1.020439
0.826373
0.571932
0.564523
0.817987
0.237694
0.623606
1.511145
0.938920
0.965809
1.513351
0.129881
1.376923
1.832951
1.176562
1.607619
1.001565
1.509552
0.751028
0.142660
1.606752
0.673876
1.234704
1.827451
1.827545
1.692043
1.611562
1.662923
1.829178
0.731617
1.197109
0.943652
0.952521
1.805035
1.509359
0.714057
1.509472
0.476632
1.092011
0.614940
1.519781
0.920356
0.791998
0.571317
0.822418
1.516708
1.254746
1.255691
0.994215
0.960414
0.865109
1.783892
1.206236
1.258917
0.605668
0.184116
1.224496
1.199397
0.228942
1.222722
1.185015
1.168468
1.464157
1.465314
0.237054
1.829120
1.235536
1.233425
1.489288
1.433354
1.025747
0.216290
1.834382
1.511254
0.966947
1.047749
1.553890
1.514822
0.994376
0.134467
0.492947
0.187304
1.519259
1.076164
1.476550
1.228323
1.606525
1.235015
0.724025
1.458491
0.190270
0.534414
1.712296
1.437934
1.828351
0.766116
0.706248
0.448828
0.693501
0.393078
0.539739
1.278752
1.810463
1.230349
1.277953
0.127698
1.619948
1.593342
1.720450
0.939929
1.234707
1.521696
1.247154
0.499593
1.228462
0.178926
1.524252
1.163443
0.607232
0.891167
0.443947
1.264357
1.238613
1.833580
1.271004
1.298712
0.748346
1.670030
1.234015
0.238315
1.748126
1.613301
0.979675
0.685545
0.725969
0.488795
1.177771
1.520151
0.252567
1.232020
0.945888
1.508846
0.963923
0.550836
1.617188
1.218934
1.695975
0.897455
0.476597
1.230286
1.221970
1.788263
0.934675
0.201337
0.867274
0.715559
0.953679
0.547791
0.939412
1.781240
1.244245
1.405587
1.042127
0.485541
0.184320
1.231991
0.540136
0.601914
0.143045
0.540192
0.687482
1.225814
0.651429
1.520491
1.228882
1.203642
0.273766
1.230857
0.665039
1.519048
1.242848
1.832440
0.976031
0.686157
0.679189
1.234196
1.232368
1.518029
0.521107
1.240152
1.518055
1.817316
1.814777
1.448570
0.141691
0.939127
1.540396
0.520736
1.600950
1.247817
1.279379
1.585515
1.475202
1.663886
0.150574
0.954620
0.902103
1.235893
0.281786
1.235454
0.746332
1.653048
1.668024
1.518064
1.014988
1.832735
1.501454
1.229037
1.465273
0.686892
1.748084
1.234234
0.133074
0.939388
1.232303
0.614663
1.213318
0.588696
0.598152
1.232974
1.225367
0.293965
0.532228
1.819477
1.030572
1.513716
1.211432
0.494824
1.570662
0.144352
1.635398
1.746980
0.739124
1.113778
0.906159
1.518229
0.487484
0.127636
1.233510
1.196125
0.550333
1.308875
0.712004
1.231188
1.233817
0.177356
0.803589
0.628503
1.590247
1.825697
1.229059
0.818840
1.282363
0.764224
0.311529
0.965650
1.826786
1.588823
0.289277
1.832881
0.157133
1.009752
1.224115
1.516183
0.519961
1.261127
1.234786
0.923514
1.267255
1.516486
0.883856
1.522058
1.547454
0.986046
0.529035
1.383855
1.037254
1.226491
0.314625
1.229723
1.254376
0.608729
0.603627
1.511196
1.713328
0.255878
1.164841
0.851851
1.698866
1.249015
1.231826
1.225656
0.160442
1.540619
0.955879
0.695313
0.383333
0.721037
0.793711
1.650507
0.940037
1.624682
0.305655
1.232862
1.599555
0.127260
0.368980
1.518637
0.182890
1.227604
0.696659
0.549562
0.514015
1.517682
0.790534
0.929012
1.233213
1.512488
0.561481
1.225692
1.502739
0.451441
0.430965
1.228691
1.813274
0.573735
1.795971
1.583840
1.492373
0.249517
0.601299
1.518785
1.233369
0.520430
1.584845
0.473609
0.734182
1.555776
1.828296
1.198399
0.261499
0.964811
0.259744
0.189491
1.577835
0.141039
0.184738
1.662340
1.582139
1.487494
0.179525
0.190993
0.990493
0.596272
0.652418
0.251224
1.387401
0.940262
0.127241
1.097615
1.834095
1.833705
1.669433
1.690596
0.557945
0.880654
1.604067
1.233101
0.934270
1.610886
0.217274
1.582113
0.548601
1.224799
0.324069
1.236927
1.833372
0.694495
1.517952
1.237067
1.514501
1.826923
1.833774
1.229860
1.831292
1.618940
1.234483
1.261485
1.535207
0.144079
0.514439
1.134817
1.588608
1.573845
0.736119
1.293640
0.218269
1.231085
0.884769
0.652487
1.593929
1.235627
1.591416
1.510928
1.153908
0.197920
1.726771
1.825406
0.643969
0.269522
0.829157
0.962214
1.759984
1.546271
1.123719
1.233917
1.780722
1.148221
1.500250
1.600369
1.706776
1.019403
0.263873
1.238094
0.706441
1.665486
1.277960
1.240358
1.324443
1.525556
0.472978
1.215502
1.219873
0.195791
1.814291
1.680536
1.825378
1.730154
0.954620
1.830173
0.705487
0.557150
0.177132
1.235376
1.466047
1.561044
1.250431
1.253042
0.279321
1.701471
0.551595
1.218237
0.664925
1.560773
0.785865
0.316653
0.169098
0.174387
1.233674
0.838560
0.931429
1.284253
0.599741
1.232580
1.238181
0.993080
0.281375
0.988950
0.576755
1.664598
1.527454
1.562625
0.669448
1.520298
0.453781
0.305981
0.568481
0.838155
1.579807
0.148140
0.992299
0.174467
0.569837
1.215549
0.749854
1.492920
1.158241
1.234745
1.228982
1.233344
1.520063
0.723175
0.233192
1.566273
0.511531
1.220192
0.348876
0.823539
0.805293
1.554551
1.190639
0.448610
1.832871
0.549636
0.546062
1.727444
1.480759
1.633797
1.232739
1.226224
0.354452
0.330301
1.233986
0.749270
0.459069
0.188955
1.421865
1.591067
0.993266
0.767862
0.471287
1.213180
0.135354
1.234535
1.556462
1.238470
0.734919
0.673038
1.521114
0.757781
1.831451
0.511934
0.763789
0.814016
1.208410
0.787819
0.615870
1.282678
0.970785
1.808891
1.351486
1.233853
0.614231
1.648725
0.127218
0.471870
1.234554
1.673457
0.418748
1.222768
1.232955
0.353365
1.509764
1.235475
0.360282
0.674251
1.827472
1.235174
1.578025
0.804112
0.191736
0.963169
0.442669
0.724030
0.173672
0.623988
0.939076
1.738916
0.171639
1.030730
1.286031
0.939928
0.671324
1.233769
1.353861
1.470554
1.588310
0.304539
1.505016
0.947824
1.554422
0.562312
0.157403
0.810154
1.255169
1.231929
1.518795
1.248880
1.323046
1.515274
1.487902
0.253492
0.954215
0.944234
1.637050
0.775340
1.160583
0.426021
1.235684
1.284489
1.254140
1.224089
0.323517
0.557060
0.950888
0.664208
0.592056
1.235684
1.229580
0.141787
1.676046
1.234016
0.474684
0.870376
0.551579
0.444391
0.208558
0.539902
1.563134
0.793554
1.237505
1.723867
0.183475
0.140597
1.236712
1.230747
0.658817
1.245859
0.482870
0.458077
1.287680
1.707062
0.139507
1.239988
0.656334
1.231213
0.789185
1.760319
1.234379
0.532691
0.989583
0.382680
1.232577
0.597076
1.229505
1.481931
1.250393
1.798068
1.519240
0.293675
1.517642
0.595737
0.133317
1.821640
0.211698
0.386652
1.516443
0.267906
1.675841
1.526087
1.074644
0.338673
1.689348
0.207172
1.234340
0.187601
0.553243
1.235831
0.645199
1.829415
1.597638
1.431458
1.229400
0.205007
1.232546
0.210992
1.516223
1.232830
0.642834
1.791033
1.274132
1.516196
0.241331
1.231730
0.365649
1.016892
1.200851
1.326875
1.820624
0.778410
1.683709
1.229672
0.655835
0.943359
0.495024
1.822620
0.732887
0.133920
1.675325
0.996031
0.744761
0.722260
0.198540
1.232100
0.749515
1.261553
1.247790
0.275816
1.450156
1.070315
0.676481
0.178152
1.830394
1.237677
1.530446
0.478910
0.375013
0.216615
1.579529
1.521227
0.685402
1.833065
0.506333
0.206831
0.134335
0.147113
0.743729
1.534683
0.507458
0.202932
0.653461
0.614237
0.190734
1.654169
0.680753
0.383429
1.553951
1.520475
1.232371
1.236325
1.777459
1.670933
1.224742
1.440181
1.236956
1.513539
0.800248
1.506060
1.210480
