0.775833
0.734227
1.515458
0.173051
0.496096
1.757043
0.247216
1.540581
1.055150
0.638477
0.310661
1.840425
1.419148
0.117758
0.987540
1.012852
1.931964
0.296219
1.073338
1.718593
1.724613
1.158599
1.943891
0.850352
0.715164
1.361206
0.212337
1.470359
1.514371
1.341214
0.978735
1.230354
1.097637
0.657254
1.107703
1.019964
1.759892
1.657966
0.283405
0.774981
1.778782
0.549104
1.026201
1.448194
1.002800
0.494131
0.137123
1.224067
0.244686
1.498271
0.694717
1.854291
1.405686
1.154177
0.828042
0.674380
0.085188
0.200654
1.225899
0.930667
1.933353
0.411169
0.465186
0.497378
1.533737
0.157282
0.255195
0.588773
1.250026
0.158348
0.214550
1.827123
1.590214
0.082742
0.083632
0.496983
1.049986
1.322405
0.484341
1.676249
0.685682
1.066286
0.612550
1.853256
0.198082
1.048821
1.227802
1.916362
1.322066
0.083283
1.282574
0.450644
1.128792
1.864780
0.212745
0.087699
1.559983
1.011256
0.219859
0.425414
1.155880
0.743326
1.288667
0.350259
1.943148
0.597416
1.919677
1.770023
1.498983
1.364748
1.236076
0.509713
0.156024
1.729158
0.633536
1.136820
1.356165
1.438303
0.269274
1.930739
0.608082
1.386657
1.728629
0.710357
1.057959
1.107594
0.106915
0.713066
0.301466
0.161558
1.617978
1.224940
0.725813
1.425233
1.678259
1.305642
1.395503
0.598484
0.721169
1.165118
0.860736
0.463778
0.087788
1.141786
1.173873
0.930191
1.361493
0.197530
1.864992
0.364214
1.370600
0.523361
0.994046
1.902778
0.412120
1.015765
0.649941
1.758975
0.355559
0.084572
1.632346
0.302357
1.939539
1.574078
1.734029
0.083878
1.765305
1.914140
1.458030
0.515328
0.696854
1.109466
1.475465
0.579095
0.111095
0.931640
0.161102
1.930062
1.398981
1.688273
1.811540
1.788217
1.457953
1.318916
1.765373
0.833693
0.549149
1.386341
1.390072
0.691576
1.520980
0.710193
1.059627
1.222883
1.932042
1.835536
1.225730
1.715621
0.085507
1.860001
0.082762
1.933144
0.458374
1.283759
0.255461
0.209093
1.073454
1.205114
1.303804
0.591973
0.514538
1.847813
1.932284
0.471258
1.130661
1.017271
0.347070
0.152340
0.605526
0.697396
1.590355
0.827039
1.501836
0.734901
1.432908
0.349223
0.226676
1.515828
1.770869
1.739618
0.222886
1.746094
0.544628
0.536923
1.116911
0.459254
1.056997
0.200951
0.710241
0.232190
1.510185
1.672469
1.081601
1.734278
1.157580
1.156819
0.167697
0.737720
0.765300
0.308931
1.898113
0.346445
1.377667
0.823676
0.439464
0.658419
1.017073
1.505469
0.492991
1.322112
0.094815
0.667945
1.241712
1.273103
1.154791
0.712383
1.386680
1.048790
1.844009
1.617686
1.803143
1.168224
0.792239
1.696647
0.093128
0.840064
0.485489
1.224200
0.354911
1.237462
0.308391
0.274866
0.581719
1.913434
1.473874
1.628128
0.150699
0.977777
0.745252
1.019262
1.601555
1.505100
0.498739
0.187498
0.593804
0.876081
0.899965
0.740093
1.613962
0.588558
1.611101
1.157371
1.714523
1.587072
0.081802
0.639356
0.870760
0.222509
1.504274
0.929548
1.159151
1.359635
0.187560
1.486328
1.594939
1.728279
0.330351
0.891236
1.023894
0.568721
0.084499
1.721599
0.128309
0.137368
0.807315
0.418169
1.717571
0.499533
1.594571
0.184677
1.874381
1.748037
0.232875
1.182240
0.988366
1.930356
0.614351
1.823930
0.636762
1.224254
0.635017
0.580247
1.603046
1.735608
0.610650
0.270286
1.151783
1.780298
0.372449
0.922888
0.636385
1.021543
0.079901
0.514202
0.781389
1.159093
1.601383
1.888653
0.963795
0.699532
0.424715
0.884693
0.079808
1.110125
0.084957
1.879659
1.011337
0.205969
0.104424
0.245978
1.836648
0.937940
0.232936
0.176444
1.768471
0.634299
0.744312
1.619772
1.594997
0.082232
1.072250
0.654089
1.916917
1.281025
0.088555
1.684398
1.908503
1.491304
0.307948
0.996505
0.519220
0.430953
0.301065
1.337669
1.510293
1.634601
0.472190
1.361256
0.532194
1.429659
0.574437
1.331455
1.207245
1.157343
1.320098
1.078420
1.600949
0.889423
1.413450
0.715984
0.177209
1.923234
1.943337
0.431450
0.291525
1.014997
1.727506
0.157220
0.085498
1.734724
1.798217
1.476127
1.140317
1.050432
1.172541
0.556225
1.932310
0.589293
1.425038
0.466205
1.199336
1.224775
0.835528
1.200294
0.446367
1.549323
0.143517
0.901841
0.835256
0.760031
1.346529
1.592962
0.090349
1.247015
1.697125
0.357735
0.141602
0.798238
0.554044
0.753619
1.866155
1.917001
0.539608
1.707360
1.494627
0.095644
0.100104
1.686416
1.385589
1.595253
1.249621
1.926635
0.102896
0.196436
0.157627
0.632417
1.031523
1.128351
1.438339
1.755533
1.146362
0.095370
0.190510
0.921995
0.646533
1.614612
1.748253
0.327229
1.236568
1.476173
1.797071
0.595717
0.485420
0.093336
0.675460
0.947956
0.475153
1.157297
1.685787
1.742303
1.858423
1.115931
0.950957
1.466932
0.949354
0.337698
0.789307
0.724669
1.157852
0.279988
1.834225
1.038039
0.811037
1.781039
0.650517
1.679713
0.667579
0.505670
1.685615
0.937480
0.658099
1.347382
1.922851
1.687160
1.884713
1.029452
1.930663
1.094363
0.337255
0.612822
0.910215
1.008776
1.243286
0.919090
1.943120
1.899903
0.251555
1.709971
1.408738
1.804008
0.481758
1.932130
0.239311
1.286053
0.479253
0.090732
0.650848
1.722754
0.281808
1.286044
1.163695
1.267357
1.012336
0.853661
0.932650
1.878577
1.193560
0.308343
0.906726
0.120722
1.645863
1.154510
0.942659
1.224895
1.303588
1.156382
0.509826
0.630955
0.833582
0.913616
0.709917
0.960754
0.371475
0.080185
1.463732
1.182918
1.699927
0.792012
1.931969
1.055266
1.395710
0.080421
0.222440
1.461134
1.273095
1.296264
1.777677
1.603636
1.726065
1.507489
1.714179
1.554536
1.158168
0.459528
1.943250
1.791401
0.604223
1.943331
0.084618
1.952802
1.806515
0.340291
1.864604
0.828269
1.179362
1.929865
0.638890
0.299181
1.271176
0.522200
1.885087
0.113973
0.431145
1.152112
0.229823
0.152124
0.288924
1.023747
1.821583
0.981768
0.081330
0.469953
1.157944
1.827273
0.080342
0.567574
0.983998
0.596335
0.080035
0.247774
1.853819
1.697602
0.229775
0.971102
1.467090
0.350303
1.693805
1.358926
1.057785
0.653556
0.481913
0.485956
1.108598
1.491097
1.012605
0.092159
0.091200
1.255156
1.387327
1.769129
0.391969
1.792169
1.018484
0.763249
1.446343
0.109638
1.012411
0.492627
0.486209
0.174562
0.452096
1.280540
1.913761
0.249828
1.508763
0.636665
0.991458
0.238016
1.930025
0.643417
1.845735
0.741033
1.917496
1.607155
1.159953
1.359879
1.927068
0.175205
0.358781
0.106372
0.093972
0.459194
0.617705
0.842837
1.765691
0.094957
1.236838
0.479119
0.080079
1.935310
0.655653
1.928527
0.513848
1.221884
0.079591
1.665815
0.085693
1.932218
0.745060
1.930707
1.576126
1.848703
1.588346
1.114970
1.507915
1.205937
1.902215
0.803072
1.916044
1.408459
0.847756
1.503458
0.170993
0.290351
1.158362
1.693175
0.082549
1.284969
1.596043
0.555174
1.887245
1.027053
1.829174
0.215228
1.287240
1.332193
0.464998
0.721308
1.031780
1.931499
0.152206
1.816040
1.112367
1.671523
1.617549
0.990555
1.591718
1.385285
0.187071
1.922442
1.432178
1.847267
1.446966
0.169749
1.917176
1.064826
1.464479
1.931738
0.475155
1.286995
0.994240
1.516755
0.169971
1.687564
1.209172
1.466669
0.217545
1.872688
0.453430
1.386214
1.108425
0.492655
0.602109
0.854536
1.525723
1.182656
1.017953
1.630842
0.542183
0.389894
0.385903
0.570016
1.379107
0.523158
0.413515
1.465831
1.623474
1.364171
0.314464
0.301506
1.365220
0.526527
0.921116
1.836693
0.122218
0.385347
1.929297
0.530789
1.252159
1.931379
1.933951
0.265864
1.912154
1.158467
0.082087
1.022710
0.466189
1.503511
1.350208
0.171548
0.852807
0.222487
0.376685
1.400086
0.147211
1.352258
1.110723
1.930149
0.959569
0.171699
0.335375
0.534942
0.703143
0.934315
0.079592
0.097873
1.510656
0.195453
0.270527
1.603216
1.633989
0.522651
0.325960
0.501840
1.225606
1.508945
0.790466
0.380819
1.504206
0.302257
1.500470
1.625180
1.050409
0.941541
0.502894
0.106598
0.262482
0.905008
1.532960
0.097712
1.650333
1.721639
1.153758
1.368392
0.689499
1.109432
0.798969
0.316576
1.864128
1.628375
0.115011
1.514808
1.360103
0.322978
0.828871
1.114895
0.668393
1.123559
0.622206
0.707358
0.360459
0.646518
1.155666
0.268271
1.703678
1.870399
1.932111
0.741318
0.385401
0.926342
1.930327
0.492941
1.509365
1.706713
1.360590
1.300277
1.770077
0.961530
0.329546
0.285172
1.460752
0.847771
1.327599
0.514184
1.385218
1.513022
1.289094
0.481409
1.703201
1.489699
0.269688
0.567779
1.730893
1.416245
0.346062
0.591379
1.694505
0.498097
1.151801
0.491022
1.289878
0.569878
0.157271
0.806166
0.881090
0.465310
1.155474
0.086111
0.234610
1.005477
0.440052
0.086309
1.926325
0.430313
1.155496
1.428645
1.730678
1.923464
1.330862
1.155921
1.397759
0.663938
0.583226
0.303373
0.207650
1.231350
1.219566
1.616674
0.240322
0.577359
0.647107
1.858060
0.807678
1.916287
0.742043
0.248062
0.764738
1.362697
1.227110
1.337139
0.928151
1.752768
1.914485
1.611201
1.603315
0.975182
1.913549
0.604554
1.520427
0.296275
1.827632
1.197082
1.931600
0.797280
1.506043
1.384707
0.407098
1.875752
0.418738
0.383317
0.798127
0.478462
1.153277
1.427998
1.637509
0.607045
0.089427
0.996891
0.781920
0.368943
0.084474
1.862541
0.600004
0.118594
1.302825
1.012029
1.467823
0.376934
1.164660
1.493924
0.735161
0.585534
0.982124
1.200102
1.015895
1.558994
1.931937
1.941319
1.326041
0.467262
0.809918
0.373407
0.216150
0.093157
1.014036
1.703521
1.118812
1.127861
0.326576
0.786168
0.487723
0.258871
1.471163
1.851816
0.471003
0.989024
1.927625
0.574675
1.165940
1.921009
1.458227
0.485367
1.384369
1.155617
1.125988
1.833267
0.332249
0.651145
0.357980
0.597464
0.451720
0.822409
1.279882
0.163239
0.539769
0.391208
1.014097
0.172685
1.158677
1.157871
0.725124
0.735386
1.659446
1.787480
1.198740
0.967702
0.538252
1.829152
1.102582
0.444639
0.777627
1.840279
0.820463
0.499978
1.722373
0.573738
0.696238
1.453847
0.162678
0.744123
1.094430
1.704411
0.507082
0.084605
0.482524
0.082618
0.557572
0.683223
0.087126
0.181268
0.578077
1.665032
1.447072
0.538504
0.937379
0.764870
1.156614
1.774710
1.459118
0.919115
0.611977
1.884771
1.503757
0.253604
1.939254
0.988500
1.073564
0.553006
0.153582
0.319098
0.457632
0.080562
1.734384
1.581801
0.367821
0.911732
1.553234
0.316620
1.697771
1.112870
1.281078
0.920983
1.014735
0.480800
0.928364
0.089187
0.633178
0.487452
0.406247
0.084628
0.246525
0.743535
0.609586
0.469478
1.942949
0.879813
1.630247
1.403986
1.704638
0.469692
1.777376
0.594508
0.142052
0.390438
1.869255
1.509959
1.189078
0.890572
0.975155
0.580851
0.972296
1.046510
1.069045
1.946949
0.689803
0.275825
1.224314
1.664298
0.752677
0.088920
1.101378
0.773074
1.690359
1.848646
1.558867
0.169629
1.401834
0.783831
1.079726
1.939024
0.099615
1.930568
0.158929
0.784397
1.597736
0.337798
0.904767
0.598481
0.387954
0.516172
1.128850
0.625163
0.555459
1.317230
0.274355
1.540205
1.454203
1.250988
0.331620
0.968760
1.695567
1.934878
1.284132
0.919881
1.325726
0.547973
1.952637
1.830162
0.226842
0.255545
1.799679
1.106780
0.923974
0.514442
0.487531
1.472103
0.681721
0.096837
0.499404
1.188100
1.879158
0.207354
0.807389
0.671692
0.158762
0.441327
0.199147
0.162545
1.718571
0.959865
0.110336
1.430966
0.932146
1.610011
1.721364
1.282100
0.520385
1.385640
0.933311
0.791847
0.983976
0.516581
0.775274
0.747597
1.127042
1.449012
1.236266
0.969848
0.101158
0.807784
0.946992
0.575509
1.009850
0.355243
1.041498
1.515721
1.845886
1.507701
1.533217
0.760641
1.753507
1.906503
0.334257
0.170024
0.322600
1.754972
1.397952
1.116044
0.976157
1.592170
1.719460
0.090320
1.507987
0.550197
0.990702
0.156086
1.890512
1.388518
1.167862
0.486886
1.364958
1.436702
1.154642
1.314760
1.475627
1.130601
1.634201
0.632864
0.273583
0.207375
1.461040
1.392796
1.820853
0.372019
1.705287
1.342395
1.791894
1.233549
1.677150
1.542401
1.233268
1.153718
0.086164
0.253905
0.153698
1.552060
1.931645
1.902136
1.854008
0.081957
1.230731
0.515795
0.800875
1.292962
0.595313
0.660759
1.154320
1.595418
0.189722
0.607011
0.582933
1.729696
1.699823
1.142798
0.984849
0.836145
1.499766
1.634701
0.534041
1.586488
1.263456
1.917368
0.385727
0.111065
1.633352
1.090819
0.163429
0.086291
0.949461
0.571067
0.727495
0.086114
0.961965
1.156813
1.592091
1.224410
1.233173
0.960375
0.168341
0.769192
0.246815
1.065166
1.159444
0.775015
0.911254
1.930904
1.519629
0.378770
1.679573
0.725339
0.087734
0.608328
0.377848
1.527705
1.928183
0.179933
0.362163
0.704905
0.199024
1.073616
0.716002
1.459317
1.826773
0.579316
1.363764
1.845482
1.686090
0.734132
1.176804
0.511928
0.311635
0.253168
0.208304
0.914304
0.648561
0.966991
1.659369
1.716377
1.595140
0.206512
0.739162
0.675166
0.463508
0.475821
0.641298
0.099011
1.916094
0.695872
1.364923
0.635681
1.250061
0.760906
1.684072
1.456166
0.152718
1.615040
1.906484
1.310790
0.772524
0.991529
0.833228
1.603558
0.732840
0.372514
0.570531
1.919132
1.758458
0.987330
1.727408
1.376961
0.639716
1.104449
1.822968
1.038122
0.565641
0.878423
0.081852
0.606651
0.272201
1.929854
1.728003
0.192084
1.076408
1.932094
0.489953
0.317092
0.193394
1.209796
0.725959
0.365853
1.233882
1.844438
0.644147
1.008636
1.275656
0.265380
0.094567
0.522808
0.494835
0.220179
0.361886
0.776586
1.722373
1.158605
1.928486
0.486028
0.635328
1.266871
0.393644
0.628428
0.157558
1.589573
0.207074
0.168895
0.816829
0.374536
1.359210
1.596219
1.498978
1.015160
1.036338
1.566186
0.478162
0.561572
1.283597
1.943618
0.562658
0.743855
0.382265
1.158266
1.703249
0.935990
0.463864
0.084305
0.245466
1.840651
1.943110
1.755177
0.328695
1.263229
1.002273
1.155362
1.610144
0.762593
1.845571
0.337077
1.595516
1.139607
1.401766
1.932154
0.736282
0.820154
1.152124
1.477923
1.717344
1.360847
1.277107
0.827793
0.484127
1.766599
0.183143
0.985349
0.451276
1.735557
1.052458
0.172829
0.459620
0.552268
0.740007
1.803999
1.444108
1.695535
1.265397
0.636547
0.646872
1.930509
1.725133
0.978940
0.089015
1.863373
0.991953
0.588687
0.228431
0.687130
1.384789
1.852068
0.929018
0.380446
0.993678
1.172832
1.811511
0.655601
1.770793
1.617090
1.280947
0.488973
0.462553
1.700113
1.724721
1.395589
0.369703
1.607963
1.362299
1.172360
0.417892
1.724162
1.303442
0.899618
0.226995
0.099131
0.796842
0.940379
0.994209
1.606102
0.755990
1.693484
1.233329
0.147493
1.232909
1.932072
0.473090
0.321682
0.638497
1.291299
0.087364
1.483250
0.955726
1.025027
1.147582
0.759042
1.626442
1.437660
1.064795
0.640749
0.182495
1.943544
1.358653
0.473711
1.260531
1.499239
0.151022
0.985380
0.510013
0.506410
0.869514
1.165589
1.158114
0.090733
1.700543
0.628298
1.943407
0.784329
1.381868
1.237863
1.166412
1.504198
1.014072
0.329939
1.577829
1.385413
1.158018
0.554151
0.396755
1.043545
0.094705
0.932041
1.057613
1.603593
1.358229
1.610862
0.758959
1.284117
0.195553
1.097014
0.938304
0.279016
0.097599
1.057826
0.886390
1.200342
0.389129
0.707364
0.237091
1.943106
0.675227
0.504985
0.389110
0.696697
0.156103
0.819983
0.372760
1.230880
0.384163
0.299724
1.213756
0.756510
0.162035
1.483889
1.171983
0.670003
0.185475
1.031035
0.376988
0.871906
0.218434
1.596977
1.281128
0.155471
0.275531
0.200854
0.079870
0.383236
0.481121
1.267292
1.728901
0.266486
1.865894
0.311377
0.307118
0.817294
0.090441
1.136690
0.995580
0.997489
0.359707
0.550469
1.546306
0.372943
0.365065
0.245928
1.931993
1.385623
0.977670
0.490247
0.986444
1.155008
1.353474
1.764317
1.143411
0.154543
0.553898
1.616989
1.241634
1.642026
1.514601
1.461437
0.103029
0.418112
1.728732
1.615204
1.603158
1.232614
1.431958
0.752963
0.701104
0.887111
1.187029
0.279475
1.505254
1.310779
0.726078
1.502631
0.807687
0.283001
1.162196
0.813154
0.092362
1.832069
1.158160
1.158515
1.854161
1.912719
0.594588
1.486228
1.224582
0.191206
0.162291
0.599078
0.992663
0.457071
1.445158
1.917620
0.777823
1.472236
0.234985
1.149757
0.748136
1.936300
1.723880
1.950540
1.276612
1.163370
0.986143
1.080252
1.159720
1.002620
0.869260
1.386623
1.783497
1.418904
1.545300
0.575658
1.022501
0.284800
1.557328
0.997083
1.876493
1.681572
1.599857
0.419274
0.527948
1.940421
0.924762
0.973549
1.593290
1.912910
1.900532
0.237007
0.465089
0.325659
1.952599
1.291260
0.931136
1.932236
1.907687
1.613372
1.159197
0.158927
1.653098
0.964960
1.024452
1.812380
1.769982
0.230825
0.125878
1.773984
1.630784
1.705454
1.225264
0.132087
1.454913
1.507910
0.588006
0.959727
1.681319
1.432008
1.275574
0.159429
0.083685
0.083166
1.363171
0.819786
1.014347
1.140353
1.589482
1.235483
0.153475
0.822311
1.685835
0.473400
1.270057
0.160342
1.416952
1.157763
0.725045
1.728183
0.087940
1.717358
0.220225
0.620528
1.331391
0.663633
0.165390
1.462174
1.573954
0.550825
1.280016
1.566601
0.160964
1.829431
1.698863
0.548836
1.191896
0.164674
1.232564
0.566932
0.380802
0.995391
1.046262
1.085257
1.612162
0.517143
0.654616
1.386675
1.306956
1.327519
1.603294
0.782262
1.033686
0.679767
0.238186
0.986957
1.015620
1.307567
0.080049
0.495415
1.506640
0.581678
0.177277
1.478569
1.810733
1.929890
1.356253
0.456597
1.293913
1.289796
1.676839
1.570158
1.204752
0.959165
0.581388
0.354410
0.237903
1.017650
0.413211
0.936776
1.835547
0.968492
1.728681
0.855404
0.296908
0.507533
0.485613
1.505662
1.712337
1.162099
1.665483
1.368457
0.732932
0.698686
0.086947
1.159320
0.846956
1.641138
1.131342
1.452165
0.981500
1.087842
0.086188
1.487055
1.919017
0.106019
1.825544
0.341972
0.710319
0.313061
0.431198
1.286641
0.583334
0.748156
1.223516
1.662718
0.270813
1.739144
1.915061
1.422413
0.608987
0.464770
0.304648
1.239931
0.089190
1.156238
0.082976
1.543128
1.386758
1.609821
0.694904
0.506897
0.080540
1.891571
1.466421
1.848829
0.646759
1.796413
1.125034
0.331666
0.916294
1.612136
0.661990
1.535764
1.592581
0.376655
0.172087
0.211868
0.274854
0.168782
0.670823
0.580465
0.519394
0.238185
1.699775
0.089914
0.994687
1.622088
1.214210
1.154142
1.608708
1.366422
1.149674
1.276129
0.590792
0.821501
1.951278
0.497057
1.070716
0.087575
1.598655
1.698736
1.111096
1.232732
0.986296
1.932040
1.919198
1.296686
0.809570
1.685321
1.076960
0.356777
0.652412
1.493732
1.915727
1.523276
1.504482
1.224819
0.568254
0.288746
1.205082
0.091329
1.389302
1.384695
0.545778
0.080322
0.958532
1.013667
0.547854
0.775017
0.937415
0.376070
0.403398
0.725668
1.588921
1.077005
0.461211
0.731875
1.949786
0.095624
1.787225
1.260269
1.058404
0.336064
0.364185
1.108112
1.289852
1.168582
0.805508
1.217305
1.919594
0.798909
1.830245
1.470565
1.673640
0.178411
1.918988
0.934395
1.790413
1.386471
0.941258
0.612411
1.727413
0.920659
1.926531
0.408056
0.355321
1.896542
0.238195
1.251907
0.486120
1.279562
0.175282
1.814059
1.199128
1.496798
1.500434
1.678927
1.572460
0.093229
1.704106
0.249778
0.701904
1.106103
0.465653
1.917179
0.422726
1.931704
1.203280
0.611348
1.622393
0.555471
0.765188
0.549986
1.797811
1.361862
1.032861
1.405931
1.100624
0.510467
0.271665
1.841149
1.583673
0.229854
0.190052
0.136459
1.939833
0.523633
1.508317
0.715220
0.175064
0.479772
1.932263
0.085301
1.224855
1.159734
1.034073
0.718637
1.228984
1.601486
0.816077
0.541936
1.415829
0.726512
0.172834
0.533502
0.619960
0.561784
0.741015
0.572032
0.761021
0.476756
0.865083
0.742798
1.134533
0.282524
1.760449
0.890351
0.917676
0.284003
1.952509
1.929991
1.294296
0.482247
0.378716
0.590601
1.865444
0.261580
0.249246
1.845659
1.302470
1.213107
0.697965
1.008473
0.454569
0.141412
0.262367
1.348181
0.815938
0.897771
0.322971
1.346727
1.855671
1.937670
1.795797
0.137752
1.063886
0.161366
0.609772
1.758420
1.874968
0.535800
0.577993
1.591064
0.517711
0.671413
1.561749
1.645839
1.401891
1.357734
1.224253
0.619426
0.752385
1.066854
1.156903
1.709881
1.713430
1.878906
0.807573
0.119519
0.589232
1.625907
1.025275
0.996070
1.847889
0.801831
0.882768
1.227653
1.856434
1.602979
0.925994
0.393860
1.064777
1.594009
0.465149
0.389582
1.327106
1.407012
0.087831
1.059366
0.380408
0.600806
0.786851
1.932034
0.995371
0.269990
0.814456
0.491618
1.857503
1.225004
1.772351
0.790031
1.038269
0.312961
0.900110
0.994327
0.976591
1.886475
1.634404
0.938781
1.597344
1.044643
1.161492
0.857657
0.266211
1.305510
1.695262
0.844334
0.747576
1.425141
0.727131
1.164867
1.538198
1.105025
1.349151
1.396143
0.532354
0.247768
1.236127
1.071889
0.446704
1.853497
0.750853
1.749192
1.136727
0.598486
0.094878
1.703114
1.516298
1.311646
1.458990
1.111384
1.467679
1.733077
0.128983
0.172735
0.965349
1.833742
0.796886
0.084469
1.439177
0.491258
1.466839
1.742028
1.273910
0.736904
1.142621
1.833040
0.824114
1.120515
0.083962
1.028523
0.383797
1.156588
1.041954
1.362190
0.488219
1.580981
1.586036
1.930529
0.922660
0.080705
0.230726
1.905237
1.912752
0.430226
0.082192
0.827610
0.551043
0.328426
0.138655
1.596337
0.937678
1.354043
0.345839
1.384973
0.165164
1.858627
0.714054
1.179411
0.296955
0.328027
1.154638
1.684779
0.543174
1.864347
1.064658
1.727343
0.876873
0.839363
0.145999
0.297765
0.260761
1.246226
1.745286
0.311692
1.918496
1.854189
1.669613
1.922563
0.267390
1.557305
1.638562
0.633116
0.212230
1.918723
1.186380
1.287173
1.603760
0.407074
0.748649
1.905630
1.855894
1.923969
0.764209
0.484814
0.207543
1.686745
0.795354
0.782569
1.931777
0.894653
1.155929
0.492754
0.642248
0.933815
0.818070
1.386088
0.170796
0.831125
0.585981
1.365652
1.358009
1.492120
1.384346
0.854970
1.738693
1.931854
0.356152
0.460253
1.161227
1.372199
0.253185
0.689700
0.394689
0.509877
0.538492
1.107500
1.216600
1.848041
0.849636
1.932063
0.639992
1.157944
1.859528
1.675133
0.189273
1.614368
1.421014
0.088736
1.890049
1.228469
0.379779
0.456661
1.051522
0.428727
0.348021
1.384418
0.919021
0.540168
0.086352
0.376703
0.082946
0.256646
0.525925
0.289078
1.804497
1.422925
1.919657
0.584701
0.601428
1.768722
0.747398
1.597682
1.722511
0.818485
1.449866
0.371233
0.166930
1.514416
1.043084
1.827782
0.782362
1.365583
1.224729
1.910144
0.532920
0.608757
1.678241
0.996146
0.306015
0.369813
1.602434
1.571150
1.600205
1.629263
0.639120
1.931526
0.982137
1.506246
1.807575
0.778844
1.205382
1.629174
1.154749
0.590256
0.307897
0.178094
0.081764
1.088505
0.598736
1.853235
0.251129
0.217046
0.501232
0.876964
1.118009
1.509725
0.977603
0.432677
0.630212
1.931370
1.734809
1.892687
0.674807
1.778412
1.338458
0.587064
0.543362
0.270324
0.768597
0.772234
0.340138
0.955697
0.112533
0.109630
0.285218
0.743834
1.307508
1.554091
1.154062
0.967173
1.910635
1.021019
0.424193
1.824868
1.933764
0.161524
1.198135
0.958925
1.897945
0.437891
0.944431
1.030613
0.480617
0.089711
0.468665
0.605055
0.833453
0.978908
0.156022
1.152272
0.111887
0.694297
0.082303
1.062708
1.304023
0.823273
0.239078
0.106846
0.086823
0.130114
1.015002
0.724701
1.580458
1.418256
1.464176
1.556304
1.500804
1.160577
1.109980
0.278627
1.223303
1.027933
0.747259
1.139454
0.371645
1.328749
1.373213
0.497878
0.689968
0.554975
1.874550
0.086478
1.931685
1.385468
1.021547
1.494682
1.135305
0.902031
0.488934
0.948810
1.216155
1.158028
1.706577
0.939299
1.697770
0.678656
1.020043
1.112597
1.513331
0.705082
0.244825
1.911567
0.343865
0.161083
0.310999
1.785334
0.776376
1.722266
1.508449
0.945160
1.941065
0.979931
1.383828
1.068003
0.089814
0.587228
0.646698
1.130025
0.218703
1.161259
0.712759
0.091477
1.842721
0.085696
0.647359
0.358998
0.563889
1.598604
0.859459
1.187648
0.993378
1.135162
0.585855
0.877391
1.233506
0.357162
0.721584
1.299249
0.081133
0.903617
0.366306
0.106157
0.945213
0.518049
1.494877
1.386093
1.542281
0.985859
0.107880
0.152654
0.593041
1.395508
0.389194
1.026262
1.399025
1.460971
1.831216
0.766005
1.017976
1.720043
1.492520
0.165711
1.237636
0.503238
0.612344
0.514453
1.507117
1.616168
0.743042
1.579969
0.082738
0.193574
0.160943
0.354278
1.438511
0.601634
1.872023
0.510291
1.233971
0.461277
1.072497
0.588298
0.960778
0.838606
0.953304
0.143965
1.707074
0.521614
0.216757
1.286793
0.236005
0.161478
1.574906
0.510440
0.324377
0.243937
0.845917
1.928502
1.156188
0.269404
1.306358
0.246322
0.083054
1.010300
1.709250
0.285858
0.647984
1.523592
1.856045
1.592231
0.358898
0.686719
1.701256
0.249462
1.608780
1.928569
0.909816
0.935715
1.328538
1.890009
0.931190
0.080594
0.225693
1.929853
0.510405
0.455077
1.368440
0.348143
1.907681
0.313044
1.444630
0.996142
0.717116
0.125854
0.111348
0.791655
1.198792
0.841991
0.922567
1.117714
1.725286
1.397069
0.200046
1.857645
1.804700
1.600298
1.850900
0.745524
1.863318
1.572449
1.418260
0.434102
1.709920
1.348623
1.687296
1.269298
0.754964
0.321403
1.213758
0.744013
1.367234
0.239335
1.674456
0.743906
1.735306
1.403241
1.075233
1.373656
0.995810
1.438846
1.733498
1.212432
0.236392
0.997621
1.100982
0.108150
1.887918
0.804604
1.820207
0.103725
1.242143
0.096507
0.153438
0.260311
1.932609
1.771048
1.853935
1.774792
0.081464
0.698298
1.156177
1.196610
1.225385
0.536089
1.931984
1.573351
0.404684
1.111243
1.869206
0.593086
0.423110
0.084162
1.164025
1.598309
1.111633
1.940166
0.258143
0.739095
1.161943
1.238776
1.282219
0.369277
0.641184
1.133677
0.082728
0.762305
0.168497
0.528863
0.984718
1.283578
1.224710
0.842928
1.536522
1.593642
1.689899
0.167017
1.689326
0.364147
0.500340
1.385290
0.568487
0.472924
0.090422
0.951037
1.848379
0.239527
0.572326
1.891377
0.133072
0.462598
0.836666
1.366819
0.451208
1.937465
1.232575
0.314016
0.808329
0.079657
0.684452
1.054345
1.428722
0.679404
0.105866
1.708030
0.080341
0.244305
0.534800
1.442783
0.495306
1.615043
0.775406
1.103877
0.085778
0.088000
1.718201
1.359082
1.211173
1.929905
1.688382
0.085545
1.891607
0.681717
1.245918
1.135390
0.750355
1.860830
0.833456
0.633782
1.479856
0.224216
1.442597
0.938784
1.354854
1.749065
1.175512
1.820140
1.943488
1.041323
0.622515
0.948515
0.291219
1.930160
1.932104
1.241065
1.774175
1.648106
0.987951
1.845751
1.592932
0.497266
0.694487
0.963800
1.435901
1.916458
0.126053
0.210605
1.012836
0.480639
1.682423
1.928524
1.526355
1.477953
0.568646
1.934554
1.716722
0.360174
1.721481
1.391319
1.282202
1.360362
0.334246
0.081476
1.513413
1.928395
1.224867
0.478095
0.478750
0.361235
0.556275
1.579683
1.920738
1.479866
0.442919
1.595566
0.611982
1.463016
0.461068
0.486905
0.852272
0.339363
0.567317
0.159543
0.170064
1.710153
0.500008
0.173338
0.734182
0.209792
0.825726
0.346336
0.192097
0.902628
0.909559
1.388491
1.236940
1.071812
0.905804
0.858846
1.700355
0.703730
1.888124
1.361539
0.310938
1.942555
0.859468
1.172416
1.727592
0.462002
1.194281
0.146388
0.822657
0.572377
1.730346
1.443938
0.956746
0.554268
0.686013
1.910322
0.741860
0.125350
1.224179
0.609766
1.952074
1.672459
0.090288
1.151999
1.013637
0.182288
1.362295
0.156215
1.256947
1.595458
1.845714
1.767827
1.462371
1.625577
1.717479
1.511650
0.221105
0.527853
1.859885
1.518059
0.232519
0.984124
1.026874
0.308626
1.592524
0.090758
1.164486
0.342150
1.847422
1.158058
1.306708
0.391873
1.237607
1.676846
1.176607
0.732135
0.159316
1.752634
1.524787
0.183893
0.399058
0.720134
1.237024
0.787239
0.849042
0.252867
1.890329
1.023766
0.802954
0.664910
0.381430
0.195217
1.883323
1.198945
1.269788
1.907547
1.406407
0.649873
1.468110
0.081441
1.851163
0.607478
0.817605
0.179406
1.853149
0.714010
0.705986
1.613500
1.785402
1.911073
0.082375
1.690120
0.984115
1.833714
0.355997
0.161174
1.932252
1.004219
0.464289
0.789145
1.839883
1.846617
0.763099
0.981294
1.020876
0.113740
0.777140
1.295466
0.631204
0.454601
1.846841
1.353262
1.464932
1.738283
0.760427
0.507790
1.368094
0.794083
0.081838
0.564525
1.791973
0.387336
0.658150
0.085076
0.729755
1.932006
1.870953
1.237992
1.015241
0.181209
0.378124
0.778179
0.282267
0.591723
1.858679
0.953233
1.832904
0.717265
1.014322
0.397626
1.314617
0.981342
0.786961
0.087781
1.105733
0.080859
0.579067
0.087954
1.475226
0.325110
0.438821
1.718454
1.925527
0.671632
1.931915
0.084581
1.198375
0.982554
1.799119
0.080989
1.521557
1.487995
1.580905
0.218395
1.822928
1.507501
0.470684
0.497355
1.592317
0.931959
0.089713
0.967895
0.689673
1.449772
1.800028
1.236438
1.714632
0.309296
0.558959
0.993042
0.995487
1.230872
0.150933
0.341713
0.216413
0.088740
0.556667
1.783644
0.343088
1.952224
1.829013
0.087877
0.484964
1.635193
1.407234
0.977979
0.156823
1.199893
1.843321
0.242697
0.487036
1.675231
0.609443
1.059537
0.101590
1.159222
0.090894
1.155783
0.569461
0.161718
1.928786
1.435120
1.424440
1.867269
1.837356
1.157189
0.876864
0.218313
1.569163
0.595794
1.563722
1.061670
1.058793
0.551318
0.445622
1.361175
1.070360
0.117335
0.371278
1.501831
0.475388
0.126636
0.629027
1.410816
1.610390
1.288678
1.602795
1.435837
0.080569
1.126467
0.416505
1.067145
1.384438
0.080618
0.748857
1.917140
1.468976
0.250263
1.051163
0.733832
1.311053
1.568132
0.715406
1.795553
1.139389
0.822115
0.989582
0.992842
0.870586
0.104083
1.920318
1.932251
0.642988
1.757493
0.918185
0.274952
1.861870
1.235539
0.739188
0.475618
0.823220
0.093212
1.269417
0.572847
0.978914
1.784962
0.975411
0.626756
1.925382
1.860478
0.661445
0.099127
0.366408
0.248075
0.807359
1.159437
0.423695
0.980379
0.144773
0.951246
0.375303
1.724097
0.559223
0.160686
1.475733
0.508898
1.314608
0.085742
0.629197
0.258477
1.743329
0.890641
0.629119
0.092029
1.896959
0.982845
1.594930
1.172485
0.958971
0.181739
1.647568
0.473964
1.012126
0.891993
0.845901
1.237829
0.693679
0.189991
1.927210
0.330809
1.349796
0.421559
1.156186
0.573927
0.509855
1.770418
1.907675
1.902626
0.321337
1.580996
0.362776
0.807246
1.927155
1.856913
0.159992
1.274172
0.725877
0.959085
0.103380
0.271711
1.276144
0.287408
0.783936
1.819206
0.892712
1.384442
1.931326
0.373328
1.465474
0.720488
1.834586
1.929948
1.919280
1.278451
1.680341
0.165826
1.570457
0.268469
0.567375
0.143479
1.155421
1.233945
1.514409
0.856163
1.844068
1.595823
0.672375
0.470794
1.874924
1.225885
1.943003
0.385296
1.000641
1.604827
1.715982
1.224383
1.944364
1.165045
0.293626
0.235107
1.656296
1.211048
1.852890
1.510196
1.296371
0.393335
1.526750
0.483065
1.861125
1.287232
0.209216
1.471875
1.686501
0.555521
0.658113
1.357968
1.908129
1.508294
0.933027
0.269119
1.403551
0.271872
0.780231
0.522359
0.281816
0.268506
0.483012
1.157621
1.394165
1.114623
1.079399
1.811405
0.582796
1.643101
0.439888
1.075697
1.850851
1.110388
0.730084
0.239121
1.607268
1.209708
1.643278
0.962281
1.403357
0.198054
0.865420
1.892929
0.617048
0.733726
0.962980
1.393224
1.147390
0.237289
1.736241
0.094283
0.755209
0.652927
1.770864
1.158036
1.858037
0.580066
1.390342
1.184441
1.502262
0.949147
1.849709
1.391288
1.392878
1.158085
1.330296
0.616759
1.331688
1.450817
0.202896
1.028593
0.185184
1.935636
1.269484
0.772540
0.198269
1.135064
0.836035
1.506202
1.384442
1.341560
0.088830
1.171919
0.081425
0.460457
1.611238
0.947782
0.947601
1.507734
1.855649
1.704708
1.385173
1.046225
0.171687
0.282433
0.554724
0.567918
0.408869
1.501531
0.410140
0.211415
0.440230
1.826518
1.858270
0.157586
1.952133
0.739045
1.157844
1.587118
1.589429
1.856066
1.538622
1.403548
0.350527
0.920400
1.387884
0.084741
1.103139
0.592308
0.163783
1.110424
0.296292
0.873429
1.603681
1.013823
1.952183
0.637127
1.827809
1.863848
1.696714
0.172752
1.697858
0.704786
0.250015
0.731434
0.587619
1.206321
0.845904
0.982744
0.286130
1.916162
1.501097
0.984706
0.159978
0.836962
0.082501
1.492729
0.109300
0.375267
0.649151
1.528405
0.089523
1.721364
0.836875
1.158067
0.673486
0.715231
1.941236
1.068700
1.158820
1.157730
0.481541
0.396599
0.728128
1.730709
0.158841
0.860645
0.921989
1.513787
0.977943
1.498866
0.797994
0.082508
1.920338
1.905764
0.083084
0.358174
1.509188
0.629661
0.910802
0.953507
0.092124
1.292632
1.515504
0.438912
1.314052
0.145361
0.869031
0.581395
0.233832
0.241391
1.575648
1.608142
1.235061
1.012208
0.103356
0.810296
1.697757
0.102574
0.975749
1.553432
1.825752
0.897407
1.400084
1.724893
0.985296
0.674443
0.088246
0.223609
0.845391
1.236390
0.984814
0.419564
1.386231
1.863884
1.326971
0.705795
0.776352
0.905853
1.920823
0.350748
1.928461
0.818286
0.203467
0.083184
1.114211
1.829356
0.800349
0.098447
0.457175
1.687287
0.667076
1.802408
1.443577
0.086140
1.401905
0.973638
1.507850
0.160911
0.548478
0.953218
0.456980
0.164478
1.952659
0.885186
0.563818
0.995886
1.895696
0.152683
1.613452
0.584273
0.084895
1.760723
0.701423
1.932240
1.068328
0.223239
0.565180
0.352387
0.502295
0.211972
1.355927
1.886188
1.522674
1.702381
1.862607
0.964118
0.750908
1.156764
1.588335
0.342636
0.359587
1.114702
1.919691
0.598440
1.517242
0.358858
0.746953
0.591426
1.879360
1.675754
1.034932
0.710381
1.232691
0.110148
1.276670
0.961863
0.787099
0.357648
1.931924
0.201806
1.915141
0.920822
1.871188
1.931611
0.988561
1.413251
1.868647
1.387723
1.716940
1.595028
0.276711
1.253616
0.099137
1.951477
0.205458
0.449460
0.459187
1.701078
0.471689
1.635736
1.855409
1.159496
1.168497
1.232876
1.385545
0.457383
1.931000
1.896848
1.301975
1.607687
0.770397
0.203870
0.663242
1.238351
0.490183
1.850289
0.238944
1.942074
0.451743
0.560294
0.585284
1.260779
1.234390
1.474742
0.082139
0.934674
1.227490
0.787043
0.139992
0.836677
1.917751
0.387610
1.290269
1.744498
0.982823
0.443521
1.407958
1.033502
1.158099
0.231600
0.591389
0.255656
1.499551
1.013854
1.817874
0.662678
1.228487
0.535029
1.227091
0.193510
0.983761
0.562534
0.940420
0.580310
0.418819
0.782123
1.446216
0.919471
0.956100
0.366835
0.703432
0.523176
0.756358
1.641065
0.684513
1.120740
0.305797
0.152725
0.369824
1.167585
0.236769
0.339781
1.064984
0.947300
0.112617
0.817016
0.615335
1.169067
1.416603
0.162331
0.412724
1.717643
1.697923
0.951618
0.739993
1.916394
0.182838
0.739958
1.790578
0.214584
1.157214
0.207910
0.079741
0.997833
1.158067
0.756767
1.773659
1.202698
1.868476
1.569293
1.122416
0.596669
1.705359
0.127409
1.594201
0.419298
0.085855
1.386892
0.964378
0.087034
1.256212
1.761197
1.176189
1.588024
0.112043
1.441018
1.603299
0.712526
1.464504
1.705880
1.931690
1.356409
1.323753
1.951656
0.835943
1.523530
1.155647
0.382977
1.932311
1.556151
0.611055
1.762299
0.124805
1.718607
0.528129
0.400927
1.042004
0.742519
0.653179
1.597927
0.223706
1.178757
0.601448
0.336180
0.728331
0.587845
1.760647
1.603184
0.095889
0.718394
0.916203
1.907993
1.363602
0.554295
1.012652
1.920021
0.363444
1.385599
0.160175
0.614711
0.608970
1.234818
0.495191
0.381673
1.932219
1.919307
1.894894
0.700073
0.115900
1.789467
1.925928
0.140832
0.778041
0.580813
1.156004
0.952106
1.731070
1.053552
0.499419
0.833826
1.610410
1.844823
1.453103
0.952601
0.563312
1.490792
1.164817
1.077353
1.357358
0.899462
1.833185
1.902568
1.017920
0.569238
1.817298
1.686579
0.136487
1.363677
1.535761
1.703915
0.950483
0.928889
1.612934
1.459792
1.384537
0.673924
1.880967
1.667950
1.224940
1.363315
1.018471
1.000128
1.928317
0.713629
0.527130
0.651629
1.593042
0.356077
0.438385
1.162655
1.506998
1.618201
1.913080
1.602857
0.645592
0.782187
1.154862
1.929980
1.288457
1.458289
0.279267
1.508166
1.012860
1.560796
0.291158
1.905673
0.260534
0.088534
0.873072
1.758613
0.465670
0.285157
0.298526
0.997263
0.241989
0.482805
0.787073
0.829623
1.233191
1.238230
1.051503
0.362979
1.489041
1.384356
0.529046
1.302472
1.363056
0.572577
1.616090
1.920469
1.317461
0.088297
0.488468
0.570642
1.864226
0.099446
0.187607
0.525844
0.670463
1.226172
1.157155
0.237281
0.428225
1.671025
0.241914
0.822845
0.874168
1.276390
1.060270
0.761970
1.479487
0.635188
0.084003
1.209821
1.590509
1.205641
1.448596
1.237885
0.555171
1.238548
0.159863
0.556262
0.485305
0.606504
1.388058
0.984982
1.920747
1.449109
0.378884
0.099733
0.083672
1.601967
1.249133
1.185883
1.892120
1.224911
1.225002
0.440762
1.557259
1.284519
0.984420
1.283229
0.698705
1.337487
1.714105
1.237262
1.594805
1.711963
1.654493
1.549849
0.715764
0.459974
1.297788
1.730538
1.275677
1.104377
1.056260
0.184058
0.698812
1.453972
0.789909
0.305454
0.789938
0.584768
1.596326
0.562160
0.750073
0.927409
1.568624
1.516664
0.936289
0.734256
1.500865
1.761605
1.157937
1.226028
1.292899
0.503742
0.856491
1.878148
0.862867
1.578844
0.476844
1.496467
1.051754
1.154825
1.700126
0.535124
1.833963
1.507921
1.896557
0.850361
1.678268
1.286299
0.089739
0.081327
0.594807
1.679798
1.276693
0.345698
1.500612
1.757398
0.535675
1.387668
1.766331
1.004402
1.285273
1.624160
1.159299
1.361781
1.930880
1.048556
1.019851
1.071935
1.596791
0.270342
0.518716
0.190301
1.931932
1.493959
0.617041
1.771041
1.113675
0.081433
1.907449
0.959068
1.022220
1.903818
1.522145
1.543359
1.282614
0.679933
0.163615
0.953603
1.394400
0.218930
0.539279
1.713062
1.505268
0.663854
1.882713
1.481227
1.726035
0.568888
1.154788
0.732139
1.851892
1.931490
1.156802
1.014418
0.083073
0.677631
1.521906
1.277011
0.479348
0.806591
0.751081
0.914043
1.155354
1.511669
0.199858
0.186046
1.669993
1.148240
0.810113
0.723481
0.967279
0.776261
1.387098
0.334764
0.703985
0.287031
0.464777
0.564772
1.813678
1.767590
0.267945
0.785020
1.597367
1.697695
0.189695
1.450717
0.789528
1.225709
1.154626
1.612299
0.481801
0.953946
1.155568
0.088560
0.672540
0.296318
1.679664
0.552022
0.772266
1.943231
0.324862
1.253665
0.084725
0.729042
1.070370
0.617207
0.084257
0.171070
0.387066
1.499100
1.158036
1.738642
0.936960
1.609305
1.073211
1.860161
1.436992
1.121253
0.741360
1.391134
0.690838
0.385156
0.609927
1.360307
0.989951
0.473610
1.599562
0.153231
0.470375
0.991271
1.406654
1.772133
0.319656
0.490890
0.881730
1.334236
1.926141
1.157488
0.872445
1.101211
0.733720
0.854975
1.915697
0.569696
1.845115
1.665366
0.914396
0.973513
0.112046
1.919685
1.849338
1.693278
1.905815
1.850341
0.197456
0.183764
1.232494
0.280442
0.463041
0.505094
1.129160
1.260007
1.889461
0.304935
0.082488
1.846893
0.269586
0.930235
0.202405
0.138214
1.922458
1.269208
1.506035
0.495470
0.742704
0.098208
0.113016
1.157560
0.595920
1.517419
1.449893
0.535898
1.269660
1.038419
1.681376
0.493518
0.160259
0.082423
1.009642
0.739574
1.730418
1.924113
1.779067
1.583940
1.356961
1.919903
0.240845
1.505494
0.318557
0.583308
0.273099
1.512647
1.170495
1.059012
0.730897
1.567451
1.225595
0.260051
1.943503
1.206360
1.285140
0.966919
0.883144
0.093277
1.381922
1.281721
0.604052
0.845354
0.080481
0.084356
0.086289
1.422729
1.685802
0.604464
0.091748
1.160705
0.605138
1.858129
0.269731
1.456385
0.180913
0.772991
0.267424
1.184258
0.370015
0.455988
0.154299
1.389075
0.346245
1.700218
1.157494
1.226238
1.225082
1.170603
1.767827
0.556225
0.253648
0.727958
0.344902
0.925298
1.393113
0.226617
1.156703
0.785101
1.157648
1.943717
0.965559
0.259907
0.374709
0.631801
1.420491
1.017967
0.935855
0.085530
1.338359
1.695728
0.472569
0.461425
0.567392
1.940061
0.358318
0.210034
0.580421
0.986824
1.913426
0.665903
1.026801
0.291083
0.575591
1.109123
1.508670
0.372069
0.181455
0.514503
0.084542
0.187458
1.405811
0.852336
1.237586
1.826114
0.237979
0.344182
0.079942
0.203964
1.914010
1.284745
1.657692
0.647953
1.360935
1.629649
0.704011
1.855409
0.091162
0.394826
1.224548
0.914188
0.547220
1.514067
0.594885
0.921048
1.367137
1.157035
1.858583
0.971174
0.364016
1.859184
0.396045
1.581908
1.264876
1.730529
1.546781
0.959918
0.697707
0.887452
0.733479
1.448975
0.185629
1.861965
0.964989
1.051031
1.598463
1.672118
0.086109
0.089116
0.823019
1.285639
1.729799
1.466205
0.938489
0.452346
0.399845
1.160565
1.612504
0.444420
0.499196
0.247672
1.399000
0.477214
1.505483
0.085895
1.073910
0.233024
0.424778
0.973881
1.156469
0.824427
0.438368
0.647708
1.264275
0.465253
1.944446
1.509041
0.080160
0.103922
0.942791
0.213622
1.023965
1.327495
0.166144
1.094610
0.083967
0.644887
0.802729
1.128768
1.176343
0.089014
1.511760
0.768518
0.169127
1.619649
0.555682
0.184152
0.575847
0.542618
0.081703
0.141015
1.748249
1.385741
0.268624
1.458219
0.109975
1.893758
1.861662
0.487143
1.570526
0.099035
0.392992
0.464425
0.419669
1.858586
1.179533
0.662975
0.530967
0.506845
0.959555
1.829105
1.509726
0.777344
0.565745
0.146880
0.252181
0.812224
0.223771
1.852595
0.328263
0.574646
0.285214
1.755954
1.722643
1.139359
0.775123
0.516587
1.712684
1.625864
1.589666
1.284317
0.963275
0.642530
0.532103
0.203635
1.855630
1.456120
0.340769
1.131404
0.820698
0.725076
0.611823
0.144614
0.968174
0.936466
0.124942
1.109591
1.844396
0.808257
0.187257
1.908110
1.914965
0.229212
0.564711
0.839471
0.707791
0.248852
1.593769
0.372337
1.920079
0.454925
1.136769
1.503933
1.021047
0.080202
1.546114
0.407727
1.633009
0.870859
0.451018
0.770844
1.541356
0.279718
0.463560
1.692832
0.822823
0.162881
0.729699
1.951303
1.686318
0.620376
0.632339
1.562202
1.158619
1.505485
0.461359
1.761691
0.658937
1.157264
1.260216
0.289045
0.114417
1.344181
1.706785
1.158734
0.146598
0.463365
1.704612
1.009366
0.374760
0.115868
0.559807
1.158050
1.907179
0.648639
0.424559
1.740304
0.891958
1.284189
1.855351
0.334788
0.232436
1.155334
1.392448
1.703951
1.332273
0.570622
1.157470
0.785975
0.514856
1.510723
0.105986
1.518461
0.377257
1.265159
1.319762
0.482086
0.773382
1.104769
1.329119
1.544811
1.024714
0.921077
0.987805
1.433798
0.500964
0.942448
1.774929
0.481398
1.073067
0.117953
0.118509
0.187333
1.385784
0.988947
0.953488
0.925631
0.862439
1.501104
0.183126
1.847031
1.454305
1.700490
0.781598
1.374016
1.224555
1.928622
1.266679
1.558881
1.761544
1.222101
0.516132
0.345684
0.965028
0.204812
0.094646
0.582567
1.468733
0.246393
1.361647
1.015427
0.805655
0.777750
1.477660
0.500936
0.729170
1.272060
0.598693
1.419028
1.912254
1.928504
1.435319
0.095778
1.931077
0.332806
0.237578
1.732400
1.597731
1.513685
0.947660
1.274653
1.921351
0.283758
0.745956
0.189513
0.762335
1.651370
1.229101
1.042491
0.835021
1.775109
0.088028
0.477253
1.352496
1.094021
1.942857
0.492877
1.913990
0.763915
0.969443
1.266900
1.685229
1.522338
1.067811
1.925115
0.963259
1.111081
0.519516
0.957039
1.030433
1.680459
0.429623
1.618507
1.260726
0.308259
0.661719
1.337960
1.152766
1.293564
0.430877
1.385244
0.482902
1.159772
0.377908
0.888625
0.634828
0.163923
0.432707
0.699336
1.739093
0.518945
1.838881
0.659685
1.899402
0.168233
0.685437
0.090247
0.261489
1.723904
1.419939
0.476941
0.299365
1.650739
1.519692
1.032918
0.163366
0.328224
0.387415
1.871463
0.778681
1.932339
0.917166
0.944123
1.650239
0.623994
0.703464
0.085361
0.977534
0.375261
1.167927
1.482186
1.224578
0.699213
1.056392
1.735280
0.908789
0.291570
1.292196
0.768206
1.874939
1.657471
0.463129
0.272035
1.012056
0.236890
0.087481
0.145784
1.408600
1.521987
1.633804
0.638781
0.124912
0.833769
0.457535
0.908442
0.986800
0.232904
1.373060
1.254939
0.825597
1.915764
1.366499
0.213505
1.594731
0.092433
1.217510
0.903414
1.481354
0.896366
1.067584
0.661595
0.632822
0.082009
1.072842
0.773502
1.000679
0.088523
1.695692
1.919352
1.091062
1.153906
1.393698
0.111404
1.123724
1.736522
1.920199
0.332198
0.846449
1.241159
1.483128
0.089062
0.754789
0.246000
1.779339
1.476828
1.516028
0.730686
1.207826
0.702446
1.921966
0.208633
1.477031
0.947453
1.932094
0.607281
0.282195
1.687228
0.458162
0.284058
1.229255
0.083142
0.081625
0.208052
0.454443
0.231212
1.910316
0.414865
0.471264
0.799604
1.748504
0.740967
0.538287
0.766962
1.500151
1.352605
0.947676
1.588167
0.249585
0.082135
1.384474
1.014874
1.136682
0.093237
1.500720
0.766971
0.642041
0.581970
0.720619
1.821308
0.326243
1.021215
0.722017
0.084160
1.926753
1.390269
0.432646
0.277687
0.164912
0.416074
1.912822
0.168827
1.620883
0.351571
1.292143
0.631103
1.736169
1.097846
0.988969
0.417484
1.733270
0.267689
1.113785
0.867806
0.225903
1.729194
1.445162
0.414734
0.392902
1.505022
0.154215
1.919205
0.657906
1.595717
1.913277
1.238057
0.082174
1.624894
1.730086
1.075941
0.316668
0.465108
0.262923
0.178538
1.261220
1.250617
0.085251
1.559185
1.155596
0.647391
0.183254
1.703354
1.661903
0.792073
0.366750
1.611310
1.602564
1.108417
0.459428
0.092545
1.680323
0.535511
1.743376
1.080101
0.085633
0.177068
0.549295
1.012324
0.136486
0.803832
1.507211
1.389405
1.931203
0.298156
1.866700
1.935663
1.164045
1.274315
0.475750
0.485821
1.629342
1.939523
1.515369
1.949760
1.747014
0.826947
1.455573
0.755268
1.772385
0.548432
0.547288
1.531533
1.662881
0.977178
0.479835
1.641626
0.265073
1.218540
0.218168
1.722802
1.931529
1.457347
0.665006
0.167339
0.270535
1.519000
1.112168
1.792331
0.391819
1.152740
1.919854
0.933275
0.326671
0.081244
1.414372
1.151924
0.242770
0.757796
1.943594
1.723261
1.663925
1.564523
1.174277
0.642481
0.753086
0.084030
1.791191
0.175277
0.639024
0.082063
1.494398
1.023175
0.171152
0.981016
1.540330
1.657719
0.697834
0.993701
0.081671
0.587299
0.608995
0.081761
0.612808
1.482608
0.739216
0.618621
0.244601
1.615503
0.755953
0.775126
0.442120
1.438980
1.125786
0.828510
1.208600
0.930658
0.382265
0.190682
1.047271
0.128224
0.081727
1.575923
1.903519
1.708640
1.017160
0.763521
0.751996
0.731252
1.470834
0.371889
1.696921
1.932171
0.679986
0.502092
1.006613
1.644132
0.697400
1.034341
0.949405
1.155500
0.991176
1.330427
1.855702
0.429999
0.965764
0.798297
0.281307
0.971059
1.008816
0.719803
1.395231
0.214888
0.204133
0.502384
1.510546
1.051880
1.156297
1.216045
1.430203
1.815430
0.270359
1.772011
1.232503
1.156662
0.083786
1.278514
0.256175
1.283085
1.006184
0.388284
0.524249
0.784860
0.581365
1.326549
0.632457
0.610694
1.943269
1.151878
0.462731
0.957822
1.042428
0.341850
1.049294
1.853333
1.241305
0.339118
1.844588
0.108373
0.368146
1.765261
1.153381
1.197919
1.053163
0.163331
0.259417
1.155319
0.369947
1.804066
1.035988
0.546613
0.183474
0.724845
0.476651
0.397642
0.616099
0.984719
1.772351
1.932036
1.609829
0.085129
0.794640
1.209632
1.386710
1.863399
0.676366
1.031554
0.452370
1.473984
0.734565
0.917256
0.538030
1.506621
1.154243
0.427867
0.085630
0.249909
1.446189
0.573153
1.473018
1.857029
1.170117
0.271035
0.339724
1.026012
0.835391
0.090618
0.083036
1.740063
1.277616
1.808461
0.564179
1.152719
1.029092
0.358412
1.293854
0.394434
0.711313
0.172264
0.091689
0.376858
1.031730
0.158630
0.146967
0.553875
1.158466
0.965759
0.757419
1.047640
0.893874
0.340595
0.950538
1.198990
0.715291
0.185128
0.186067
1.309108
1.457909
0.728863
1.656144
1.014948
1.224422
1.525130
0.509612
1.480434
1.412777
1.607194
0.173285
0.619625
1.363822
0.521360
0.974731
1.522419
0.953156
1.050198
1.742936
0.744814
0.270835
0.546750
1.525996
0.212059
0.660629
0.682145
0.664602
1.857861
1.951673
1.285722
0.297862
0.164006
0.683656
0.794521
0.796867
0.986771
1.068044
0.084494
0.442486
0.954789
0.434507
0.187658
0.167697
1.387271
0.934448
1.291292
0.579983
1.506776
1.119593
1.029059
1.931675
0.783925
0.081111
1.831819
1.016148
1.713247
0.244006
1.440574
0.843493
1.727374
0.669445
0.914727
1.231192
0.929156
0.315916
1.753598
1.173373
0.131346
0.981981
1.828030
0.087313
1.300631
0.721073
1.197605
1.127907
1.242332
1.466653
1.159681
0.361896
1.311594
1.932352
0.111947
0.957454
0.479210
1.461216
1.609414
0.293067
0.085408
0.089384
1.117475
0.521074
0.303882
1.000254
0.387783
1.202543
1.720619
0.486730
0.617417
1.702360
0.080841
0.997492
1.884591
1.274580
1.156343
1.661302
1.158338
0.271051
0.736822
1.073354
0.964655
0.085172
0.081283
0.158474
1.912212
1.084695
0.663394
1.231165
1.157812
1.021423
0.161941
0.709949
1.360297
1.279675
1.156561
0.088063
1.872864
0.428524
0.347074
1.893303
1.156500
1.751775
0.958715
1.557099
0.916636
1.224266
0.329163
1.262340
0.729171
1.703477
0.986907
0.094479
0.157686
0.835761
0.096089
1.680001
0.376647
1.036517
0.115748
1.025846
1.445477
1.494459
0.162882
0.451953
1.891767
1.390142
1.505108
1.200130
1.158114
0.473615
1.156955
1.889955
0.083716
0.726285
1.142974
1.266818
0.189642
0.083825
1.155537
0.590128
1.146162
0.962123
0.246480
0.194024
0.900678
1.163260
0.879861
0.544909
1.742311
0.224904
0.763554
0.478812
1.528085
1.225136
0.196616
1.549732
1.699208
1.696366
1.457096
1.862059
1.866749
0.381233
0.541137
0.293527
1.052125
1.280763
0.999109
1.889976
1.590165
0.603452
1.238275
0.729833
1.952682
1.506857
1.850066
1.524069
1.680353
1.919706
0.548238
1.767845
1.906683
1.157110
0.632147
1.162582
1.363127
0.742558
1.385110
0.187544
1.933869
0.467576
1.142401
1.361341
1.079113
0.825667
0.490619
1.924864
0.333976
1.856952
0.980406
0.672924
1.227625
0.280645
1.456880
0.353331
0.081007
0.993834
1.366144
1.002910
0.720014
1.372222
0.224316
0.698995
0.141853
1.615664
1.384706
0.920885
0.622510
0.503157
1.800590
0.083527
1.385329
1.679619
0.510708
0.370283
0.355123
1.677713
1.689842
1.684027
0.549369
0.803610
0.198694
1.861066
1.499010
1.929764
0.579523
1.336182
0.993828
1.234029
1.308128
1.718679
0.100616
0.569631
1.566830
1.143319
0.822838
1.833230
1.152485
0.571959
0.295022
1.386035
1.870434
0.165819
0.234004
0.519604
1.952411
1.191582
0.163300
1.570538
0.494651
0.574261
1.711934
1.841251
1.049192
0.974467
1.533751
1.291948
1.001732
0.770975
1.726143
0.481566
1.069720
1.835252
0.156083
1.157599
1.476876
1.859709
0.382508
0.966644
0.564442
1.290597
1.111412
1.088593
1.539717
0.137743
0.176843
1.593170
1.028695
1.727039
0.723055
0.336308
1.647684
1.356043
0.560939
0.514711
0.740176
1.207159
1.252863
0.321212
1.012839
1.077697
1.498599
1.224559
1.603204
1.763752
1.462956
0.948150
0.962960
0.485361
1.932029
1.500080
1.864384
1.136268
0.084722
0.103600
0.925567
0.850587
1.685222
0.821236
1.472837
1.299909
0.528089
1.111352
0.913693
0.533532
1.228908
0.157907
1.006743
1.392838
0.987190
0.807789
1.447616
1.510984
1.840905
0.941640
0.324975
1.223541
1.415187
1.932272
0.079773
0.127290
0.305228
0.409613
1.346079
1.582417
0.570207
0.638419
0.984428
1.275424
0.080890
0.398987
1.507918
0.316183
0.493909
0.994206
0.124115
1.453929
0.768494
0.792174
0.936287
1.505204
0.086249
1.158075
1.046056
0.574670
1.153320
1.731321
0.161711
1.066451
1.225886
1.425417
1.266941
1.225838
1.651875
0.385704
0.255407
1.365773
0.168604
0.295491
0.515049
0.700697
1.818070
0.687327
1.856401
1.931662
0.286960
0.752282
1.704617
1.617024
0.501138
1.632106
1.695823
1.493519
0.556103
0.997872
0.251623
1.460559
1.395548
1.602996
1.367391
1.920155
0.091065
1.797981
0.166271
0.213813
0.803744
0.829363
0.690880
0.229173
0.082800
1.370689
1.683854
0.498465
1.200052
1.015909
0.873357
0.093329
1.603036
1.112735
1.456355
0.264121
1.645617
1.230310
0.205796
0.963508
1.066930
0.540402
0.683961
1.143703
0.154434
1.156435
1.098639
0.531127
1.498392
0.772653
1.595361
1.359469
0.782575
1.595372
1.881721
1.904250
0.565926
1.361207
1.050059
0.240787
0.277003
1.913071
1.846288
1.672604
0.986713
0.081313
1.101923
1.045952
1.836055
1.405952
1.049726
1.698265
0.780747
0.473327
0.994429
1.528648
0.683861
0.536632
1.374141
1.722656
0.990833
1.663845
1.232652
1.482745
0.335398
1.154266
1.914470
1.721404
1.121273
0.379293
0.083805
0.168319
1.587483
1.155422
1.470744
1.514629
1.283397
1.360820
0.134413
1.399922
0.544770
1.158850
1.570581
0.232722
1.607037
0.881033
1.454973
1.123721
1.699349
1.245942
1.237857
1.916113
1.450184
1.847084
0.437907
1.696864
0.487115
1.262830
1.447852
0.827302
1.157623
1.952697
0.411846
0.082483
1.389192
1.012676
0.712432
1.854325
1.020571
0.453902
0.678818
1.395244
0.128748
1.584691
0.818815
1.490993
0.705106
1.503025
0.368944
0.650704
0.700285
1.923974
1.903314
0.551213
0.281576
0.709332
1.011793
0.566892
1.384833
0.696533
1.908938
1.771116
0.577901
1.420130
1.361793
0.481475
0.180131
1.888571
1.482054
0.942690
1.828427
1.720079
1.391205
1.567171
1.376195
0.953614
1.605510
1.546257
0.382414
0.520677
0.452170
1.583746
0.631231
1.058783
1.922747
1.326783
1.514081
1.558957
0.484916
1.696956
1.638840
0.627772
1.015087
1.209346
0.612389
1.001342
0.573007
0.777949
1.859999
1.766239
0.491819
1.721818
0.922788
1.725007
0.148075
1.848031
1.640417
0.557653
0.422787
0.172650
1.778218
1.728197
0.176187
0.095950
0.156648
1.067889
0.588336
0.500426
1.779527
1.272867
1.606897
1.158419
0.501964
0.414071
0.763164
1.023834
0.652063
1.011346
1.109451
0.087978
0.773051
0.632684
0.460923
1.558625
1.002624
0.105647
1.580981
0.740595
0.794430
1.102297
1.942384
0.080290
1.199055
1.110504
1.935314
0.387748
0.296494
1.387769
0.085920
0.497083
0.944239
0.765763
1.821649
1.503613
1.229141
1.592425
0.560723
1.795423
1.281008
0.364612
1.513289
0.821726
0.101084
0.239774
1.020775
1.864236
1.509185
0.940331
1.871939
0.498883
0.514791
1.928038
1.052159
0.995619
1.465724
0.857122
1.392712
1.221575
0.512571
1.680430
1.224346
1.862943
0.149386
0.342133
0.153634
1.927880
1.619067
0.272689
0.352533
1.064632
0.621372
0.425990
0.088420
0.271366
1.024914
0.555971
0.759611
1.160970
0.955988
1.199231
1.472007
0.996170
1.372379
1.723247
1.717505
1.942360
0.203266
0.357054
1.506452
0.355513
1.338531
0.737612
1.744413
0.668257
0.584975
0.530478
1.139198
0.955588
0.163647
0.961263
1.271997
0.094872
1.617438
1.889839
0.949354
1.943226
0.293571
0.101430
0.286940
1.154647
1.075584
0.618618
0.188177
0.084336
1.733824
0.569371
1.274714
0.657937
0.731474
1.931643
1.149486
1.930780
0.565665
0.906315
1.421465
0.994121
0.983540
0.499193
0.080022
0.417604
0.959220
1.515332
0.600299
1.365154
1.855253
0.960634
1.756180
1.456878
0.982942
0.298016
1.850242
0.748640
1.507128
1.353321
0.244039
0.297296
1.728323
1.916543
0.998762
1.103807
1.630403
1.689492
1.203320
0.257607
1.438945
1.593743
0.100480
1.951668
1.925912
1.156179
0.960921
0.454389
0.677324
0.946452
0.156441
1.850895
1.897052
1.499995
0.859284
0.976535
0.806934
1.277528
1.438952
0.231974
1.704153
1.731622
1.260521
1.595225
0.091837
1.122728
0.809443
0.183287
1.563200
0.390507
1.454819
0.527203
0.356726
0.583930
0.222708
0.178810
0.166033
1.736794
1.157320
1.399950
1.475973
1.608548
0.501986
1.435879
1.928061
0.968762
0.188988
0.211582
1.942998
0.280099
0.176763
1.157862
0.089956
0.711620
1.143600
0.103588
0.082575
1.895550
0.849943
0.163635
0.951964
0.459929
0.405761
0.083968
1.444907
0.339945
1.603283
1.121601
1.516369
0.300847
0.233112
1.483353
0.492220
0.903458
1.160937
1.073773
0.802280
0.814742
1.724537
0.986316
1.067097
1.014029
0.555052
0.613672
1.691286
0.180061
0.869386
1.555507
0.138392
0.590277
0.571263
1.770457
0.161014
0.939385
1.850129
0.178200
1.819797
0.419166
1.890381
1.550493
0.478448
0.169392
1.686830
0.734374
0.571289
0.288612
1.772781
1.278055
1.143510
0.368106
1.162624
1.918615
0.952697
1.596214
1.384561
0.588577
0.510673
0.774081
0.599159
0.929931
0.521643
1.067774
0.238891
0.085479
1.202648
1.864932
0.354722
1.387693
0.085579
0.234229
0.743501
1.950167
1.713109
0.733746
1.384514
0.799647
0.146480
0.234381
0.920506
0.644044
1.269127
0.165321
1.338855
1.000436
1.736924
0.708306
0.320346
1.911608
1.714328
0.724994
0.119333
1.108887
0.834631
1.456639
1.851473
0.893006
1.210404
1.579670
0.835297
0.598727
0.951434
1.249445
1.152351
0.679066
1.463571
1.505167
0.085970
1.941803
0.484033
1.492561
1.172207
0.298158
1.917261
1.157427
1.468301
0.974195
0.564310
1.361369
1.511143
1.028824
0.086598
1.911133
0.080372
1.703049
1.617676
0.839523
0.261938
0.408560
1.335079
1.932181
1.481256
1.038209
0.666560
0.750991
1.889599
1.732538
0.097102
0.947943
0.089252
1.736268
1.709967
1.690648
1.225240
1.724091
1.595663
1.917930
0.840388
0.331665
1.655683
0.482058
0.310272
0.456732
0.314817
0.740044
0.584957
0.465375
1.228432
0.755733
0.164723
0.946549
1.405489
0.786550
1.175901
1.512318
0.186855
1.827543
1.152253
1.912861
1.898127
0.493478
0.491459
0.097822
0.193558
1.378360
1.705975
0.451477
1.225036
0.203074
1.198240
0.380992
0.483033
1.462069
1.623592
1.178738
1.768924
0.742852
0.127763
1.235375
1.564902
1.067035
1.616446
0.741556
0.481539
0.262896
0.716582
0.265508
1.598365
1.385107
0.313533
1.540400
0.671391
1.278884
0.126820
1.151379
1.838946
1.471317
0.177796
1.236020
0.152732
1.506373
0.810506
0.595488
0.245073
0.312144
1.621310
1.569945
1.859236
0.111537
0.503619
0.153555
1.514991
1.369947
1.717925
1.847670
0.296868
0.295826
1.013102
0.082608
0.994004
0.990022
1.491682
1.870198
0.468457
1.912992
0.790733
1.724768
0.287284
1.234275
0.977873
0.792226
0.879298
1.049827
1.025779
1.921150
1.827922
1.942753
0.261468
1.235276
1.141400
1.000993
1.471394
0.153542
1.598454
1.274569
0.267828
1.932174
0.087898
1.388511
1.039939
1.477678
0.443388
0.921752
1.698129
0.336118
0.200290
1.838703
1.614743
1.355075
0.105975
0.976248
0.982328
0.341696
1.930961
1.442195
1.928647
1.627062
0.270765
0.145455
0.850196
0.717668
0.727011
0.520792
1.289295
0.288941
1.722571
0.381296
0.507083
0.202346
1.931039
1.032594
0.925840
1.139295
0.369928
1.932268
0.474242
0.760454
1.493031
0.300498
0.687429
0.672603
1.365177
0.137086
0.085166
1.221272
0.951600
0.215260
0.419101
1.453007
1.674818
1.129265
1.175650
1.149307
0.173835
1.722844
0.920760
1.063140
0.845863
1.505209
0.154674
0.641862
1.572650
1.723929
0.478603
0.181513
0.084907
1.295364
0.598130
0.294546
1.909847
1.329673
0.567226
0.537424
1.582092
0.265924
0.278227
1.160172
0.180861
1.455302
0.955302
1.947707
1.062945
1.267038
1.063620
0.990895
1.888952
1.385870
1.567095
0.980473
0.666272
0.179816
0.385387
1.081868
0.443866
1.698646
1.423370
1.041531
1.901932
1.836139
0.306897
0.556305
0.788935
1.125671
0.528959
1.512685
0.140957
1.695672
0.557715
1.459794
1.001233
1.225185
0.884539
0.097021
1.683745
1.308677
0.778499
0.986368
0.372253
0.189533
0.529182
0.494259
1.155476
0.111568
0.773160
1.772533
0.091632
0.080089
0.872988
1.346839
0.599583
0.537584
0.526698
0.962818
1.941551
0.285394
0.873413
1.940614
0.480883
1.670742
0.681391
1.522097
0.489119
0.632994
0.971056
1.616880
0.263557
1.276016
0.759594
0.483938
0.080325
1.247067
1.849593
1.951634
0.507894
1.931999
1.464603
0.166831
1.804140
0.426969
1.698227
0.971304
0.101309
1.876650
1.158728
1.078147
0.987166
1.174975
0.497782
0.720793
0.966997
0.977226
0.513951
1.920987
1.191230
1.683191
1.507687
1.423475
0.169091
1.501932
0.863683
0.693260
0.598670
1.446094
1.140310
0.121748
1.833205
1.698454
0.601541
1.158440
0.828005
0.610345
1.359154
0.582524
0.945312
1.673835
1.225042
1.612809
0.555412
0.133787
0.155052
0.163776
0.415185
1.073759
0.577491
0.743861
0.373064
1.423951
1.508507
1.503064
1.831929
0.508162
1.243681
1.333662
1.596769
1.698496
0.630059
1.839733
1.736031
0.695588
1.680558
1.907926
1.899850
1.163845
1.718630
1.163242
1.190410
1.931776
1.223122
1.759789
0.759109
1.069954
0.364471
1.157317
0.082248
1.188961
0.157686
1.057822
0.712355
0.860945
0.329608
0.733184
0.650284
1.716654
1.660994
1.466663
0.813695
0.601036
0.843099
1.500711
0.580456
0.139108
1.458958
1.737098
1.683478
1.028192
1.441574
1.765311
0.608391
0.141604
1.360854
1.943723
1.719817
1.017574
1.679680
0.311885
0.799801
0.677935
1.702200
1.396592
0.586300
0.115263
0.491295
0.499731
1.489643
0.123748
1.503290
1.436683
1.001055
1.932109
0.473008
0.430162
1.869364
0.735307
1.076483
1.928476
0.133486
1.926912
1.673002
1.896023
1.269409
0.084194
1.614426
1.390930
0.811540
0.080921
0.490891
0.441331
1.021031
0.763576
1.456260
1.157812
1.472982
0.086191
0.535916
1.594129
1.373420
0.093909
0.576972
0.631578
1.344793
0.255377
0.350527
1.398170
1.709945
0.387080
0.168748
0.477321
1.952215
0.149848
0.575805
0.537395
0.470838
0.703768
0.510435
1.591246
1.277215
1.925073
1.615361
0.781914
1.237877
0.805660
0.970811
0.621743
0.529664
1.878879
1.228544
0.311327
1.278029
0.219698
0.938663
0.717817
1.100390
1.691553
0.084195
1.869279
0.542307
0.446809
1.158440
0.266748
0.609494
0.722617
1.744704
1.286101
0.724132
0.697215
1.262201
1.494778
1.055956
0.984228
0.620210
0.861190
1.916547
0.596897
1.152618
1.272802
0.183605
0.582261
0.708235
0.803564
1.158462
0.599994
1.220557
1.569985
0.173647
1.594523
0.094566
0.176434
1.159449
1.512058
1.044114
0.323854
1.425152
1.745156
1.396836
0.457420
0.489562
0.202925
1.694489
1.865474
0.185350
1.291527
0.479143
0.260351
1.290954
0.528123
1.507585
0.811315
0.613752
0.547215
1.025561
1.350915
0.786520
1.584098
1.224637
0.499216
0.946150
0.776629
1.853774
0.885368
1.504672
1.389198
0.442763
1.831852
1.507155
0.777290
0.114635
1.033705
0.785631
0.579128
1.862041
1.847581
0.234365
1.891389
1.611026
0.156496
0.192479
1.920091
0.827305
0.557683
0.089400
1.861014
1.063106
1.226568
0.166377
1.476893
0.081606
1.790805
0.131638
0.811011
1.295919
0.874306
0.823494
0.741205
1.208499
1.247109
1.942452
0.357202
0.088875
1.356079
1.584262
1.462564
1.445821
0.998909
1.150760
0.088460
0.097236
0.983653
0.356601
1.952488
1.155939
0.641276
0.781568
0.360080
1.740366
0.443695
1.154208
0.991309
0.780702
0.419416
1.443977
0.156882
1.152043
1.015875
1.106081
1.176083
0.084768
0.785905
1.340519
1.405645
0.627684
1.061200
0.967053
1.360087
1.914123
0.094542
0.847562
1.674268
0.448650
0.239615
1.159283
0.247099
0.782562
1.440117
1.374188
0.870492
0.853576
1.750448
0.295513
0.723336
0.716346
0.942648
1.026464
1.931667
1.912512
0.211457
1.717227
1.330265
0.199518
1.321110
1.360710
1.855536
1.914411
0.389243
0.688893
0.907136
1.386881
1.924608
0.473873
1.721482
1.952468
1.869880
1.656470
0.825259
0.279062
0.850174
1.836822
1.281219
1.054726
0.875115
1.174193
0.617896
1.166381
0.527413
1.443234
0.194686
0.189220
0.496738
1.435290
1.316689
0.481971
0.565338
1.864752
0.548315
1.502234
1.272518
1.446568
1.739036
1.591367
1.235196
0.447201
0.386395
0.629107
1.239573
1.601461
0.130995
1.084093
1.845740
0.082168
1.664741
0.095493
0.647901
0.080707
0.980371
1.620378
0.245414
0.706890
0.843433
0.088108
1.929388
1.813731
1.558152
1.406227
1.562718
0.224870
0.706784
0.427638
1.202421
1.510292
1.024348
0.099562
1.585430
1.859543
0.156777
0.572583
1.926473
1.694401
1.407640
0.849721
1.612427
1.917334
0.080421
1.148919
1.055051
1.227193
1.761995
1.105924
1.770174
1.604100
0.970465
0.483865
0.084189
0.339811
1.763193
1.516214
1.202810
0.578613
1.156790
1.738851
0.596824
1.225738
1.879515
0.963082
1.031667
0.246429
1.719244
0.748149
0.080104
0.813438
0.094011
0.089316
1.908905
1.158767
1.587878
0.253347
1.072886
1.509317
1.849671
1.203244
0.180481
0.942120
1.158423
1.869669
0.249662
0.750838
0.748071
0.902149
0.340663
1.736615
1.715918
0.712520
0.084537
0.873073
1.364681
1.931941
1.015497
1.737084
0.088207
1.846436
1.858021
1.601217
1.875125
1.384389
0.791044
1.612751
1.505496
1.384344
0.084782
0.786740
1.614189
0.225439
1.424640
0.729200
1.915345
1.925975
1.775095
0.902705
1.841613
0.662771
0.574772
0.700367
1.875966
1.386600
0.782088
1.505545
0.826388
1.235980
1.499912
0.371081
0.875105
0.266097
1.108546
0.633207
0.922363
1.696992
0.985351
1.335407
1.235996
1.131532
1.048201
0.472744
0.307713
0.629003
1.388967
1.387872
1.686095
0.167414
1.027110
1.603293
0.085292
1.011712
1.373124
0.183181
1.683407
0.961799
0.596404
1.156345
0.588783
1.514332
0.389986
1.759805
0.554900
0.203541
1.424891
0.485974
1.066319
1.703457
1.157303
1.921102
0.312728
1.002664
1.616814
0.081409
0.582709
0.920399
1.813882
0.082730
0.792890
1.497450
0.454198
0.998328
1.227738
1.388011
1.930104
0.764990
1.070305
1.757446
1.441707
0.958628
1.131416
1.932106
0.903818
0.121186
1.688906
1.656645
1.705203
1.276737
0.082001
0.651779
1.302061
0.241776
0.874899
0.289509
0.161002
1.016837
1.615019
0.548130
0.525751
1.550094
1.951874
1.741724
1.935801
1.030921
0.180666
0.085165
0.298916
1.634185
1.616994
1.489995
1.696282
0.081353
1.724655
1.859685
0.747265
0.892140
0.752840
1.018464
0.696436
0.789840
1.523434
1.390204
0.718706
0.472507
1.931419
0.091801
1.721343
1.645287
1.342245
1.915289
1.595276
0.832563
1.785290
0.793929
1.557626
0.707759
0.153380
1.226109
1.431067
1.522637
0.706405
0.084381
1.385650
1.862326
0.563358
0.471000
1.843864
0.216196
1.526082
0.159551
0.398432
1.338387
1.430698
1.564015
1.121274
0.084761
1.156759
1.840417
1.240266
1.810805
1.451659
1.267007
1.013298
0.451681
0.093812
0.822298
0.534020
1.708422
0.305455
0.130763
0.214836
1.711905
1.674737
0.080092
0.981638
0.146199
1.908868
1.208311
0.183077
1.195459
0.541674
0.081225
1.022805
1.863403
0.568931
1.393620
1.410429
1.897792
1.206535
0.498180
1.712361
0.575130
1.694928
1.477748
1.596047
1.919666
1.952158
1.602613
0.855077
0.080401
1.270845
0.489033
0.357794
1.360455
1.225027
0.265988
0.499112
0.752052
0.542653
0.385766
0.251810
0.795407
0.213929
0.595099
0.466211
0.079970
0.735567
1.159186
1.486047
0.083375
1.330199
1.929380
1.930762
1.725889
0.635829
0.483362
1.158978
0.907257
1.275278
0.987276
1.625329
0.834480
0.992502
1.416905
1.519141
0.558712
0.959314
0.265886
0.989219
1.343721
1.196973
0.660367
1.932051
0.228687
0.204827
0.992434
0.575526
0.828066
1.585407
1.763281
1.634855
0.605483
1.669441
1.287765
1.675246
0.289969
1.158480
0.987239
0.178420
1.555786
1.492935
1.467876
1.798036
0.599519
1.313855
0.560609
0.496258
1.003806
0.319262
1.238011
1.440506
0.555050
0.237905
0.203113
0.715620
1.860924
0.792610
1.743922
1.600897
0.472456
0.259541
0.208938
0.823341
1.720261
1.478815
1.932137
1.932141
0.342908
1.014705
0.470350
1.065538
0.146426
1.886689
0.991911
1.599939
0.467125
0.575661
0.295155
0.642459
0.627860
1.519327
0.177768
1.496919
1.592481
0.419354
0.826090
1.479306
1.152574
1.279933
1.583505
1.917861
0.617969
0.564074
0.120439
0.589129
1.456948
0.226643
0.209122
1.685115
1.940403
1.506311
0.670066
1.916765
1.746510
1.089016
0.346698
0.785309
0.357477
1.370767
0.141263
0.533709
1.950030
1.916603
0.291916
0.656074
1.730045
0.445821
0.357126
0.467959
0.348559
1.576929
1.358120
0.695802
1.481215
0.162027
0.372079
0.442154
0.522769
0.927443
0.662192
0.448725
0.466875
1.052523
0.282579
0.196208
1.463449
0.448824
0.396798
0.371703
1.007615
1.717902
0.526584
0.414605
0.850842
1.566270
1.529095
0.947322
1.759173
0.508806
0.145691
1.589884
0.674763
1.548103
0.617593
0.458758
0.160630
1.709579
1.385641
1.924280
1.305173
0.966700
1.398378
1.559386
1.811182
0.994105
1.580594
0.679019
1.453960
0.662794
0.483927
1.246657
0.167161
0.509547
0.393226
0.260920
0.098663
1.942481
0.486624
0.708235
0.861935
0.563303
1.913878
1.293601
1.465378
1.387830
0.192122
0.380976
1.154028
1.146668
1.032522
0.504869
1.906715
0.880424
0.465772
0.982338
0.479957
0.761630
1.393588
1.652741
0.713930
1.445749
1.651326
1.529184
1.407585
0.433378
0.800453
1.750744
0.090215
1.016112
0.865428
0.484159
0.821125
0.164167
0.807078
1.388996
1.924174
0.805411
0.836753
0.485679
1.219276
1.287598
0.085846
0.699246
1.388273
1.619344
1.601216
0.936504
1.453180
1.697734
1.528161
0.920012
0.280825
1.952600
1.507579
1.424522
0.164228
1.071845
1.106880
1.906700
0.929950
1.646827
0.784044
1.876482
0.164249
0.469623
0.165294
0.684183
1.715860
1.065880
1.608587
1.330573
1.154085
0.163207
0.689184
1.295015
0.128508
0.226487
1.134199
1.681214
1.388908
0.265959
0.091885
1.160029
1.837003
0.699608
1.919102
0.978092
0.794433
1.459979
0.453722
0.827320
0.514614
0.671403
1.573074
1.794248
1.505615
1.538168
0.162729
0.130550
0.725710
1.689623
1.515972
0.124966
1.153604
0.863071
1.117116
0.796037
1.592277
0.102873
1.343675
0.409294
0.739850
1.695090
0.586245
1.043473
0.657345
1.510139
0.374208
0.081010
0.384591
1.913634
0.660103
1.475144
1.699551
0.888470
1.684318
0.296396
1.224886
0.086445
0.482170
0.268618
1.928587
1.530678
1.356941
1.347893
0.086566
0.304781
1.783057
0.521720
1.512851
1.346750
1.842211
1.012454
0.081879
0.492632
1.022195
1.702533
1.499328
0.758368
1.901742
1.363012
0.095689
1.687882
1.466445
1.101166
0.776670
0.544515
0.620978
0.822705
1.678335
0.094761
0.565953
0.412069
1.398746
1.085890
0.740928
1.322300
1.465378
1.483313
0.131936
0.082355
0.144670
1.170302
0.173839
0.646440
1.482270
0.585324
1.556237
0.647094
0.741191
1.584963
0.392302
1.079443
1.593668
1.157120
1.327482
1.511007
1.158459
0.554224
1.930491
1.722285
1.236738
0.990868
0.197154
1.137121
0.480924
0.773338
1.023051
1.225244
0.177230
0.303357
1.698663
1.932222
1.599977
0.132657
0.218292
1.355309
1.395651
1.589809
0.235005
0.559376
1.110238
1.714150
0.229438
0.269522
1.843297
0.138233
0.523863
1.157811
1.533543
1.848028
1.455395
1.213115
1.507804
0.103379
0.922825
0.876605
0.806284
1.393205
0.537023
0.820170
0.938952
1.108280
0.185217
1.203693
1.656798
0.676987
1.266583
1.453150
1.637334
0.304080
1.277760
1.849660
1.225955
1.210208
1.524904
0.256214
0.901721
1.272393
1.012706
0.905484
0.580562
1.218004
0.773363
1.024710
0.937366
1.604980
0.811408
1.284649
1.497739
1.157643
0.198996
1.158592
1.535546
0.343350
1.388120
0.084365
0.086631
1.483005
1.208765
1.660029
1.365625
0.309252
1.286978
0.793897
1.446504
0.479594
0.151024
0.277719
1.232578
0.596414
0.453994
0.945116
1.250039
0.641662
0.586966
0.569118
1.370301
1.041264
0.179246
1.829985
1.271633
1.490776
0.821616
1.400180
0.964401
0.361344
0.461338
0.932424
1.912739
1.915235
0.575092
0.701251
1.168146
1.595523
1.474526
1.304588
1.054687
0.132923
0.982929
0.999457
1.596325
0.669573
1.296949
1.737510
1.385665
1.524143
0.644905
1.714210
1.863634
0.100420
1.150520
1.363697
0.450372
0.095951
1.591506
0.411070
1.501849
0.917962
0.449270
0.832359
0.276485
0.749433
1.503436
1.447203
0.837771
1.564160
1.179366
1.709027
1.010061
1.642781
0.525779
1.931572
0.088858
1.364323
0.391773
1.401473
1.507625
1.002893
0.463231
0.711523
1.271470
1.486716
0.820316
1.054057
0.638543
1.930418
1.863194
1.388538
1.133500
1.751697
0.850098
0.399606
1.801376
1.467980
1.614666
1.735876
1.007283
0.456036
0.268360
1.744336
0.717983
0.258904
1.548426
0.637011
1.347336
0.084380
0.748557
1.841761
0.377566
0.086000
1.604163
1.649586
0.710411
0.320331
1.289699
0.484396
1.366114
0.557327
0.082982
0.904475
0.618152
1.157373
0.212253
0.557616
0.847553
1.507967
0.217576
0.178453
0.635584
1.237290
1.474859
1.700933
0.449828
0.529733
0.922276
0.324839
0.733843
1.491147
0.313567
1.295683
1.716049
1.286496
0.081363
1.108796
1.397562
0.332612
0.914806
0.083500
1.526713
0.697301
0.156571
0.922960
0.344975
1.532874
1.391776
1.287612
1.716427
0.774904
0.802185
0.282277
0.309320
1.103166
0.424339
1.919938
0.242803
1.778142
0.799155
0.233565
0.760440
0.251972
1.015751
0.982119
1.015477
0.430864
1.505897
1.224654
1.648036
0.735042
0.969062
0.276187
0.993934
1.850154
0.674840
0.815698
1.499291
1.524023
1.710135
1.925561
1.181332
1.590669
0.467226
1.930396
1.931975
0.245680
0.774515
1.335809
1.116266
0.391640
0.948703
1.506575
0.477386
1.897678
1.317185
1.484290
0.565722
0.173631
0.295959
1.392627
1.150713
0.181442
1.595852
0.094967
0.765477
1.858441
0.970092
0.347909
0.161898
0.719155
1.916419
0.393920
1.010719
0.093518
0.274788
0.141363
0.320062
0.617570
0.707650
1.213308
1.797405
0.958799
1.233846
1.844356
0.657129
1.236928
0.086383
0.550024
0.356395
1.267064
0.702026
0.960958
1.206608
1.718972
1.952683
1.838188
1.938032
1.500658
1.398142
0.296518
1.385266
0.528291
0.530594
1.157534
1.541168
1.263894
1.865517
0.738916
0.478685
1.334800
1.308920
0.952068
1.156702
0.726509
1.646912
1.433490
0.998845
1.353467
1.386887
0.231094
1.864461
0.566315
0.262306
1.421631
0.152941
0.089557
0.985372
1.931132
1.869171
0.332476
0.472132
1.637769
0.099212
0.636113
1.698877
0.377120
0.084549
1.931706
1.693158
0.134357
0.527033
1.596442
0.180146
0.183915
1.771197
1.611904
0.904932
0.324541
0.928365
1.237591
0.781673
0.608976
0.161613
1.599256
1.919020
1.888361
1.620551
0.088353
0.139252
0.747176
0.790044
0.327778
1.579219
0.984411
1.757496
1.489803
1.751678
1.404659
0.955558
1.697791
1.521590
0.352871
1.724030
1.070406
1.931639
1.720108
0.929521
0.763194
0.162036
0.990534
0.089165
1.172796
0.185534
1.618647
1.078676
1.167036
0.757527
0.356075
0.743459
0.336835
1.457623
0.502184
0.688228
0.224254
0.657953
1.260196
1.647134
1.930551
1.023658
0.360665
0.159813
1.153879
1.025899
0.082248
0.752410
1.533537
1.223417
0.954813
0.996812
0.377706
0.519891
0.820077
1.534267
0.778183
0.963816
1.898048
0.290513
0.629617
1.608607
1.739765
0.990403
1.654930
1.770280
1.610053
0.797167
0.966487
0.483549
0.081436
1.396593
1.611372
1.418703
1.835586
0.166493
1.384272
1.932202
1.356014
1.921858
0.666436
1.157763
0.829572
0.115621
1.656906
1.276530
0.833069
1.753637
0.225751
1.155382
1.491878
0.584470
0.375079
1.706790
1.699603
0.650359
0.495730
1.009938
0.299436
0.416891
1.072720
1.474730
1.155917
1.911904
0.084270
0.086690
0.874795
0.952330
1.563667
0.542171
0.558923
0.199210
0.586077
0.972264
1.225188
0.166297
0.502702
1.225914
1.622261
1.618204
0.232253
0.436027
0.092897
1.543168
1.156474
0.169258
1.233153
1.282816
0.566005
0.219067
1.735887
1.445678
0.978408
1.057831
1.290381
0.085499
0.125961
1.160971
1.051468
0.213698
0.687126
1.529902
1.943392
0.555752
0.146024
0.998617
1.443810
0.148915
0.082563
1.234391
1.110576
1.394363
1.185110
1.394734
1.437335
0.144816
1.451028
0.221444
1.152490
1.503853
1.931431
0.319988
0.537751
0.747467
0.432688
0.963710
1.454386
0.399384
1.349949
1.952529
0.930109
1.419099
1.004492
1.066796
0.639534
0.468265
1.159515
1.510354
1.220933
0.173109
1.918611
0.144122
0.136246
0.557326
0.760413
1.557535
0.714884
1.868763
0.533004
1.570654
1.442583
1.237814
0.530967
1.340543
1.289691
1.737551
1.423105
0.767954
1.561100
1.680115
1.566697
0.732898
0.826253
1.603620
0.674197
1.697386
0.546970
1.158150
1.692809
1.685662
1.848106
1.920452
0.578349
1.770610
1.699263
1.931811
0.514135
0.771436
0.489763
0.485661
1.070298
1.857088
1.852188
0.413773
0.227488
0.479983
1.148063
1.003541
0.423506
1.614002
0.158987
0.080392
0.288288
1.700046
1.157297
1.597098
0.167137
1.145086
0.223405
0.767236
1.758553
0.554579
1.185786
1.202318
0.531459
0.085740
0.161195
0.984632
0.462668
1.208310
0.386607
1.728632
1.591546
0.658328
0.583922
1.152683
1.269187
0.943267
1.060099
0.288217
1.847411
1.555662
0.778832
1.698637
1.370511
1.107864
1.880074
0.945685
0.863236
1.387317
0.617909
0.672325
0.377182
0.159426
1.906465
1.925925
1.733362
0.659312
1.177405
1.942077
0.673679
1.266274
1.919332
1.663744
0.938097
0.442320
0.961267
1.612095
1.045282
1.714368
1.544906
1.849668
0.524604
1.573241
0.289099
1.719845
0.339013
1.155380
1.228090
0.745451
0.169719
1.468620
0.530725
1.806082
0.988108
0.697971
0.595934
1.138584
0.109566
1.852939
0.456793
0.859391
0.766001
1.274685
1.019077
0.693024
0.294548
1.898325
0.244247
1.682797
0.761509
0.263820
1.603517
1.506278
1.074049
0.374176
0.187229
1.925258
1.177400
0.746426
0.472684
1.384719
1.843047
0.159740
1.406107
0.978635
0.842111
0.375522
0.307041
1.763640
1.584904
1.158341
1.488663
0.832850
1.752804
0.520065
0.085841
1.855442
1.942800
1.943712
1.337602
0.990633
1.758610
1.859322
1.852598
1.179016
0.108286
0.198956
0.724259
1.242383
1.925773
1.727063
1.927753
0.085700
1.046494
0.286247
1.923158
0.937046
0.967573
1.822705
1.286435
1.291178
1.607367
0.281734
0.200963
1.513956
0.191544
0.998560
1.025894
0.082341
1.080101
1.830675
0.407674
1.731648
1.679611
0.087202
1.160218
0.265467
1.205048
0.083884
1.859068
0.994962
0.680086
0.420803
1.892130
0.667964
0.096868
0.852148
0.607541
1.494247
1.287065
1.404209
0.538531
1.464241
0.080582
0.487867
0.181893
1.725135
0.833538
0.329867
0.354364
0.753953
0.882099
1.863253
0.903363
1.931101
1.158368
0.262282
1.232550
0.956619
0.297664
1.154106
0.265527
1.603129
1.544142
1.594145
1.943823
0.849990
0.154745
0.434683
0.428466
0.795193
1.905172
1.102797
1.166661
0.501533
0.952845
1.284337
0.632443
1.315096
1.020003
0.704702
0.565422
0.154083
1.387586
1.661187
1.849243
0.943591
1.413304
1.828809
0.959886
0.831237
1.590874
0.165269
0.524808
1.287001
1.720113
1.594875
1.703159
1.729872
0.980726
1.680354
0.085322
1.810099
1.697901
0.627603
1.275890
1.686909
0.090715
0.962482
0.248702
1.096382
0.274888
0.774918
1.616685
0.930924
0.237880
1.879912
0.246984
1.005010
0.149684
0.657475
1.278831
0.159208
1.504365
0.850034
0.839529
1.687061
1.132776
0.699869
1.351642
0.479690
1.603476
0.227911
1.489383
1.552644
0.976299
0.080479
0.182553
0.635969
1.671880
1.931371
1.815985
1.932054
1.912414
1.221762
0.496292
0.844098
0.498891
1.470225
1.384124
1.158225
1.654496
0.272293
1.422931
1.726919
0.441059
0.083247
0.391150
0.987721
1.418833
0.086942
0.180515
0.086055
1.721092
0.317531
0.546938
0.393180
0.774898
1.784758
1.506308
1.814883
1.340545
1.593040
0.721360
1.701057
0.579288
1.615430
0.184000
1.018577
0.252591
0.175295
1.718691
0.292865
0.562036
1.918812
1.601849
1.351792
0.082739
0.677782
1.348386
0.335090
1.950275
1.929232
1.591437
1.513217
0.493737
0.722427
1.761531
0.605435
1.149949
0.970404
0.190830
1.160920
0.299100
0.371080
0.385580
1.560810
0.228225
1.157785
0.349779
1.932041
0.385252
0.156870
0.722752
0.093729
0.726923
1.899130
0.908820
0.723811
1.595089
1.932285
1.834815
0.154303
1.100661
1.676465
1.166130
1.885837
1.723965
0.335243
0.573122
1.160765
0.250252
0.566594
0.229514
1.165031
0.163409
1.042216
0.764909
1.057850
0.576541
1.932106
1.224386
0.181975
0.570616
0.141248
0.838361
1.766497
0.641306
0.081626
0.144987
0.185758
0.752765
1.355602
1.128584
1.677434
1.931068
1.478267
0.697404
0.169221
1.508644
0.964954
0.197276
0.964857
0.713303
0.445938
1.292738
0.089076
0.090496
1.770700
0.140070
1.407834
0.591254
0.459948
1.943395
0.984068
0.141077
1.285085
0.686808
1.061546
1.657869
0.323521
0.382694
1.519093
0.950361
0.990242
0.578027
1.817081
1.000471
0.173048
1.107055
0.728705
0.100673
1.925316
1.158623
1.601142
0.604888
0.963820
1.583133
0.970889
0.930976
0.083067
0.372049
0.812593
1.730987
0.584849
1.748434
1.110303
1.336219
1.932224
1.386859
1.157243
0.968104
1.341110
0.956185
1.630782
0.825342
1.349797
0.081012
0.081161
0.239011
1.333427
1.815636
1.721020
1.385538
0.551063
1.478987
1.691417
1.158007
0.701496
1.578005
1.157289
0.111637
1.894679
1.075914
1.413960
1.037646
1.917660
1.224428
0.217632
1.276463
0.697877
0.371118
1.120799
1.100365
1.108886
0.086595
0.248540
1.571050
0.435252
0.491119
0.090809
1.641346
1.942876
1.439188
0.096515
1.457921
1.247736
0.325244
0.911744
1.874315
0.913620
1.472755
1.930781
0.588861
1.509976
0.781704
0.986140
1.824708
0.488008
1.020798
1.480563
1.718453
1.419351
1.726227
0.519715
1.026778
1.237699
1.496435
0.954088
0.161838
1.014453
0.694361
1.836115
1.238600
0.518483
0.278360
1.557580
1.293051
1.056000
0.092466
1.740781
0.587994
1.209378
1.730093
1.572456
0.323450
0.619937
1.032354
1.478579
1.413211
0.318537
1.904102
0.174047
1.689781
1.242955
0.535289
0.711209
0.306194
1.685709
0.302311
1.602464
1.932078
1.236532
0.087992
0.300703
1.729912
0.951152
1.512334
0.086102
0.352074
0.563396
0.987894
0.957851
1.744892
1.029910
0.805508
1.227669
0.084757
1.256920
0.195728
1.834491
1.360655
0.774078
1.364347
1.127746
1.162943
1.789178
1.779496
0.980134
0.619388
1.575129
0.429143
1.016661
1.518235
0.082841
1.521197
0.489373
1.807725
1.158623
1.251347
1.782613
1.297327
1.412842
1.846189
0.384071
0.408140
0.100540
0.592464
0.480195
0.939276
0.506645
0.708150
1.482519
0.128628
1.393788
0.470772
1.342640
1.931409
0.093886
1.502618
0.988267
1.238165
1.929517
1.655696
0.500254
1.917477
1.329696
0.143252
1.265083
0.360839
0.695196
0.496762
0.922685
0.113088
0.892935
0.572696
0.960297
0.385908
0.793330
0.848384
0.831396
0.333358
1.004059
0.569034
0.332143
0.527133
0.402958
1.739160
1.156046
0.940017
1.635578
0.954786
0.746364
1.935576
0.599674
1.357849
1.385044
1.018749
0.187716
0.163732
0.081484
0.083239
0.780817
1.022668
1.500586
1.724178
0.690999
0.686995
0.475357
1.446820
0.815886
0.359955
0.991226
1.203683
0.579437
1.943396
1.389606
1.156292
1.252476
0.093877
0.601551
0.584814
0.473123
1.002371
0.457216
0.760450
0.401821
1.779222
0.297835
0.510750
1.621649
1.413014
1.814895
1.155480
1.153036
0.746119
0.925297
1.824368
0.524062
1.487214
1.360994
0.909323
0.093089
0.082726
0.870034
0.298880
1.120545
0.166989
0.144609
1.459559
1.295616
1.200556
1.517822
0.594966
1.711072
0.430636
0.503122
1.920810
0.658393
0.282073
1.404044
0.994403
1.928756
1.890067
0.388656
1.527204
1.184628
1.865416
0.130428
0.908884
0.612458
0.168667
0.562881
1.234339
1.013343
1.122182
1.901026
0.683690
0.087933
0.152411
0.273940
0.562515
1.779866
0.493152
1.137984
1.760594
0.864724
0.103361
0.780462
1.914811
0.176667
1.393024
1.274410
0.552096
0.632149
1.405489
0.155859
0.682710
0.411939
0.091886
0.165304
0.551766
0.788328
0.081792
0.501463
1.753607
1.735725
1.238695
0.498615
1.928465
0.481638
0.535885
1.932645
0.497764
0.195110
0.371046
1.603001
1.355300
0.805993
1.528107
0.458935
1.014869
0.506195
0.580408
1.555684
0.749041
1.818795
0.308759
0.567210
0.488903
1.503087
0.663802
0.255960
0.136284
1.496037
0.908271
0.260164
0.233866
0.137542
0.788182
1.151433
1.123854
0.332880
0.176598
0.494802
0.085172
0.647376
1.765859
1.440462
1.148538
0.094473
0.129252
0.427932
0.298631
1.087080
1.707744
0.083298
0.474208
1.272611
1.131890
1.425368
1.614953
1.602980
1.769940
0.714707
1.595080
0.558352
1.455115
1.932553
0.963974
0.663245
1.358059
1.520050
0.451312
0.492664
1.917338
0.721020
1.494634
1.390857
0.772733
0.714776
0.684707
0.224177
0.085654
0.369640
0.086545
0.499973
0.306286
1.906057
0.145387
0.374850
1.440709
1.499363
0.270204
1.032448
0.238663
1.086785
0.502788
1.472291
1.609373
1.368975
0.952847
1.726821
0.810434
1.594233
0.786598
1.164677
0.399734
0.388663
0.088416
0.857039
0.783457
0.285941
0.277735
0.821811
1.325891
1.847772
0.648880
1.032961
0.845920
0.159174
1.756238
0.495422
0.663146
1.085517
0.646717
0.990962
1.584158
1.114046
1.225074
0.194303
0.544564
1.736331
1.224510
1.217727
1.828627
1.753534
1.510028
0.951327
1.909344
1.519337
0.333786
1.724291
0.847690
1.689409
0.157604
0.816780
1.156419
0.328429
0.847848
1.943935
0.398560
0.713521
0.937815
0.177676
1.386955
0.350107
0.240105
1.421868
0.081983
1.847608
1.142715
1.794043
1.710434
1.014365
1.484356
0.472928
0.998373
0.642841
1.917718
0.569967
1.468152
0.515698
1.614139
0.894931
1.278908
0.176295
1.279915
1.943216
0.174621
0.602521
0.527280
0.531960
1.556976
1.055503
0.165853
0.208972
1.932178
1.429391
0.512405
0.403095
0.614483
1.938333
1.015778
0.958621
1.932175
1.260614
0.531843
1.573544
0.094733
1.229250
1.943397
0.813796
1.287831
0.782037
0.234530
1.762416
1.691685
1.055996
1.502467
1.931906
1.597647
1.507737
1.763969
0.936581
1.777419
0.976001
1.393191
1.932082
1.462940
0.456452
1.350060
0.107805
1.360932
1.795568
0.377134
0.464670
1.587491
0.561273
0.534205
0.773634
1.745360
1.918906
1.480282
0.246267
0.479663
0.528823
0.883742
1.604201
0.815268
1.504429
0.454481
0.475746
0.629086
0.890742
1.244723
0.582360
1.931865
0.991202
0.719197
1.223315
0.280527
1.313056
1.708436
1.675208
1.195832
0.685799
1.320463
0.079749
1.159066
1.203094
1.392130
1.608496
0.668353
1.704648
1.015774
0.970130
1.280221
0.553822
0.995537
1.849082
1.798767
0.492069
0.490672
0.727409
1.851861
0.769639
0.594876
0.961554
1.109214
1.720086
1.087035
1.001078
1.037314
0.208072
0.943592
1.207680
1.327590
0.100094
1.857170
1.259069
1.571975
0.301291
0.638820
1.296530
1.854754
1.489862
0.562012
1.498869
0.227011
1.222805
0.491511
1.050462
0.896071
1.521817
1.090688
0.311370
1.916093
1.692701
1.756833
0.149364
1.107963
1.157609
0.351313
0.349366
0.304337
0.379701
1.878451
0.169201
1.338574
0.089247
0.373697
1.504449
0.881241
0.556554
1.697720
1.157772
1.721627
1.770912
0.208767
1.835270
1.153870
1.162080
0.080679
1.222817
0.796175
0.368942
1.158252
0.563374
1.726745
0.213724
1.040961
0.947628
0.164066
0.144108
1.166715
0.821921
1.884001
0.147254
1.055061
0.130244
0.706369
0.958380
1.082588
0.590626
1.749479
0.302900
0.969883
0.120121
1.581565
0.471929
1.602192
1.276387
1.148656
1.056089
1.917100
1.190208
1.401386
0.738761
1.930605
0.094628
0.801359
0.524468
1.040688
0.516237
0.441967
0.275954
1.239095
1.894768
1.461284
0.329425
1.705069
0.482542
1.233655
0.411128
1.407092
0.424821
1.703752
1.615630
1.111050
0.708778
1.119260
0.117685
0.156611
1.393043
0.083376
0.369869
1.893810
1.938381
0.199580
0.978052
1.128046
1.293916
1.386220
0.502464
0.156214
1.601013
0.766743
0.081413
0.342671
0.591052
0.164103
0.157498
0.101252
0.254707
0.521930
0.299599
0.457177
1.688358
1.386574
1.147273
0.963408
1.930425
1.327243
1.927660
0.141218
0.084745
0.659086
0.175213
0.807629
1.510737
1.549490
1.684434
0.520932
0.645474
0.981094
0.405793
1.157276
0.593790
0.959144
0.679080
0.325654
1.710982
1.766968
0.274639
0.968656
1.781548
0.382999
0.676018
1.595865
0.523297
1.058343
1.546100
0.718953
0.427969
0.186756
1.488082
0.770381
1.764347
1.931634
0.480642
1.158860
1.022287
0.083506
1.921465
1.510226
1.155969
1.734142
1.561820
1.883197
0.353451
1.677819
0.272194
1.850981
0.083257
1.598384
0.228904
0.951320
1.342633
1.320920
0.616222
0.452803
1.927643
0.303253
0.877518
0.987441
0.191316
1.915607
1.163110
1.931715
1.405151
0.326499
0.362094
1.763621
1.568506
0.467719
1.046298
0.608700
1.513399
1.586802
1.932076
0.594377
0.192803
1.121600
1.224863
0.299997
1.597074
0.182116
1.929364
1.562247
1.932604
1.896925
1.225008
1.004352
1.144923
0.755229
1.065238
0.151838
0.290604
0.474763
1.287961
0.268312
0.742103
0.951403
1.441846
1.182391
0.668090
1.642285
1.834164
0.242250
0.589115
0.960585
0.355540
1.448093
1.560768
1.723697
1.290106
0.998065
1.109176
1.499342
1.585698
1.058467
0.770161
1.689447
1.287965
1.755934
0.943844
0.802203
0.613347
0.293110
1.333105
0.745669
0.498097
1.498047
0.213892
0.823479
1.952439
0.702803
1.355132
0.388416
1.895717
1.695534
0.473793
1.849980
0.304598
0.478852
0.312719
0.352380
1.042859
0.835481
0.520535
0.553933
0.817053
0.201892
0.615661
1.582426
0.951949
0.980031
1.590775
0.080765
1.455752
1.932077
1.045179
1.651124
0.991394
1.675513
0.742154
0.084727
1.721799
0.714287
1.236502
1.890720
1.941477
1.893798
1.710201
1.875529
1.868648
0.717629
1.135917
0.972345
0.930450
1.905578
1.487348
0.722342
1.591205
0.455344
1.062106
0.631376
1.527306
0.935699
0.810115
0.563845
0.833051
1.854461
1.375948
1.386411
1.036180
0.971181
0.859758
1.929423
1.121639
1.414092
0.559942
0.148085
1.208440
1.151874
0.204409
1.153625
1.096130
1.151648
1.559761
1.484072
0.197052
1.908290
1.332072
1.281875
1.478182
1.615587
1.038056
0.196628
1.918069
1.585831
0.972107
1.006424
1.634354
1.706864
0.990701
0.086035
0.454386
0.162931
1.595294
1.041703
1.502794
1.234747
1.623177
1.301037
0.707019
1.565433
0.170401
0.555366
1.805563
1.436108
1.918520
0.765752
0.732802
0.394097
0.668214
0.323481
0.533230
1.492680
1.843777
1.204769
1.405769
0.081912
1.737583
1.927449
1.952185
0.934055
1.356068
1.535752
1.384479
0.484509
1.303375
0.120026
1.580808
1.146526
0.597934
0.900495
0.390460
1.424682
1.344108
1.915609
1.422212
1.430051
0.748310
1.761032
1.251755
0.211351
1.720955
1.609908
0.984335
0.698218
0.744458
0.500899
1.107996
1.603352
0.223480
1.205922
0.939151
1.678836
0.952426
0.510198
1.768199
1.119513
1.905290
0.874297
0.481221
1.164063
1.158170
1.927768
0.942656
0.161882
0.885744
0.733152
0.957739
0.506697
0.959448
1.748834
1.367649
1.447327
1.046627
0.467284
0.163764
1.222823
0.509545
0.568242
0.082794
0.488174
0.661248
1.156417
0.627429
1.598136
1.160948
1.198333
0.246834
1.200324
0.632008
1.598203
1.367947
1.928529
0.977982
0.692521
0.684696
1.298231
1.273330
1.519282
0.473780
1.343719
1.594929
1.931703
1.920868
1.551827
0.083698
0.939143
1.691443
0.500314
1.848800
1.342221
1.455047
1.646420
1.586226
1.898324
0.097545
0.963329
0.916924
1.301141
0.237088
1.323519
0.742062
1.736666
1.899786
1.631212
1.023499
1.935456
1.601664
1.158370
1.539068
0.693492
1.930166
1.361940
0.082044
0.938562
1.271004
0.562454
1.157103
0.589215
0.592514
1.215868
1.160113
0.261495
0.492945
1.883328
1.029735
1.700400
1.155736
0.484157
1.755880
0.094249
1.718196
1.877709
0.754495
1.153586
0.904244
1.554920
0.479838
0.080852
1.300521
1.156507
0.526632
1.452052
0.695533
1.191962
1.236911
0.132609
0.815493
0.600891
1.729731
1.821356
1.228873
0.820154
1.418328
0.753528
0.327566
0.973969
1.921987
1.618993
0.260903
1.911682
0.113506
1.014233
1.147625
1.700166
0.495724
1.431180
1.278091
0.938744
1.367195
1.531335
0.915543
1.699213
1.701499
0.971577
0.497561
1.481463
1.019964
1.161048
0.274978
1.211211
1.397299
0.560523
0.561934
1.515956
1.823271
0.215896
1.086674
0.885273
1.728173
1.389639
1.268946
1.156118
0.092148
1.594865
0.987517
0.710724
0.324057
0.718680
0.804649
1.862601
0.942766
1.885176
0.296645
1.206725
1.719728
0.084024
0.351580
1.508599
0.159190
1.224854
0.693028
0.522733
0.482654
1.513088
0.828339
0.920138
1.257448
1.608559
0.579105
1.316608
1.625530
0.417615
0.396691
1.157606
1.851807
0.569398
1.855050
1.616320
1.491733
0.238924
0.577817
1.508262
1.357252
0.488814
1.752581
0.459760
0.735322
1.761929
1.882907
1.190522
0.259175
0.983131
0.232675
0.158122
1.661969
0.094847
0.161686
1.709580
1.737619
1.590962
0.124416
0.161923
1.022634
0.585725
0.632744
0.243579
1.501020
0.951640
0.080835
1.050929
1.916793
1.914635
1.722776
1.877776
0.529281
0.881009
1.804045
1.224625
0.941091
1.715699
0.230372
1.778456
0.505168
1.223568
0.334172
1.280938
1.916771
0.691889
1.673947
1.284449
1.595601
1.912521
1.941873
1.224725
1.932057
1.838812
1.254171
1.471060
1.568578
0.082473
0.486249
1.153709
1.784882
1.725732
0.733378
1.456768
0.176450
1.158839
0.896452
0.625450
1.723464
1.367526
1.622092
1.585685
1.066845
0.160523
1.819104
1.879117
0.592356
0.246633
0.857105
1.019844
1.788801
1.677834
1.048268
1.274170
1.893046
1.086345
1.627025
1.692639
1.951142
1.033250
0.189857
1.385431
0.687035
1.853556
1.461329
1.304815
1.449509
1.599021
0.458209
1.170921
1.150484
0.160345
1.910540
1.765115
1.908624
1.721554
0.969929
1.942976
0.738820
0.542814
0.157889
1.296975
1.555230
1.728035
1.384395
1.401294
0.241962
1.903413
0.501342
1.164110
0.641381
1.698105
0.776796
0.273080
0.139478
0.133221
1.279751
0.873055
0.953671
1.412241
0.587017
1.187072
1.354281
1.038902
0.258526
1.051126
0.517826
1.726355
1.853559
1.831429
0.671554
1.572932
0.431198
0.296308
0.558870
0.855489
1.770653
0.094057
0.983551
0.123188
0.536003
1.153984
0.720562
1.493012
1.070026
1.306483
1.253391
1.222994
1.650483
0.706310
0.209110
1.717220
0.482028
1.113789
0.307497
0.844388
0.822761
1.849423
1.141750
0.387409
1.912265
0.506190
0.517277
1.743546
1.505288
1.608448
1.236748
1.165754
0.353683
0.270895
1.290448
0.743309
0.460991
0.164065
1.578374
1.854306
1.012989
0.786473
0.450985
1.187684
0.089958
1.293550
1.711880
1.356656
0.727766
0.625469
1.846409
0.760409
1.932035
0.480667
0.757648
0.829045
1.101473
0.814198
0.581279
1.452650
0.984460
1.951549
1.458791
1.227937
0.603394
1.863500
0.081795
0.429967
1.295109
1.822225
0.358639
1.262596
1.221016
0.310691
1.503138
1.323658
0.320698
0.679722
1.882352
1.298126
1.692361
0.818975
0.166270
1.005455
0.437622
0.754767
0.159776
0.591172
0.923857
1.862139
0.123536
1.060758
1.379497
0.932084
0.625948
1.244484
1.476293
1.499886
1.637600
0.284636
1.555099
0.947771
1.618297
0.551822
0.106161
0.837468
1.377194
1.209051
1.522963
1.384378
1.462740
1.615675
1.557264
0.208646
0.935595
0.940787
1.787049
0.770207
1.079337
0.381126
1.356437
1.406229
1.453255
1.188139
0.289097
0.541833
0.940323
0.654284
0.578138
1.294393
1.239337
0.092546
1.864154
1.237596
0.453117
0.911898
0.515744
0.396472
0.195749
0.512787
1.648117
0.812121
1.314015
1.836656
0.158668
0.096213
1.390656
1.259112
0.632728
1.348132
0.473445
0.428749
1.462370
1.872594
0.088831
1.385126
0.633906
1.294883
0.805296
1.727509
1.247337
0.507664
1.025521
0.341504
1.276421
0.560214
1.224761
1.615399
1.427590
1.815200
1.516007
0.252011
1.571143
0.593555
0.081734
1.932088
0.186936
0.365940
1.496533
0.230710
1.762253
1.848264
1.072167
0.284670
1.863032
0.169056
1.281644
0.168225
0.543023
1.318594
0.643782
1.931357
1.738865
1.500949
1.215140
0.172015
1.159577
0.229450
1.596792
1.224771
0.621871
1.893367
1.404694
1.498624
0.233035
1.160413
0.365036
1.076209
1.111964
1.432105
1.927049
0.784397
1.859075
1.259535
0.618201
0.943859
0.466698
1.940895
0.751261
0.086087
1.761369
1.029358
0.738712
0.745701
0.158721
1.225300
0.732920
1.353172
1.392630
0.240067
1.583536
1.065834
0.680394
0.155167
1.895601
1.331180
1.529794
0.441845
0.345072
0.190781
1.864906
1.622428
0.702381
1.932153
0.476624
0.171494
0.087937
0.090311
0.738800
1.678908
0.474371
0.164964
0.612063
0.583478
0.161680
1.722673
0.681045
0.368423
1.606223
1.570930
1.163609
1.386395
1.847544
1.719703
1.161296
1.505834
1.300143
1.508051
0.797119
1.535502
1.156208
