0.769038
0.698568
1.456383
0.132036
0.454266
1.854969
0.192651
1.521902
0.992172
0.626109
0.291853
1.851589
1.436185
0.079815
0.973706
0.974746
1.871732
0.240062
1.041754
1.687534
1.677756
1.133991
1.872096
0.823981
0.651482
1.408822
0.157182
1.439281
1.445081
1.348748
0.963385
1.143338
1.056380
0.626782
1.078066
0.974768
1.792914
1.636827
0.245733
0.734241
1.664653
0.522234
0.975649
1.437711
0.974079
0.437150
0.098020
1.136066
0.195648
1.444129
0.667068
1.821037
1.436700
1.133302
0.810091
0.631909
0.062721
0.162131
1.138778
0.894224
1.860546
0.358968
0.402669
0.456559
1.441935
0.102015
0.191988
0.556407
1.200495
0.110991
0.181906
1.779065
1.585937
0.052348
0.065413
0.457920
0.986532
1.279627
0.421452
1.598950
0.656829
1.035439
0.594413
1.835150
0.157199
0.980270
1.142357
1.867321
1.292181
0.056619
1.290338
0.404013
1.133536
1.867249
0.169588
0.056426
1.497974
0.974039
0.185201
0.368410
1.133768
0.679130
1.290345
0.308527
1.871316
0.574470
1.863759
1.868523
1.438023
1.387111
1.176667
0.403756
0.111216
1.710115
0.612566
1.119028
1.351210
1.436486
0.232460
1.862100
0.575829
1.432413
1.713261
0.673265
1.002921
1.075533
0.069996
0.680942
0.253985
0.110153
1.574546
1.138483
0.686125
1.437334
1.621887
1.290430
1.436350
0.565852
0.705481
1.134149
0.826579
0.433397
0.085823
1.123899
1.134145
0.888108
1.401149
0.172606
1.816675
0.298512
1.415373
0.485392
0.941879
1.869031
0.368874
0.973500
0.611250
1.760315
0.297721
0.050257
1.579301
0.239288
1.862877
1.481314
1.705154
0.057707
1.789725
1.866576
1.437917
0.476690
0.644844
1.077909
1.439147
0.561558
0.077336
0.908539
0.116943
1.868429
1.437110
1.620756
1.791957
1.713027
1.438088
1.290462
1.853644
0.806198
0.540225
1.429764
1.432154
0.669940
1.458777
0.672260
0.984312
1.134726
1.871572
1.827070
1.138639
1.672760
0.061065
1.854709
0.080930
1.869447
0.415701
1.290321
0.207968
0.166309
1.042748
1.134359
1.291288
0.562225
0.462287
1.862532
1.868569
0.424329
1.133991
0.974790
0.270884
0.089428
0.578233
0.659566
1.582853
0.806581
1.438161
0.686011
1.437450
0.294464
0.171862
1.448883
1.731684
1.709302
0.180854
1.702184
0.493634
0.485749
1.106314
0.407524
1.000539
0.155499
0.621040
0.169704
1.444283
1.588263
1.060906
1.728103
1.133681
1.133198
0.117933
0.695605
0.737493
0.286360
1.866890
0.314997
1.411475
0.808828
0.364523
0.634060
0.975347
1.439174
0.455534
1.305134
0.066016
0.646396
1.266366
1.286836
1.132943
0.665096
1.428847
0.977475
1.742730
1.601743
1.729115
1.134165
0.760295
1.708675
0.067420
0.813480
0.422945
1.135135
0.317954
1.146434
0.268222
0.251129
0.539287
1.867399
1.438846
1.589629
0.097999
0.967644
0.709307
0.974752
1.523226
1.438603
0.417053
0.139986
0.565672
0.832622
0.868187
0.716546
1.583483
0.554923
1.438696
1.133350
1.709411
1.555302
0.049119
0.622349
0.841481
0.181087
1.438331
0.874744
1.134076
1.305419
0.142614
1.440419
1.586874
1.733537
0.287216
0.857985
0.974744
0.539749
0.055683
1.705141
0.086364
0.086708
0.800147
0.381327
1.656086
0.465844
1.581897
0.134639
1.845752
1.709039
0.198509
1.134187
0.973397
1.867896
0.602084
1.828700
0.573614
1.138146
0.615365
0.539184
1.620375
1.711260
0.585076
0.221496
1.131717
1.711111
0.337618
0.887373
0.604963
0.977110
0.047001
0.477821
0.759076
1.134145
1.591192
1.868606
0.889170
0.657920
0.384178
0.855805
0.047059
1.086048
0.060059
1.863074
0.974850
0.155107
0.081623
0.203366
1.808285
0.891649
0.202159
0.135418
1.856073
0.597677
0.695015
1.576471
1.586611
0.049597
1.041811
0.637424
1.868748
1.290344
0.057846
1.668755
1.869775
1.438033
0.289345
0.974736
0.493072
0.391802
0.254252
1.343967
1.441839
1.586562
0.423445
1.374384
0.515679
1.437039
0.515662
1.292178
1.134346
1.133722
1.291080
1.046727
1.587812
0.848326
1.436776
0.663009
0.144808
1.871927
1.871299
0.400548
0.260160
0.968536
1.716092
0.113263
0.061314
1.709687
1.670389
1.442576
1.120732
0.976467
1.134157
0.507639
1.871039
0.545890
1.436753
0.399101
1.134229
1.137357
0.811888
1.134236
0.385207
1.525766
0.105644
0.842794
0.815402
0.718194
1.314075
1.586969
0.070942
1.232229
1.654673
0.293982
0.089843
0.766024
0.515471
0.707056
1.871465
1.869916
0.495349
1.704874
1.437914
0.088043
0.081814
1.595269
1.427432
1.588060
1.207099
1.870910
0.084744
0.148559
0.116670
0.614202
0.981675
1.131824
1.437531
1.711279
1.129638
0.070447
0.130854
0.879833
0.615646
1.553288
1.706001
0.282193
1.154014
1.440534
1.723566
0.585848
0.454597
0.064619
0.631707
0.886877
0.427086
1.133919
1.664716
1.670523
1.858183
1.100831
0.930304
1.437681
0.915809
0.306326
0.771074
0.695060
1.133854
0.247593
1.868625
0.984783
0.760971
1.750864
0.622159
1.589174
0.660566
0.472051
1.587513
0.902349
0.624334
1.340294
1.866545
1.709931
1.864163
0.974852
1.871257
1.060389
0.279189
0.593772
0.867321
0.974714
1.216187
0.866352
1.870456
1.866201
0.214744
1.688154
1.437405
1.819449
0.439960
1.871763
0.183526
1.290329
0.443424
0.069536
0.613272
1.707937
0.235018
1.290365
1.134146
1.282253
0.974712
0.836004
0.912812
1.817757
1.134205
0.254189
0.884071
0.074951
1.589509
1.131658
0.910642
1.137134
1.290422
1.133104
0.469560
0.610154
0.800118
0.874112
0.685844
0.941948
0.321813
0.049547
1.438200
1.134185
1.647868
0.769245
1.871475
0.978511
1.436222
0.048061
0.182528
1.438396
1.280036
1.290380
1.807234
1.472207
1.709649
1.439318
1.698514
1.541081
1.133885
0.393014
1.871186
1.724213
0.601690
1.871381
0.054816
1.871622
1.741158
0.300930
1.871619
0.796947
1.134181
1.872220
0.640982
0.250147
1.289712
0.493672
1.866638
0.092521
0.377041
1.132159
0.204408
0.100210
0.256196
0.975302
1.813704
0.973681
0.057359
0.404491
1.133903
1.737769
0.049391
0.525608
0.972125
0.578163
0.049430
0.184673
1.848636
1.666015
0.163064
0.904028
1.437712
0.306559
1.588926
1.394614
1.027700
0.627566
0.422776
0.433527
1.081059
1.440206
0.974746
0.071620
0.075562
1.234457
1.392927
1.764477
0.360433
1.824805
0.974757
0.742179
1.437285
0.076663
0.973804
0.427314
0.440970
0.141069
0.401004
1.290325
1.872013
0.202220
1.441656
0.589835
0.974698
0.192989
1.867379
0.609634
1.825696
0.677144
1.861030
1.438073
1.134124
1.376842
1.864835
0.136542
0.327635
0.066448
0.086162
0.386500
0.602158
0.828726
1.724115
0.062044
1.248860
0.444124
0.051221
1.864871
0.634617
1.868424
0.484128
1.134853
0.047682
1.586587
0.058347
1.872146
0.708056
1.870768
1.580846
1.732250
1.580429
1.096098
1.439838
1.134336
1.865898
0.778649
1.829540
1.430124
0.805976
1.438247
0.148377
0.261712
1.133963
1.610897
0.054837
1.290330
1.587017
0.516643
1.864665
0.974781
1.802876
0.169376
1.290322
1.322996
0.426338
0.692710
0.975538
1.870370
0.108276
1.718603
1.090428
1.607232
1.510523
0.974675
1.585270
1.432593
0.159078
1.871816
1.436884
1.781798
1.437631
0.134324
1.868956
0.997003
1.438260
1.871351
0.402124
1.290323
0.957904
1.453258
0.145287
1.648307
1.134456
1.438953
0.164833
1.855888
0.408468
1.427628
1.086519
0.467824
0.595379
0.822469
1.454537
1.134196
0.974739
1.614434
0.507725
0.338397
0.347812
0.529318
1.420572
0.488756
0.310405
1.438890
1.610909
1.391890
0.270590
0.278057
1.398919
0.468593
0.866014
1.840532
0.085835
0.343096
1.871134
0.483629
1.253022
1.870600
1.872221
0.211308
1.868061
1.134020
0.063167
0.974712
0.420610
1.438099
1.323059
0.111273
0.824721
0.157838
0.332597
1.437173
0.098465
1.332456
1.092417
1.866877
0.948440
0.125084
0.313931
0.500153
0.671262
0.899754
0.047019
0.072301
1.454742
0.144455
0.234631
1.592254
1.638369
0.488276
0.272590
0.470982
1.140288
1.441515
0.747184
0.331187
1.438231
0.250071
1.437940
1.584420
0.981358
0.912869
0.449730
0.084743
0.208386
0.876541
1.438069
0.068870
1.596521
1.673082
1.131303
1.428898
0.645892
1.078749
0.774464
0.268409
1.853122
1.629375
0.095771
1.448838
1.416690
0.290685
0.803328
1.102757
0.639507
1.101242
0.587432
0.655105
0.300822
0.659090
1.133229
0.240960
1.647724
1.846627
1.872066
0.712162
0.354226
0.885863
1.869393
0.464330
1.439438
1.707825
1.382201
1.290355
1.864868
0.905565
0.299310
0.242252
1.437233
0.816704
1.284333
0.491235
1.429424
1.443132
1.290344
0.403462
1.587478
1.437896
0.236049
0.546886
1.709375
1.436931
0.295070
0.555548
1.601947
0.478231
1.131547
0.453996
1.290323
0.530476
0.119239
0.781215
0.855522
0.368265
1.133708
0.053705
0.180126
0.950499
0.389426
0.051073
1.871511
0.384170
1.132163
1.437721
1.710342
1.866939
1.314282
1.133001
1.435185
0.639588
0.565574
0.249439
0.147154
1.198299
1.134770
1.544159
0.198778
0.545092
0.646984
1.805394
0.774615
1.870037
0.684386
0.195863
0.737399
1.367498
1.137910
1.332710
0.884083
1.728745
1.869428
1.581154
1.613338
0.971960
1.871148
0.574471
1.464793
0.199079
1.858552
1.134234
1.870990
0.760245
1.439259
1.413880
0.348608
1.799144
0.384421
0.304808
0.785523
0.445489
1.131720
1.436944
1.710999
0.592614
0.062793
0.974734
0.740471
0.329844
0.053387
1.864258
0.565613
0.095368
1.290388
0.974797
1.438458
0.335473
1.134156
1.437963
0.694336
0.568173
0.973324
1.134213
0.974737
1.485639
1.870278
1.868554
1.296211
0.404392
0.782838
0.332454
0.170583
0.074676
0.974747
1.704615
1.112446
1.116862
0.295392
0.759896
0.449355
0.230384
1.438743
1.853341
0.424418
0.971994
1.866839
0.543640
1.134117
1.869526
1.437963
0.441571
1.422956
1.133793
1.119310
1.797268
0.310492
0.631941
0.338602
0.578124
0.414814
0.792909
1.290143
0.116859
0.517550
0.353690
0.974748
0.130613
1.133972
1.133572
0.691472
0.700468
1.642867
1.743524
1.134217
0.967368
0.485800
1.761873
1.067192
0.393128
0.750333
1.797285
0.791867
0.457795
1.709570
0.529217
0.655922
1.437527
0.141787
0.726773
1.066757
1.639240
0.460740
0.052428
0.434328
0.048471
0.514688
0.641150
0.065453
0.156149
0.559060
1.588873
1.437276
0.482181
0.890910
0.730702
1.133197
1.809457
1.438145
0.880970
0.607481
1.832132
1.438197
0.195509
1.824984
0.974804
1.048196
0.532701
0.098886
0.272553
0.380945
0.048073
1.711096
1.539925
0.325392
0.880480
1.438036
0.275269
1.633228
1.086067
1.290321
0.858742
0.974739
0.414965
0.891564
0.063063
0.615379
0.431343
0.365730
0.051553
0.221548
0.690242
0.602458
0.424851
1.871131
0.854263
1.625377
1.436885
1.708292
0.420935
1.719920
0.543525
0.101218
0.348790
1.848399
1.443479
1.134198
0.841643
0.965274
0.537013
0.899301
1.001664
1.040300
1.869678
0.660051
0.225630
1.135235
1.604562
0.742621
0.062253
1.079565
0.757765
1.597307
1.822401
1.525590
0.145635
1.435475
0.753772
1.046122
1.869075
0.077651
1.870201
0.117784
0.762787
1.592831
0.287667
0.870681
0.549916
0.363205
0.505974
1.116360
0.594225
0.520057
1.290379
0.190449
1.440903
1.437995
1.230149
0.301546
0.938111
1.709854
1.869561
1.290354
0.881587
1.290639
0.512825
1.870230
1.780961
0.176274
0.230183
1.712167
1.075279
0.892952
0.481635
0.442797
1.439610
0.611102
0.079109
0.483940
1.134189
1.863546
0.177903
0.790333
0.628989
0.113247
0.406731
0.162726
0.126785
1.691899
0.962173
0.079632
1.437496
0.877368
1.531187
1.708372
1.290321
0.472183
1.403061
0.893485
0.768869
0.973741
0.470463
0.751140
0.705321
1.115791
1.437261
1.165185
0.952226
0.087417
0.782289
0.925870
0.562414
0.974745
0.292120
0.999017
1.448201
1.708658
1.438999
1.480538
0.735389
1.832902
1.861694
0.282224
0.105786
0.293299
1.808822
1.428901
1.104466
0.973769
1.585452
1.709170
0.058737
1.440563
0.486455
0.974724
0.102245
1.869083
1.433602
1.134167
0.438807
1.404626
1.437659
1.132339
1.290445
1.441840
1.114990
1.587850
0.610238
0.239903
0.194497
1.438203
1.434907
1.848375
0.334011
1.708319
1.308272
1.834226
1.142187
1.623608
1.480082
1.140778
1.131327
0.061307
0.219152
0.093554
1.501551
1.871224
1.861945
1.829918
0.050867
1.195109
0.495177
0.776531
1.290370
0.574808
0.641479
1.132186
1.474268
0.152786
0.611957
0.557659
1.708996
1.687694
1.123185
0.971748
0.810369
1.437919
1.585386
0.482066
1.581296
1.247619
1.871724
0.347651
0.094524
1.586518
1.058632
0.131866
0.065888
0.936404
0.522897
0.681849
0.056155
0.959546
1.132830
1.596754
1.135574
1.167747
0.971688
0.125006
0.725940
0.204543
1.064873
1.134035
0.741893
0.886409
1.870616
1.441823
0.357205
1.590835
0.706830
0.053915
0.581130
0.334990
1.537276
1.868052
0.146699
0.336001
0.667548
0.159891
1.042645
0.680438
1.437821
1.777307
0.561697
1.398053
1.823436
1.610544
0.686062
1.134167
0.490341
0.282923
0.191924
0.133438
0.874758
0.652144
0.930872
1.654186
1.709272
1.555837
0.162812
0.703536
0.657014
0.395412
0.435732
0.594608
0.077059
1.869345
0.624570
1.382158
0.604755
1.234697
0.714993
1.608940
1.437735
0.099973
1.456538
1.870173
1.304794
0.740699
0.959262
0.806330
1.591241
0.709616
0.322857
0.552218
1.871671
1.798351
0.974676
1.714236
1.426630
0.613800
1.067631
1.729692
0.975751
0.485377
0.846063
0.048186
0.590066
0.245447
1.868534
1.665426
0.159126
1.046484
1.871608
0.463922
0.274142
0.150585
1.134372
0.672160
0.320524
1.183975
1.777018
0.597106
0.974946
1.290371
0.228284
0.063631
0.467027
0.475825
0.176223
0.330566
0.731109
1.664828
1.133989
1.871895
0.424366
0.639318
1.269944
0.354732
0.611647
0.128088
1.582300
0.192642
0.136846
0.778443
0.341824
1.394188
1.586209
1.437983
0.974738
0.975888
1.549325
0.405321
0.525008
1.290330
1.871655
0.526423
0.667446
0.350712
1.133945
1.710575
0.884582
0.396430
0.052221
0.190917
1.841717
1.871114
1.710452
0.267654
1.148568
0.974728
1.133642
1.641763
0.721856
1.837301
0.283128
1.586416
1.124266
1.418918
1.871874
0.695505
0.793629
1.130194
1.440824
1.698678
1.414172
1.288189
0.792261
0.434432
1.846334
0.150707
0.974731
0.404200
1.749932
0.984267
0.126831
0.408852
0.497974
0.706673
1.718980
1.437455
1.678129
1.288246
0.619104
0.603458
1.870434
1.704474
0.971305
0.067810
1.704313
0.970271
0.556636
0.166912
0.660292
1.429405
1.832725
0.912851
0.352748
0.972089
1.134172
1.837793
0.630593
1.739323
1.586745
1.290349
0.459579
0.418391
1.655173
1.709199
1.433891
0.326219
1.635061
1.373887
1.134173
0.353429
1.705632
1.290500
0.865467
0.182960
0.068936
0.769074
0.898199
0.974697
1.588421
0.745585
1.676193
1.149345
0.096940
1.186507
1.868413
0.429528
0.274703
0.617133
1.290335
0.057007
1.437761
0.955409
0.975028
1.128455
0.729130
1.585169
1.437702
0.989218
0.611963
0.156248
1.871874
1.369529
0.420691
1.209926
1.437941
0.108183
0.955434
0.479437
0.482297
0.852306
1.134067
1.134001
0.054297
1.701036
0.611476
1.871619
0.777761
1.427448
1.237713
1.134166
1.438323
0.974741
0.309019
1.555711
1.430414
1.133976
0.508222
0.346120
0.993883
0.075973
0.892175
1.022512
1.586751
1.331330
1.589611
0.723332
1.290323
0.149699
1.072171
0.907841
0.238128
0.077140
0.987480
0.842933
1.134258
0.367142
0.677071
0.187425
1.870536
0.666694
0.466059
0.355682
0.644599
0.101175
0.791274
0.336931
1.145224
0.335030
0.241781
1.134481
0.720417
0.128648
1.439595
1.134148
0.629644
0.157312
0.975051
0.314514
0.869831
0.179930
1.594201
1.290071
0.119236
0.211895
0.146319
0.047391
0.343963
0.419940
1.267081
1.709480
0.229394
1.865445
0.238439
0.281391
0.775207
0.061264
1.119297
0.974736
0.974743
0.304849
0.501358
1.463745
0.324378
0.335200
0.212702
1.871542
1.431716
0.974472
0.443200
0.970402
1.132412
1.364478
1.794776
1.120248
0.103424
0.529442
1.598078
1.217904
1.623228
1.449942
1.437855
0.081436
0.394267
1.711355
1.579860
1.588000
1.165072
1.436327
0.735856
0.651723
0.860046
1.134195
0.231784
1.438490
1.290386
0.683563
1.437970
0.783829
0.252742
1.134149
0.788747
0.064732
1.826245
1.133959
1.133973
1.760249
1.862993
0.598195
1.441906
1.139154
0.150313
0.111186
0.597719
0.974738
0.401704
1.437904
1.871194
0.762606
1.439732
0.180951
1.129359
0.722142
1.864847
1.708476
1.845367
1.288425
1.134134
0.974591
1.054813
1.134146
0.974735
0.828912
1.434405
1.722553
1.436897
1.513616
0.522573
0.974768
0.242494
1.539193
0.971262
1.865075
1.682516
1.590674
0.378507
0.498907
1.868186
0.876177
0.947289
1.586812
1.870986
1.851173
0.207703
0.409100
0.300518
1.870473
1.290416
0.894833
1.872112
1.869757
1.581244
1.134050
0.098609
1.589122
0.914029
0.974736
1.824804
1.842745
0.166669
0.099458
1.823970
1.586605
1.655099
1.137273
0.081293
1.437988
1.440051
0.576999
0.930857
1.594751
1.437760
1.289765
0.115239
0.058530
0.055409
1.384392
0.788204
0.974697
1.127366
1.586879
1.147238
0.090279
0.780422
1.694387
0.402683
1.286252
0.108388
1.435504
1.133819
0.695996
1.674150
0.060566
1.657864
0.163783
0.614125
1.294613
0.665711
0.117589
1.438891
1.438202
0.531436
1.290338
1.561620
0.099400
1.826289
1.658142
0.537724
1.134203
0.120619
1.220651
0.526743
0.326737
0.973169
0.976563
1.064344
1.592894
0.475296
0.612219
1.435740
1.291550
1.305642
1.590140
0.757211
0.975049
0.648342
0.190022
0.974698
0.974741
1.290508
0.047463
0.454492
1.438784
0.571115
0.153568
1.437903
1.849004
1.870794
1.388981
0.403321
1.290375
1.290324
1.677466
1.583258
1.134252
0.968542
0.566148
0.301933
0.195656
0.974766
0.363397
0.895247
1.807348
0.914083
1.714796
0.833399
0.255005
0.473493
0.317084
1.438613
1.705416
1.134096
1.586712
1.411512
0.693840
0.665999
0.060033
1.134053
0.812131
1.585925
1.111117
1.437955
0.973045
1.058905
0.049052
1.437903
1.871775
0.088251
1.783713
0.297513
0.662259
0.265733
0.371237
1.290325
0.570494
0.718220
1.134968
1.586511
0.245520
1.724361
1.872048
1.436699
0.593034
0.416995
0.256995
1.225130
0.059821
1.133909
0.054177
1.451379
1.425418
1.459520
0.651891
0.459999
0.048062
1.864859
1.437805
1.841388
0.602494
1.707731
1.108647
0.290091
0.881231
1.489261
0.643673
1.497974
1.547067
0.317117
0.129438
0.178037
0.231669
0.137619
0.630990
0.546002
0.473528
0.191983
1.640843
0.074848
0.966988
1.586181
1.134508
1.132575
1.671637
1.389900
1.129115
1.290410
0.553109
0.790653
1.856474
0.471416
1.030553
0.059481
1.589252
1.599604
1.086542
1.239104
0.974743
1.871571
1.872132
1.290380
0.773078
1.655017
1.045447
0.332587
0.629976
1.437897
1.870427
1.477538
1.438504
1.135169
0.523163
0.246480
1.134268
0.061778
1.435181
1.409635
0.515258
0.048432
0.940898
0.974772
0.502032
0.743685
0.956338
0.344719
0.380633
0.704934
1.587614
1.048251
0.393766
0.701472
1.869392
0.080129
1.736869
1.237063
0.988557
0.266789
0.307486
1.082091
1.290343
1.134173
0.787575
1.134775
1.872063
0.791128
1.714180
1.439159
1.654026
0.141131
1.864724
0.885736
1.830351
1.432762
0.894529
0.603787
1.743117
0.878919
1.862743
0.375829
0.322410
1.859990
0.185915
1.208558
0.436139
1.290393
0.133125
1.753622
1.134234
1.437934
1.438011
1.587057
1.557544
0.062230
1.678964
0.212479
0.646755
1.080415
0.411381
1.871771
0.379358
1.870605
1.134246
0.597522
1.578205
0.538035
0.725105
0.483834
1.718134
1.403670
0.977387
1.436489
1.062660
0.482642
0.230057
1.708900
1.583845
0.194770
0.136257
0.106773
1.866494
0.477080
1.442339
0.663498
0.162002
0.436678
1.872043
0.051924
1.135837
1.134111
0.974368
0.689747
1.140309
1.588862
0.788487
0.499072
1.435378
0.676698
0.124033
0.510218
0.601758
0.531988
0.701842
0.555700
0.735157
0.418816
0.820666
0.733726
1.118096
0.244247
1.710439
0.855918
0.863303
0.224957
1.871137
1.866623
1.290336
0.413654
0.349874
0.562532
1.870412
0.238530
0.199241
1.856384
1.290712
1.134946
0.650385
0.974666
0.379897
0.123520
0.228221
1.327398
0.796204
0.869412
0.289215
1.390772
1.855940
1.868310
1.833819
0.075672
1.039112
0.092643
0.595015
1.647137
1.860382
0.500314
0.546371
1.586380
0.494917
0.645064
1.521895
1.590106
1.434790
1.355724
1.134912
0.626729
0.736709
1.046274
1.133337
1.665960
1.708583
1.864322
0.774647
0.079661
0.538553
1.568475
0.974806
0.974693
1.841180
0.783652
0.834647
1.137708
1.853207
1.611703
0.874755
0.341955
1.039266
1.449926
0.424211
0.355556
1.288431
1.424428
0.064864
1.006153
0.323870
0.563478
0.783359
1.871003
0.959676
0.222206
0.776917
0.470790
1.763515
1.136234
1.848277
0.759278
0.977423
0.290298
0.872109
0.974415
0.971598
1.848550
1.679258
0.899411
1.587114
0.992738
1.134099
0.840352
0.235842
1.296539
1.612609
0.841680
0.691121
1.433010
0.694432
1.134136
1.465204
1.067222
1.292269
1.435375
0.481480
0.194246
1.189893
1.044562
0.394002
1.861833
0.711238
1.744727
1.124716
0.580984
0.079571
1.628991
1.450709
1.290471
1.438258
1.095218
1.437692
1.709654
0.087554
0.119757
0.921618
1.860421
0.789194
0.060294
1.437373
0.447341
1.438737
1.713808
1.285861
0.696273
1.123442
1.806233
0.787639
1.105854
0.049852
0.974765
0.358315
1.132985
0.976887
1.369067
0.433437
1.549499
1.530934
1.868737
0.895786
0.047956
0.190141
1.870837
1.860770
0.397336
0.053959
0.811143
0.520492
0.296033
0.085510
1.586437
0.891055
1.402450
0.310379
1.427102
0.103671
1.837784
0.679461
1.131434
0.254775
0.299368
1.132830
1.591980
0.508163
1.864796
1.017059
1.719231
0.857512
0.812100
0.112170
0.252912
0.205770
1.216024
1.709836
0.279070
1.871831
1.841392
1.592543
1.866177
0.226372
1.501209
1.586560
0.631378
0.158043
1.869857
1.134202
1.290363
1.514916
0.327574
0.714382
1.871436
1.823810
1.867651
0.726865
0.421465
0.149161
1.645750
0.777551
0.747370
1.871364
0.851125
1.133326
0.444800
0.607622
0.881251
0.789495
1.432014
0.142354
0.819237
0.570939
1.407632
1.352803
1.437937
1.419783
0.823689
1.708910
1.871330
0.328421
0.430539
1.134033
1.416955
0.201294
0.654381
0.347778
0.472725
0.501962
1.072468
1.134494
1.862529
0.830534
1.871935
0.628695
1.133870
1.853489
1.699260
0.161906
1.561218
1.437337
0.055548
1.864301
1.140290
0.340307
0.396679
0.984417
0.378719
0.313133
1.425221
0.900257
0.482318
0.062211
0.329550
0.058403
0.213011
0.496422
0.250157
1.753085
1.437294
1.872125
0.546382
0.597218
1.628949
0.716189
1.587405
1.708565
0.800207
1.437856
0.351726
0.123084
1.510286
0.975467
1.789769
0.784112
1.408471
1.135474
1.870864
0.492981
0.590809
1.587342
0.974634
0.267380
0.339134
1.571328
1.579763
1.595331
1.586145
0.619073
1.870075
0.974552
1.438777
1.817437
0.763671
1.134307
1.585575
1.133632
0.555784
0.277228
0.127947
0.049248
1.050431
0.570046
1.825137
0.212947
0.175349
0.467174
0.851332
1.102883
1.441324
0.973793
0.394905
0.617647
1.870574
1.712089
1.868118
0.643528
1.724234
1.290333
0.584080
0.500321
0.242687
0.742764
0.725254
0.289920
0.948241
0.084727
0.080481
0.248190
0.697601
1.291217
1.495236
1.132756
0.949154
1.870481
0.974911
0.376612
1.825598
1.869206
0.110908
1.134221
0.942854
1.854751
0.411107
0.922948
0.974717
0.415693
0.052889
0.428031
0.575656
0.817132
0.959819
0.104298
1.129743
0.070931
0.671517
0.049658
0.984113
1.290369
0.795627
0.170638
0.078101
0.059893
0.090390
0.974737
0.683722
1.573231
1.437260
1.438793
1.475099
1.438056
1.134098
1.086896
0.217826
1.134570
0.974924
0.703207
1.121820
0.311012
1.293037
1.379470
0.473130
0.645274
0.507568
1.710385
0.051142
1.871120
1.422376
0.973708
1.443391
1.110372
0.874134
0.447935
0.909878
1.134552
1.133952
1.698876
0.880970
1.647784
0.645392
0.974746
1.097151
1.445397
0.682281
0.191084
1.871271
0.303414
0.115009
0.292745
1.709957
0.768536
1.723536
1.440343
0.901854
1.868675
0.974710
1.426219
1.023440
0.074230
0.574142
0.629513
1.114981
0.148215
1.134130
0.686946
0.064754
1.786080
0.066282
0.617893
0.319488
0.528038
1.588811
0.819211
1.134201
0.974629
1.113575
0.556047
0.844851
1.158361
0.326911
0.688489
1.290373
0.049221
0.852932
0.297972
0.075384
0.923267
0.461305
1.443540
1.425959
1.482931
0.974679
0.073813
0.091598
0.584920
1.436574
0.366707
0.975224
1.434817
1.438621
1.810646
0.737731
0.974751
1.682987
1.440258
0.113966
1.194722
0.459784
0.599444
0.474880
1.439766
1.604573
0.711336
1.554762
0.052575
0.164213
0.101155
0.322351
1.437768
0.586834
1.818305
0.472840
1.144266
0.399545
1.038075
0.560412
0.940424
0.811932
0.951907
0.103180
1.641254
0.471648
0.175120
1.290322
0.204215
0.114702
1.586371
0.480231
0.273438
0.188452
0.822978
1.865452
1.133159
0.217954
1.290917
0.202309
0.075766
0.974738
1.698103
0.214368
0.630478
1.461986
1.742047
1.586619
0.332760
0.649435
1.646455
0.204345
1.572236
1.871752
0.880246
0.897626
1.290512
1.845076
0.879568
0.047616
0.188476
1.870730
0.465615
0.399314
1.380612
0.290984
1.870119
0.256991
1.437325
0.972410
0.694201
0.093931
0.067900
0.785263
1.134199
0.811258
0.874162
1.108642
1.701106
1.418032
0.163420
1.834683
1.738598
1.482323
1.831050
0.724267
1.863584
1.438083
1.436977
0.388504
1.708692
1.359391
1.659889
1.263027
0.715166
0.286769
1.134546
0.707767
1.428212
0.207562
1.702563
0.705339
1.749171
1.435551
1.054178
1.421071
0.974744
1.437783
1.737336
1.134485
0.185997
0.974761
1.071133
0.072133
1.863825
0.789776
1.713427
0.101169
1.227177
0.062080
0.104161
0.212524
1.871495
1.783666
1.756874
1.746272
0.050908
0.680344
1.133837
1.134227
1.138348
0.505675
1.871756
1.551320
0.378113
1.097867
1.797307
0.560475
0.389058
0.059833
1.134167
1.516029
1.088639
1.870290
0.195441
0.690655
1.134131
1.144775
1.290323
0.306919
0.647979
1.123341
0.051977
0.735204
0.124452
0.508662
0.965518
1.290323
1.135418
0.812878
1.533176
1.587414
1.651122
0.132472
1.657759
0.317954
0.447184
1.417284
0.529185
0.385640
0.069399
0.924837
1.820633
0.214263
0.542173
1.864528
0.098651
0.382758
0.798156
1.400242
0.396158
1.871691
1.169161
0.280315
0.790800
0.047457
0.657532
0.975276
1.437132
0.656767
0.077784
1.677312
0.049834
0.210025
0.495986
1.437135
0.468018
1.586893
0.758914
1.075821
0.061447
0.063336
1.705726
1.331645
1.134423
1.870719
1.589889
0.064095
1.850340
0.630493
1.248231
1.118754
0.724882
1.859918
0.811597
0.631435
1.441274
0.189578
1.437752
0.886937
1.314107
1.709268
1.134177
1.736701
1.871663
0.975174
0.611989
0.937141
0.247657
1.868485
1.871974
1.213297
1.834803
1.587517
0.974723
1.841200
1.586731
0.469952
0.666983
0.966202
1.437565
1.869597
0.082974
0.153755
0.974753
0.441046
1.662585
1.871777
1.503630
1.437858
0.520564
1.866525
1.660835
0.325628
1.697744
1.434575
1.290349
1.400492
0.308692
0.049477
1.445518
1.868336
1.134948
0.426730
0.408418
0.324801
0.515224
1.438744
1.871329
1.437752
0.385703
1.586674
0.594474
1.438461
0.425597
0.442667
0.816555
0.279700
0.521752
0.109915
0.125037
1.652364
0.454527
0.113063
0.694401
0.195738
0.806835
0.298329
0.168229
0.868324
0.866607
1.435230
1.150011
1.042541
0.859166
0.823137
1.679492
0.676263
1.867420
1.373086
0.275110
1.870474
0.823983
1.134181
1.715510
0.398238
1.134201
0.111732
0.777819
0.529258
1.731555
1.437210
0.956646
0.535191
0.658870
1.870742
0.718171
0.079833
1.135458
0.596476
1.866830
1.598959
0.060387
1.129484
0.974688
0.140977
1.368342
0.105700
1.244699
1.589177
1.729522
1.858573
1.438859
1.588168
1.706840
1.445183
0.156706
0.494202
1.836633
1.451313
0.179226
0.974756
0.975341
0.259203
1.586358
0.088877
1.134129
0.268803
1.727532
1.133926
1.290377
0.350364
1.167008
1.589297
1.134171
0.702064
0.081615
1.740531
1.447933
0.152954
0.367125
0.689591
1.187345
0.759799
0.825217
0.192853
1.861012
0.974790
0.789110
0.648301
0.351409
0.132960
1.866507
1.134227
1.267808
1.869504
1.429063
0.601605
1.438563
0.055716
1.751843
0.598189
0.781962
0.141889
1.856786
0.681035
0.679031
1.549316
1.786235
1.864833
0.053937
1.709147
0.974641
1.775277
0.294573
0.122525
1.872137
0.974731
0.387731
0.759891
1.815831
1.761655
0.751602
0.967028
0.975646
0.090229
0.767134
1.290352
0.618249
0.414899
1.735578
1.306523
1.438325
1.700408
0.735322
0.470471
1.406215
0.767653
0.050006
0.522358
1.717799
0.373405
0.617044
0.072490
0.676564
1.871645
1.858542
1.161992
0.974867
0.156869
0.331517
0.770695
0.244969
0.562890
1.788396
0.914565
1.833934
0.683919
0.974049
0.373518
1.334217
0.974712
0.771307
0.055870
1.082601
0.048243
0.530453
0.055649
1.437984
0.293400
0.394692
1.708933
1.872010
0.641375
1.871800
0.059354
1.134224
0.950446
1.745369
0.050430
1.438157
1.441223
1.466151
0.168308
1.814867
1.439926
0.376622
0.467389
1.567406
0.888681
0.069437
0.968579
0.650423
1.437491
1.717094
1.172329
1.706365
0.261531
0.493501
0.974740
0.974644
1.205799
0.095448
0.295593
0.179551
0.057891
0.485842
1.717801
0.271068
1.868453
1.734236
0.062547
0.439313
1.637086
1.427013
0.969701
0.114639
1.134228
1.825873
0.194042
0.426933
1.587284
0.580098
0.977731
0.098110
1.134078
0.059903
1.133746
0.524806
0.115290
1.870663
1.437728
1.433912
1.842049
1.737008
1.133053
0.849462
0.182937
1.462549
0.548100
1.535366
1.039098
1.013906
0.517039
0.409437
1.401814
1.032879
0.080441
0.298867
1.437980
0.429308
0.090605
0.618006
1.437528
1.555698
1.290328
1.589656
1.437270
0.047293
1.114626
0.369043
1.006189
1.432570
0.048240
0.730503
1.871802
1.438434
0.192947
0.982156
0.698256
1.239785
1.529144
0.658207
1.718416
1.122829
0.805861
0.973792
0.974674
0.845762
0.093127
1.871822
1.872123
0.589087
1.844852
0.875616
0.243743
1.787977
1.146007
0.684252
0.414043
0.791361
0.074614
1.290064
0.558083
0.971240
1.707242
0.971632
0.611664
1.868746
1.858438
0.638356
0.068291
0.338618
0.212944
0.785320
1.134072
0.402132
0.974735
0.094726
0.916265
0.322576
1.708860
0.516096
0.100700
1.439033
0.463513
1.290592
0.059920
0.614859
0.221164
1.761046
0.850474
0.606912
0.070491
1.862129
0.973521
1.586589
1.134178
0.941376
0.159667
1.589665
0.412432
0.974555
0.873707
0.819058
1.161991
0.644986
0.136461
1.868809
0.291699
1.366296
0.371119
1.132994
0.559222
0.465834
1.717225
1.870353
1.868883
0.248402
1.581318
0.311685
0.772699
1.870123
1.865575
0.102852
1.284772
0.673602
0.920564
0.080827
0.232463
1.290410
0.252795
0.790706
1.726602
0.851370
1.428715
1.870717
0.329548
1.439860
0.677535
1.819682
1.868972
1.872070
1.290410
1.588449
0.112315
1.484935
0.231236
0.528521
0.088035
1.133728
1.216458
1.447956
0.839953
1.713114
1.589261
0.636148
0.421958
1.824072
1.137122
1.870985
0.347474
0.974758
1.589090
1.705996
1.134773
1.828928
1.134161
0.255398
0.187609
1.592133
1.134426
1.784999
1.440509
1.291362
0.341918
1.469566
0.421157
1.867906
1.290346
0.178329
1.438502
1.639498
0.515423
0.613076
1.360056
1.864101
1.440106
0.898311
0.233688
1.433616
0.210680
0.776711
0.484833
0.242375
0.229390
0.445021
1.133508
1.380615
1.085869
1.047425
1.703081
0.552308
1.588920
0.389384
1.041536
1.839303
1.088595
0.676377
0.198012
1.543066
1.134453
1.587869
0.970333
1.418070
0.137479
0.834613
1.864773
0.617347
0.691863
0.931668
1.435396
1.127026
0.180660
1.797330
0.066705
0.715091
0.627686
1.839935
1.133968
1.868913
0.561542
1.398166
1.134195
1.438202
0.906753
1.859897
1.431523
1.433814
1.133924
1.306197
0.599396
1.287044
1.438065
0.150428
0.983538
0.125949
1.871170
1.290373
0.744591
0.165099
1.120341
0.805808
1.438789
1.434572
1.293836
0.061121
1.134178
0.051213
0.420830
1.481246
0.910738
0.900367
1.440848
1.866502
1.689493
1.429293
0.977320
0.112495
0.248034
0.505146
0.524707
0.367211
1.438025
0.376284
0.147333
0.398982
1.712781
1.824642
0.107156
1.871023
0.701913
1.133814
1.585405
1.584684
1.865637
1.504887
1.422387
0.281871
0.883781
1.398887
0.056692
1.066276
0.548522
0.120553
1.085823
0.260258
0.832440
1.633330
0.974748
1.869045
0.619982
1.826640
1.852345
1.699787
0.134821
1.653897
0.658860
0.208879
0.692593
0.580121
1.134294
0.815492
0.955827
0.269638
1.869343
1.438196
0.974279
0.098148
0.811637
0.061769
1.448969
0.070910
0.342334
0.602707
1.458455
0.059305
1.680345
0.807897
1.133772
0.651313
0.685781
1.867871
1.010662
1.134080
1.133960
0.420116
0.357478
0.692488
1.708518
0.116731
0.838112
0.880873
1.442540
0.962242
1.438048
0.776866
0.051276
1.865337
1.870759
0.049769
0.312572
1.440848
0.598207
0.886409
0.929298
0.061710
1.291001
1.446825
0.372936
1.290600
0.092110
0.823982
0.537909
0.201768
0.182868
1.532001
1.591646
1.182905
0.974533
0.082186
0.787270
1.644215
0.073545
0.970654
1.517778
1.871066
0.862741
1.436064
1.720762
0.946985
0.643382
0.059193
0.191363
0.808330
1.192936
0.973874
0.387786
1.433015
1.854844
1.290425
0.659709
0.753075
0.856580
1.855071
0.292144
1.866129
0.791898
0.160627
0.056155
1.103359
1.832298
0.772063
0.071185
0.407179
1.593786
0.618327
1.712710
1.437782
0.062866
1.428587
0.950067
1.440254
0.121036
0.511786
0.925143
0.307147
0.123981
1.870680
0.848526
0.550027
0.974679
1.868465
0.098571
1.586122
0.579541
0.056073
1.713058
0.668293
1.872198
1.010765
0.176234
0.513774
0.308214
0.471217
0.193088
1.314004
1.834603
1.467620
1.698562
1.854190
0.915134
0.701257
1.133410
1.583861
0.280512
0.300960
1.090621
1.854923
0.554107
1.444915
0.313205
0.722190
0.563326
1.865046
1.584692
0.978666
0.670171
1.182560
0.082738
1.290390
0.927794
0.768737
0.300486
1.871588
0.152795
1.867392
0.879421
1.836458
1.871168
0.974737
1.436566
1.864921
1.435352
1.708187
1.588511
0.236907
1.221712
0.076088
1.863655
0.172653
0.386437
0.434349
1.652185
0.416361
1.583191
1.845766
1.134090
1.134138
1.158982
1.413673
0.377935
1.870147
1.862775
1.238939
1.566807
0.748895
0.153136
0.646734
1.149357
0.454689
1.854855
0.198225
1.869954
0.420719
0.517083
0.555596
1.269615
1.139669
1.437884
0.051860
0.888347
1.138616
0.776720
0.086886
0.821675
1.870165
0.335872
1.290329
1.742289
0.969390
0.398794
1.436144
0.977239
1.134033
0.168111
0.565052
0.207053
1.438020
0.974247
1.717622
0.631179
1.144101
0.491557
1.141988
0.163237
0.937794
0.502343
0.895363
0.560590
0.362227
0.754498
1.437783
0.881894
0.962878
0.336198
0.668487
0.481987
0.733957
1.580560
0.637359
1.110873
0.284484
0.095217
0.310987
1.134108
0.198246
0.274152
1.002630
0.894630
0.077568
0.786264
0.574661
1.134174
1.435185
0.101774
0.364032
1.705866
1.639661
0.916604
0.695993
1.871585
0.134036
0.719369
1.818236
0.193087
1.133929
0.135594
0.047163
0.974722
1.133851
0.716946
1.709671
1.134324
1.859473
1.584940
1.108040
0.578225
1.669232
0.089832
1.592357
0.361313
0.062488
1.380517
0.957396
0.059510
1.196904
1.710437
1.134173
1.586466
0.078159
1.437566
1.598794
0.678719
1.438184
1.657982
1.871647
1.347775
1.291200
1.870746
0.815635
1.458595
1.133888
0.336736
1.872211
1.467245
0.570778
1.802339
0.099705
1.705291
0.501783
0.355535
0.975617
0.719381
0.607421
1.592702
0.192322
1.134167
0.595263
0.277196
0.677136
0.572005
1.708602
1.649123
0.072703
0.669491
0.872825
1.846422
1.403459
0.522576
0.960585
1.872239
0.329196
1.432744
0.117712
0.595183
0.580781
1.158782
0.436632
0.347012
1.872044
1.872144
1.865113
0.667591
0.080208
1.729715
1.869692
0.098482
0.764445
0.527963
1.132599
0.950035
1.704446
0.976565
0.465925
0.829556
1.591666
1.862952
1.437579
0.955880
0.523767
1.440334
1.134103
1.036180
1.319061
0.867208
1.781714
1.868674
0.974918
0.515029
1.717065
1.591057
0.079415
1.414409
1.460077
1.693995
0.920082
0.900535
1.621592
1.438026
1.431202
0.661733
1.863362
1.618634
1.143727
1.380185
0.974409
0.971968
1.869866
0.679167
0.506296
0.624807
1.527436
0.330142
0.401547
1.134077
1.439921
1.568063
1.847437
1.593530
0.622719
0.747489
1.133520
1.868396
1.290322
1.438081
0.243720
1.441391
0.974745
1.586477
0.272312
1.860739
0.198038
0.063098
0.855101
1.847680
0.425487
0.231107
0.256849
0.969529
0.211514
0.452215
0.779457
0.804778
1.145449
1.147489
0.986702
0.315052
1.440951
1.432805
0.493758
1.290519
1.361740
0.534300
1.583400
1.868291
1.290709
0.064214
0.426632
0.550192
1.869590
0.080827
0.140235
0.493836
0.646559
1.137501
1.133674
0.193301
0.387370
1.598433
0.200902
0.801424
0.841523
1.290385
0.992076
0.719800
1.439498
0.602274
0.048473
1.135069
1.443927
1.134290
1.437902
1.151000
0.521706
1.167359
0.124062
0.515818
0.427505
0.589529
1.431639
0.974318
1.870580
1.437938
0.350020
0.072991
0.069096
1.545671
1.220533
1.134192
1.860441
1.135474
1.136692
0.392393
1.504147
1.290326
0.972631
1.290334
0.642313
1.358859
1.683611
1.153332
1.549205
1.705931
1.586068
1.467333
0.621274
0.398818
1.290470
1.718275
1.282868
1.079377
0.986107
0.141565
0.654987
1.437912
0.761826
0.267934
0.734554
0.571058
1.586707
0.540639
0.704397
0.885983
1.563965
1.446061
0.906823
0.726355
1.438037
1.857096
1.133801
1.144243
1.290325
0.466686
0.835852
1.867720
0.825846
1.586597
0.396338
1.442984
0.979560
1.133229
1.654861
0.483551
1.723258
1.439569
1.866812
0.837528
1.586403
1.290326
0.066970
0.062497
0.570493
1.587733
1.290341
0.277973
1.438260
1.771878
0.504041
1.434491
1.719385
0.974803
1.290338
1.570399
1.134003
1.375591
1.869910
0.975471
0.974712
1.042617
1.588351
0.233023
0.498369
0.162275
1.871789
1.438130
0.593443
1.870378
1.091582
0.052815
1.857449
0.941305
0.973976
1.869695
1.465082
1.463481
1.290327
0.660631
0.108841
0.920682
1.434853
0.168413
0.477262
1.695565
1.438515
0.647916
1.830686
1.440539
1.624266
0.529552
1.132431
0.709261
1.727574
1.870636
1.133950
0.974737
0.052585
0.644061
1.473336
1.286047
0.405697
0.774670
0.712572
0.844818
1.131498
1.446880
0.179130
0.157637
1.617385
1.128056
0.780297
0.676219
0.935965
0.747228
1.432877
0.300965
0.669557
0.257039
0.394995
0.537775
1.740875
1.844324
0.237853
0.764733
1.449345
1.599916
0.165983
1.437927
0.786861
1.136280
1.131706
1.590746
0.434047
0.955567
1.133860
0.059874
0.639032
0.232472
1.590143
0.510588
0.757786
1.870845
0.278138
1.199634
0.054926
0.688649
1.040338
0.595028
0.057927
0.133840
0.351913
1.437964
1.133647
1.677521
0.874550
1.510151
1.043736
1.856096
1.437462
1.123312
0.694286
1.436243
0.663783
0.334023
0.573890
1.391103
0.974723
0.408101
1.593775
0.099789
0.432420
0.974688
1.436354
1.796638
0.256629
0.441818
0.864207
1.290406
1.870681
1.133629
0.834321
1.067507
0.703250
0.836418
1.864629
0.525978
1.836820
1.587469
0.898841
0.941256
0.083375
1.872178
1.830391
1.590995
1.868202
1.823007
0.138405
0.153534
1.139958
0.241732
0.396607
0.464977
1.133437
1.268297
1.868544
0.261956
0.052320
1.853941
0.224269
0.867712
0.163123
0.084203
1.867199
1.273504
1.446153
0.451085
0.701872
0.088771
0.074869
1.133966
0.572974
1.480702
1.437834
0.494076
1.286521
0.974896
1.693309
0.461001
0.115783
0.055394
0.971633
0.733550
1.692028
1.872154
1.739961
1.570721
1.366637
1.860100
0.194857
1.438225
0.282911
0.559687
0.228036
1.442222
1.134155
0.998986
0.680905
1.528322
1.138371
0.231215
1.871617
1.134295
1.290321
0.970764
0.847275
0.069030
1.427561
1.290358
0.576399
0.800214
0.049468
0.056532
0.053345
1.436723
1.620140
0.558196
0.062999
1.134142
0.599908
1.781158
0.234007
1.438014
0.137673
0.752403
0.226250
1.134195
0.319967
0.394961
0.107896
1.435502
0.280384
1.662174
1.133602
1.137490
1.137806
1.134176
1.862684
0.509492
0.211192
0.688730
0.287105
0.881119
1.431166
0.173946
1.133522
0.769487
1.133833
1.871882
0.929531
0.241936
0.315416
0.607911
1.433467
0.974735
0.922261
0.056334
1.290320
1.650473
0.403789
0.394194
0.541617
1.869226
0.341898
0.172714
0.524726
0.974728
1.869522
0.633242
0.974927
0.197022
0.512774
1.083133
1.438373
0.328820
0.149107
0.470030
0.054465
0.147334
1.436488
0.828878
1.148180
1.829740
0.190026
0.294272
0.047477
0.175133
1.871746
1.290383
1.689986
0.618981
1.387129
1.642050
0.673024
1.834837
0.060206
0.358861
1.135048
0.863927
0.530087
1.442305
0.573774
0.893996
1.349419
1.133705
1.819756
0.964557
0.341851
1.854851
0.344480
1.583850
1.262258
1.730423
1.472238
0.891088
0.629487
0.852991
0.681978
1.437727
0.168956
1.870208
0.959888
0.979987
1.587069
1.662532
0.054268
0.058803
0.795254
1.290323
1.704226
1.439316
0.893773
0.397633
0.364763
1.134129
1.587897
0.414514
0.467125
0.221524
1.405690
0.428399
1.438521
0.063827
1.047741
0.197205
0.396858
0.945978
1.133850
0.794073
0.373541
0.609464
1.146313
0.437953
1.870290
1.440441
0.047000
0.080876
0.887097
0.154116
0.974810
1.291610
0.126278
1.065441
0.052214
0.606722
0.767796
1.114113
1.128487
0.059429
1.444807
0.741388
0.140558
1.583549
0.512444
0.145465
0.544168
0.481673
0.050025
0.087668
1.688019
1.431823
0.250565
1.438388
0.076120
1.866388
1.861257
0.444131
1.438015
0.078115
0.342676
0.424869
0.363687
1.854677
1.134170
0.646004
0.472568
0.491373
0.966224
1.786448
1.442279
0.764046
0.506269
0.111649
0.243733
0.795131
0.193084
1.856364
0.265137
0.511351
0.234676
1.709373
1.703277
1.121413
0.767529
0.488882
1.659908
1.599523
1.585788
1.290321
0.970467
0.622259
0.474199
0.182746
1.806968
1.437797
0.306472
1.115360
0.793902
0.689266
0.604793
0.098365
0.965738
0.889182
0.069467
1.089978
1.824270
0.775555
0.176170
1.863227
1.871725
0.187629
0.515136
0.817633
0.680208
0.203881
1.586426
0.342117
1.871466
0.403617
1.117781
1.438283
0.974928
0.049255
1.552211
0.370418
1.588012
0.835403
0.411122
0.709298
1.474019
0.231066
0.395972
1.652732
0.789143
0.123205
0.691840
1.860037
1.596835
0.616176
0.601526
1.510823
1.134014
1.438583
0.388312
1.708488
0.608551
1.133383
1.280038
0.257339
0.063956
1.290391
1.710736
1.134071
0.084208
0.404358
1.708411
0.974170
0.338129
0.082696
0.529099
1.133948
1.867162
0.621742
0.377156
1.724599
0.866365
1.290338
1.837628
0.287344
0.203885
1.133530
1.433782
1.706769
1.291102
0.524977
1.133942
0.762916
0.476062
1.444355
0.078598
1.449438
0.324681
1.267440
1.291500
0.433350
0.742368
1.080408
1.296285
1.451095
0.975307
0.872006
0.974690
1.437011
0.464504
0.902139
1.709859
0.432612
1.042750
0.083362
0.079162
0.140491
1.433148
0.974719
0.912954
0.848639
0.825290
1.437954
0.151270
1.837692
1.437966
1.618304
0.761929
1.398360
1.135087
1.871832
1.256837
1.491410
1.737113
1.134662
0.478144
0.310053
0.950527
0.158449
0.078216
0.558953
1.437824
0.184041
1.384889
0.974770
0.786584
0.773624
1.437956
0.468881
0.691247
1.290400
0.580048
1.436801
1.846096
1.872279
1.437472
0.073031
1.870451
0.299760
0.213604
1.727515
1.588120
1.461828
0.924006
1.286277
1.869926
0.256547
0.719168
0.132744
0.731494
1.652002
1.140667
0.977803
0.786530
1.839939
0.062326
0.368299
1.352499
1.052894
1.871022
0.442956
1.868842
0.736896
0.966023
1.286669
1.695555
1.507221
1.040915
1.867881
0.963239
1.094653
0.475192
0.939751
0.975450
1.587727
0.382343
1.512529
1.262655
0.261971
0.650428
1.312403
1.131005
1.290560
0.402436
1.417311
0.428537
1.134026
0.338002
0.857790
0.606654
0.123448
0.387605
0.667517
1.760115
0.485604
1.844001
0.600947
1.866535
0.112872
0.671240
0.061938
0.215903
1.683796
1.436762
0.421137
0.275795
1.591219
1.460882
0.975184
0.129833
0.284844
0.366307
1.832490
0.750596
1.863324
0.880608
0.915519
1.585585
0.598057
0.654899
0.050712
0.974293
0.335435
1.134169
1.437752
1.135268
0.661048
1.021561
1.709092
0.884284
0.248329
1.290379
0.755724
1.840080
1.587469
0.399401
0.235106
0.974702
0.195036
0.057817
0.085840
1.436367
1.444564
1.587815
0.615462
0.088432
0.804670
0.420153
0.867597
0.974025
0.192325
1.431390
1.280391
0.780644
1.871777
1.404819
0.158447
1.498521
0.071699
1.134588
0.843500
1.443490
0.849273
1.045972
0.631613
0.611359
0.055012
1.048726
0.751160
0.968864
0.063349
1.638371
1.850911
1.061496
1.131524
1.435579
0.082914
1.102524
1.709914
1.872207
0.290555
0.832266
1.169566
1.443811
0.070058
0.720138
0.194110
1.750440
1.438918
1.450495
0.676892
1.134301
0.661401
1.870857
0.184333
1.438777
0.887221
1.871747
0.599436
0.233472
1.620498
0.395724
0.228708
1.141907
0.047885
0.049019
0.150145
0.395547
0.174071
1.870503
0.399272
0.401778
0.781510
1.801789
0.694919
0.525085
0.713643
1.437949
1.301839
0.927885
1.586840
0.224705
0.053155
1.422355
0.970767
1.118792
0.067474
1.437999
0.725143
0.611678
0.555232
0.687900
1.822242
0.289621
0.974741
0.676637
0.054651
1.857233
1.432522
0.364120
0.246707
0.113624
0.365631
1.865271
0.148900
1.648824
0.319606
1.290570
0.621438
1.710626
1.067435
0.912885
0.371477
1.709971
0.247102
1.094230
0.838838
0.198372
1.724075
1.437643
0.376091
0.369642
1.438528
0.098325
1.872083
0.631969
1.583579
1.871318
1.155801
0.056936
1.585491
1.707211
1.041454
0.232093
0.369600
0.221236
0.136322
1.254277
1.259509
0.052356
1.498757
1.133181
0.648100
0.139887
1.660441
1.588148
0.765508
0.332583
1.602466
1.490705
1.076275
0.422513
0.072729
1.708557
0.519489
1.709089
1.046397
0.057300
0.130115
0.513506
0.974736
0.123695
0.781852
1.439482
1.431725
1.870381
0.272765
1.819980
1.867371
1.134142
1.289845
0.397655
0.410776
1.630911
1.871834
1.446739
1.861490
1.707387
0.787244
1.437829
0.730942
1.851534
0.524071
0.510887
1.457829
1.595181
0.968033
0.444080
1.610772
0.206763
1.134592
0.180493
1.713755
1.871045
1.438172
0.640048
0.122252
0.212509
1.451686
1.097668
1.710926
0.330583
1.131987
1.872075
0.881521
0.285788
0.047991
1.437393
1.127329
0.195396
0.743350
1.871518
1.709726
1.586681
1.508379
1.134180
0.638751
0.690437
0.047004
1.712209
0.127692
0.628320
0.049088
1.437859
0.974801
0.118372
0.974671
1.485484
1.587877
0.656630
0.951829
0.052342
0.553181
0.582660
0.053156
0.600819
1.450459
0.699377
0.589366
0.214994
1.464259
0.700888
0.751334
0.362957
1.437588
1.121342
0.794993
1.134413
0.885382
0.334345
0.144740
0.978224
0.097123
0.048867
1.562428
1.862506
1.703861
0.974756
0.742227
0.730401
0.677538
1.438389
0.316210
1.707704
1.872048
0.665794
0.472348
0.974781
1.588327
0.643344
0.977876
0.956680
1.132239
0.974735
1.351937
1.849173
0.401427
0.961456
0.763005
0.228569
0.954502
0.974339
0.677306
1.385197
0.172787
0.170369
0.484932
1.443052
1.010041
1.133038
1.135276
1.437023
1.734356
0.237453
1.780801
1.141545
1.133255
0.053085
1.290393
0.225218
1.290328
0.971671
0.349418
0.476030
0.753340
0.557241
1.290334
0.606356
0.552299
1.871645
1.132465
0.393388
0.939475
0.977061
0.282546
0.990314
1.818219
1.188830
0.304442
1.856457
0.076662
0.345006
1.854290
1.131644
1.134204
1.032347
0.104272
0.209318
1.133016
0.325142
1.709629
0.976947
0.490674
0.143309
0.702811
0.405453
0.357217
0.591638
0.973528
1.789988
1.871772
1.562896
0.051064
0.779142
1.134407
1.433411
1.864273
0.660097
0.974738
0.377349
1.440244
0.690939
0.870925
0.494179
1.439787
1.130620
0.385769
0.053429
0.197151
1.437750
0.533977
1.438933
1.864645
1.134160
0.246653
0.289458
0.978863
0.809288
0.074241
0.056516
1.812403
1.290404
1.713187
0.527738
1.130875
0.974240
0.322530
1.290344
0.338222
0.668081
0.128196
0.065482
0.346637
0.974736
0.116993
0.096104
0.522446
1.134044
0.955377
0.729274
0.982650
0.857625
0.283096
0.930672
1.134232
0.687189
0.137114
0.147590
1.290389
1.437337
0.687888
1.595016
0.975777
1.134646
1.438950
0.474219
1.437882
1.437298
1.566283
0.136650
0.582499
1.417723
0.478016
0.967360
1.512399
0.937574
0.979372
1.698313
0.710924
0.258321
0.529846
1.473428
0.153060
0.630023
0.643831
0.655714
1.865430
1.864682
1.290325
0.261767
0.117225
0.636653
0.759080
0.768703
0.974610
1.020539
0.058385
0.381210
0.954652
0.396750
0.138136
0.110725
1.436044
0.876023
1.290365
0.533167
1.439509
1.112764
0.974941
1.871158
0.743181
0.051152
1.830471
0.974735
1.691253
0.195466
1.437779
0.808508
1.707983
0.625599
0.909652
1.140912
0.887924
0.286437
1.722167
1.134162
0.081891
0.974737
1.860875
0.057742
1.290644
0.685652
1.134397
1.119110
1.175124
1.438313
1.134031
0.333364
1.305160
1.871185
0.087003
0.915656
0.453682
1.438184
1.611261
0.269083
0.051156
0.068705
1.110610
0.479539
0.260215
0.974666
0.360458
1.134236
1.713694
0.436932
0.588607
1.708960
0.051233
0.974597
1.846700
1.290400
1.133058
1.655429
1.133993
0.226557
0.698704
1.042625
0.956470
0.074934
0.049842
0.128571
1.871043
1.052082
0.621489
1.150298
1.133815
0.974641
0.100877
0.690917
1.370258
1.290121
1.132767
0.058761
1.840675
0.389046
0.319915
1.869379
1.133132
1.787179
0.931822
1.500715
0.841495
1.134915
0.278920
1.207443
0.680533
1.683385
0.956033
0.061034
0.106474
0.813055
0.074940
1.640202
0.339153
0.974913
0.108396
0.974985
1.437674
1.453206
0.116110
0.378562
1.868823
1.434811
1.438396
1.134204
1.133889
0.402828
1.133251
1.840606
0.047587
0.684772
1.127867
1.258082
0.144790
0.050612
1.132629
0.571397
1.128149
0.959760
0.216165
0.142051
0.870118
1.134140
0.851009
0.511951
1.709185
0.179821
0.733761
0.435467
1.438236
1.135796
0.141721
1.542444
1.658213
1.605733
1.437760
1.862424
1.860980
0.347738
0.466327
0.233415
0.975551
1.290329
0.974840
1.868699
1.586016
0.604563
1.161835
0.711157
1.871513
1.439868
1.840115
1.446706
1.585417
1.871765
0.500346
1.852503
1.869568
1.133966
0.618032
1.134143
1.398142
0.688335
1.422980
0.162321
1.869241
0.417722
1.125145
1.345372
1.041266
0.787579
0.467086
1.867213
0.302359
1.863032
0.929854
0.652750
1.139487
0.221201
1.437971
0.302736
0.050170
0.971876
1.403277
0.974736
0.664719
1.327237
0.176930
0.649216
0.102027
1.576360
1.415165
0.882457
0.585772
0.475687
1.709041
0.047890
1.416402
1.587372
0.487484
0.313235
0.294189
1.694198
1.610101
1.595400
0.508103
0.763241
0.100093
1.858519
1.437968
1.869284
0.554084
1.290323
0.974732
1.142672
1.290447
1.692154
0.080368
0.524721
1.538927
1.123364
0.792920
1.831587
1.131923
0.545099
0.259407
1.427065
1.854500
0.132217
0.172478
0.453681
1.869386
1.134188
0.106471
1.463797
0.460769
0.541687
1.705848
1.863548
0.977744
0.972789
1.574529
1.290327
0.973962
0.757056
1.709341
0.430644
1.028285
1.847526
0.103242
1.133978
1.440462
1.868937
0.347857
0.957162
0.539134
1.290364
1.092017
1.058664
1.473473
0.100721
0.143604
1.559441
0.974777
1.615978
0.687495
0.280490
1.624599
1.373766
0.515631
0.481231
0.644907
1.134356
1.243762
0.274911
0.974742
1.051904
1.438525
1.135022
1.620733
1.709812
1.437831
0.922652
0.951317
0.437095
1.871131
1.438082
1.867668
1.119034
0.051738
0.075512
0.890413
0.815751
1.612517
0.790948
1.437693
1.290438
0.476663
1.092860
0.882360
0.477972
1.142468
0.095369
0.974785
1.433819
0.974731
0.780885
1.437765
1.445043
1.829392
0.874144
0.275446
1.135126
1.436726
1.872235
0.047785
0.094247
0.257861
0.380647
1.380004
1.557845
0.524315
0.610656
0.974587
1.289057
0.048115
0.380077
1.439914
0.278396
0.444565
0.974322
0.080187
1.437914
0.742826
0.768161
0.869873
1.438485
0.059525
1.133985
0.977044
0.548340
1.131968
1.737969
0.102731
0.988377
1.138466
1.434315
1.276079
1.137013
1.547470
0.378757
0.221412
1.420191
0.139508
0.253242
0.496539
0.665957
1.719292
0.648214
1.863790
1.871329
0.250297
0.731743
1.688974
1.548979
0.444158
1.587011
1.589996
1.440582
0.509149
0.969062
0.195026
1.438041
1.400199
1.633316
1.413167
1.871940
0.065983
1.712043
0.122695
0.180569
0.787313
0.816827
0.657596
0.179718
0.048470
1.391903
1.589859
0.453827
1.134214
0.974737
0.833568
0.065526
1.602128
1.095327
1.437988
0.206831
1.640964
1.139593
0.179229
0.905816
1.032715
0.491253
0.629082
1.125400
0.111288
1.133682
1.069523
0.501427
1.445719
0.738703
1.587034
1.343303
0.772419
1.579049
1.848548
1.869393
0.529491
1.414356
0.997841
0.212915
0.239208
1.868718
1.854977
1.588431
0.974638
0.049803
1.072965
0.976459
1.806427
1.437162
0.977514
1.664756
0.764751
0.438806
0.974606
1.490504
0.646945
0.503788
1.402671
1.710174
0.970919
1.632573
1.181157
1.437850
0.303281
1.132820
1.871741
1.744467
1.113086
0.342289
0.051650
0.140929
1.538839
1.132644
1.438648
1.443136
1.290387
1.407872
0.076955
1.419593
0.497528
1.134097
1.441834
0.188199
1.451888
0.847070
1.437861
1.106022
1.684793
1.222291
1.192296
1.871443
1.437750
1.841717
0.407561
1.694656
0.439544
1.230698
1.437578
0.796509
1.133634
1.870824
0.362458
0.053355
1.433475
0.974740
0.673357
1.852969
0.974743
0.382772
0.637207
1.436682
0.088394
1.522768
0.785625
1.440639
0.678403
1.438121
0.327049
0.622782
0.679301
1.866116
1.868708
0.519488
0.252540
0.683352
0.974754
0.524498
1.422804
0.673187
1.828939
1.869852
0.511312
1.436186
1.347646
0.429311
0.148725
1.847469
1.437967
0.900091
1.725445
1.660520
1.419187
1.540164
1.409663
0.915354
1.599507
1.453127
0.354115
0.492041
0.401384
1.564512
0.611481
1.023724
1.871590
1.326238
1.445945
1.489902
0.432343
1.642757
1.592990
0.602027
0.974773
1.134450
0.577489
0.974404
0.536126
0.755382
1.862479
1.851248
0.465508
1.697762
0.892708
1.713893
0.104203
1.863032
1.639317
0.512030
0.401995
0.127413
1.827267
1.688313
0.165692
0.072745
0.111603
1.039983
0.561942
0.448583
1.841696
1.290268
1.589218
1.134035
0.457881
0.368329
0.731204
0.974517
0.620485
0.974762
1.097782
0.068986
0.769299
0.605035
0.423338
1.492002
0.974755
0.080831
1.531787
0.713640
0.763602
1.071275
1.870795
0.056214
1.134460
1.092066
1.860405
0.283696
0.189090
1.430473
0.053574
0.467963
0.867006
0.757746
1.785510
1.438186
1.161545
1.586751
0.541223
1.778185
1.290326
0.335673
1.447444
0.797166
0.077308
0.191844
0.974083
1.867029
1.440458
0.906685
1.865817
0.470732
0.496894
1.868806
0.977195
0.974514
1.437962
0.822253
1.434320
1.134685
0.489256
1.600774
1.134846
1.869784
0.104788
0.298642
0.103506
1.853003
1.586689
0.190686
0.323574
1.021698
0.593174
0.348308
0.071609
0.250383
0.974808
0.515924
0.709589
1.134109
0.930834
1.134212
1.439197
0.974020
1.431973
1.657418
1.705254
1.870047
0.183869
0.328331
1.438610
0.314790
1.290322
0.683610
1.780959
0.640359
0.549684
0.476769
1.124731
0.955729
0.120835
0.935946
1.278037
0.066484
1.568541
1.870876
0.911567
1.870494
0.264748
0.083158
0.226142
1.132982
1.043303
0.593615
0.163659
0.048358
1.716315
0.517762
1.290133
0.612828
0.685662
1.872145
1.128296
1.868722
0.543159
0.881417
1.436806
0.974545
0.972192
0.436561
0.047305
0.360091
0.960822
1.443005
0.574064
1.412991
1.745957
0.940831
1.805679
1.437869
0.974046
0.278650
1.747049
0.693331
1.439073
1.310282
0.195839
0.246388
1.714728
1.871832
0.974736
1.074115
1.586523
1.619429
1.134220
0.225014
1.436148
1.583023
0.088482
1.869689
1.871518
1.133665
0.962405
0.388538
0.629507
0.931820
0.097270
1.732057
1.841064
1.446038
0.842441
0.950373
0.791265
1.290329
1.437610
0.199269
1.635713
1.709253
1.272260
1.587578
0.067127
1.115730
0.789782
0.123967
1.560536
0.362964
1.437714
0.500073
0.314505
0.547671
0.185146
0.143039
0.106458
1.714401
1.133476
1.434512
1.439444
1.472488
0.451988
1.437592
1.866592
0.968501
0.144756
0.187618
1.870999
0.255358
0.161109
1.133844
0.059937
0.669951
1.125861
0.078359
0.058722
1.853377
0.819632
0.133337
0.931570
0.376598
0.386210
0.050354
1.437700
0.308890
1.616788
1.109687
1.460474
0.252529
0.188984
1.437856
0.444002
0.834730
1.134088
1.020976
0.775275
0.783067
1.709519
0.974622
1.001852
0.974735
0.509248
0.595723
1.691301
0.145051
0.841020
1.509827
0.085961
0.529112
0.541456
1.867511
0.128288
0.894073
1.842990
0.156871
1.827855
0.331658
1.847548
1.547135
0.455200
0.128572
1.706150
0.697495
0.541090
0.267287
1.839351
1.290333
1.123003
0.329392
1.134047
1.867189
0.923512
1.565874
1.423228
0.576972
0.468797
0.734248
0.551692
0.891590
0.492855
1.002593
0.218256
0.059012
1.134246
1.808450
0.329124
1.369812
0.055294
0.187891
0.730824
1.855994
1.702810
0.681861
1.432015
0.754089
0.099730
0.204563
0.878920
0.589112
1.275993
0.130019
1.308781
0.974717
1.793736
0.648508
0.279215
1.863010
1.696921
0.694659
0.087089
1.084547
0.810849
1.437723
1.858804
0.859982
1.134281
1.440212
0.789912
0.561916
0.948271
1.136803
1.130490
0.662318
1.437975
1.438655
0.051832
1.871617
0.447882
1.437995
1.134168
0.252064
1.869859
1.133572
1.438448
0.956651
0.528630
1.400190
1.442824
0.974756
0.051961
1.866526
0.047818
1.661792
1.554616
0.814095
0.217866
0.357917
1.303256
1.871966
1.441982
0.977514
0.640836
0.726125
1.866585
1.699093
0.084129
0.878952
0.071815
1.709561
1.695700
1.635235
1.136485
1.668340
1.589968
1.871995
0.830979
0.274361
1.585213
0.401093
0.256643
0.394102
0.261764
0.674808
0.564881
0.405502
1.139940
0.712327
0.121005
0.948862
1.436759
0.782355
1.134175
1.442449
0.100093
1.782705
1.131648
1.867608
1.865536
0.456497
0.443165
0.085504
0.182359
1.429764
1.705798
0.414246
1.136409
0.162771
1.134215
0.320512
0.441825
1.436964
1.609167
1.134183
1.861295
0.732459
0.082292
1.147156
1.569421
1.025518
1.606802
0.688973
0.451158
0.242199
0.674302
0.219333
1.588986
1.430001
0.266538
1.461061
0.626068
1.290321
0.084625
1.130597
1.836962
1.439499
0.120035
1.147758
0.115266
1.438739
0.776446
0.558121
0.178798
0.257266
1.573088
1.582184
1.868212
0.090785
0.467763
0.097410
1.470869
1.415143
1.709116
1.832512
0.251865
0.255381
0.974711
0.056118
0.972094
0.974733
1.437811
1.829262
0.421236
1.871253
0.757058
1.706691
0.245276
1.142276
0.974103
0.767730
0.844219
0.981136
0.974501
1.871687
1.808891
1.870990
0.233852
1.164832
1.120557
0.973034
1.437569
0.092471
1.580150
1.290385
0.247602
1.871999
0.062432
1.435870
0.975277
1.437856
0.394915
0.891824
1.660155
0.305675
0.170563
1.833912
1.440170
1.372001
0.077496
0.972476
0.941522
0.302144
1.870401
1.437605
1.867656
1.663522
0.236144
0.106820
0.816030
0.677938
0.681872
0.466460
1.290373
0.265363
1.686974
0.353474
0.449746
0.175963
1.872032
0.986985
0.898650
1.119581
0.323423
1.872107
0.416687
0.749718
1.443971
0.272627
0.638011
0.626313
1.418099
0.080753
0.062445
1.134893
0.921781
0.180634
0.382014
1.437664
1.640051
1.114385
1.134184
1.127923
0.127268
1.708947
0.884529
1.016084
0.816577
1.441729
0.103736
0.616816
1.443917
1.706409
0.426950
0.132797
0.051453
1.290359
0.573865
0.257648
1.863798
1.293975
0.521737
0.493506
1.455356
0.241909
0.257300
1.134126
0.153835
1.437917
0.921407
1.836297
1.007652
1.256346
1.016618
0.974738
1.865864
1.425363
1.577994
0.912510
0.649592
0.151203
0.368518
1.048465
0.386985
1.687095
1.437116
0.975776
1.870112
1.845681
0.246850
0.504535
0.770846
1.100376
0.486288
1.451531
0.093173
1.649721
0.504500
1.438293
0.974813
1.135769
0.848377
0.064103
1.641419
1.290446
0.767013
0.974537
0.335048
0.148464
0.489558
0.466717
1.133401
0.070015
0.743909
1.730553
0.059677
0.048441
0.847989
1.350651
0.571979
0.509698
0.485711
0.961930
1.870330
0.238270
0.854048
1.867561
0.410816
1.593491
0.642349
1.452220
0.442096
0.611389
0.969575
1.587214
0.215765
1.290192
0.729112
0.430155
0.048267
1.219382
1.743473
1.859888
0.463173
1.871856
1.438867
0.117670
1.716211
0.393057
1.611067
0.923806
0.082814
1.832042
1.134045
1.049975
0.974574
1.134180
0.446454
0.688144
0.921659
0.945602
0.479234
1.870068
1.134205
1.636900
1.439893
1.436009
0.125528
1.438054
0.840129
0.642459
0.568359
1.437961
1.112107
0.077717
1.804724
1.689877
0.586873
1.134062
0.793970
0.579215
1.308884
0.553065
0.895998
1.705845
1.136820
1.586826
0.511222
0.102133
0.107377
0.103393
0.364790
1.042185
0.546526
0.699148
0.311026
1.437501
1.439861
1.438120
1.756441
0.483563
1.251046
1.299338
1.586934
1.689790
0.596098
1.796642
1.775681
0.675231
1.674172
1.863013
1.853389
1.134132
1.709445
1.134144
1.134202
1.871302
1.136060
1.708400
0.725824
1.033568
0.274876
1.133515
0.047207
1.134202
0.106659
0.991787
0.671146
0.843510
0.284837
0.685904
0.612887
1.656532
1.604545
1.438668
0.773287
0.583915
0.813686
1.437992
0.550070
0.091411
1.437651
1.649384
1.606184
0.976169
1.437409
1.708486
0.616966
0.101365
1.408767
1.871825
1.696326
0.974490
1.586916
0.275988
0.780910
0.627330
1.644149
1.434245
0.554362
0.086413
0.448140
0.439548
1.442609
0.076661
1.438106
1.437574
0.974728
1.871637
0.424008
0.364110
1.865973
0.701411
1.043025
1.872222
0.090183
1.871400
1.645632
1.853990
1.287565
0.053848
1.599961
1.434332
0.792258
0.048884
0.442816
0.392452
0.974799
0.725934
1.438150
1.133896
1.438083
0.060565
0.479416
1.587118
1.349176
0.081755
0.557005
0.623104
1.297300
0.216469
0.296802
1.434673
1.659146
0.348665
0.126286
0.398209
1.865236
0.100300
0.531894
0.523649
0.399946
0.661155
0.469390
1.505127
1.289370
1.870613
1.586728
0.743746
1.184563
0.792576
0.947036
0.606907
0.486635
1.861498
1.143143
0.263670
1.290398
0.170139
0.900239
0.668778
1.069703
1.620103
0.055516
1.838119
0.528945
0.405721
1.133931
0.233544
0.563843
0.680990
1.625103
1.290327
0.647800
0.654970
1.251456
1.438039
1.032273
0.971042
0.594954
0.823229
1.872042
0.586383
1.130468
1.289041
0.161924
0.551127
0.638702
0.792191
1.134007
0.593700
1.134696
1.533788
0.142348
1.589419
0.080055
0.153139
1.134119
1.441080
1.012368
0.254627
1.434371
1.735031
1.434313
0.413767
0.445143
0.151195
1.647269
1.865622
0.146298
1.290324
0.435521
0.208267
1.290438
0.513287
1.439439
0.772558
0.586686
0.510649
0.974918
1.329334
0.760560
1.566076
1.136731
0.469607
0.857952
0.763816
1.857505
0.852444
1.439571
1.423492
0.400886
1.727771
1.440406
0.742128
0.084110
0.975865
0.761010
0.539195
1.869565
1.830377
0.176263
1.863338
1.518946
0.103928
0.164125
1.872175
0.787726
0.494563
0.062760
1.870010
1.030816
1.137027
0.103070
1.437790
0.051752
1.729420
0.096326
0.784673
1.290368
0.853682
0.800857
0.725138
1.134406
1.251950
1.870032
0.312157
0.069240
1.412804
1.440064
1.438242
1.437722
0.974745
1.129210
0.061676
0.079124
0.969126
0.315159
1.870294
1.133498
0.634697
0.779518
0.335904
1.719711
0.400292
1.132961
0.973595
0.754772
0.377778
1.437210
0.108235
1.130934
0.974705
1.077013
1.134172
0.062330
0.761750
1.290324
1.435840
0.606481
1.007198
0.967960
1.391645
1.866499
0.071888
0.825049
1.586033
0.409291
0.184235
1.134099
0.214373
0.764183
1.437891
1.422781
0.849742
0.837664
1.715386
0.247685
0.698873
0.666219
0.885043
0.974835
1.870484
1.868785
0.180319
1.675863
1.290371
0.165258
1.354156
1.413274
1.862358
1.853484
0.356313
0.665774
0.861980
1.435220
1.871912
0.419164
1.671769
1.869074
1.856321
1.588658
0.790930
0.222909
0.816224
1.869403
1.290356
0.975682
0.847036
1.134181
0.588460
1.134136
0.483269
1.437546
0.151752
0.150570
0.472276
1.437586
1.310455
0.453339
0.525327
1.868444
0.526222
1.438049
1.287017
1.437822
1.709041
1.441919
1.173307
0.386117
0.362906
0.611043
1.192277
1.587645
0.085519
1.052801
1.860050
0.050026
1.584077
0.070448
0.633887
0.048559
0.971648
1.675451
0.184583
0.661759
0.817179
0.065182
1.870360
1.813923
1.509511
1.436420
1.548957
0.184808
0.638228
0.387582
1.134290
1.448331
0.974740
0.067456
1.441777
1.868568
0.102165
0.558480
1.866730
1.648311
1.437046
0.826295
1.604053
1.861642
0.050406
1.126702
0.992208
1.137702
1.852085
1.079699
1.813029
1.589251
0.935634
0.454256
0.054467
0.313686
1.765180
1.448875
1.134253
0.527976
1.133421
1.709508
0.577075
1.139999
1.860609
0.971093
0.974997
0.181875
1.710256
0.727992
0.047810
0.793182
0.069104
0.073306
1.869239
1.133932
1.495637
0.226563
1.038441
1.442733
1.850628
1.134263
0.158177
0.900349
1.134006
1.823937
0.229014
0.745188
0.730725
0.874428
0.313953
1.708022
1.713701
0.656674
0.054053
0.841554
1.402229
1.871635
0.973771
1.701678
0.062888
1.864366
1.834526
1.587018
1.831301
1.433578
0.774607
1.439696
1.438627
1.414301
0.058854
0.753258
1.586843
0.159502
1.437715
0.699679
1.871782
1.868743
1.769630
0.871260
1.838437
0.638647
0.534470
0.666782
1.859212
1.431774
0.774477
1.438653
0.791992
1.173408
1.438083
0.340953
0.865476
0.191509
1.079392
0.621293
0.876603
1.649744
0.967016
1.296517
1.196177
1.117209
0.975669
0.411681
0.288742
0.617697
1.436243
1.426911
1.590257
0.128343
0.974756
1.515347
0.074965
0.974701
1.426593
0.139687
1.634501
0.945755
0.596587
1.132734
0.539753
1.442765
0.350687
1.829046
0.518013
0.152205
1.437561
0.443633
1.034996
1.676330
1.133391
1.871644
0.288606
0.970222
1.600582
0.053124
0.556140
0.891670
1.844223
0.049597
0.772994
1.437927
0.398837
0.974565
1.136871
1.434735
1.867930
0.754571
1.020584
1.792335
1.437495
0.884556
1.112321
1.871894
0.873154
0.072371
1.604507
1.655259
1.686237
1.290079
0.055456
0.620307
1.290607
0.183487
0.857120
0.234266
0.125050
0.974737
1.571213
0.495035
0.484261
1.477218
1.866138
1.711751
1.870572
0.978497
0.147786
0.071623
0.252580
1.708249
1.550748
1.441406
1.620746
0.048733
1.702533
1.859926
0.716136
0.845670
0.728574
0.974747
0.635342
0.766535
1.464568
1.429537
0.701243
0.426532
1.871053
0.067860
1.708884
1.635776
1.298296
1.870375
1.588820
0.796195
1.698768
0.773527
1.517679
0.664257
0.101872
1.136249
1.437545
1.438320
0.660495
0.051488
1.431491
1.860989
0.528533
0.416952
1.851929
0.167680
1.454365
0.101290
0.363736
1.323921
1.434213
1.569461
1.102483
0.053932
1.133276
1.838671
1.210933
1.845975
1.437876
1.286714
0.974742
0.375039
0.082343
0.775657
0.475102
1.704161
0.276074
0.089797
0.168523
1.705651
1.590879
0.047530
0.973544
0.092342
1.867210
1.134602
0.143059
1.134275
0.503322
0.048380
0.974695
1.866300
0.531416
1.430292
1.436696
1.866920
1.134654
0.457378
1.708413
0.520221
1.602636
1.440107
1.586815
1.872134
1.868502
1.600760
0.821360
0.047936
1.289154
0.457552
0.300985
1.395261
1.135854
0.215833
0.447985
0.715438
0.507962
0.363329
0.196296
0.777695
0.164757
0.571959
0.407573
0.047472
0.702651
1.134046
1.441063
0.047534
1.323425
1.868811
1.862652
1.710141
0.611881
0.454505
1.134042
0.873167
1.290372
0.974730
1.583569
0.804331
0.974802
1.437444
1.450190
0.502114
0.961595
0.220228
0.974627
1.290374
1.134225
0.609767
1.871710
0.166464
0.168611
0.974669
0.546578
0.805058
1.578480
1.834719
1.586131
0.576622
1.588843
1.290327
1.586674
0.252344
1.134025
0.974729
0.139007
1.469265
1.437854
1.438223
1.737839
0.573291
1.315726
0.547082
0.460381
0.971462
0.286257
1.161071
1.437369
0.517864
0.191497
0.179803
0.664393
1.841374
0.776691
1.758581
1.585273
0.393677
0.195673
0.164817
0.786781
1.703677
1.437938
1.871925
1.871761
0.307737
0.974744
0.424200
1.012028
0.109027
1.866913
0.953497
1.582769
0.421059
0.547785
0.246829
0.630451
0.604225
1.444637
0.136260
1.437799
1.535374
0.379874
0.806983
1.440668
1.132366
1.290342
1.577404
1.866179
0.605280
0.527647
0.081427
0.570397
1.437205
0.178678
0.186021
1.588550
1.871921
1.439850
0.625414
1.871289
1.719742
1.061486
0.310388
0.754956
0.317283
1.396678
0.089057
0.488681
1.844513
1.871619
0.261204
0.646988
1.714521
0.398647
0.311806
0.396480
0.305261
1.524610
1.391160
0.656285
1.440951
0.107675
0.344705
0.403627
0.507509
0.865614
0.615199
0.389279
0.417248
0.977239
0.255095
0.158966
1.438375
0.403410
0.346207
0.342937
0.975595
1.663997
0.472954
0.369619
0.824259
1.484184
1.442790
0.905270
1.822345
0.449615
0.081421
1.442759
0.634988
1.477730
0.592319
0.407566
0.098631
1.707910
1.420100
1.870851
1.290420
0.914126
1.434021
1.545600
1.780314
0.974782
1.560757
0.634237
1.437847
0.640280
0.419484
1.235272
0.136940
0.455977
0.368598
0.216899
0.069309
1.870996
0.429111
0.651690
0.839723
0.501911
1.871444
1.290366
1.438773
1.424631
0.177590
0.322184
1.132239
1.128038
0.974763
0.458322
1.862930
0.857395
0.415637
0.973467
0.417334
0.712113
1.435632
1.616063
0.664631
1.437886
1.602176
1.437814
1.429940
0.404891
0.764646
1.724056
0.075251
0.972993
0.846422
0.429176
0.805186
0.126617
0.759240
1.433248
1.870455
0.762866
0.816935
0.446241
1.134514
1.290330
0.055955
0.631588
1.432615
1.538754
1.588635
0.911112
1.437781
1.643830
1.454223
0.876413
0.230898
1.870235
1.440257
1.436863
0.117804
1.041670
1.087335
1.869335
0.909579
1.587153
0.751873
1.841917
0.113913
0.418640
0.129755
0.664702
1.709222
1.040565
1.641486
1.292107
1.132470
0.125566
0.654551
1.290424
0.101367
0.174179
1.119031
1.636353
1.436181
0.213125
0.058225
1.134062
1.814705
0.634709
1.871897
0.969437
0.756118
1.438569
0.408138
0.788169
0.484651
0.606429
1.529721
1.711218
1.439727
1.460456
0.125285
0.094243
0.655906
1.700258
1.531528
0.101868
1.132839
0.834577
1.098276
0.756559
1.584425
0.083722
1.304678
0.385284
0.715327
1.661552
0.548862
0.984617
0.614838
1.443307
0.328223
0.053087
0.367378
1.868394
0.628666
1.437800
1.649931
0.854216
1.588710
0.245937
1.136482
0.062353
0.408340
0.232306
1.869666
1.452421
1.376207
1.291135
0.061270
0.275537
1.808154
0.493416
1.442225
1.346495
1.841358
0.969533
0.058197
0.447503
0.973729
1.705486
1.438104
0.737367
1.859022
1.369440
0.070656
1.589921
1.438159
1.077241
0.753261
0.525223
0.576392
0.789262
1.700078
0.063047
0.530698
0.377338
1.436014
1.051875
0.721120
1.303115
1.438848
1.437886
0.096013
0.047420
0.101947
1.134161
0.170567
0.627035
1.437755
0.576213
1.478971
0.628592
0.721853
1.583669
0.367209
1.050134
1.580744
1.133609
1.332784
1.450205
1.133999
0.512972
1.867630
1.709675
1.153680
0.974711
0.166483
1.119053
0.452157
0.756171
0.975140
1.138147
0.129930
0.277223
1.667802
1.871986
1.496202
0.081488
0.164046
1.347696
1.403546
1.584909
0.170326
0.511034
1.093987
1.708681
0.186474
0.232528
1.830802
0.095603
0.490303
1.133781
1.481041
1.727518
1.437968
1.134390
1.439654
0.075325
0.885089
0.827959
0.787273
1.435191
0.495110
0.798612
0.902557
1.082040
0.129181
1.134178
1.601178
0.653786
1.290321
1.437893
1.586425
0.226140
1.290384
1.730460
1.139336
1.134372
1.446923
0.219875
0.867891
1.287695
0.974743
0.871474
0.558511
1.134647
0.743011
0.975264
0.899742
1.585135
0.791819
1.290342
1.437897
1.133874
0.141872
1.134031
1.457341
0.287050
1.429985
0.064911
0.056543
1.440760
1.134338
1.644508
1.413825
0.272862
1.290333
0.780178
1.437176
0.397925
0.096946
0.228528
1.189920
0.580634
0.384984
0.904950
1.221737
0.599626
0.553470
0.533780
1.404020
0.978402
0.135552
1.861069
1.290387
1.437763
0.806206
1.435888
0.927649
0.329435
0.404613
0.888054
1.849695
1.870834
0.555570
0.670133
1.134168
1.587516
1.439567
1.290704
0.988853
0.087129
0.973386
0.971694
1.501805
0.608737
1.290427
1.708687
1.431826
1.471732
0.631028
1.711928
1.865976
0.076588
1.129555
1.383672
0.388698
0.068537
1.583009
0.365939
1.438175
0.893389
0.408433
0.811482
0.242921
0.720391
1.438272
1.437734
0.813448
1.528829
1.134175
1.706300
0.974420
1.630369
0.497442
1.871240
0.055335
1.412326
0.349926
1.436254
1.453295
0.974241
0.396050
0.676436
1.284749
1.437931
0.789991
0.985888
0.615292
1.870170
1.869027
1.433317
1.134104
1.619754
0.819195
0.367794
1.733464
1.437669
1.443758
1.711118
0.970768
0.404966
0.237022
1.709877
0.669073
0.220156
1.490350
0.598107
1.356103
0.049414
0.699911
1.793310
0.344300
0.052580
1.584893
1.567460
0.682708
0.281042
1.290337
0.444623
1.424379
0.532173
0.049392
0.838087
0.604205
1.133595
0.159879
0.510059
0.824472
1.439995
0.167674
0.146485
0.578278
1.150613
1.438954
1.636739
0.383109
0.491602
0.886639
0.244009
0.684601
1.437852
0.277280
1.290388
1.701763
1.290356
0.055214
1.073587
1.429319
0.299029
0.870013
0.050792
1.476471
0.677518
0.110389
0.868962
0.301626
1.439732
1.431881
1.290322
1.700100
0.737641
0.767421
0.251028
0.293024
1.070803
0.365442
1.872203
0.201379
1.842900
0.792005
0.178878
0.710268
0.214132
0.971356
0.968766
0.974772
0.385030
1.438648
1.136099
1.601219
0.690991
0.898345
0.234600
0.974749
1.784155
0.656226
0.784298
1.438002
1.449773
1.707765
1.865743
1.134184
1.572445
0.406549
1.868600
1.871356
0.190860
0.728598
1.332512
1.097375
0.351272
0.936591
1.439727
0.416514
1.869773
1.291011
1.440103
0.528174
0.122678
0.263576
1.432397
1.130595
0.165020
1.586652
0.076061
0.725357
1.860550
0.947876
0.312640
0.109305
0.684933
1.871918
0.354541
0.974709
0.102935
0.226833
0.095117
0.265984
0.619045
0.665250
1.134532
1.710081
0.936632
1.142625
1.857875
0.630621
1.144163
0.055781
0.508362
0.318264
1.249056
0.668411
0.957626
1.134313
1.703752
1.871689
1.724463
1.862814
1.437914
1.410960
0.255233
1.428275
0.501095
0.504000
1.133886
1.455898
1.268669
1.869803
0.726737
0.438766
1.342462
1.290522
0.939755
1.133224
0.687931
1.591415
1.436107
0.968891
1.398818
1.427751
0.172399
1.863178
0.520084
0.213699
1.437195
0.081368
0.063472
0.974505
1.871379
1.797380
0.303131
0.418259
1.645077
0.085560
0.602939
1.693897
0.358162
0.054561
1.870873
1.648770
0.098460
0.486295
1.587085
0.140889
0.146502
1.730371
1.579925
0.860355
0.285233
0.864541
1.155110
0.768507
0.583408
0.112545
1.595209
1.871964
1.862290
1.609007
0.061548
0.082994
0.699352
0.765462
0.262331
1.583086
0.904661
1.709995
1.437801
1.708823
1.436948
0.951581
1.644088
1.450196
0.312173
1.704105
1.032908
1.871291
1.654815
0.882230
0.746956
0.112181
0.974732
0.065467
1.134161
0.186992
1.606858
1.048958
1.134140
0.733495
0.274425
0.716598
0.298428
1.438067
0.453398
0.684952
0.166102
0.634175
1.260651
1.587736
1.872180
0.974742
0.314977
0.095055
1.131105
0.974867
0.056593
0.697708
1.452955
1.134871
0.948756
0.974738
0.304013
0.478144
0.784239
1.456411
0.754511
0.968267
1.850887
0.262559
0.608495
1.456711
1.708602
0.974179
1.612122
1.851344
1.586454
0.781136
0.938310
0.449457
0.048371
1.401790
1.594555
1.436360
1.846605
0.136534
1.414269
1.872108
1.416791
1.866516
0.617327
1.133761
0.792655
0.078754
1.605878
1.290248
0.797262
1.710858
0.178329
1.133837
1.437838
0.549008
0.354999
1.662913
1.662487
0.641794
0.464444
0.974329
0.244568
0.370551
1.041696
1.438924
1.133734
1.869581
0.049328
0.052453
0.853630
0.948428
1.577695
0.523395
0.504059
0.165610
0.561858
0.971374
1.137663
0.128403
0.479835
1.138839
1.624998
1.520918
0.202157
0.392812
0.066758
1.475783
1.133126
0.126334
1.155282
1.290329
0.521293
0.159960
1.741840
1.437760
0.973162
1.047473
1.290380
0.053702
0.093043
1.134154
1.006207
0.172845
0.656672
1.464274
1.871275
0.515764
0.094224
0.974685
1.437574
0.088262
0.047979
1.179800
1.081673
1.434448
1.134196
1.437050
1.437462
0.088124
1.437844
0.183280
1.133617
1.438063
1.871190
0.283060
0.487349
0.681825
0.380139
0.952411
1.437907
0.382858
1.383151
1.869129
0.880681
1.437433
0.973568
0.999880
0.595717
0.428614
1.134056
1.441100
1.134663
0.130707
1.869728
0.089326
0.092807
0.506821
0.733196
1.478202
0.675371
1.816494
0.493748
1.485435
1.437868
1.175756
0.493001
1.321697
1.290340
1.775513
1.437098
0.740248
1.569055
1.587325
1.438915
0.700322
0.808216
1.602004
0.661163
1.617167
0.507760
1.133865
1.598843
1.629092
1.773140
1.871433
0.551910
1.868389
1.702649
1.870342
0.472998
0.741003
0.449528
0.424054
1.038470
1.864455
1.856821
0.356864
0.175040
0.420265
1.129788
0.974761
0.321420
1.580844
0.094644
0.053064
0.264382
1.690775
1.133690
1.474337
0.128278
1.128474
0.182166
0.731340
1.709614
0.515971
1.134189
1.134215
0.480763
0.051400
0.098314
0.973161
0.390719
1.134339
0.349605
1.723514
1.521427
0.625479
0.583997
1.130634
1.290220
0.889256
0.993544
0.253495
1.842078
1.444816
0.758635
1.670705
1.428998
1.076489
1.865422
0.916775
0.844407
1.428694
0.574201
0.636526
0.350868
0.127360
1.871070
1.869449
1.716646
0.640099
1.134185
1.869993
0.639631
1.277463
1.871839
1.653083
0.895138
0.372302
0.918936
1.538339
0.977878
1.647152
1.580002
1.813455
0.491788
1.504980
0.228827
1.697361
0.289972
1.133347
1.143661
0.723985
0.128525
1.437616
0.495372
1.744641
0.974261
0.664101
0.582593
1.119370
0.069428
1.815227
0.409617
0.810024
0.753831
1.290381
0.974434
0.648470
0.253248
1.840428
0.194343
1.709729
0.729198
0.231008
1.618879
1.439091
1.045468
0.358294
0.173614
1.868478
1.134180
0.724273
0.402797
1.414463
1.718925
0.102160
1.436055
0.960880
0.797185
0.351494
0.280147
1.762570
1.577649
1.134020
1.438009
0.808063
1.822747
0.491112
0.057943
1.830152
1.871791
1.871940
1.290331
0.974111
1.820457
1.869025
1.843966
1.134187
0.082148
0.166676
0.676653
1.214389
1.871799
1.709391
1.867354
0.051975
1.021771
0.259456
1.861346
0.896114
0.942391
1.774394
1.290326
1.290349
1.604673
0.206335
0.176232
1.448429
0.159354
0.974819
0.974844
0.048276
1.052802
1.786168
0.354521
1.708417
1.618486
0.080084
1.134112
0.239622
1.134261
0.065754
1.857162
0.973765
0.667165
0.374292
1.827973
0.623169
0.068077
0.835088
0.593677
1.437968
1.290321
1.435989
0.500441
1.437736
0.047778
0.414544
0.142587
1.712796
0.818508
0.286149
0.318638
0.712605
0.849988
1.867481
0.861354
1.868569
1.134016
0.210323
1.158549
0.966295
0.249909
1.133165
0.229678
1.624312
1.456559
1.587119
1.871869
0.844819
0.110613
0.389638
0.377862
0.781143
1.858536
1.064667
1.134140
0.478676
0.939493
1.290367
0.607879
1.290780
0.972932
0.672652
0.529948
0.111612
1.428434
1.570809
1.800557
0.884846
1.433738
1.856962
0.958546
0.802275
1.566633
0.147546
0.476601
1.290324
1.705031
1.589113
1.667430
1.746742
0.974726
1.609489
0.055382
1.727451
1.623193
0.594463
1.290387
1.587706
0.059767
0.954825
0.188749
1.066451
0.201503
0.768274
1.440882
0.903174
0.201394
1.865134
0.216445
0.974252
0.094717
0.623865
1.290064
0.113389
1.438264
0.827405
0.829096
1.635650
1.134039
0.660631
1.293010
0.414157
1.615469
0.204046
1.437987
1.463365
0.934696
0.048466
0.151708
0.625458
1.707436
1.870129
1.731987
1.871440
1.813831
1.134536
0.449548
0.829797
0.462920
1.440408
1.431545
1.134000
1.709007
0.234281
1.437256
1.714545
0.378986
0.053383
0.358242
0.972914
1.436639
0.070447
0.131549
0.059287
1.702728
0.275428
0.496898
0.336609
0.759156
1.801339
1.438558
1.832983
1.290344
1.586782
0.685998
1.708635
0.566029
1.443021
0.156519
0.975162
0.192053
0.142282
1.709318
0.256452
0.508590
1.861926
1.609152
1.343102
0.051656
0.634209
1.320116
0.293117
1.849666
1.865226
1.583668
1.445120
0.454643
0.683218
1.834208
0.575352
1.130479
0.972239
0.152588
1.134122
0.252358
0.303744
0.351077
1.549111
0.179716
1.133924
0.265871
1.871928
0.355806
0.111286
0.691056
0.069348
0.690528
1.863183
0.874274
0.699768
1.564495
1.872189
1.751447
0.102787
1.076616
1.671580
1.134167
1.865049
1.719537
0.301048
0.510252
1.134099
0.177779
0.508984
0.207676
1.134110
0.128055
0.984391
0.732514
1.043522
0.545003
1.872025
1.134841
0.130293
0.530636
0.096567
0.805124
1.711646
0.623604
0.050293
0.093024
0.149185
0.712737
1.365016
1.112813
1.591112
1.869138
1.439246
0.636001
0.134275
1.440298
0.918323
0.146473
0.927867
0.689653
0.407863
1.290363
0.057793
0.058855
1.868725
0.100857
1.433566
0.559964
0.418861
1.871463
0.974032
0.095828
1.290365
0.652580
0.997934
1.587228
0.299492
0.357524
1.450659
0.945056
0.974754
0.559613
1.737307
0.974634
0.144928
1.075545
0.714399
0.074938
1.870199
1.134118
1.503209
0.597545
0.931489
1.574573
0.950044
0.877364
0.049754
0.331689
0.756684
1.656161
0.554937
1.815518
1.089911
1.336236
1.872124
1.434204
1.133528
0.966696
1.301798
0.918010
1.586459
0.796882
1.378505
0.047975
0.048108
0.185595
1.294958
1.738460
1.709893
1.422173
0.512565
1.438440
1.611576
1.133883
0.671883
1.557337
1.133008
0.088001
1.848642
1.043223
1.437092
0.975154
1.871372
1.135111
0.151685
1.290409
0.637004
0.306176
1.115726
1.071089
1.075540
0.059330
0.197360
1.538009
0.370911
0.451314
0.070759
1.589054
1.871211
1.437282
0.063777
1.438020
1.200699
0.286750
0.884589
1.813900
0.877864
1.439314
1.870955
0.541736
1.441251
0.728144
0.964648
1.744959
0.428970
0.975224
1.439490
1.668917
1.437079
1.711204
0.459487
0.974626
1.154039
1.437822
0.940564
0.112751
0.974742
0.647768
1.805694
1.158733
0.479687
0.218862
1.476132
1.290321
0.988812
0.098665
1.814311
0.536121
1.134703
1.709785
1.489729
0.277955
0.598456
0.974905
1.441873
1.436208
0.291774
1.858362
0.142894
1.615807
1.201633
0.486590
0.665114
0.257587
1.587573
0.269898
1.586098
1.871949
1.148942
0.070478
0.267552
1.739324
0.912235
1.458089
0.053756
0.297214
0.506377
0.969218
0.912898
1.710382
0.975574
0.775663
1.180622
0.052879
1.142583
0.142389
1.826073
1.380909
0.747137
1.392302
1.116096
1.134151
1.809686
1.781187
0.972961
0.600829
1.438909
0.385208
0.975205
1.460318
0.049961
1.448628
0.452137
1.780903
1.134026
1.186169
1.731522
1.290347
1.435995
1.847428
0.359493
0.379294
0.075257
0.572296
0.407012
0.904715
0.464878
0.662499
1.441343
0.091493
1.436716
0.432733
1.290368
1.869391
0.067944
1.438242
0.974738
1.144542
1.870164
1.586781
0.451124
1.848685
1.335047
0.090855
1.267148
0.323699
0.670058
0.463788
0.881695
0.108645
0.852074
0.533319
0.929840
0.363527
0.774931
0.821710
0.806527
0.279324
0.971776
0.525147
0.292282
0.506806
0.328127
1.760860
1.132889
0.886054
1.588020
0.912353
0.694458
1.870705
0.584938
1.324253
1.416987
0.974662
0.162534
0.114451
0.053022
0.052714
0.768002
0.974226
1.438094
1.701474
0.653800
0.666895
0.450979
1.437146
0.765748
0.317375
0.974777
1.134325
0.533167
1.871793
1.432351
1.132451
1.212403
0.078564
0.585216
0.583694
0.421744
0.974700
0.390659
0.736927
0.342760
1.738157
0.267991
0.476092
1.586562
1.437040
1.724030
1.133574
1.131111
0.702283
0.878969
1.770055
0.493508
1.437885
1.377581
0.882743
0.060587
0.051951
0.835866
0.249211
1.096495
0.138773
0.091082
1.438171
1.290366
1.134217
1.459206
0.574486
1.661245
0.369501
0.474955
1.870971
0.604768
0.248997
1.430529
0.940211
1.870743
1.871252
0.365275
1.521535
1.134195
1.870596
0.094206
0.852913
0.600414
0.132946
0.509358
1.177345
0.974756
1.112538
1.870237
0.662011
0.060625
0.095585
0.224641
0.515786
1.846133
0.456236
1.119493
1.781460
0.843895
0.071067
0.776809
1.870999
0.147546
1.434854
1.281963
0.547974
0.615569
1.424266
0.104146
0.658247
0.364051
0.068973
0.152923
0.495491
0.741181
0.053367
0.461198
1.761823
1.728939
1.149418
0.473062
1.872075
0.414464
0.492001
1.866777
0.457906
0.170577
0.335192
1.605054
1.325213
0.780820
1.461849
0.405387
0.974843
0.463150
0.563763
1.498720
0.702837
1.771226
0.220268
0.511672
0.450272
1.438275
0.630527
0.212367
0.086677
1.437825
0.858076
0.207123
0.203293
0.102207
0.781994
1.129600
1.123856
0.270502
0.127138
0.454346
0.050440
0.606976
1.709364
1.437658
1.129771
0.075204
0.084482
0.373751
0.259799
1.054990
1.674905
0.055336
0.411832
1.289472
1.110234
1.437146
1.522058
1.599500
1.864267
0.667937
1.575808
0.528399
1.438000
1.871080
0.946428
0.650946
1.378745
1.535079
0.423002
0.454139
1.864524
0.680799
1.437895
1.435659
0.738975
0.677111
0.665900
0.180737
0.057752
0.340843
0.067837
0.476792
0.247174
1.865586
0.082762
0.352196
1.437735
1.438083
0.221886
0.975564
0.199050
1.058286
0.424677
1.437471
1.595246
1.425828
0.910488
1.775337
0.791226
1.586282
0.761093
1.134162
0.314762
0.358754
0.081073
0.840532
0.761502
0.247405
0.250034
0.793505
1.306869
1.776130
0.621422
0.975248
0.820635
0.103874
1.791448
0.458021
0.638705
1.052078
0.627911
0.974744
1.438492
1.099317
1.135756
0.148720
0.511186
1.768244
1.135498
1.134801
1.783314
1.752800
1.453214
0.897595
1.863461
1.458585
0.276309
1.667464
0.817075
1.639129
0.089268
0.794239
1.132936
0.279933
0.833853
1.872069
0.363107
0.671279
0.895499
0.132696
1.435595
0.312154
0.213362
1.436541
0.057749
1.809543
1.119888
1.711179
1.667481
0.974686
1.440352
0.410367
0.973570
0.609921
1.869209
0.549055
1.437923
0.473799
1.438194
0.857442
1.290354
0.124094
1.290376
1.871567
0.147005
0.598513
0.479645
0.501746
1.539359
1.025987
0.122473
0.172061
1.872063
1.436673
0.464619
0.343593
0.582025
1.870188
0.974737
0.962079
1.871946
1.285075
0.489028
1.490585
0.075954
1.141870
1.871169
0.791646
1.290322
0.765512
0.182413
1.763185
1.696243
0.978267
1.437983
1.871685
1.586849
1.439420
1.710343
0.890584
1.743215
0.969202
1.432781
1.871941
1.438733
0.381345
1.350541
0.083369
1.378353
1.719913
0.334946
0.428252
1.579824
0.541110
0.486045
0.758134
1.687729
1.870187
1.442051
0.186285
0.433852
0.497907
0.854118
1.616748
0.798973
1.438259
0.404812
0.439184
0.610105
0.852043
1.202681
0.548278
1.871437
0.974331
0.688104
1.134562
0.226374
1.304455
1.677477
1.589448
1.134213
0.651352
1.291485
0.047697
1.134010
1.134359
1.434723
1.607586
0.613446
1.707085
0.974636
0.965417
1.290365
0.503913
0.973758
1.846823
1.706284
0.443408
0.424815
0.704845
1.841441
0.731240
0.573306
0.962071
1.081021
1.670442
1.058722
0.974812
0.984400
0.177841
0.923810
1.134448
1.313372
0.073871
1.840085
1.262918
1.512176
0.253737
0.607521
1.290496
1.853367
1.437818
0.534562
1.463394
0.181625
1.134869
0.427203
0.977352
0.867384
1.453821
1.064721
0.244909
1.867099
1.656267
1.789294
0.074611
1.078631
1.133420
0.292758
0.293030
0.228749
0.346549
1.864255
0.119606
1.290320
0.060063
0.337634
1.450642
0.852080
0.529480
1.659887
1.133697
1.708700
1.740196
0.164885
1.806813
1.131057
1.134073
0.048469
1.134685
0.782307
0.337706
1.133907
0.512330
1.710000
0.181488
0.974926
0.921314
0.125170
0.090801
1.134115
0.789361
1.709136
0.101293
1.015012
0.081875
0.657329
0.960714
1.049387
0.576315
1.750858
0.223993
0.962936
0.089044
1.438296
0.436974
1.588804
1.290389
1.129766
1.010893
1.870019
1.134246
1.435827
0.690113
1.871340
0.082489
0.785792
0.480750
1.018664
0.465695
0.383048
0.243367
1.169724
1.868178
1.438325
0.311638
1.705784
0.433181
1.239578
0.336078
1.436140
0.397597
1.691545
1.514846
1.093218
0.687679
1.110254
0.095181
0.107147
1.434672
0.049068
0.323945
1.857836
1.856303
0.166724
0.970699
1.111169
1.290352
1.425237
0.471298
0.106934
1.586253
0.748431
0.047375
0.299312
0.548789
0.145332
0.110353
0.076230
0.236025
0.508338
0.243907
0.397094
1.677683
1.428769
1.128747
0.953468
1.871826
1.290366
1.863344
0.099487
0.052053
0.631880
0.130167
0.764095
1.447894
1.478594
1.604441
0.496127
0.600674
0.974135
0.368382
1.133958
0.573208
0.955694
0.662973
0.282647
1.711514
1.862010
0.205855
0.966568
1.842068
0.332522
0.634657
1.586738
0.483127
0.986435
1.473947
0.669570
0.408607
0.154847
1.437794
0.729342
1.734005
1.871283
0.433584
1.134057
0.974742
0.050543
1.861350
1.442291
1.132915
1.804221
1.477916
1.821669
0.317029
1.587638
0.227361
1.855927
0.062761
1.587919
0.202912
0.928484
1.350608
1.293269
0.610105
0.415232
1.870463
0.259435
0.852974
0.974735
0.145453
1.871351
1.134109
1.871133
1.437596
0.296670
0.329058
1.747093
1.437961
0.431207
1.011399
0.608622
1.443084
1.586491
1.871762
0.591209
0.144070
1.100758
1.136215
0.275418
1.450357
0.142833
1.869065
1.479590
1.872089
1.861337
1.137141
0.968167
1.125587
0.744353
1.040935
0.087117
0.235026
0.436410
1.290326
0.209902
0.697371
0.942920
1.436914
1.134196
0.659469
1.586736
1.841425
0.209942
0.562003
0.964777
0.310879
1.437836
1.542707
1.699705
1.290333
0.974740
1.080395
1.438040
1.577345
1.039061
0.747752
1.640997
1.290350
1.839926
0.926371
0.781718
0.595680
0.275005
1.290270
0.698492
0.449258
1.437870
0.185948
0.791093
1.869637
0.660532
1.385561
0.351048
1.869770
1.608513
0.407942
1.725391
0.273913
0.420447
0.284769
0.276084
0.975881
0.810009
0.488282
0.507138
0.785103
0.171724
0.592603
1.529210
0.912939
0.960907
1.585785
0.052388
1.437817
1.871579
0.988930
1.717020
0.974738
1.659027
0.720589
0.056778
1.709198
0.640106
1.194929
1.869451
1.868441
1.859406
1.655219
1.848511
1.852759
0.667061
1.123743
0.892943
0.890687
1.842912
1.437926
0.676870
1.450037
0.383196
0.985471
0.579106
1.488301
0.879085
0.788770
0.523354
0.798868
1.858623
1.425765
1.429418
0.974715
0.967089
0.814363
1.867071
1.104299
1.436969
0.528056
0.094502
1.134426
1.131380
0.176269
1.131946
1.065962
1.130397
1.534670
1.437832
0.154099
1.869191
1.290981
1.290323
1.437793
1.599066
0.989434
0.149470
1.871457
1.575966
0.954210
0.974649
1.587750
1.708609
0.974747
0.058760
0.416092
0.112798
1.457161
0.974926
1.438131
1.163804
1.682685
1.290398
0.667916
1.510972
0.129232
0.498819
1.839421
1.436172
1.863519
0.764485
0.682356
0.328148
0.625627
0.279462
0.452234
1.449182
1.837031
1.134264
1.427990
0.051027
1.713359
1.869530
1.867859
0.887349
1.311830
1.480734
1.430310
0.435422
1.290488
0.085215
1.585569
1.125210
0.571330
0.864552
0.366279
1.437233
1.299074
1.871945
1.437127
1.437561
0.719356
1.717375
1.215144
0.179894
1.708186
1.644650
0.973754
0.656651
0.720716
0.456466
1.076734
1.587756
0.189534
1.134261
0.913563
1.665329
0.947665
0.465933
1.783931
1.112544
1.858086
0.844532
0.413061
1.134157
1.133864
1.868166
0.900977
0.116782
0.855707
0.676641
0.928462
0.455309
0.923721
1.799979
1.382937
1.437851
0.979002
0.412415
0.106559
1.135194
0.453860
0.538888
0.061636
0.459365
0.641821
1.134055
0.615082
1.583650
1.134135
1.134446
0.198901
1.134212
0.603242
1.586610
1.428798
1.871665
0.973001
0.647056
0.626047
1.290350
1.289010
1.459373
0.437297
1.322507
1.587537
1.871386
1.870308
1.476388
0.059106
0.907666
1.708490
0.471530
1.819909
1.324563
1.437916
1.589978
1.453999
1.861248
0.074319
0.955555
0.849641
1.290370
0.199355
1.290396
0.720369
1.709168
1.856746
1.586324
0.975170
1.870258
1.447009
1.134024
1.470131
0.656481
1.868845
1.410641
0.054531
0.897374
1.288683
0.535336
1.133335
0.569680
0.546848
1.134472
1.134060
0.225164
0.431710
1.868033
0.975043
1.647529
1.133569
0.418182
1.801926
0.063019
1.710337
1.852969
0.719511
1.133198
0.883199
1.510338
0.405406
0.049374
1.290343
1.133910
0.472540
1.437800
0.660701
1.134194
1.154727
0.100730
0.796203
0.579289
1.704302
1.864108
1.143369
0.797003
1.437235
0.724859
0.270244
0.972149
1.870498
1.589242
0.189748
1.871012
0.082168
0.974741
1.125911
1.639376
0.458023
1.435803
1.290407
0.904248
1.427220
1.476739
0.863446
1.631123
1.622188
0.968373
0.471430
1.437764
0.975599
1.134104
0.252079
1.134343
1.420125
0.536947
0.541238
1.461648
1.735675
0.173082
1.046802
0.846594
1.720165
1.432852
1.278039
1.132709
0.082571
1.582946
0.974575
0.656392
0.281248
0.680811
0.792214
1.868977
0.895257
1.842774
0.275201
1.134288
1.708640
0.048826
0.319148
1.442343
0.103940
1.136880
0.664553
0.472577
0.437850
1.443710
0.793562
0.886921
1.178119
1.591309
0.523018
1.291586
1.615789
0.388546
0.365213
1.133669
1.837834
0.536582
1.849033
1.586706
1.437994
0.184460
0.545715
1.444710
1.368811
0.454133
1.708868
0.415849
0.704262
1.708588
1.841412
1.134218
0.222357
0.958810
0.185179
0.114404
1.699412
0.069531
0.107318
1.705822
1.726027
1.586344
0.098653
0.123212
0.974724
0.529125
0.601845
0.191356
1.438001
0.889027
0.047669
0.980850
1.871411
1.871651
1.710576
1.855750
0.486423
0.857180
1.698971
1.135297
0.932663
1.708315
0.188691
1.697639
0.479799
1.136570
0.293898
1.290322
1.870790
0.654431
1.664489
1.290380
1.587245
1.864303
1.871768
1.135476
1.871814
1.782919
1.251220
1.437528
1.565617
0.067303
0.456621
1.133171
1.721166
1.709620
0.696069
1.437888
0.154355
1.134057
0.854336
0.597166
1.690580
1.401096
1.579003
1.581660
0.999745
0.115066
1.779859
1.860338
0.553522
0.197380
0.828083
0.974622
1.725380
1.598186
0.981836
1.286829
1.849368
1.061562
1.587040
1.613398
1.864182
0.975024
0.175414
1.419260
0.662393
1.814390
1.438208
1.290512
1.437872
1.463248
0.380817
1.134143
1.130646
0.120052
1.867426
1.749696
1.865114
1.709355
0.953191
1.870978
0.677136
0.494357
0.099977
1.290537
1.545572
1.723313
1.428135
1.390260
0.203626
1.859886
0.471872
1.134127
0.626008
1.610757
0.766833
0.235747
0.097235
0.084766
1.290359
0.843268
0.901703
1.437228
0.544047
1.134189
1.310792
0.974887
0.196379
0.986316
0.499586
1.708560
1.857486
1.831038
0.644835
1.483281
0.364361
0.238544
0.526561
0.817985
1.800178
0.071906
0.974741
0.104420
0.498773
1.130577
0.705456
1.437929
1.033420
1.290445
1.246509
1.134687
1.587508
0.677545
0.170115
1.705830
0.417118
1.112612
0.256352
0.808169
0.761696
1.854086
1.122193
0.363697
1.871671
0.451046
0.481716
1.800324
1.438318
1.596425
1.174139
1.134145
0.315822
0.237685
1.290352
0.707845
0.393750
0.113209
1.525980
1.857234
0.974743
0.749365
0.403968
1.134218
0.062539
1.290340
1.702793
1.378076
0.684074
0.616093
1.779531
0.719653
1.871680
0.428104
0.716863
0.800179
1.069800
0.784403
0.543688
1.437841
0.974451
1.865110
1.438064
1.140509
0.569670
1.869465
0.047782
0.374728
1.290343
1.754653
0.307260
1.290217
1.134569
0.263694
1.438129
1.292796
0.290543
0.652884
1.865403
1.290348
1.599792
0.790395
0.126183
0.974257
0.382200
0.714173
0.123178
0.553725
0.878726
1.870294
0.090479
1.022967
1.430836
0.908751
0.614107
1.199052
1.439054
1.443459
1.586575
0.239687
1.468893
0.904454
1.579449
0.513007
0.080594
0.811825
1.389683
1.134410
1.454694
1.420888
1.437690
1.592139
1.480507
0.179283
0.899189
0.931498
1.793169
0.754277
1.053332
0.332789
1.301191
1.435292
1.437881
1.134218
0.256966
0.504079
0.886256
0.641338
0.537302
1.291703
1.257457
0.069203
1.870126
1.186659
0.392982
0.853669
0.491031
0.349933
0.121228
0.478577
1.586789
0.778921
1.290724
1.777758
0.112690
0.069515
1.435610
1.254306
0.615253
1.371140
0.415920
0.373968
1.438519
1.825984
0.061276
1.434391
0.599813
1.290349
0.785248
1.718971
1.209256
0.471576
0.974736
0.296753
1.290368
0.525586
1.136234
1.454392
1.437197
1.773361
1.461487
0.212269
1.457722
0.551833
0.051707
1.872061
0.151938
0.319370
1.438331
0.205546
1.726985
1.826435
1.040046
0.221829
1.869864
0.115410
1.290369
0.118177
0.490086
1.303946
0.619491
1.869802
1.709267
1.437990
1.134429
0.130760
1.134121
0.176031
1.587802
1.135909
0.605005
1.861875
1.435119
1.438161
0.176607
1.134137
0.299804
1.047009
1.087211
1.437021
1.865284
0.762062
1.865869
1.260989
0.595680
0.906124
0.418283
1.869625
0.704614
0.056309
1.715948
0.980430
0.700129
0.683911
0.121673
1.136656
0.718371
1.346940
1.434176
0.192697
1.580133
1.034583
0.665746
0.105515
1.867685
1.356072
1.517052
0.396042
0.290394
0.167228
1.867611
1.533316
0.668206
1.871961
0.430714
0.134323
0.055456
0.062816
0.708130
1.588667
0.420711
0.113986
0.596504
0.564097
0.098367
1.708819
0.649930
0.258802
1.490242
1.466812
1.134146
1.384474
1.835456
1.709115
1.134132
1.438631
1.290661
1.439427
0.776809
1.456546
1.133056
