0.763940
0.724313
1.530227
0.164520
0.467460
1.715860
0.230771
1.570830
1.037241
0.626168
0.294020
1.711457
1.360829
0.101792
0.953903
0.967438
1.819475
0.271454
1.078859
1.589079
1.588653
1.135198
1.871190
0.849210
0.647058
1.351489
0.190968
1.466407
1.502558
1.312244
0.952716
1.201478
1.078083
0.624857
1.079107
0.976268
1.706820
1.586426
0.270899
0.755556
1.588195
0.508953
1.013549
1.441940
0.954576
0.463479
0.129264
1.189646
0.233846
1.500202
0.674899
1.708279
1.363222
1.126223
0.820921
0.644230
0.088095
0.178531
1.194471
0.913025
1.726223
0.352301
0.426387
0.466710
1.494833
0.113002
0.233862
0.556159
1.251357
0.134630
0.208638
1.700759
1.578113
0.070583
0.083876
0.475890
1.046764
1.254417
0.442235
1.585545
0.665393
1.075364
0.588951
1.708922
0.175251
1.032593
1.202767
1.748305
1.301261
0.072716
1.269221
0.402398
1.126416
1.771674
0.181514
0.071360
1.542079
0.956524
0.204189
0.390483
1.127326
0.711579
1.285729
0.310132
1.814435
0.597474
1.746246
1.776493
1.453004
1.348804
1.247186
0.476858
0.119220
1.610494
0.628297
1.083354
1.336147
1.361457
0.238577
1.724370
0.588153
1.358524
1.625929
0.709416
1.046286
1.079046
0.082022
0.702888
0.294939
0.122302
1.578349
1.192605
0.715222
1.434965
1.586252
1.291864
1.361490
0.538201
0.723124
1.183731
0.828496
0.429674
0.090555
1.092576
1.183248
0.890836
1.349179
0.190513
1.707799
0.319193
1.353323
0.488046
0.948545
1.765462
0.352661
0.956545
0.630116
1.694211
0.321041
0.068830
1.576825
0.260988
1.723387
1.555359
1.592111
0.073677
1.705324
1.781549
1.452870
0.492573
0.669035
1.079174
1.478570
0.553058
0.111763
0.907468
0.147118
1.759193
1.371955
1.586155
1.705581
1.622460
1.453002
1.293798
1.711293
0.832551
0.523225
1.357640
1.359155
0.696430
1.507126
0.699948
1.057993
1.189234
1.816128
1.708190
1.194696
1.588518
0.076974
1.711814
0.083508
1.795958
0.427571
1.281636
0.231499
0.197401
1.076617
1.188119
1.293278
0.556216
0.483491
1.738224
1.761909
0.429164
1.161788
0.986688
0.314783
0.133467
0.607129
0.703939
1.580538
0.813493
1.456781
0.723017
1.376369
0.334618
0.196135
1.507885
1.662296
1.607005
0.200676
1.591489
0.510291
0.496701
1.080070
0.422065
1.052840
0.188499
0.625966
0.218554
1.502573
1.584420
1.075617
1.668497
1.126269
1.127347
0.151049
0.722334
0.758215
0.290981
1.783344
0.315598
1.353908
0.810467
0.381737
0.633399
1.008788
1.487489
0.466249
1.305045
0.082641
0.628852
1.253941
1.254869
1.126187
0.688923
1.357731
1.020110
1.676305
1.585055
1.658641
1.184616
0.781267
1.607435
0.090377
0.840915
0.445122
1.189587
0.325119
1.212913
0.292073
0.259706
0.545449
1.762172
1.461045
1.585047
0.128986
0.951718
0.723715
0.957294
1.573041
1.485565
0.454705
0.185929
0.593669
0.859396
0.894927
0.727285
1.583121
0.572528
1.479538
1.127123
1.606418
1.570183
0.068529
0.628468
0.854124
0.214903
1.469426
0.911998
1.154072
1.304188
0.178593
1.499008
1.583555
1.669763
0.306276
0.861821
0.963688
0.564888
0.069491
1.593265
0.105558
0.114898
0.804282
0.396946
1.587292
0.476710
1.578471
0.174124
1.709364
1.602358
0.218170
1.187488
0.954603
1.748248
0.629259
1.708424
0.611500
1.190739
0.629272
0.531055
1.586195
1.624209
0.615994
0.255288
1.127209
1.621545
0.337884
0.906148
0.627295
1.019918
0.067890
0.486572
0.766224
1.181959
1.585115
1.762812
0.905931
0.688838
0.396730
0.871077
0.067267
1.079363
0.084894
1.730307
0.981226
0.187330
0.103264
0.229411
1.707176
0.903066
0.216293
0.162249
1.716769
0.626698
0.723905
1.577069
1.578437
0.068812
1.071398
0.629346
1.780808
1.262769
0.077985
1.588612
1.794946
1.453722
0.278831
0.955820
0.489716
0.378680
0.281220
1.329379
1.500255
1.582893
0.430027
1.344156
0.500699
1.397448
0.535061
1.306385
1.188499
1.126246
1.293358
1.078759
1.583966
0.863825
1.372272
0.694968
0.164814
1.824336
1.814248
0.389515
0.274187
0.952501
1.638009
0.128500
0.078797
1.614391
1.588490
1.495158
1.082550
1.018366
1.184476
0.527830
1.812358
0.552900
1.362151
0.415846
1.188044
1.192522
0.852800
1.188064
0.388232
1.568733
0.119094
0.874892
0.846326
0.734367
1.317694
1.582612
0.092641
1.253660
1.587305
0.327364
0.115871
0.772183
0.516824
0.729489
1.815918
1.804981
0.495596
1.593471
1.452247
0.089378
0.098680
1.585244
1.358081
1.582343
1.252814
1.811841
0.083064
0.161595
0.146073
0.625401
1.018662
1.116452
1.440591
1.618025
1.091875
0.096933
0.164117
0.902665
0.628851
1.578263
1.593188
0.309098
1.217297
1.493724
1.667282
0.594612
0.446536
0.087474
0.633619
0.923488
0.433755
1.128672
1.588172
1.588179
1.714998
1.080043
0.943526
1.405046
0.941921
0.311666
0.778356
0.721592
1.127252
0.272380
1.808914
1.015334
0.774297
1.681915
0.629295
1.584834
0.663916
0.485252
1.583169
0.922403
0.627862
1.315616
1.783735
1.609758
1.733496
0.977020
1.816182
1.076999
0.290441
0.611378
0.890626
0.954741
1.251396
0.906352
1.806698
1.780112
0.243878
1.589601
1.377837
1.708014
0.450321
1.818966
0.222446
1.287253
0.440763
0.089206
0.628762
1.598176
0.273393
1.287948
1.181964
1.254768
0.955328
0.850280
0.930578
1.707442
1.187865
0.284339
0.906302
0.110013
1.585297
1.115958
0.929808
1.191586
1.291627
1.127473
0.478849
0.626957
0.828294
0.884248
0.696769
0.947817
0.317215
0.068482
1.453762
1.186906
1.586800
0.791953
1.815678
1.032430
1.386343
0.067385
0.207968
1.458041
1.255123
1.290179
1.707640
1.556167
1.608428
1.483308
1.590055
1.576972
1.127235
0.418369
1.813380
1.647073
0.602386
1.815003
0.072338
1.817440
1.674730
0.317544
1.817647
0.817539
1.187172
1.902360
0.630160
0.278087
1.255937
0.497325
1.783570
0.115076
0.387955
1.115989
0.219822
0.107350
0.272350
1.022514
1.707480
0.954349
0.069651
0.412599
1.126825
1.669364
0.069076
0.540041
0.953905
0.598867
0.067826
0.227572
1.710212
1.588517
0.217961
0.927641
1.408411
0.307183
1.584597
1.346791
1.075043
0.628690
0.428995
0.449076
1.078565
1.489090
0.965273
0.077958
0.109730
1.254232
1.345886
1.696585
0.369291
1.708437
0.975920
0.754315
1.370606
0.101922
0.954802
0.435915
0.457579
0.178894
0.395394
1.277586
1.839863
0.231028
1.501265
0.618889
0.957208
0.208151
1.748220
0.629077
1.708265
0.702798
1.721913
1.453217
1.171785
1.345018
1.745833
0.177633
0.324191
0.078103
0.113194
0.394498
0.609627
0.838989
1.649882
0.085683
1.252828
0.444204
0.068685
1.768436
0.631454
1.773509
0.496178
1.189100
0.067908
1.580776
0.072983
1.886407
0.726727
1.813375
1.574700
1.667573
1.571128
1.079832
1.494407
1.188456
1.781491
0.801898
1.708266
1.355736
0.831240
1.456470
0.166258
0.281679
1.131382
1.585954
0.077240
1.279433
1.582505
0.510964
1.744023
0.961639
1.706546
0.197917
1.279046
1.305325
0.434563
0.716563
1.000011
1.805278
0.125659
1.637357
1.079524
1.585970
1.552655
0.954899
1.580777
1.356654
0.181350
1.818603
1.363587
1.701926
1.390263
0.160262
1.788885
1.072168
1.456205
1.815372
0.436126
1.284159
0.953014
1.504444
0.172865
1.586877
1.188659
1.486961
0.190049
1.712314
0.407861
1.357530
1.077430
0.472272
0.627818
0.853394
1.515511
1.187290
0.957319
1.585797
0.508342
0.355176
0.365373
0.532686
1.355395
0.487126
0.366789
1.465888
1.585280
1.349353
0.291914
0.291027
1.350725
0.497823
0.906298
1.709018
0.098268
0.347976
1.813087
0.495743
1.254078
1.810067
1.903275
0.254813
1.748477
1.153377
0.078085
0.960251
0.423177
1.453912
1.324967
0.151264
0.837955
0.190251
0.326331
1.372251
0.134862
1.324061
1.079657
1.783358
0.951548
0.145340
0.323560
0.499379
0.682360
0.923142
0.065584
0.105625
1.536893
0.181383
0.248207
1.584808
1.586515
0.482958
0.293667
0.480428
1.196143
1.502819
0.765021
0.341264
1.460732
0.280706
1.452446
1.582003
1.022021
0.922583
0.479428
0.102262
0.246714
0.889305
1.453719
0.088564
1.585751
1.588420
1.119354
1.356495
0.659170
1.078374
0.801226
0.287571
1.710894
1.586107
0.094985
1.505595
1.353099
0.300466
0.812358
1.080399
0.648255
1.080368
0.623865
0.679040
0.307380
0.629587
1.126985
0.257051
1.586962
1.710162
1.867391
0.730090
0.362237
0.920140
1.778675
0.453392
1.482913
1.596881
1.344859
1.289605
1.770832
0.943331
0.303616
0.280592
1.372775
0.840907
1.254486
0.488967
1.356566
1.499809
1.286496
0.399287
1.580998
1.450903
0.255464
0.552726
1.604204
1.386920
0.310718
0.585059
1.585639
0.470120
1.125926
0.467624
1.285347
0.541822
0.128349
0.798219
0.868054
0.400361
1.126869
0.074534
0.218244
0.949980
0.387656
0.070035
1.815412
0.390061
1.125407
1.409038
1.614441
1.755106
1.318855
1.127319
1.359232
0.632285
0.570900
0.291743
0.194847
1.238721
1.189043
1.571976
0.250253
0.543270
0.638956
1.707016
0.783771
1.801361
0.731793
0.225674
0.736197
1.346106
1.195255
1.329473
0.914950
1.662412
1.791257
1.582295
1.585691
0.954607
1.813910
0.617172
1.532987
0.292724
1.717261
1.187311
1.814072
0.770757
1.498522
1.354697
0.326425
1.705645
0.379268
0.320838
0.796813
0.431344
1.126720
1.378155
1.623449
0.606590
0.078366
0.954915
0.746243
0.338469
0.070137
1.752539
0.611524
0.105732
1.291452
0.990412
1.456614
0.354031
1.183964
1.452627
0.722498
0.560466
0.955432
1.188055
0.955965
1.543236
1.807260
1.750946
1.302353
0.434958
0.799453
0.340708
0.189176
0.085809
0.960293
1.593190
1.080189
1.082403
0.307140
0.782132
0.452907
0.246952
1.461053
1.711148
0.442075
0.954208
1.755685
0.542482
1.184361
1.785191
1.453134
0.456545
1.355901
1.132524
1.080774
1.705184
0.303525
0.630085
0.329441
0.575238
0.410093
0.806185
1.257671
0.137168
0.514603
0.350531
0.962055
0.154725
1.141012
1.126179
0.715404
0.721128
1.586695
1.673771
1.187788
0.951497
0.509118
1.688817
1.079096
0.413351
0.769819
1.706826
0.825798
0.468503
1.607912
0.544519
0.659519
1.373853
0.130545
0.733001
1.079147
1.586610
0.481127
0.072456
0.412486
0.068732
0.511867
0.638354
0.089773
0.180282
0.546884
1.585299
1.427102
0.489561
0.920290
0.750219
1.127244
1.707118
1.453527
0.891351
0.628655
1.708577
1.453957
0.234020
1.708191
0.965446
1.078378
0.539993
0.130625
0.291888
0.389181
0.068042
1.622291
1.573905
0.325457
0.890831
1.453197
0.286808
1.586381
1.079346
1.277922
0.908271
0.956211
0.413086
0.906773
0.081660
0.629369
0.430004
0.356364
0.069273
0.243466
0.721710
0.627400
0.436399
1.813089
0.855195
1.585870
1.367733
1.598965
0.415406
1.644299
0.560629
0.136539
0.350469
1.710625
1.504952
1.187206
0.877059
0.951046
0.563135
0.919058
1.038837
1.074929
1.799763
0.673695
0.258854
1.189850
1.586001
0.744041
0.077611
1.079234
0.756934
1.585682
1.707980
1.562768
0.147459
1.365117
0.772356
1.076546
1.778077
0.108964
1.808482
0.147571
0.778035
1.585568
0.303877
0.886481
0.587052
0.340742
0.499625
1.080369
0.611562
0.507337
1.291526
0.244281
1.495696
1.452790
1.253990
0.315722
0.943903
1.611156
1.788256
1.287665
0.910525
1.295265
0.516537
1.807922
1.699898
0.202825
0.237788
1.620359
1.079155
0.905715
0.496864
0.450331
1.480426
0.628219
0.100113
0.478603
1.187429
1.733464
0.194168
0.812062
0.632266
0.124109
0.421782
0.194494
0.158043
1.589975
0.949382
0.100307
1.392546
0.904591
1.568676
1.599482
1.271241
0.494555
1.353552
0.914737
0.765629
0.956200
0.487755
0.759106
0.726148
1.081468
1.371819
1.228260
0.943504
0.091694
0.808816
0.939696
0.551894
0.957768
0.310174
1.058301
1.510848
1.599268
1.484860
1.531262
0.751056
1.708634
1.722346
0.289313
0.141325
0.289172
1.707240
1.355727
1.080158
0.954394
1.580516
1.606367
0.093083
1.496373
0.505764
0.955201
0.125204
1.784311
1.358789
1.184882
0.460095
1.351196
1.412517
1.127634
1.292004
1.500816
1.081196
1.584914
0.628456
0.250330
0.208784
1.455217
1.365990
1.710522
0.340747
1.597926
1.320265
1.708759
1.203580
1.586329
1.543106
1.200724
1.114863
0.079379
0.239031
0.137234
1.547155
1.814502
1.724861
1.708311
0.069521
1.231648
0.492249
0.795913
1.288953
0.586032
0.632984
1.127620
1.531768
0.177913
0.610960
0.557050
1.604118
1.589552
1.085976
0.954279
0.847568
1.451424
1.578445
0.507179
1.576295
1.254415
1.816662
0.331162
0.100289
1.584358
1.077626
0.147408
0.083126
0.947491
0.531138
0.711764
0.069617
0.952183
1.127407
1.585704
1.190358
1.236692
0.952133
0.162118
0.736825
0.226240
1.078404
1.151278
0.744143
0.865329
1.810396
1.502791
0.355922
1.584924
0.719772
0.072911
0.600522
0.351335
1.575249
1.773155
0.174168
0.337299
0.676211
0.185141
1.065524
0.716290
1.439407
1.699706
0.546793
1.349559
1.707768
1.586092
0.713496
1.185162
0.483024
0.291396
0.232630
0.187838
0.902722
0.635304
0.949778
1.587279
1.607515
1.570509
0.196316
0.726035
0.643767
0.414371
0.430742
0.627363
0.092775
1.774197
0.632682
1.350225
0.628982
1.254001
0.732666
1.585978
1.405574
0.128522
1.532039
1.802957
1.302896
0.751311
0.952527
0.830695
1.584606
0.726687
0.339157
0.549229
1.815889
1.706509
0.954683
1.630894
1.356178
0.631794
1.078320
1.653000
1.018525
0.525533
0.880351
0.067119
0.624723
0.260365
1.777492
1.587866
0.185374
1.077791
1.816392
0.457704
0.288406
0.181998
1.188560
0.700312
0.326031
1.246307
1.705912
0.630570
0.996197
1.260726
0.259646
0.080639
0.487305
0.459515
0.204406
0.345758
0.749480
1.588142
1.145071
1.825570
0.455841
0.628241
1.254552
0.363264
0.629215
0.140997
1.577448
0.187898
0.153470
0.804410
0.361383
1.347231
1.581225
1.452777
0.957829
1.014953
1.578532
0.423969
0.532455
1.281014
1.816578
0.526286
0.707102
0.346071
1.136081
1.622825
0.911273
0.416796
0.069806
0.226647
1.709276
1.813790
1.614870
0.301397
1.206705
0.954807
1.132382
1.586524
0.737356
1.708881
0.303895
1.580882
1.093306
1.351923
1.827326
0.714673
0.818664
1.105819
1.495475
1.590550
1.352892
1.257208
0.815778
0.438952
1.710317
0.176384
0.957689
0.398304
1.677907
1.042351
0.146766
0.421383
0.491926
0.729460
1.633230
1.430504
1.588980
1.254656
0.627983
0.627210
1.809037
1.592926
0.955032
0.077079
1.592002
0.955113
0.569095
0.207581
0.661049
1.356806
1.708464
0.919763
0.354741
0.961263
1.186450
1.709339
0.631279
1.669907
1.582763
1.270743
0.446786
0.427844
1.587426
1.603722
1.360763
0.337464
1.586460
1.344229
1.185693
0.340340
1.593478
1.291479
0.889986
0.244251
0.085850
0.782333
0.917243
0.959718
1.584917
0.740126
1.588620
1.211618
0.121050
1.235886
1.757204
0.433677
0.290879
0.628518
1.282940
0.073616
1.419028
0.947384
0.988309
1.093647
0.739413
1.579409
1.411453
1.068902
0.631706
0.184459
1.825485
1.339138
0.446610
1.254283
1.452358
0.126011
0.952715
0.495157
0.472326
0.857362
1.181653
1.133273
0.072177
1.591792
0.627888
1.816062
0.773606
1.356374
1.247645
1.183747
1.458719
0.959378
0.303165
1.558310
1.357820
1.131064
0.505242
0.339983
1.045232
0.092973
0.909127
1.067071
1.582859
1.334055
1.584450
0.737976
1.282237
0.179540
1.076397
0.921775
0.255571
0.095573
1.025139
0.883760
1.187895
0.378159
0.688682
0.223713
1.806606
0.678266
0.466654
0.343086
0.659435
0.113866
0.806699
0.340381
1.205112
0.333146
0.270298
1.188779
0.737730
0.163924
1.473457
1.184350
0.634396
0.183891
1.004505
0.333839
0.856874
0.217068
1.585751
1.259611
0.131620
0.250908
0.195749
0.067624
0.335692
0.433865
1.254497
1.607146
0.255177
1.774823
0.294646
0.287314
0.784272
0.075121
1.085019
0.955902
0.966133
0.324934
0.522456
1.508182
0.346063
0.335643
0.238468
1.816265
1.357820
0.954755
0.457235
0.954161
1.126731
1.328937
1.708057
1.083779
0.129474
0.536921
1.585950
1.252183
1.585886
1.514924
1.445350
0.108829
0.392764
1.628243
1.581216
1.582955
1.237511
1.360528
0.734983
0.693691
0.862501
1.187683
0.262127
1.467460
1.291018
0.722475
1.452576
0.787419
0.273205
1.178952
0.814293
0.091228
1.708205
1.130994
1.139619
1.694927
1.735458
0.595936
1.489426
1.192123
0.170893
0.131846
0.618091
0.956814
0.412153
1.452335
1.812382
0.777400
1.489459
0.205742
1.101654
0.734951
1.738519
1.598389
1.709618
1.256741
1.181263
0.954746
1.078691
1.174295
0.956324
0.872033
1.358612
1.643968
1.389559
1.560747
0.532024
0.971320
0.255765
1.563125
0.954489
1.753960
1.589667
1.585134
0.381743
0.511349
1.754427
0.891505
0.946048
1.579874
1.812472
1.711083
0.224313
0.420593
0.308793
1.810459
1.291307
0.897169
1.874643
1.794667
1.582046
1.175956
0.143581
1.585165
0.935936
0.955346
1.708170
1.709265
0.212176
0.108669
1.708122
1.584127
1.587103
1.192644
0.119355
1.452574
1.494471
0.585842
0.941228
1.585093
1.437171
1.257926
0.143405
0.073612
0.069469
1.346782
0.804261
0.955307
1.085459
1.582971
1.204597
0.122730
0.804128
1.590536
0.420186
1.254825
0.146392
1.358936
1.126194
0.719334
1.588242
0.082801
1.587655
0.197553
0.630924
1.307418
0.645320
0.156941
1.473120
1.457844
0.521892
1.265977
1.566302
0.157576
1.708190
1.587531
0.527145
1.187126
0.148679
1.252857
0.528792
0.339241
0.955222
1.023320
1.076025
1.585134
0.493434
0.631532
1.359939
1.294611
1.314375
1.585064
0.765612
0.991024
0.648367
0.226009
0.954724
0.957840
1.293337
0.066869
0.463829
1.478083
0.561268
0.171325
1.451502
1.710044
1.814661
1.347026
0.412652
1.290646
1.285197
1.589620
1.582914
1.188299
0.953791
0.580739
0.319233
0.227931
0.986467
0.376522
0.932587
1.706756
0.941278
1.628877
0.870537
0.289682
0.480394
0.373605
1.472016
1.592474
1.175925
1.582882
1.353710
0.726502
0.687047
0.090644
1.159466
0.843899
1.579791
1.080783
1.452493
0.954130
1.079037
0.069292
1.451648
1.817306
0.094137
1.704302
0.314339
0.700605
0.280580
0.379424
1.281110
0.561054
0.740472
1.189406
1.583303
0.263962
1.660442
1.847466
1.362380
0.602777
0.407954
0.286658
1.252567
0.080913
1.143141
0.070441
1.503833
1.356761
1.519557
0.670016
0.484637
0.067280
1.753551
1.435198
1.709182
0.631037
1.596883
1.080590
0.296762
0.890692
1.552772
0.634109
1.560735
1.563816
0.342124
0.160474
0.198436
0.258791
0.165846
0.614474
0.559583
0.486240
0.207040
1.586539
0.086787
0.953326
1.583122
1.188776
1.125295
1.588548
1.349480
1.098806
1.260523
0.580364
0.819387
1.714310
0.474877
1.072396
0.078324
1.583866
1.584773
1.079525
1.251841
0.958663
1.816191
1.873815
1.287661
0.800883
1.587110
1.074204
0.333557
0.630134
1.451161
1.805991
1.552660
1.472149
1.190193
0.544663
0.271046
1.188190
0.081697
1.359015
1.354487
0.522866
0.068343
0.942858
0.987682
0.508500
0.752090
0.945396
0.349703
0.377390
0.725033
1.585117
1.078654
0.404873
0.721702
1.799828
0.105005
1.674141
1.254379
1.053940
0.307117
0.314370
1.079296
1.287731
1.186542
0.805070
1.188967
1.844807
0.808511
1.649023
1.467983
1.587149
0.146774
1.766267
0.899471
1.708536
1.358496
0.925800
0.608708
1.682773
0.895190
1.733113
0.371830
0.323690
1.724735
0.201883
1.252828
0.444577
1.263830
0.155689
1.683545
1.187355
1.452160
1.453385
1.582259
1.561238
0.095577
1.588675
0.234954
0.637800
1.079025
0.437961
1.819600
0.386770
1.809574
1.188137
0.608915
1.576094
0.534537
0.738973
0.510111
1.633360
1.350935
1.011439
1.383034
1.078964
0.483585
0.259190
1.604646
1.575965
0.225352
0.177742
0.147291
1.772004
0.488248
1.503146
0.707358
0.175955
0.431738
1.844111
0.069996
1.191112
1.167181
0.954798
0.692348
1.196328
1.585452
0.812555
0.509659
1.359137
0.711439
0.165388
0.501455
0.604450
0.530571
0.722966
0.566171
0.742870
0.445422
0.864963
0.734221
1.084228
0.268275
1.618438
0.873898
0.915174
0.272006
1.813815
1.781766
1.288003
0.444903
0.360405
0.577119
1.808699
0.257130
0.236951
1.713496
1.292735
1.188879
0.685428
0.971705
0.389162
0.148415
0.245567
1.316533
0.808947
0.878094
0.290921
1.343601
1.712997
1.748421
1.708804
0.098485
1.074888
0.131837
0.594460
1.587048
1.733112
0.501698
0.546498
1.578405
0.484383
0.630584
1.570227
1.585145
1.363526
1.335219
1.189302
0.628469
0.735280
1.077272
1.126769
1.588151
1.600744
1.743232
0.800620
0.113946
0.558408
1.573915
0.980224
0.954884
1.708913
0.797462
0.867278
1.194015
1.713762
1.585684
0.904974
0.346062
1.075482
1.542287
0.427561
0.358039
1.254864
1.353797
0.074204
1.067250
0.353435
0.600361
0.785329
1.813852
0.950193
0.261400
0.802927
0.470353
1.694765
1.191581
1.710362
0.783830
1.018451
0.298775
0.883270
0.954633
0.954378
1.710704
1.588357
0.936276
1.583830
1.027411
1.170921
0.855655
0.249939
1.292548
1.586025
0.838787
0.726122
1.357441
0.718349
1.181164
1.547595
1.077673
1.293007
1.361487
0.497588
0.234584
1.245486
1.076389
0.410414
1.729162
0.738678
1.677654
1.082711
0.601059
0.103657
1.586415
1.507599
1.292404
1.455460
1.077517
1.405173
1.610591
0.121093
0.135124
0.933350
1.721815
0.799549
0.072786
1.416058
0.461847
1.457294
1.642375
1.255166
0.719194
1.083767
1.707041
0.816147
1.080037
0.068620
0.964682
0.359658
1.127102
1.028651
1.344821
0.449769
1.573361
1.562883
1.780106
0.896858
0.067472
0.200723
1.810696
1.722676
0.397663
0.071985
0.822966
0.513020
0.305265
0.116602
1.582393
0.917889
1.346930
0.309732
1.356531
0.148864
1.708792
0.707136
1.109442
0.274563
0.296396
1.127030
1.585232
0.506348
1.753177
1.073454
1.643816
0.851879
0.838275
0.133742
0.274282
0.237579
1.252856
1.609707
0.295037
1.819229
1.709003
1.584088
1.783728
0.253400
1.537647
1.583331
0.630925
0.200383
1.799051
1.187853
1.289599
1.571693
0.356473
0.742489
1.815938
1.708126
1.754186
0.732001
0.450948
0.193927
1.586373
0.786365
0.762829
1.815541
0.886526
1.126528
0.461928
0.627920
0.899982
0.814647
1.358216
0.172731
0.830144
0.589139
1.352322
1.336383
1.452445
1.355404
0.844886
1.604662
1.814961
0.329510
0.426512
1.176941
1.352188
0.235523
0.657321
0.356291
0.480913
0.500273
1.079273
1.188843
1.730525
0.840399
1.839082
0.632488
1.126973
1.712006
1.590397
0.176079
1.577182
1.384032
0.075247
1.739816
1.198158
0.355086
0.405483
1.051255
0.394634
0.332721
1.355756
0.920500
0.501178
0.075659
0.327855
0.075930
0.243543
0.501929
0.256119
1.686386
1.377934
1.871975
0.554897
0.618634
1.586491
0.730811
1.582872
1.598166
0.806697
1.449949
0.337188
0.129556
1.572834
1.012068
1.704771
0.792845
1.351350
1.190540
1.811605
0.500116
0.615136
1.584304
0.955596
0.283346
0.346162
1.575349
1.578174
1.584395
1.582515
0.627978
1.800531
0.954906
1.477643
1.707938
0.782020
1.187851
1.583048
1.126246
0.579019
0.292970
0.172135
0.069706
1.077572
0.595119
1.707857
0.234470
0.214139
0.466244
0.868016
1.079939
1.500401
0.954973
0.391319
0.623052
1.810047
1.625387
1.748338
0.635336
1.648126
1.279134
0.603744
0.493876
0.267613
0.757032
0.750620
0.298701
0.942548
0.110165
0.091823
0.267459
0.724930
1.293913
1.544413
1.126389
0.942883
1.806707
0.994816
0.401510
1.708267
1.774582
0.141798
1.187885
0.948267
1.711481
0.422025
0.937514
0.954745
0.426975
0.069949
0.435597
0.605303
0.836480
0.950794
0.142981
1.123049
0.088894
0.686018
0.068601
1.038290
1.290524
0.811644
0.197296
0.084801
0.073592
0.114841
0.955458
0.717620
1.565882
1.422393
1.475631
1.519415
1.453327
1.171516
1.079569
0.256888
1.189024
1.013898
0.725403
1.082231
0.342979
1.302684
1.332662
0.466546
0.635962
0.514682
1.620029
0.072239
1.814553
1.356019
0.955399
1.497793
1.081630
0.887609
0.458715
0.939832
1.188947
1.132658
1.590789
0.914221
1.586829
0.662412
0.970567
1.079423
1.506139
0.696786
0.229060
1.814392
0.321745
0.127083
0.301693
1.609645
0.761577
1.651308
1.502569
0.937253
1.749820
0.956732
1.356281
1.067279
0.085823
0.581659
0.628223
1.081134
0.198302
1.174145
0.698245
0.096857
1.698906
0.074802
0.628678
0.324827
0.534362
1.583987
0.850642
1.187700
0.954845
1.082277
0.565798
0.857191
1.237814
0.336720
0.711879
1.287330
0.068691
0.883410
0.319581
0.104307
0.936816
0.483752
1.501525
1.356515
1.557289
0.954810
0.097042
0.123215
0.610873
1.362959
0.380806
1.004029
1.361537
1.475524
1.707690
0.751258
0.973565
1.589223
1.489589
0.160036
1.237600
0.479477
0.631330
0.475449
1.499137
1.584825
0.733635
1.574847
0.072854
0.191988
0.148199
0.319945
1.442961
0.611444
1.708249
0.481983
1.210595
0.412101
1.078242
0.588585
0.943066
0.826607
0.945473
0.123254
1.586437
0.491457
0.204316
1.279217
0.194012
0.150672
1.581891
0.477640
0.305248
0.216497
0.837032
1.767975
1.127223
0.250304
1.293929
0.228193
0.116879
0.959759
1.590575
0.273613
0.631105
1.530352
1.668691
1.579981
0.337087
0.667131
1.586831
0.223516
1.580392
1.816783
0.887734
0.922434
1.295876
1.709751
0.882636
0.067661
0.218730
1.814165
0.486689
0.400750
1.348976
0.305420
1.801364
0.279798
1.422845
0.954412
0.717822
0.109116
0.092783
0.799790
1.187094
0.840670
0.904336
1.080238
1.591720
1.349508
0.157032
1.708800
1.669759
1.557466
1.708386
0.732628
1.747886
1.455695
1.381583
0.399054
1.601285
1.335881
1.587669
1.254674
0.727373
0.301973
1.188725
0.728760
1.355777
0.220852
1.591384
0.724650
1.677002
1.368427
1.077007
1.354799
0.985257
1.442042
1.675390
1.188653
0.211291
0.974520
1.079041
0.112498
1.782996
0.788809
1.622437
0.110398
1.253086
0.089727
0.133763
0.243557
1.815356
1.705256
1.686514
1.675803
0.070784
0.690248
1.145503
1.187099
1.194485
0.506750
1.821713
1.563627
0.379983
1.079533
1.706483
0.569012
0.386711
0.075361
1.185075
1.564548
1.079741
1.806499
0.238667
0.712811
1.182569
1.210831
1.275069
0.336936
0.629008
1.085109
0.069290
0.756888
0.160166
0.503064
0.952484
1.276486
1.190236
0.843668
1.573409
1.584656
1.587041
0.146880
1.587934
0.335338
0.473526
1.355567
0.535413
0.413478
0.088465
0.943290
1.707806
0.238520
0.530272
1.739162
0.104238
0.413275
0.826731
1.350652
0.408942
1.818006
1.236671
0.307326
0.808748
0.066143
0.654561
1.019237
1.385027
0.641366
0.100468
1.588902
0.069305
0.234249
0.501965
1.366335
0.461903
1.583801
0.765748
1.079092
0.076528
0.082888
1.593423
1.335926
1.188605
1.813973
1.585246
0.076071
1.710897
0.638899
1.253744
1.082175
0.738907
1.717204
0.836054
0.632371
1.493676
0.218942
1.449612
0.897266
1.324948
1.603335
1.186888
1.659740
1.816690
1.008076
0.616566
0.945471
0.267685
1.762407
1.837696
1.252294
1.708300
1.584971
0.965912
1.709246
1.582376
0.468153
0.687999
0.952119
1.421973
1.799948
0.107351
0.192705
0.961719
0.437263
1.587739
1.819150
1.564116
1.446852
0.519755
1.783463
1.587695
0.321937
1.590676
1.363699
1.284066
1.349592
0.314035
0.067858
1.503382
1.782547
1.190059
0.435860
0.426661
0.320935
0.523921
1.472203
1.815098
1.410681
0.414865
1.577504
0.626222
1.454411
0.429007
0.453085
0.843476
0.300385
0.534348
0.130891
0.156165
1.587144
0.473528
0.156822
0.717058
0.202344
0.817505
0.318225
0.192724
0.893192
0.896776
1.360101
1.212827
1.074611
0.883573
0.856057
1.589279
0.694050
1.756158
1.343079
0.282013
1.807295
0.847114
1.187008
1.631516
0.416817
1.187926
0.107669
0.792679
0.382004
1.652591
1.435669
0.950273
0.536421
0.676816
1.810526
0.733268
0.118300
1.190148
0.603764
1.775948
1.585431
0.080075
1.109352
0.955838
0.177984
1.345569
0.121052
1.254192
1.584680
1.663762
1.717131
1.473276
1.585010
1.595129
1.504567
0.183374
0.502482
1.708633
1.506073
0.216724
0.966943
1.022418
0.282365
1.580747
0.099379
1.179883
0.295130
1.651993
1.150430
1.290607
0.349047
1.222935
1.585338
1.185812
0.724673
0.109552
1.682618
1.504984
0.160341
0.351690
0.706174
1.231525
0.753575
0.833580
0.233943
1.719475
0.989057
0.799823
0.646400
0.347996
0.167411
1.781361
1.188237
1.254630
1.789027
1.355053
0.630998
1.462367
0.072852
1.685965
0.612044
0.798942
0.167866
1.714724
0.683966
0.688778
1.576048
1.703790
1.763644
0.071198
1.609241
0.955074
1.699696
0.306834
0.153746
1.883200
0.958536
0.411095
0.775280
1.707409
1.699009
0.743959
0.953772
1.023696
0.128052
0.758826
1.289254
0.623707
0.418406
1.678144
1.321859
1.458853
1.591148
0.747584
0.467678
1.352929
0.791456
0.068860
0.509739
1.635911
0.358250
0.628945
0.080324
0.713821
1.816802
1.714329
1.220168
1.012573
0.176682
0.308868
0.767247
0.265606
0.568949
1.704402
0.921415
1.708808
0.713181
0.965245
0.375881
1.316438
0.954830
0.776045
0.074293
1.079462
0.068054
0.549428
0.074293
1.452748
0.308003
0.400646
1.602928
1.837101
0.642268
1.833215
0.080270
1.188166
0.940647
1.674753
0.069987
1.455251
1.496203
1.528690
0.202409
1.707610
1.496006
0.396748
0.474226
1.576716
0.897920
0.087355
0.952007
0.655762
1.375871
1.637298
1.244081
1.594170
0.290573
0.516544
0.959430
0.954857
1.246091
0.118647
0.302232
0.195586
0.072064
0.498363
1.638431
0.316535
1.771083
1.653488
0.079013
0.449349
1.586503
1.354061
0.951765
0.143715
1.188131
1.708414
0.229563
0.446201
1.583954
0.596519
1.021417
0.116203
1.153912
0.077716
1.146718
0.545907
0.158694
1.808823
1.423655
1.357922
1.708868
1.676123
1.127416
0.871433
0.220612
1.532514
0.554301
1.565039
1.076388
1.075113
0.523050
0.392646
1.349036
1.075695
0.110158
0.311981
1.452605
0.347336
0.115943
0.629728
1.390750
1.566003
1.287330
1.585156
1.415435
0.067869
1.084685
0.361349
1.068226
1.357566
0.068254
0.733582
1.817801
1.456310
0.246856
1.029230
0.721200
1.253055
1.551652
0.686001
1.638784
1.085211
0.817249
0.954697
0.954896
0.875911
0.107238
1.818571
1.887397
0.621608
1.709744
0.902910
0.262499
1.704622
1.204536
0.712287
0.436136
0.817512
0.094162
1.255002
0.568107
0.953972
1.597307
0.953863
0.628424
1.754994
1.716855
0.629577
0.093619
0.324846
0.232677
0.808932
1.158441
0.403893
0.955476
0.101051
0.916293
0.326074
1.602496
0.525300
0.138110
1.461148
0.469099
1.295201
0.095078
0.625855
0.241882
1.691072
0.864774
0.621094
0.093612
1.731235
0.954541
1.577085
1.186963
0.939154
0.173256
1.585427
0.424465
0.954669
0.860733
0.836783
1.220221
0.652948
0.158297
1.783102
0.291281
1.338866
0.388956
1.127179
0.550617
0.492807
1.630985
1.806063
1.768519
0.283804
1.575522
0.318899
0.789915
1.812698
1.777283
0.129366
1.254975
0.705374
0.929182
0.117315
0.261171
1.257831
0.287628
0.796722
1.654791
0.868013
1.356858
1.812053
0.339072
1.496466
0.713488
1.708111
1.781698
1.847871
1.261320
1.583945
0.141325
1.533214
0.256691
0.544378
0.122290
1.132765
1.246906
1.508391
0.846905
1.623748
1.584314
0.632862
0.442418
1.708251
1.193780
1.812443
0.351882
0.973598
1.584526
1.592747
1.189724
1.708516
1.185294
0.278456
0.197846
1.585082
1.188651
1.702004
1.496112
1.293616
0.355718
1.546316
0.421806
1.750928
1.286450
0.203179
1.458622
1.586666
0.518610
0.632035
1.340478
1.750134
1.498454
0.903100
0.265861
1.360842
0.247006
0.782817
0.480901
0.270637
0.261166
0.453784
1.126222
1.339983
1.077842
1.078858
1.592408
0.566471
1.585445
0.418929
1.078513
1.708700
1.079394
0.709279
0.224537
1.574505
1.188596
1.584038
0.952875
1.352178
0.168355
0.864922
1.737673
0.611015
0.713981
0.934426
1.361112
1.093081
0.207341
1.706070
0.098718
0.746952
0.629120
1.709006
1.138113
1.786066
0.558771
1.342657
1.187335
1.453762
0.924897
1.717466
1.359434
1.363092
1.127895
1.312300
0.617611
1.254710
1.452900
0.203446
1.030984
0.185230
1.813782
1.255732
0.757202
0.188125
1.086480
0.830210
1.474420
1.358974
1.305096
0.076593
1.186501
0.071047
0.424428
1.556314
0.937438
0.928647
1.496049
1.777292
1.589379
1.358190
1.023822
0.167038
0.282955
0.512849
0.524158
0.393742
1.452825
0.390945
0.164820
0.395685
1.624979
1.708334
0.122965
1.813375
0.719326
1.126312
1.582013
1.577524
1.767516
1.559227
1.352263
0.311582
0.892671
1.343488
0.073608
1.078543
0.549950
0.142096
1.079437
0.291691
0.881322
1.586469
0.960096
1.792941
0.628337
1.708457
1.712582
1.591756
0.137963
1.587046
0.680278
0.235848
0.722597
0.592596
1.188227
0.854079
0.953583
0.280816
1.789835
1.453385
0.954700
0.131859
0.837473
0.074316
1.504576
0.105021
0.349001
0.630430
1.529683
0.077982
1.588870
0.842540
1.130594
0.631801
0.709556
1.748218
1.073505
1.153827
1.139037
0.444979
0.383647
0.719748
1.599210
0.153927
0.857770
0.897538
1.498570
0.950165
1.452793
0.784906
0.068598
1.773942
1.811221
0.068632
0.321417
1.504993
0.606573
0.891593
0.942418
0.087607
1.293831
1.504075
0.395360
1.294879
0.099715
0.833932
0.557672
0.219786
0.217680
1.569865
1.585739
1.241021
0.954648
0.091421
0.804364
1.586739
0.090568
0.951766
1.546304
1.813526
0.858611
1.363180
1.639987
0.948301
0.635306
0.074495
0.214073
0.854457
1.251057
0.954861
0.372407
1.358300
1.713943
1.293495
0.696486
0.759990
0.905049
1.711668
0.336979
1.778213
0.806940
0.181272
0.073103
1.079905
1.708776
0.783855
0.087793
0.428214
1.584985
0.631435
1.626893
1.435365
0.076571
1.354968
0.948075
1.499404
0.155022
0.513573
0.932144
0.369816
0.143882
1.811746
0.868459
0.526039
0.954742
1.757850
0.141748
1.583110
0.575132
0.073954
1.627151
0.679336
1.909145
1.072575
0.184627
0.460961
0.323381
0.474029
0.201390
1.324864
1.708690
1.529118
1.590745
1.711426
0.924133
0.725185
1.126604
1.574110
0.301340
0.325475
1.079541
1.711569
0.575131
1.503984
0.314132
0.727910
0.579524
1.770027
1.577000
1.020344
0.696794
1.240175
0.093492
1.259816
0.928579
0.788455
0.317301
1.816693
0.184226
1.749162
0.886161
1.708831
1.814173
0.957404
1.379593
1.749632
1.359715
1.596527
1.583524
0.267982
1.253734
0.106039
1.733830
0.192791
0.394966
0.435734
1.586761
0.414407
1.572100
1.709557
1.162086
1.183564
1.228726
1.353931
0.378012
1.809582
1.734095
1.251665
1.574627
0.736353
0.186818
0.654712
1.209942
0.455749
1.711733
0.221488
1.801867
0.430054
0.513092
0.557985
1.254470
1.199925
1.450380
0.069557
0.915926
1.195983
0.779303
0.120164
0.851926
1.800361
0.342293
1.286765
1.674844
0.953432
0.406132
1.367749
1.013566
1.170056
0.209894
0.575482
0.236210
1.453560
0.969877
1.641529
0.629079
1.200544
0.503233
1.199343
0.188675
0.944274
0.528492
0.924080
0.557481
0.365428
0.773230
1.441166
0.905961
0.947970
0.338363
0.696361
0.498827
0.740921
1.579797
0.630330
1.080722
0.296619
0.134382
0.340392
1.181858
0.222900
0.291107
1.066816
0.903487
0.108252
0.807077
0.617952
1.186174
1.358738
0.119400
0.383350
1.594208
1.586568
0.944919
0.722522
1.816513
0.174832
0.731398
1.707850
0.200700
1.144417
0.210989
0.067024
0.954932
1.128478
0.733160
1.607690
1.188154
1.715024
1.581860
1.081012
0.612991
1.588491
0.105952
1.585709
0.372068
0.079553
1.338098
0.950760
0.074546
1.252628
1.615793
1.186065
1.580434
0.106711
1.394606
1.585689
0.708804
1.456433
1.587149
1.818996
1.336112
1.297597
1.812050
0.833072
1.509270
1.131195
0.337349
1.898831
1.514167
0.579242
1.707561
0.119553
1.592009
0.502322
0.371163
1.033180
0.728562
0.617987
1.584714
0.210796
1.186643
0.600016
0.287329
0.715340
0.567132
1.598364
1.587047
0.096165
0.702530
0.878133
1.709664
1.352556
0.507295
0.950703
1.909421
0.349440
1.357916
0.138046
0.600137
0.591088
1.236907
0.452018
0.339789
1.857571
1.878799
1.754774
0.655100
0.123379
1.657587
1.810374
0.132265
0.779752
0.381683
1.127258
0.943225
1.591653
1.018044
0.467411
0.840630
1.584423
1.735713
1.382639
0.948731
0.531947
1.485128
1.183588
1.078073
1.330874
0.874713
1.707110
1.764448
1.007442
0.538772
1.637352
1.585129
0.113114
1.353050
1.513889
1.590447
0.932614
0.902251
1.586026
1.453115
1.357258
0.650901
1.726244
1.585871
1.196353
1.346333
0.993814
0.954654
1.809036
0.712059
0.497008
0.626289
1.551394
0.326705
0.406249
1.176691
1.488647
1.576815
1.710174
1.585774
0.631936
0.748734
1.126349
1.765046
1.281897
1.453153
0.268436
1.502378
0.978873
1.583974
0.283802
1.721632
0.238248
0.075496
0.858356
1.710183
0.394019
0.272146
0.279953
0.952664
0.235415
0.456199
0.787096
0.834560
1.205761
1.214200
1.062594
0.314386
1.494732
1.357713
0.497546
1.293553
1.345528
0.520980
1.578699
1.771587
1.294495
0.083240
0.445755
0.556695
1.790692
0.115472
0.175837
0.502334
0.635005
1.194041
1.126557
0.223413
0.373906
1.585811
0.238892
0.825041
0.853270
1.260738
1.063914
0.733936
1.477718
0.630382
0.068240
1.188868
1.503221
1.188333
1.453283
1.213309
0.531212
1.227162
0.136490
0.535136
0.446361
0.576686
1.358507
0.954647
1.808006
1.452648
0.355238
0.088063
0.094836
1.579034
1.253554
1.187394
1.716392
1.190988
1.192126
0.387630
1.553106
1.277616
0.954172
1.275180
0.647626
1.335571
1.589068
1.222500
1.564010
1.593924
1.579360
1.524709
0.630040
0.419175
1.291317
1.634834
1.255464
1.077775
1.049921
0.178548
0.673376
1.451826
0.779541
0.285157
0.751889
0.571056
1.578220
0.530067
0.726949
0.908739
1.576110
1.503277
0.924420
0.724984
1.453152
1.715318
1.126904
1.197236
1.285234
0.481136
0.861153
1.750330
0.857836
1.576799
0.419202
1.495178
1.035686
1.126179
1.587383
0.503788
1.644366
1.486224
1.783369
0.849794
1.579668
1.283136
0.086510
0.073444
0.609708
1.583912
1.259693
0.317873
1.458580
1.701802
0.513161
1.358778
1.636107
0.976319
1.278199
1.575163
1.166770
1.344871
1.799952
1.012541
0.959492
1.076503
1.582880
0.264811
0.493681
0.201933
1.821912
1.455289
0.613627
1.808185
1.079645
0.069679
1.713937
0.948665
0.959989
1.791685
1.521150
1.518385
1.274923
0.663809
0.149487
0.940740
1.360690
0.196919
0.504677
1.590492
1.461785
0.627924
1.708532
1.496256
1.586232
0.543905
1.122646
0.724442
1.656356
1.810288
1.155595
0.955041
0.072373
0.654167
1.520482
1.256165
0.421790
0.815759
0.725559
0.865812
1.117851
1.507648
0.213485
0.186755
1.586041
1.108843
0.802385
0.701186
0.950642
0.765918
1.360460
0.316063
0.681950
0.279655
0.397817
0.541843
1.673418
1.709652
0.256123
0.763534
1.520759
1.585764
0.197513
1.452052
0.798830
1.192742
1.125985
1.585525
0.455139
0.950118
1.132050
0.075979
0.628616
0.266858
1.585235
0.520355
0.746544
1.810312
0.298926
1.252244
0.075688
0.721245
1.074414
0.600227
0.078030
0.172731
0.352310
1.452260
1.126275
1.588884
0.902147
1.569424
1.073833
1.713161
1.444859
1.084783
0.719266
1.362100
0.678997
0.360229
0.622478
1.345116
0.956118
0.425156
1.584942
0.115491
0.425128
0.956934
1.360710
1.705440
0.285663
0.460757
0.878760
1.257064
1.811894
1.126263
0.879552
1.079201
0.721703
0.849924
1.772592
0.547720
1.708612
1.584380
0.908180
0.941676
0.108083
1.890260
1.708140
1.584829
1.748366
1.708111
0.164021
0.181249
1.200233
0.263404
0.413667
0.475601
1.126209
1.254495
1.758229
0.275310
0.069126
1.711712
0.262816
0.885368
0.193243
0.129518
1.748921
1.254710
1.503121
0.458216
0.717782
0.107387
0.115870
1.158885
0.593221
1.560637
1.449818
0.498423
1.254803
1.006940
1.594657
0.472550
0.140485
0.073019
0.954374
0.733529
1.589675
1.879127
1.672420
1.569544
1.334708
1.723756
0.227382
1.458635
0.295309
0.552615
0.250039
1.500171
1.185202
1.058277
0.709498
1.559489
1.194401
0.252901
1.816581
1.188482
1.280868
0.953403
0.857439
0.094670
1.356367
1.268550
0.609502
0.828612
0.068742
0.072893
0.071286
1.362778
1.586057
0.576747
0.079529
1.178176
0.624052
1.705030
0.238399
1.452944
0.171030
0.760026
0.245207
1.187304
0.325216
0.399123
0.128964
1.359625
0.307317
1.587878
1.126192
1.195086
1.192335
1.185687
1.736956
0.509443
0.242491
0.718144
0.310361
0.890058
1.358658
0.202410
1.126341
0.762852
1.126185
1.822815
0.933670
0.249018
0.328639
0.611992
1.357373
0.956426
0.930767
0.071353
1.268816
1.586954
0.421574
0.389968
0.529379
1.772503
0.338538
0.176450
0.548970
0.955736
1.787646
0.630411
1.010819
0.276714
0.524523
1.079341
1.471280
0.339850
0.169751
0.481388
0.071437
0.177630
1.378871
0.850399
1.209877
1.708480
0.224248
0.307467
0.067940
0.154732
1.817997
1.270258
1.589569
0.628575
1.342002
1.586340
0.708772
1.708602
0.075525
0.375772
1.189582
0.873572
0.529206
1.493940
0.582851
0.906181
1.323731
1.126179
1.707301
0.947405
0.333059
1.711362
0.378644
1.576115
1.254479
1.661571
1.525092
0.916140
0.630994
0.873386
0.722787
1.449680
0.196656
1.806120
0.949506
1.040806
1.582231
1.587993
0.070771
0.072474
0.815083
1.278828
1.592703
1.474912
0.910636
0.420450
0.343716
1.170331
1.584036
0.409838
0.470892
0.236217
1.348128
0.432582
1.458328
0.078632
1.075428
0.217757
0.407755
0.949383
1.155317
0.821937
0.395318
0.631493
1.202905
0.422853
1.808909
1.496733
0.066767
0.085467
0.896842
0.159753
1.003575
1.300617
0.152863
1.079123
0.069917
0.622648
0.766694
1.080328
1.089504
0.082459
1.504441
0.759269
0.159263
1.583243
0.531531
0.188260
0.561817
0.495444
0.068465
0.124213
1.589785
1.357198
0.267560
1.459543
0.111573
1.783705
1.721852
0.457026
1.452964
0.110356
0.348186
0.430130
0.397599
1.716766
1.185432
0.629560
0.500038
0.494219
0.952247
1.704900
1.503881
0.775978
0.518264
0.137610
0.240231
0.816695
0.212094
1.713960
0.280531
0.526006
0.265880
1.604644
1.591647
1.082193
0.754503
0.493503
1.587791
1.584870
1.580823
1.279297
0.952996
0.632588
0.493407
0.200667
1.707479
1.418435
0.312260
1.082445
0.802917
0.718675
0.627903
0.108972
0.951930
0.923785
0.114058
1.079451
1.707958
0.786271
0.174325
1.748716
1.817356
0.207331
0.517907
0.839015
0.715144
0.233607
1.581042
0.354754
1.815361
0.407886
1.081877
1.471988
1.010881
0.068472
1.580538
0.381162
1.585227
0.853889
0.411886
0.723835
1.512623
0.266853
0.413601
1.587066
0.808151
0.114812
0.714918
1.719927
1.585766
0.629620
0.628216
1.559900
1.154716
1.463746
0.415056
1.599328
0.628107
1.126541
1.254549
0.284086
0.108458
1.289736
1.623181
1.154140
0.131182
0.404614
1.598762
0.954412
0.331108
0.101688
0.536043
1.139206
1.774666
0.631218
0.404644
1.644513
0.876949
1.276064
1.708883
0.302881
0.213390
1.126536
1.361709
1.595670
1.303470
0.535483
1.154979
0.778022
0.469033
1.509232
0.096528
1.517250
0.342189
1.254466
1.298943
0.438683
0.742672
1.079291
1.306523
1.502251
1.012909
0.890085
0.955240
1.364629
0.470350
0.921253
1.611336
0.442296
1.076932
0.129479
0.104820
0.158266
1.357700
0.954873
0.937952
0.875204
0.864772
1.452555
0.179436
1.708862
1.452665
1.585948
0.776198
1.351756
1.189617
1.820497
1.254473
1.529294
1.664824
1.189080
0.490610
0.313716
0.943774
0.189477
0.096792
0.559633
1.444048
0.207139
1.347534
0.981981
0.788490
0.787367
1.452740
0.475709
0.711659
1.255265
0.587919
1.362082
1.709367
1.920851
1.380288
0.102222
1.809840
0.312041
0.243037
1.653112
1.583781
1.523063
0.937114
1.255207
1.799353
0.260489
0.727568
0.186728
0.738535
1.587175
1.198547
1.022174
0.809495
1.709332
0.076417
0.411123
1.337754
1.078413
1.812777
0.455996
1.774091
0.741935
0.951842
1.254799
1.592544
1.559879
1.068694
1.757183
0.952658
1.079635
0.484669
0.936083
0.989354
1.583432
0.387996
1.561551
1.254369
0.276363
0.648371
1.317690
1.120927
1.291683
0.398354
1.355536
0.449517
1.167203
0.364707
0.890998
0.628564
0.149970
0.389685
0.698973
1.690922
0.490639
1.709411
0.626902
1.782602
0.156358
0.684954
0.082570
0.266898
1.589508
1.370703
0.419482
0.278551
1.584811
1.516327
1.015120
0.165024
0.310903
0.358630
1.708624
0.773258
1.740196
0.885393
0.927306
1.579210
0.630010
0.697217
0.073050
0.954635
0.344496
1.185046
1.415362
1.190109
0.678168
1.060010
1.605828
0.896314
0.274212
1.290249
0.747342
1.709267
1.584677
0.395912
0.249656
0.954800
0.199795
0.077069
0.109802
1.379717
1.501420
1.583325
0.629405
0.113070
0.821405
0.423736
0.882826
0.954956
0.203556
1.356752
1.254401
0.823116
1.818728
1.351229
0.187703
1.566606
0.097891
1.188902
0.875975
1.500607
0.868798
1.076046
0.629840
0.629972
0.075194
1.077794
0.761893
0.955207
0.076053
1.586509
1.710371
1.078633
1.125680
1.362897
0.116251
1.080446
1.612351
1.897928
0.306827
0.852267
1.244386
1.499835
0.090212
0.733901
0.227588
1.686898
1.477541
1.511455
0.698274
1.188426
0.661544
1.811789
0.209316
1.476867
0.921628
1.816934
0.615636
0.260153
1.586336
0.403768
0.254010
1.200703
0.068383
0.069569
0.190302
0.391966
0.203205
1.807780
0.386814
0.414763
0.798734
1.706898
0.722624
0.506896
0.730248
1.452424
1.316307
0.938975
1.580167
0.224819
0.072955
1.355761
0.960088
1.083366
0.081469
1.452669
0.736937
0.620044
0.561465
0.710980
1.708201
0.296827
0.963970
0.689659
0.071721
1.713499
1.359905
0.376558
0.263798
0.136454
0.356524
1.761321
0.156209
1.586934
0.311120
1.291518
0.625628
1.621847
1.078481
0.920424
0.340842
1.613833
0.256363
1.078626
0.869274
0.207165
1.653296
1.451602
0.388163
0.365276
1.470842
0.139604
1.860296
0.628923
1.578215
1.814620
1.222703
0.070154
1.582755
1.596052
1.076049
0.301223
0.400060
0.240656
0.153467
1.254297
1.254305
0.073038
1.531801
1.126402
0.633379
0.156610
1.587618
1.584100
0.780793
0.334011
1.586263
1.543813
1.078723
0.425641
0.086367
1.599190
0.509864
1.602937
1.077614
0.090259
0.141237
0.508680
0.954847
0.136034
0.812303
1.487116
1.359267
1.807599
0.290279
1.707825
1.770331
1.182564
1.256714
0.384454
0.432140
1.586000
1.818763
1.505458
1.727345
1.594685
0.822923
1.452712
0.740278
1.710448
0.518027
0.513029
1.524405
1.585733
0.953159
0.447572
1.585704
0.237951
1.189004
0.203586
1.629945
1.813793
1.453703
0.643998
0.154353
0.256319
1.509636
1.079423
1.621003
0.340408
1.115537
1.849449
0.901312
0.282630
0.068182
1.431073
1.088255
0.214830
0.741714
1.815569
1.608219
1.579651
1.554760
1.187073
0.644861
0.711863
0.068220
1.625552
0.164732
0.627248
0.068285
1.448373
1.002836
0.131418
0.954742
1.549142
1.584382
0.657210
0.949531
0.070209
0.567140
0.628448
0.070475
0.596748
1.505772
0.722633
0.620654
0.224033
1.530173
0.718533
0.775424
0.377361
1.418616
1.084828
0.815599
1.188599
0.907547
0.324486
0.202829
1.028362
0.112500
0.068429
1.575034
1.724525
1.592696
0.982039
0.744659
0.739210
0.715149
1.456627
0.343439
1.596594
1.852476
0.652814
0.477020
0.967363
1.585249
0.641714
1.016669
0.949513
1.117531
0.954976
1.324059
1.710413
0.402251
0.945728
0.780748
0.260917
0.946622
0.958530
0.690158
1.341370
0.190171
0.191777
0.472375
1.502273
1.061514
1.127389
1.189231
1.379193
1.662898
0.261225
1.701716
1.199868
1.126869
0.070361
1.261945
0.246099
1.275478
0.953851
0.357577
0.499276
0.768365
0.552289
1.261742
0.623736
0.540082
1.816787
1.127197
0.412067
0.943505
1.014015
0.297262
1.043512
1.708007
1.247641
0.318632
1.713368
0.114180
0.345010
1.716044
1.127321
1.188054
1.072945
0.141114
0.247396
1.126886
0.321956
1.607718
1.022773
0.509399
0.169665
0.723501
0.427517
0.357934
0.602487
0.954462
1.702642
1.819601
1.580879
0.075510
0.794098
1.188607
1.358276
1.751628
0.637493
0.955545
0.409688
1.494814
0.721762
0.903339
0.504085
1.490430
1.113942
0.389261
0.070426
0.212251
1.436451
0.546871
1.462567
1.753294
1.184435
0.251629
0.297465
1.013286
0.839945
0.093776
0.072118
1.707798
1.260779
1.629694
0.538256
1.102980
0.954601
0.327476
1.288311
0.342057
0.683109
0.160328
0.088521
0.355933
0.956278
0.146146
0.130153
0.521157
1.141675
0.949934
0.736964
1.017082
0.877290
0.313650
0.946135
1.188231
0.702696
0.170200
0.184616
1.291019
1.369231
0.717133
1.585549
1.014191
1.189265
1.482540
0.473355
1.449719
1.371704
1.578885
0.163791
0.599357
1.351125
0.490879
0.952043
1.569316
0.942279
1.019537
1.590414
0.726931
0.262312
0.520029
1.522853
0.178218
0.660717
0.655463
0.660665
1.781512
1.754412
1.285063
0.281744
0.150194
0.655715
0.768796
0.787232
0.955452
1.067273
0.076366
0.398580
0.948020
0.406245
0.170564
0.135026
1.360774
0.913186
1.289856
0.542068
1.497994
1.080999
0.997199
1.814929
0.761114
0.069704
1.708577
0.954711
1.589711
0.229301
1.439270
0.843413
1.596617
0.631323
0.899953
1.199514
0.915961
0.308419
1.648211
1.185954
0.100657
0.957645
1.725736
0.083407
1.292179
0.700360
1.188037
1.080520
1.244974
1.458068
1.177377
0.339727
1.307285
1.813513
0.099203
0.941540
0.459452
1.453615
1.586018
0.274436
0.069154
0.077204
1.080116
0.495188
0.291246
0.954939
0.373289
1.188202
1.637366
0.445096
0.604177
1.604615
0.069592
0.955513
1.709664
1.258671
1.127270
1.586800
1.146246
0.242558
0.721121
1.078368
0.953237
0.111330
0.066052
0.148467
1.812937
1.075655
0.641051
1.209345
1.126671
0.961973
0.148549
0.712785
1.344605
1.258319
1.127163
0.082301
1.709177
0.388186
0.328421
1.809592
1.127481
1.704423
0.940365
1.547525
0.880190
1.189551
0.310718
1.254117
0.696734
1.589840
0.952231
0.093971
0.118986
0.836400
0.087700
1.586555
0.343637
0.974756
0.103941
0.989997
1.432152
1.504776
0.133730
0.406126
1.775908
1.359568
1.465679
1.187852
1.127030
0.428461
1.126683
1.709177
0.068254
0.709468
1.099146
1.254432
0.180368
0.068221
1.127602
0.579327
1.119143
0.949328
0.235493
0.162571
0.887521
1.184180
0.892309
0.512608
1.605632
0.222465
0.735859
0.429997
1.462432
1.191736
0.175747
1.574678
1.587403
1.585875
1.431758
1.726595
1.721190
0.354340
0.498177
0.262519
1.011425
1.269725
0.978693
1.761188
1.579675
0.619426
1.226920
0.722335
1.816089
1.496806
1.709044
1.503430
1.581001
1.817625
0.507432
1.711241
1.784405
1.148320
0.628726
1.178415
1.349537
0.722135
1.356112
0.189944
1.783810
0.413862
1.086286
1.340847
1.077605
0.814120
0.471759
1.751259
0.296819
1.739820
0.927473
0.639067
1.196415
0.255645
1.452527
0.327256
0.068026
0.954048
1.352104
0.955375
0.695136
1.319403
0.209183
0.666711
0.128419
1.579353
1.354768
0.897423
0.613311
0.479592
1.602838
0.066761
1.354791
1.583865
0.491152
0.346967
0.324225
1.590434
1.585931
1.585222
0.512417
0.771975
0.185332
1.716275
1.452628
1.797796
0.565900
1.263996
0.954928
1.205152
1.291936
1.589447
0.086243
0.527824
1.569268
1.085346
0.825771
1.708544
1.127589
0.543353
0.276985
1.357653
1.713816
0.159370
0.200491
0.474986
1.796609
1.187429
0.151446
1.531149
0.472390
0.528883
1.592747
1.739334
1.014480
0.954101
1.580743
1.287737
0.954380
0.756904
1.603356
0.445227
1.072279
1.710145
0.128377
1.138026
1.495122
1.784926
0.358071
0.952001
0.533522
1.288820
1.079462
1.079058
1.560818
0.134404
0.161448
1.573466
0.987841
1.586235
0.709376
0.309641
1.586066
1.339595
0.532468
0.490040
0.667064
1.188224
1.254293
0.295552
0.963266
1.078672
1.472556
1.189485
1.586306
1.612515
1.439314
0.935867
0.948760
0.453060
1.813625
1.453166
1.753475
1.083071
0.070149
0.100812
0.905726
0.842602
1.586170
0.805589
1.402906
1.291716
0.489221
1.079390
0.901083
0.488480
1.199215
0.136152
0.983623
1.359605
0.954903
0.805811
1.436136
1.503993
1.708271
0.869457
0.289286
1.189543
1.363931
1.914757
0.067480
0.112865
0.269639
0.384557
1.341221
1.569458
0.543104
0.625159
0.955466
1.255819
0.068430
0.378288
1.496453
0.285762
0.459966
0.954952
0.112228
1.451034
0.744822
0.778033
0.883096
1.463825
0.074880
1.126915
1.021675
0.536986
1.127497
1.668295
0.136888
1.062282
1.195708
1.357710
1.254627
1.193477
1.569212
0.372697
0.239469
1.353558
0.160198
0.279140
0.489677
0.693428
1.638658
0.670393
1.747049
1.815627
0.270575
0.735252
1.589340
1.575510
0.454959
1.583607
1.584944
1.488870
0.525574
0.957246
0.198159
1.452955
1.345119
1.586286
1.352627
1.829086
0.078637
1.629181
0.149378
0.194174
0.795458
0.823874
0.692674
0.216524
0.068565
1.349782
1.585654
0.471033
1.187697
0.955505
0.879282
0.076405
1.585684
1.079557
1.452780
0.228131
1.586393
1.198210
0.214715
0.927807
1.068496
0.489327
0.633089
1.087557
0.120624
1.126257
1.078282
0.500150
1.502949
0.754415
1.582589
1.338791
0.787218
1.578423
1.710262
1.788559
0.535783
1.351271
1.042310
0.246194
0.258349
1.767188
1.715105
1.585183
0.955030
0.068879
1.078660
1.027869
1.707215
1.368614
1.046791
1.588377
0.771245
0.432188
0.959929
1.564761
0.670631
0.518099
1.352070
1.614828
0.954660
1.586464
1.238780
1.438209
0.317718
1.126653
1.818676
1.681767
1.082716
0.340104
0.070374
0.162717
1.563524
1.126278
1.455976
1.502737
1.262956
1.343055
0.093505
1.352119
0.500001
1.158327
1.501813
0.229404
1.511561
0.871143
1.452668
1.080369
1.588949
1.252750
1.247660
1.814919
1.440017
1.709393
0.414592
1.591211
0.460163
1.254151
1.422657
0.824682
1.126341
1.812647
0.363787
0.070307
1.358434
0.960197
0.704206
1.710737
0.967403
0.396765
0.637355
1.362800
0.131863
1.564365
0.797639
1.492781
0.711221
1.454732
0.328408
0.631084
0.707183
1.781129
1.763715
0.514183
0.273082
0.697007
0.956673
0.540407
1.355957
0.684686
1.708104
1.805058
0.536849
1.375006
1.339545
0.449279
0.186708
1.710595
1.452707
0.930986
1.658302
1.587618
1.351375
1.562514
1.352812
0.923192
1.585616
1.506617
0.366794
0.495306
0.409249
1.567322
0.628386
1.064372
1.815674
1.322577
1.505175
1.552271
0.443334
1.586607
1.585449
0.622304
0.976953
1.188732
0.615208
0.954666
0.560476
0.763008
1.730324
1.711210
0.465204
1.590275
0.894328
1.629514
0.123778
1.743327
1.586257
0.519977
0.392503
0.162743
1.708638
1.589324
0.168993
0.113797
0.141269
1.069625
0.556235
0.466274
1.709209
1.255959
1.583440
1.149375
0.480774
0.387924
0.736636
0.954807
0.629027
0.970480
1.079201
0.086105
0.768871
0.626639
0.423200
1.542947
0.986783
0.096876
1.569607
0.725896
0.768671
1.079080
1.810600
0.070702
1.188057
1.078638
1.719510
0.349713
0.268702
1.357725
0.070553
0.473775
0.884670
0.763138
1.701584
1.465518
1.213633
1.582893
0.517087
1.705126
1.283335
0.334758
1.507444
0.822389
0.092277
0.225848
0.954503
1.779670
1.497734
0.921125
1.775384
0.471684
0.490610
1.775241
1.025678
0.954713
1.452553
0.842569
1.363139
1.189110
0.478633
1.585660
1.189452
1.801088
0.141566
0.295182
0.142777
1.710698
1.584656
0.248929
0.309383
1.068218
0.618164
0.347286
0.097974
0.258525
1.009744
0.523634
0.730551
1.169189
0.938970
1.187739
1.475526
0.955302
1.357125
1.587034
1.592051
1.799267
0.199237
0.337905
1.483391
0.322802
1.263296
0.719205
1.701752
0.635798
0.547529
0.483914
1.083802
0.952168
0.153189
0.946272
1.254738
0.089911
1.575641
1.813021
0.912146
1.808176
0.279346
0.098087
0.260666
1.126237
1.077340
0.623402
0.192744
0.067906
1.653751
0.532628
1.256339
0.627482
0.714247
1.877022
1.091872
1.775049
0.540905
0.884029
1.379916
0.955461
0.954658
0.469690
0.066658
0.375635
0.951171
1.501116
0.617378
1.348702
1.683887
0.943789
1.706972
1.452394
0.954629
0.292706
1.671253
0.718603
1.493839
1.324551
0.223666
0.260924
1.630754
1.820877
0.954719
1.079014
1.582965
1.586275
1.188249
0.233312
1.360368
1.580110
0.110447
1.796294
1.815472
1.126649
0.951549
0.385664
0.628966
0.940330
0.140463
1.647977
1.708982
1.504777
0.867234
0.948146
0.816869
1.265227
1.400082
0.226673
1.586361
1.606768
1.254463
1.582980
0.091431
1.080738
0.814059
0.166708
1.573409
0.355144
1.401946
0.500040
0.337260
0.553619
0.189267
0.151757
0.145727
1.636870
1.126465
1.364011
1.486016
1.554202
0.477271
1.450625
1.782053
0.953529
0.116237
0.182680
1.812500
0.272606
0.184811
1.126277
0.083951
0.690158
1.088989
0.092360
0.074738
1.711634
0.847323
0.158618
0.924833
0.388434
0.378568
0.067360
1.437844
0.311857
1.586223
1.082081
1.539324
0.276783
0.223619
1.445997
0.455840
0.877182
1.167154
1.074906
0.790461
0.812258
1.605154
0.955282
1.072146
0.955000
0.512836
0.598670
1.590289
0.175429
0.869833
1.539919
0.113667
0.542229
0.539644
1.748216
0.123982
0.919728
1.709178
0.179558
1.708476
0.351818
1.710105
1.574907
0.446051
0.165407
1.595102
0.722190
0.542080
0.278312
1.708858
1.257352
1.085922
0.336821
1.180568
1.778537
0.937760
1.569915
1.355369
0.572853
0.485733
0.752512
0.573057
0.910179
0.489467
1.067907
0.236325
0.076581
1.188338
1.707399
0.326720
1.334588
0.073306
0.212554
0.732272
1.714757
1.592103
0.718677
1.357618
0.764369
0.134936
0.228723
0.891875
0.614603
1.254665
0.159591
1.323716
0.955494
1.705571
0.659887
0.295063
1.727090
1.589971
0.714011
0.113663
1.078540
0.847018
1.401925
1.716464
0.869993
1.188482
1.492233
0.823420
0.574442
0.937907
1.192215
1.108510
0.676156
1.452727
1.480118
0.070885
1.815966
0.456075
1.452751
1.186108
0.278804
1.805133
1.126639
1.461428
0.951112
0.524270
1.350584
1.502784
0.962101
0.069839
1.776040
0.067064
1.587632
1.576199
0.832133
0.240080
0.368186
1.311471
1.830613
1.496753
1.034126
0.642418
0.739002
1.782850
1.591284
0.104822
0.916486
0.092612
1.609463
1.590440
1.586544
1.192315
1.588407
1.584753
1.837639
0.838483
0.301489
1.583738
0.433264
0.278913
0.391259
0.280561
0.712421
0.561435
0.423177
1.197890
0.729783
0.143583
0.944247
1.386310
0.783691
1.185482
1.501357
0.150433
1.700847
1.112351
1.748325
1.764184
0.460242
0.463141
0.099437
0.187887
1.356665
1.593035
0.417688
1.191542
0.164437
1.187659
0.332149
0.451462
1.365393
1.585777
1.186582
1.728859
0.732514
0.104559
1.210332
1.578626
1.074890
1.586040
0.721943
0.459146
0.246024
0.706414
0.251065
1.584138
1.357157
0.283723
1.518171
0.630802
1.272123
0.104854
1.123026
1.708740
1.479266
0.151283
1.207914
0.122994
1.470516
0.811805
0.595689
0.227257
0.299400
1.576607
1.578192
1.759204
0.086959
0.471983
0.098143
1.563445
1.352995
1.604771
1.708430
0.279791
0.286849
0.989799
0.076452
0.954037
0.955128
1.433436
1.708601
0.423817
1.814086
0.774575
1.594108
0.257762
1.203013
0.954260
0.780868
0.854682
1.037357
0.957025
1.817633
1.706764
1.812451
0.252126
1.242613
1.084515
0.963526
1.385449
0.128553
1.573918
1.257244
0.268752
1.845359
0.079549
1.360033
1.010338
1.442794
0.399372
0.897867
1.587737
0.312042
0.191036
1.708449
1.491523
1.342527
0.090630
0.953770
0.943700
0.306011
1.809338
1.428091
1.751123
1.587941
0.267032
0.111848
0.839008
0.696847
0.715541
0.483090
1.288077
0.282952
1.590140
0.354305
0.478079
0.197355
1.841569
1.020086
0.916702
1.083579
0.328222
1.866577
0.427753
0.746055
1.503176
0.285055
0.642384
0.506016
1.353980
0.123294
0.080348
1.189325
0.934955
0.187487
0.395520
1.450618
1.586411
1.081114
1.185912
1.109218
0.139844
1.601549
0.883180
1.042519
0.859898
1.494537
0.132531
0.629326
1.502502
1.594946
0.452137
0.176714
0.071133
1.289551
0.590093
0.282872
1.753102
1.303854
0.525272
0.502893
1.515953
0.255299
0.272648
1.172889
0.154965
1.452404
0.934647
1.708787
1.075180
1.254473
1.067267
0.960240
1.774508
1.356948
1.582018
0.937527
0.632869
0.175468
0.375852
1.077917
0.405542
1.589711
1.381911
1.010935
1.802505
1.710079
0.291683
0.528768
0.785312
1.078960
0.492602
1.524917
0.108672
1.586964
0.508436
1.458242
0.993304
1.191308
0.874837
0.088224
1.586601
1.291680
0.778455
0.957150
0.352084
0.177232
0.498753
0.464937
1.126320
0.087753
0.745442
1.661047
0.083646
0.067635
0.859642
1.336458
0.589678
0.517485
0.488876
0.951613
1.805133
0.272666
0.866915
1.748925
0.428510
1.585644
0.642963
1.513727
0.450897
0.628983
0.954978
1.583548
0.257203
1.256220
0.734807
0.432600
0.067372
1.253147
1.683191
1.721029
0.479323
1.833330
1.467606
0.139617
1.634719
0.400522
1.586185
0.937052
0.092234
1.708383
1.149945
1.077301
0.954589
1.186776
0.462903
0.718825
0.931212
0.946957
0.486238
1.794823
1.187579
1.586495
1.496798
1.368864
0.160042
1.454049
0.868175
0.651983
0.606616
1.453237
1.081896
0.113703
1.707018
1.590163
0.616543
1.144300
0.818567
0.619336
1.330949
0.558151
0.924786
1.593789
1.192575
1.584349
0.533804
0.117879
0.152503
0.155689
0.366644
1.076058
0.566211
0.728012
0.346030
1.383979
1.493668
1.453930
1.685819
0.480135
1.254124
1.312607
1.579981
1.589909
0.622962
1.706510
1.697085
0.698615
1.589315
1.744344
1.711528
1.181108
1.607402
1.182463
1.187754
1.815296
1.189950
1.598597
0.732719
1.071603
0.315979
1.126470
0.067191
1.186675
0.124971
1.065093
0.668099
0.846901
0.301723
0.720914
0.630612
1.587220
1.585913
1.461259
0.788607
0.607015
0.850781
1.452829
0.539041
0.121197
1.391446
1.586321
1.586019
1.008366
1.429374
1.600276
0.612621
0.119759
1.350757
1.820525
1.590481
1.008622
1.581803
0.295830
0.787504
0.628995
1.586482
1.361852
0.557819
0.108838
0.465154
0.475953
1.502471
0.113717
1.453492
1.393801
0.954861
1.816917
0.436720
0.386799
1.774818
0.724327
1.078586
1.906024
0.100255
1.815106
1.586886
1.711819
1.254933
0.070685
1.585783
1.362238
0.800324
0.069419
0.454609
0.401189
0.995033
0.738978
1.453718
1.129432
1.453174
0.076689
0.511712
1.582008
1.324039
0.098737
0.576502
0.629314
1.313512
0.252784
0.307724
1.362982
1.587753
0.367579
0.166067
0.421817
1.768222
0.133216
0.542552
0.510408
0.410466
0.664169
0.492517
1.560657
1.256543
1.809014
1.583421
0.749183
1.247794
0.816207
0.950203
0.620871
0.510811
1.757879
1.202273
0.292970
1.262185
0.174274
0.910663
0.694927
1.078375
1.585926
0.077966
1.709128
0.509602
0.411274
1.129897
0.246925
0.597821
0.710580
1.586323
1.284850
0.661241
0.647347
1.254369
1.453448
1.058771
0.953844
0.623032
0.877317
1.843358
0.581665
1.116913
1.255750
0.172695
0.561735
0.640738
0.815242
1.144969
0.603596
1.189029
1.540771
0.175878
1.583880
0.090935
0.177397
1.169405
1.498991
1.049377
0.301007
1.358089
1.672756
1.360585
0.422162
0.435247
0.176944
1.586722
1.768821
0.170392
1.283390
0.452611
0.241854
1.291430
0.477351
1.488417
0.789928
0.616751
0.502764
1.007719
1.323117
0.757898
1.566219
1.191361
0.480970
0.893574
0.764347
1.740939
0.868110
1.489406
1.357375
0.400906
1.648195
1.495632
0.747067
0.106387
1.008816
0.775060
0.534237
1.796916
1.708130
0.195889
1.728804
1.574690
0.137170
0.190768
1.886185
0.813902
0.506011
0.085801
1.804484
1.068854
1.195016
0.135248
1.431339
0.069039
1.657287
0.126442
0.803816
1.289646
0.872624
0.816284
0.726791
1.188576
1.254038
1.802725
0.342658
0.082836
1.351483
1.496189
1.455697
1.452225
0.958510
1.093901
0.077040
0.102210
0.954991
0.322585
1.807349
1.126257
0.633341
0.780030
0.331976
1.649886
0.405627
1.119356
0.954473
0.756128
0.374840
1.368765
0.121003
1.110723
0.954798
1.079303
1.186407
0.072127
0.773630
1.272238
1.371316
0.629243
1.061339
0.953940
1.344468
1.770536
0.085227
0.833976
1.579806
0.414366
0.211274
1.165637
0.240595
0.771895
1.451371
1.354887
0.855386
0.875428
1.635247
0.267938
0.716477
0.710828
0.894219
1.000006
1.810124
1.770696
0.198542
1.588552
1.289084
0.199315
1.330103
1.350788
1.729965
1.710988
0.351875
0.683105
0.864472
1.359245
1.827873
0.432197
1.588119
1.783968
1.712734
1.584612
0.820744
0.267430
0.871532
1.794387
1.271375
1.020813
0.866691
1.187278
0.619643
1.182867
0.488450
1.418970
0.186321
0.184811
0.470546
1.447605
1.310554
0.452666
0.543854
1.766131
0.523933
1.453344
1.254992
1.443327
1.600961
1.500739
1.240246
0.405751
0.358089
0.630466
1.249170
1.584270
0.099280
1.078076
1.717764
0.067290
1.582079
0.083965
0.630406
0.067942
0.954549
1.589078
0.213512
0.695835
0.836408
0.076231
1.808897
1.707481
1.554059
1.377818
1.578284
0.213238
0.641220
0.385389
1.187913
1.520398
0.958525
0.079762
1.500498
1.781228
0.141899
0.546553
1.758457
1.587025
1.367581
0.863530
1.584920
1.724090
0.069105
1.112858
1.057829
1.195176
1.711125
1.077059
1.707648
1.585314
0.948714
0.459558
0.070385
0.297702
1.695369
1.507895
1.188081
0.531182
1.126737
1.606807
0.579670
1.196290
1.718710
0.951568
1.019092
0.225629
1.620492
0.732872
0.067272
0.813118
0.099306
0.091815
1.770154
1.133417
1.548910
0.249376
1.077412
1.502397
1.710678
1.188113
0.180780
0.924539
1.130517
1.708269
0.229669
0.740208
0.733745
0.894755
0.315830
1.597358
1.634481
0.664914
0.071949
0.865179
1.351990
1.817686
0.955826
1.591038
0.078578
1.750340
1.708487
1.582618
1.708559
1.358181
0.784633
1.482840
1.470310
1.354779
0.072657
0.759088
1.583067
0.219584
1.409494
0.725394
1.819639
1.786779
1.699538
0.859542
1.709015
0.639345
0.520067
0.668557
1.714259
1.358050
0.780229
1.478163
0.805501
1.227275
1.453075
0.336376
0.858342
0.236602
1.079320
0.626607
0.892789
1.586748
0.953829
1.307992
1.243783
1.081234
1.012571
0.436759
0.295018
0.631024
1.360867
1.358460
1.584466
0.164848
0.963392
1.554763
0.077950
0.962270
1.356007
0.173597
1.586410
0.938046
0.595340
1.127621
0.563385
1.501247
0.355874
1.708406
0.524486
0.176602
1.388445
0.448655
1.069771
1.588898
1.126860
1.817844
0.304816
0.954044
1.585826
0.071363
0.575771
0.870412
1.709854
0.069448
0.783416
1.452435
0.410736
0.955042
1.193716
1.359870
1.748303
0.758508
1.074386
1.706579
1.420226
0.932580
1.080518
1.827647
0.897388
0.102480
1.585825
1.587590
1.589142
1.257044
0.071117
0.632029
1.293225
0.216461
0.867587
0.254341
0.142241
0.957075
1.580167
0.521629
0.499309
1.519732
1.778028
1.624038
1.809456
1.031453
0.166935
0.095785
0.246776
1.600049
1.571048
1.497650
1.586227
0.068295
1.591246
1.718221
0.728920
0.882992
0.743860
0.986997
0.642506
0.777027
1.529254
1.357608
0.719803
0.430596
1.813789
0.071231
1.604949
1.586022
1.313608
1.804960
1.583318
0.837381
1.591488
0.789448
1.552957
0.681877
0.131919
1.193046
1.448687
1.463496
0.694488
0.070774
1.358685
1.716243
0.527261
0.432580
1.711091
0.174833
1.511562
0.127475
0.351037
1.315909
1.357986
1.578461
1.079652
0.072185
1.127493
1.708816
1.249110
1.709646
1.452858
1.254809
0.979293
0.415534
0.108840
0.805266
0.492619
1.593417
0.290937
0.121076
0.209509
1.593419
1.585630
0.067982
0.954864
0.110259
1.752550
1.188430
0.175877
1.187294
0.512435
0.069593
0.962954
1.772558
0.564844
1.356562
1.363668
1.783496
1.188607
0.466313
1.600327
0.531878
1.585889
1.495307
1.583970
1.874017
1.781761
1.585638
0.844961
0.068008
1.255291
0.457202
0.324302
1.349431
1.191156
0.240580
0.465018
0.737527
0.521853
0.356377
0.210797
0.786596
0.200340
0.572917
0.425030
0.066983
0.727434
1.177054
1.495331
0.067494
1.318092
1.783477
1.727192
1.612083
0.628046
0.452274
1.154985
0.908326
1.256685
0.955662
1.580687
0.826500
0.966642
1.383719
1.516523
0.531381
0.951298
0.246920
0.956186
1.288854
1.187288
0.627843
1.818621
0.194781
0.198478
0.954789
0.550799
0.814747
1.570709
1.709351
1.582089
0.591523
1.584517
1.279359
1.580735
0.274631
1.139821
0.954998
0.159204
1.530443
1.438395
1.454645
1.672338
0.592451
1.312477
0.537297
0.466459
0.952751
0.296273
1.237196
1.372808
0.521266
0.220572
0.202198
0.644917
1.709179
0.788698
1.687155
1.579352
0.396580
0.253263
0.186314
0.808654
1.592128
1.452550
1.831634
1.818601
0.306216
0.965562
0.437386
1.067084
0.144343
1.774546
0.949684
1.578242
0.430237
0.567119
0.272372
0.633613
0.628462
1.501749
0.175479
1.439114
1.556513
0.383576
0.832218
1.493818
1.126794
1.265836
1.567673
1.771445
0.624990
0.534877
0.083137
0.597074
1.366774
0.207315
0.191823
1.584958
1.829968
1.500600
0.621753
1.814927
1.650876
1.079032
0.316399
0.767910
0.323196
1.344014
0.133204
0.502357
1.709916
1.816189
0.287967
0.632008
1.627366
0.397762
0.325941
0.410569
0.318455
1.564056
1.345913
0.690297
1.499444
0.146110
0.341237
0.403214
0.485553
0.889597
0.628414
0.407658
0.443221
1.021945
0.276039
0.192143
1.457928
0.399617
0.362668
0.340368
1.011045
1.588008
0.491976
0.380547
0.848634
1.546775
1.501853
0.931406
1.708038
0.480503
0.110544
1.504062
0.643165
1.534737
0.610340
0.424650
0.127480
1.599859
1.355352
1.810693
1.291015
0.920040
1.363958
1.568141
1.701764
0.964663
1.571192
0.643558
1.452062
0.629522
0.433364
1.253763
0.164895
0.480305
0.370398
0.246346
0.081962
1.812106
0.445957
0.649413
0.852090
0.518533
1.815368
1.290284
1.464714
1.354452
0.192040
0.356040
1.127621
1.089617
0.962656
0.484643
1.736519
0.864523
0.431798
0.954505
0.436382
0.732545
1.361468
1.586112
0.712177
1.450419
1.585728
1.446580
1.356661
0.388819
0.777453
1.659013
0.088213
0.962047
0.855734
0.441190
0.832487
0.159017
0.766711
1.359146
1.807028
0.763245
0.854063
0.461105
1.188883
1.280683
0.074447
0.630044
1.359488
1.561327
1.583969
0.938441
1.450695
1.586745
1.506700
0.890697
0.269785
1.806526
1.495697
1.390705
0.147584
1.077423
1.078802
1.779269
0.928599
1.581771
0.769571
1.709225
0.148263
0.429149
0.152730
0.663280
1.609775
1.076757
1.586488
1.300969
1.127629
0.151356
0.655141
1.290645
0.108574
0.205287
1.082488
1.586506
1.361721
0.245435
0.077592
1.161937
1.707155
0.639804
1.822100
0.952964
0.779720
1.457100
0.409938
0.794928
0.490476
0.611790
1.568416
1.622690
1.491233
1.523365
0.153161
0.120885
0.658771
1.591790
1.568116
0.114211
1.126790
0.869803
1.079671
0.797948
1.581440
0.113980
1.317795
0.368878
0.726877
1.587481
0.557107
1.047850
0.628939
1.503053
0.326497
0.069742
0.354618
1.759602
0.642932
1.433498
1.586835
0.872218
1.583927
0.284310
1.191701
0.078666
0.442260
0.257241
1.807961
1.505563
1.341582
1.291696
0.071988
0.292585
1.707412
0.502944
1.503268
1.332954
1.709104
0.955082
0.071382
0.457416
0.954278
1.594354
1.454906
0.743666
1.717568
1.345656
0.088004
1.584949
1.453658
1.079192
0.753845
0.523502
0.600818
0.817276
1.592971
0.078201
0.533788
0.387538
1.366054
1.078202
0.732338
1.295210
1.480092
1.451015
0.109576
0.068273
0.131864
1.185088
0.190346
0.634622
1.414041
0.589438
1.529224
0.636416
0.728840
1.579899
0.362555
1.078232
1.580824
1.126579
1.323910
1.514846
1.139068
0.524374
1.758651
1.612505
1.218231
0.955016
0.168396
1.083375
0.446053
0.755659
1.004524
1.193191
0.168884
0.290256
1.588020
1.833467
1.545671
0.099100
0.178075
1.336877
1.348659
1.577465
0.202835
0.527951
1.079593
1.600085
0.226476
0.263881
1.708359
0.104819
0.504408
1.126199
1.542405
1.656519
1.452808
1.188658
1.491141
0.091855
0.912651
0.858733
0.795656
1.363729
0.502362
0.815141
0.927574
1.079224
0.158762
1.188134
1.585603
0.686954
1.259607
1.452579
1.583682
0.289143
1.262564
1.663056
1.195025
1.188612
1.514167
0.243520
0.884656
1.255451
0.965085
0.884338
0.556015
1.188913
0.762664
1.001681
0.923752
1.581131
0.820827
1.274032
1.450423
1.127979
0.186621
1.163156
1.508534
0.310476
1.358309
0.076531
0.079981
1.485424
1.188411
1.586611
1.352721
0.285123
1.287621
0.798721
1.370634
0.414172
0.144409
0.268359
1.242865
0.605644
0.402776
0.935578
1.253291
0.629514
0.566951
0.543938
1.353158
1.037786
0.174998
1.724228
1.256816
1.423144
0.816866
1.366309
0.947061
0.319365
0.409528
0.905174
1.710504
1.809618
0.565384
0.688858
1.185838
1.580984
1.487132
1.294938
1.040520
0.118931
0.954359
0.954309
1.570967
0.629170
1.291347
1.599143
1.357702
1.544101
0.630130
1.625398
1.774458
0.087674
1.112235
1.348066
0.402184
0.086669
1.577595
0.356822
1.455036
0.890156
0.411282
0.829854
0.253000
0.737065
1.454672
1.452386
0.838854
1.569553
1.185927
1.593597
0.955039
1.586178
0.497850
1.814640
0.078413
1.352472
0.363082
1.364167
1.517739
0.957959
0.408814
0.695694
1.254991
1.452437
0.818407
1.033234
0.624970
1.810043
1.789765
1.359098
1.179275
1.586238
0.864860
0.367091
1.671733
1.397566
1.504104
1.626328
0.954549
0.416741
0.267271
1.612886
0.707273
0.267400
1.532148
0.622153
1.338246
0.068702
0.730881
1.706462
0.339074
0.068551
1.582278
1.578447
0.712502
0.286370
1.286813
0.453030
1.352950
0.536157
0.069188
0.844309
0.615675
1.126617
0.178237
0.530453
0.854770
1.500260
0.188842
0.160525
0.615392
1.215877
1.478879
1.586136
0.385594
0.490229
0.892325
0.274576
0.708749
1.446108
0.293694
1.290363
1.591439
1.284195
0.072722
1.079277
1.358321
0.310567
0.904383
0.070399
1.557882
0.699720
0.145357
0.898749
0.313728
1.497965
1.357565
1.284204
1.592111
0.731189
0.791885
0.270138
0.286155
1.077806
0.365157
1.897041
0.224670
1.709390
0.809938
0.214855
0.728015
0.243089
0.954247
0.953382
0.989727
0.392701
1.462928
1.191041
1.585925
0.719300
0.936766
0.246368
0.970100
1.705479
0.640298
0.808778
1.452827
1.506562
1.598006
1.783542
1.186654
1.578977
0.429669
1.773376
1.815305
0.225162
0.762823
1.325781
1.080502
0.364703
0.945203
1.494121
0.435048
1.798818
1.296873
1.494044
0.538047
0.161955
0.283689
1.358881
1.121303
0.194330
1.579447
0.094535
0.735846
1.747921
0.943914
0.323919
0.138807
0.711432
1.826066
0.366598
0.954718
0.112414
0.273905
0.140723
0.282341
0.620927
0.684533
1.188812
1.610436
0.943520
1.203490
1.714227
0.626954
1.203904
0.072739
0.516614
0.334732
1.254450
0.676879
0.951264
1.188097
1.592823
1.818313
1.647383
1.725461
1.452103
1.349673
0.281769
1.356807
0.498466
0.504054
1.126711
1.516968
1.254455
1.800783
0.731779
0.451230
1.332831
1.292801
0.947203
1.127529
0.724318
1.585786
1.360821
0.953387
1.347154
1.357188
0.191893
1.773765
0.530283
0.248369
1.375918
0.133403
0.091175
0.955142
1.816497
1.706318
0.312048
0.452335
1.586687
0.116935
0.627653
1.590468
0.348267
0.070525
1.810760
1.586782
0.100729
0.495071
1.579251
0.158760
0.165513
1.661022
1.579329
0.883145
0.302860
0.905123
1.213684
0.770423
0.616575
0.119734
1.584614
1.832565
1.725332
1.585841
0.074250
0.118020
0.726499
0.774251
0.298048
1.579816
0.940924
1.608836
1.421225
1.603816
1.397260
0.947899
1.586724
1.508686
0.325713
1.592753
1.072758
1.815008
1.587030
0.902027
0.737809
0.153785
0.955741
0.081918
1.185125
0.215804
1.585695
1.077841
1.183502
0.749568
0.328603
0.727087
0.319789
1.453734
0.475911
0.694793
0.194344
0.635856
1.254267
1.584244
1.890474
0.974961
0.318917
0.131590
1.108978
1.010580
0.073080
0.716695
1.509091
1.189327
0.946217
0.959242
0.333668
0.484807
0.818294
1.522631
0.748913
0.953223
1.711125
0.272104
0.632173
1.517245
1.599442
0.954840
1.586029
1.710503
1.581733
0.790364
0.944166
0.458586
0.067925
1.345071
1.585639
1.371408
1.710032
0.168570
1.353748
1.875519
1.351711
1.781474
0.630245
1.126222
0.820318
0.102070
1.586003
1.257386
0.841480
1.619915
0.200248
1.134008
1.441654
0.576509
0.347800
1.587853
1.587654
0.636399
0.467105
0.954601
0.283667
0.395838
1.078212
1.473738
1.139994
1.781527
0.068593
0.072766
0.864402
0.949765
1.576749
0.507783
0.522690
0.183664
0.583643
0.953545
1.193241
0.151769
0.478969
1.195026
1.586357
1.560120
0.220504
0.380869
0.089954
1.528127
1.127150
0.150017
1.230847
1.284374
0.521334
0.194319
1.669070
1.442610
0.954361
1.070282
1.291015
0.072627
0.144496
1.181555
1.032650
0.212322
0.666288
1.542958
1.814827
0.511649
0.118053
0.955128
1.391521
0.127803
0.067521
1.242491
1.079286
1.360697
1.187898
1.366702
1.408724
0.100497
1.451215
0.201586
1.127434
1.453527
1.815116
0.298102
0.500325
0.718080
0.398975
0.951274
1.452256
0.370165
1.343410
1.787181
0.918423
1.390047
0.954514
1.062317
0.627276
0.429238
1.169195
1.501106
1.189014
0.165864
1.800769
0.121514
0.120054
0.531266
0.738368
1.524740
0.704310
1.707834
0.486382
1.538541
1.447904
1.228846
0.502087
1.321806
1.273630
1.699118
1.377015
0.741361
1.570543
1.583374
1.481257
0.720179
0.820528
1.585771
0.674083
1.586188
0.511743
1.132168
1.585320
1.586297
1.699981
1.815222
0.570443
1.774947
1.592388
1.805194
0.489556
0.743130
0.472438
0.426553
1.074073
1.766053
1.713415
0.360073
0.192466
0.415877
1.097316
0.975509
0.377828
1.582473
0.130464
0.069379
0.267823
1.589500
1.126191
1.551187
0.161230
1.092872
0.207244
0.737169
1.609809
0.520000
1.186544
1.188141
0.492103
0.068811
0.145574
0.954462
0.407475
1.188426
0.349536
1.648163
1.561105
0.630173
0.584621
1.126956
1.255477
0.898356
1.051975
0.275133
1.709047
1.511122
0.759165
1.588730
1.354008
1.077817
1.766681
0.935688
0.855532
1.357535
0.582113
0.641424
0.341276
0.150162
1.813511
1.797046
1.651241
0.662590
1.186492
1.801490
0.669307
1.254567
1.818180
1.587760
0.911517
0.381477
0.940203
1.577426
1.025400
1.586642
1.578856
1.707266
0.489937
1.565222
0.267254
1.590477
0.308021
1.127263
1.201023
0.731672
0.159157
1.389431
0.493494
1.680833
0.954602
0.697405
0.570277
1.083260
0.111798
1.707930
0.427555
0.848122
0.757648
1.256695
0.970215
0.659578
0.275923
1.708913
0.230498
1.606255
0.748424
0.262162
1.586060
1.496267
1.078480
0.345561
0.184030
1.752042
1.186236
0.737862
0.432271
1.354869
1.638049
0.112784
1.369994
0.949068
0.841426
0.333381
0.253951
1.687223
1.574170
1.140577
1.453177
0.829907
1.708313
0.496354
0.073091
1.708540
1.817920
1.828151
1.269801
0.954878
1.707980
1.788459
1.709514
1.187261
0.091082
0.191869
0.712471
1.252559
1.818427
1.605579
1.748982
0.069149
1.065129
0.271869
1.718876
0.927123
0.949424
1.694060
1.285047
1.289215
1.585035
0.266878
0.195369
1.511886
0.174881
1.005778
1.012068
0.068250
1.077424
1.703500
0.351095
1.600408
1.586159
0.082198
1.174893
0.257755
1.188252
0.079259
1.714196
0.954422
0.687766
0.382457
1.708311
0.630201
0.093417
0.847915
0.602519
1.452578
1.281976
1.368376
0.509564
1.414213
0.067893
0.432397
0.184267
1.628192
0.839946
0.291833
0.314436
0.727154
0.878494
1.751598
0.887980
1.767888
1.140732
0.237573
1.234440
0.949059
0.278767
1.126725
0.236363
1.586239
1.511041
1.581944
1.820124
0.851860
0.131040
0.389858
0.379407
0.785559
1.718038
1.077454
1.182498
0.474958
0.948037
1.287155
0.616698
1.293631
0.996614
0.666760
0.520056
0.120458
1.357742
1.572925
1.707248
0.903597
1.357473
1.713905
0.948837
0.831049
1.571656
0.145817
0.483315
1.282399
1.593490
1.584293
1.588227
1.682429
0.955057
1.586028
0.071549
1.657479
1.586001
0.602032
1.257669
1.582856
0.091421
0.949051
0.214507
1.078686
0.259130
0.768191
1.491129
0.922504
0.223148
1.763041
0.241503
0.954668
0.123288
0.629066
1.259422
0.140043
1.462411
0.841150
0.854881
1.586323
1.172215
0.690067
1.295517
0.443061
1.586131
0.221115
1.452770
1.509249
0.947744
0.068084
0.176249
0.630881
1.610233
1.805140
1.666780
1.815965
1.706839
1.188823
0.464443
0.843761
0.474954
1.501010
1.357264
1.132727
1.607465
0.247267
1.404198
1.633292
0.403558
0.073410
0.366174
0.954269
1.360601
0.080244
0.163055
0.080580
1.592113
0.297487
0.501430
0.346339
0.757015
1.707487
1.473552
1.708508
1.283461
1.581163
0.714144
1.601958
0.547352
1.499575
0.192065
1.006503
0.225580
0.168031
1.606512
0.277378
0.521689
1.728798
1.586061
1.333488
0.071205
0.631324
1.327683
0.308476
1.710631
1.764586
1.573195
1.502727
0.461862
0.711800
1.709113
0.593524
1.121166
0.953484
0.176683
1.174818
0.277313
0.337440
0.344837
1.569594
0.212291
1.128669
0.301355
1.839371
0.359306
0.127091
0.717565
0.090991
0.711223
1.742738
0.893032
0.718225
1.568132
1.899619
1.687751
0.138911
1.079041
1.588693
1.186092
1.782146
1.647426
0.324986
0.509648
1.175868
0.243082
0.524885
0.221131
1.179940
0.155253
1.029901
0.752985
1.071148
0.564853
1.852131
1.189293
0.168118
0.535319
0.134267
0.829306
1.624181
0.629319
0.072921
0.110704
0.177017
0.734848
1.342131
1.081120
1.585244
1.782631
1.464990
0.632169
0.160446
1.497337
0.920076
0.187945
0.935679
0.707973
0.402465
1.289467
0.071409
0.077651
1.774780
0.135214
1.357064
0.584630
0.397591
1.815620
0.954475
0.108735
1.286884
0.657352
1.065065
1.582323
0.298275
0.354756
1.518763
0.949988
0.968142
0.544839
1.666531
0.954798
0.162663
1.079264
0.727360
0.097570
1.800828
1.176450
1.568581
0.584416
0.938998
1.568322
0.948589
0.894589
0.068685
0.340708
0.766960
1.587213
0.552772
1.707687
1.079527
1.325255
1.877369
1.358640
1.127005
0.952037
1.313265
0.932860
1.581866
0.826163
1.340906
0.068552
0.067528
0.214693
1.308256
1.676416
1.613913
1.356111
0.525089
1.461179
1.585215
1.127124
0.706217
1.574955
1.127367
0.113985
1.710672
1.074657
1.379320
1.010076
1.814843
1.189432
0.196788
1.259471
0.631202
0.335258
1.082446
1.079272
1.079274
0.088786
0.218082
1.552589
0.370185
0.454917
0.088443
1.585201
1.813974
1.401200
0.079899
1.453001
1.251835
0.297379
0.890399
1.707580
0.896514
1.473765
1.813804
0.557889
1.499128
0.735729
0.954127
1.674942
0.449476
1.011707
1.474786
1.588169
1.390617
1.621337
0.492605
0.957712
1.214104
1.431903
0.948545
0.148882
0.959826
0.681491
1.706505
1.220662
0.485925
0.255433
1.531615
1.285680
1.046413
0.090168
1.707829
0.528878
1.188611
1.612005
1.564796
0.303472
0.608250
0.973867
1.495311
1.370542
0.298908
1.714831
0.159926
1.585927
1.250830
0.510319
0.682058
0.289815
1.584030
0.273654
1.582717
1.837063
1.207843
0.085264
0.276989
1.672160
0.930144
1.532142
0.075277
0.318676
0.516598
0.954221
0.942337
1.616029
0.997170
0.777146
1.233890
0.068959
1.199225
0.164634
1.708104
1.345226
0.752745
1.349501
1.080534
1.182322
1.707781
1.702561
0.954260
0.621629
1.494650
0.390712
1.006509
1.525800
0.069135
1.516100
0.454895
1.703483
1.146918
1.252480
1.662803
1.289646
1.362918
1.710003
0.353387
0.391782
0.089106
0.570043
0.439742
0.934327
0.479050
0.704419
1.496517
0.106152
1.364385
0.438375
1.287917
1.788774
0.079055
1.453518
0.957687
1.206660
1.812469
1.583089
0.465173
1.709727
1.326417
0.115553
1.254451
0.335999
0.654578
0.468845
0.905047
0.124855
0.856662
0.529544
0.947413
0.365744
0.785981
0.845775
0.832126
0.309270
0.955074
0.530965
0.307502
0.493739
0.357629
1.694644
1.127558
0.921842
1.584620
0.920833
0.726147
1.808436
0.603900
1.331414
1.355382
0.955025
0.185894
0.126851
0.069283
0.068736
0.788582
0.954639
1.456238
1.591637
0.657082
0.692731
0.445954
1.367240
0.779085
0.324508
0.969411
1.187997
0.539204
1.818360
1.359169
1.127462
1.253753
0.098034
0.587875
0.590725
0.434130
0.956381
0.405660
0.737044
0.357147
1.671288
0.277489
0.488110
1.582927
1.406057
1.652176
1.127103
1.126650
0.731577
0.902349
1.699455
0.484815
1.446700
1.347866
0.900241
0.074614
0.069847
0.847796
0.273739
1.079599
0.157637
0.132797
1.454472
1.290102
1.188252
1.535691
0.576050
1.587921
0.374027
0.480515
1.812476
0.624737
0.259681
1.355340
0.950021
1.811105
1.815046
0.363980
1.566658
1.187822
1.809420
0.121022
0.868504
0.620643
0.144913
0.511913
1.240819
0.966787
1.080625
1.804880
0.648463
0.079827
0.129125
0.246328
0.518970
1.710055
0.461908
1.083006
1.698778
0.878916
0.082363
0.775431
1.811832
0.183930
1.368233
1.255199
0.538481
0.631701
1.354183
0.121201
0.665756
0.361003
0.086664
0.150599
0.524491
0.768973
0.070873
0.460510
1.698489
1.654306
1.219921
0.475033
1.860680
0.411373
0.504190
1.781678
0.474262
0.193554
0.341311
1.585978
1.327740
0.788008
1.519206
0.427796
1.005631
0.475769
0.567957
1.555996
0.723927
1.702123
0.287882
0.516519
0.456489
1.459180
0.633592
0.244418
0.107746
1.437768
0.885218
0.263004
0.220926
0.107263
0.789145
1.099502
1.085030
0.286904
0.158948
0.470220
0.068762
0.630851
1.604493
1.447479
1.098198
0.096565
0.109071
0.370249
0.271348
1.079052
1.588693
0.077138
0.414346
1.255454
1.080299
1.366883
1.571092
1.585782
1.751122
0.682903
1.576194
0.533420
1.452745
1.813166
0.951319
0.630775
1.344425
1.577520
0.423285
0.459149
1.748147
0.683250
1.450717
1.360033
0.750970
0.710825
0.682545
0.205255
0.072024
0.333380
0.079123
0.464733
0.281836
1.779297
0.133085
0.364921
1.452072
1.453686
0.249789
1.014663
0.224592
1.076142
0.473167
1.378178
1.585121
1.355790
0.915143
1.700687
0.816476
1.581475
0.765845
1.184733
0.353153
0.354929
0.101017
0.854587
0.767657
0.263677
0.256990
0.822093
1.321013
1.704606
0.631537
0.979335
0.845223
0.144620
1.705938
0.462850
0.627947
1.078275
0.631943
0.960821
1.481286
1.079771
1.191621
0.193305
0.507877
1.698658
1.189705
1.189003
1.703753
1.686771
1.536317
0.919953
1.729651
1.526097
0.299686
1.588283
0.837616
1.586394
0.143744
0.808708
1.127052
0.284302
0.846745
1.855232
0.378276
0.681872
0.916096
0.163853
1.360109
0.330119
0.228310
1.372422
0.071627
1.708120
1.082064
1.620253
1.587877
0.958871
1.484258
0.425582
0.954427
0.628272
1.777197
0.554655
1.451616
0.476982
1.455369
0.872091
1.262753
0.166176
1.266431
1.815956
0.171859
0.613840
0.496979
0.494145
1.564710
1.072307
0.154202
0.199622
1.857840
1.378218
0.493495
0.386051
0.591129
1.806926
0.955381
0.949013
1.828546
1.254445
0.498738
1.541033
0.106582
1.199848
1.813971
0.811522
1.282109
0.768081
0.211783
1.697438
1.590528
1.025114
1.452832
1.818197
1.583042
1.489728
1.617247
0.906235
1.675740
0.952272
1.359752
1.841168
1.460625
0.388037
1.332018
0.099730
1.344379
1.639595
0.351146
0.427983
1.576938
0.537959
0.495113
0.772815
1.589790
1.805206
1.498345
0.213682
0.444377
0.495838
0.865685
1.585979
0.822484
1.457647
0.412112
0.441551
0.627039
0.880650
1.250734
0.561638
1.815709
0.956036
0.714492
1.189012
0.256811
1.303892
1.588952
1.584827
1.188103
0.643179
1.299993
0.067436
1.161097
1.187897
1.361125
1.585502
0.629214
1.595256
0.954698
0.950761
1.271035
0.521528
0.954625
1.709728
1.594628
0.459839
0.449744
0.724143
1.709469
0.750379
0.594565
0.951543
1.079329
1.588087
1.078886
0.987574
1.035052
0.216803
0.926340
1.188485
1.315777
0.087773
1.709220
1.254396
1.557909
0.276685
0.628906
1.291990
1.712664
1.439417
0.517664
1.519175
0.204623
1.189329
0.461271
1.012327
0.874066
1.504910
1.077002
0.281474
1.781310
1.587489
1.702818
0.115976
1.079203
1.126327
0.307746
0.316816
0.275515
0.342826
1.746760
0.156097
1.271914
0.083841
0.363090
1.503928
0.860064
0.533261
1.587528
1.126347
1.600806
1.667855
0.214253
1.707337
1.122122
1.175465
0.069213
1.188987
0.800748
0.349014
1.128006
0.511830
1.611695
0.202554
0.999344
0.939305
0.132509
0.120662
1.184599
0.827637
1.603305
0.104616
1.066243
0.113424
0.650419
0.949516
1.076197
0.588087
1.681633
0.263583
0.952804
0.102730
1.460288
0.446423
1.584788
1.260223
1.110177
1.067556
1.804979
1.187093
1.364512
0.719263
1.814680
0.088985
0.798154
0.484852
1.078913
0.490394
0.382262
0.255020
1.243064
1.748220
1.457907
0.297148
1.593555
0.437595
1.253112
0.360024
1.367441
0.393982
1.590693
1.572471
1.079592
0.706858
1.080222
0.115687
0.122866
1.358445
0.068136
0.344324
1.715207
1.714296
0.198277
0.954297
1.081095
1.289552
1.356607
0.478225
0.147360
1.579840
0.747564
0.067880
0.295549
0.558321
0.162384
0.131435
0.083158
0.243250
0.489923
0.289734
0.404826
1.589350
1.357775
1.092687
0.945864
1.819685
1.257280
1.733305
0.123482
0.069839
0.630572
0.164663
0.765437
1.519700
1.542630
1.585604
0.463855
0.628576
0.955223
0.379255
1.134534
0.590126
0.947883
0.675169
0.294615
1.648414
1.726211
0.248347
0.953184
1.709486
0.353148
0.636693
1.583775
0.503667
1.028265
1.528056
0.686180
0.402489
0.173117
1.433502
0.744339
1.666408
1.815619
0.437531
1.149541
0.980952
0.069427
1.722864
1.501699
1.127401
1.706956
1.542830
1.708080
0.321017
1.584137
0.241666
1.714515
0.074635
1.583873
0.215697
0.947929
1.314224
1.298994
0.623549
0.425058
1.807528
0.293765
0.870738
0.956129
0.179769
1.814343
1.178824
1.814325
1.400460
0.314245
0.332309
1.680878
1.452628
0.430659
1.047212
0.615697
1.503531
1.583030
1.817148
0.617468
0.190131
1.079774
1.190998
0.275925
1.509841
0.165984
1.769107
1.519897
1.857695
1.732189
1.192779
0.954061
1.092237
0.733055
1.062366
0.135732
0.280051
0.446879
1.281565
0.236294
0.718753
0.937732
1.363563
1.187701
0.648552
1.580296
1.709461
0.229660
0.589020
0.947633
0.317331
1.451228
1.553887
1.591001
1.281605
0.957484
1.078648
1.453533
1.571102
1.063076
0.748825
1.586534
1.287737
1.709196
0.942475
0.803926
0.624625
0.272868
1.255223
0.730886
0.465856
1.443284
0.194018
0.803027
1.796771
0.673078
1.342354
0.356151
1.796667
1.586126
0.447176
1.649068
0.286215
0.442973
0.283333
0.318002
1.012063
0.828644
0.495716
0.522014
0.800898
0.191757
0.621732
1.571164
0.932771
0.949713
1.576446
0.067942
1.452091
1.816202
1.072784
1.639863
0.955101
1.587765
0.730533
0.071576
1.606008
0.629402
1.247592
1.791114
1.761153
1.719667
1.587307
1.711197
1.710418
0.695398
1.083420
0.904908
0.913165
1.709410
1.452111
0.698321
1.519540
0.397400
1.053545
0.580412
1.562637
0.908473
0.803165
0.541273
0.818589
1.761035
1.355247
1.357880
0.954722
0.952664
0.841192
1.754013
1.080129
1.382774
0.513748
0.139260
1.188452
1.122746
0.188728
1.116346
1.078651
1.122515
1.571110
1.445581
0.186957
1.779593
1.300648
1.269975
1.432092
1.584740
1.025566
0.187247
1.814767
1.571430
0.946740
0.955002
1.584947
1.602385
0.960980
0.074576
0.415352
0.128474
1.534981
0.994947
1.453418
1.221150
1.589173
1.290648
0.697714
1.537878
0.165568
0.500355
1.709341
1.360375
1.734343
0.756686
0.711249
0.352361
0.631584
0.284466
0.483563
1.504104
1.708802
1.188264
1.354707
0.069399
1.634296
1.809090
1.756266
0.903166
1.322762
1.551099
1.356991
0.448770
1.290721
0.106801
1.576605
1.098356
0.566988
0.901491
0.373659
1.390824
1.312965
1.828929
1.426666
1.396880
0.732766
1.635071
1.253539
0.197086
1.597723
1.586645
0.954712
0.649900
0.725471
0.462818
1.079273
1.583776
0.218821
1.188315
0.927528
1.588355
0.938579
0.480981
1.704458
1.080284
1.716897
0.882671
0.411288
1.183272
1.128116
1.767347
0.932350
0.122997
0.848501
0.710009
0.941063
0.485183
0.930384
1.706251
1.348070
1.446547
1.020950
0.404645
0.135023
1.189442
0.475693
0.545463
0.076936
0.465714
0.640486
1.159727
0.616213
1.581511
1.178042
1.187930
0.234247
1.188040
0.624578
1.580587
1.355763
1.816899
0.954806
0.649253
0.632313
1.290084
1.255726
1.522117
0.447981
1.323641
1.581863
1.815751
1.809073
1.527003
0.078368
0.931177
1.598531
0.477032
1.707877
1.323380
1.452466
1.584875
1.514474
1.726250
0.099687
0.948843
0.916101
1.290098
0.217127
1.293218
0.728947
1.605169
1.715393
1.582180
0.993045
1.802890
1.506029
1.144810
1.509019
0.677110
1.790828
1.351970
0.070427
0.919720
1.255279
0.538538
1.126798
0.566211
0.576521
1.188763
1.162924
0.247290
0.461154
1.750310
1.000673
1.586839
1.126209
0.433073
1.707760
0.088611
1.617070
1.711702
0.732036
1.126251
0.874490
1.564603
0.415936
0.069518
1.287838
1.151387
0.489950
1.451935
0.675775
1.187414
1.223294
0.091391
0.810778
0.593150
1.593312
1.739998
1.200068
0.820854
1.379415
0.741047
0.298862
0.954082
1.809564
1.584942
0.239178
1.812164
0.107158
0.962635
1.086169
1.586257
0.464086
1.359183
1.261287
0.928630
1.355340
1.553720
0.878571
1.586132
1.585760
0.953588
0.469852
1.416583
1.009767
1.175359
0.267805
1.188546
1.351113
0.519929
0.542528
1.546434
1.667013
0.155340
1.078233
0.868871
1.646894
1.361416
1.254663
1.127639
0.090848
1.576790
0.955297
0.695458
0.290999
0.704950
0.809958
1.785255
0.934469
1.709751
0.271873
1.188420
1.600594
0.068787
0.312919
1.501929
0.144130
1.191797
0.680290
0.478376
0.441564
1.507405
0.818933
0.915513
1.249664
1.584745
0.530508
1.291701
1.585968
0.372401
0.322710
1.126207
1.708768
0.519900
1.710178
1.581801
1.452782
0.239687
0.532520
1.501476
1.328575
0.462401
1.605839
0.416291
0.719802
1.599205
1.708965
1.186849
0.244704
0.952820
0.198420
0.139659
1.591786
0.096418
0.143066
1.593122
1.662095
1.581095
0.110419
0.138676
0.957072
0.543990
0.622861
0.216396
1.452867
0.925775
0.067922
1.024930
1.814571
1.816233
1.619424
1.713636
0.510945
0.864188
1.591140
1.189855
0.931679
1.599838
0.196651
1.591517
0.476950
1.190340
0.310623
1.275482
1.810019
0.643068
1.588318
1.289127
1.582351
1.743176
1.818096
1.190449
1.821453
1.705470
1.254212
1.382702
1.578713
0.080560
0.451381
1.126180
1.656055
1.611174
0.721731
1.452565
0.174717
1.157755
0.884853
0.628551
1.590384
1.351842
1.578986
1.570736
1.071876
0.138672
1.701262
1.717560
0.572042
0.222788
0.851475
0.955088
1.649070
1.585925
1.047440
1.255042
1.710631
1.078193
1.583732
1.586120
1.750716
0.994148
0.203479
1.356434
0.679970
1.707941
1.454120
1.292491
1.451823
1.544118
0.399190
1.184948
1.109089
0.132287
1.751193
1.680952
1.759083
1.606403
0.950246
1.813273
0.704948
0.513931
0.124896
1.293397
1.564353
1.646408
1.357075
1.344734
0.248707
1.719786
0.474033
1.182765
0.628632
1.585768
0.769078
0.248335
0.108144
0.088184
1.263074
0.865761
0.932056
1.378352
0.554061
1.187598
1.326438
0.996186
0.244325
1.041654
0.504815
1.597218
1.732609
1.708628
0.634236
1.535959
0.398693
0.277838
0.509560
0.853256
1.707106
0.081693
0.960272
0.111526
0.499563
1.095701
0.712659
1.452104
1.075545
1.291991
1.253880
1.189095
1.584711
0.710406
0.192366
1.594438
0.412436
1.079872
0.286169
0.835028
0.795459
1.711852
1.088082
0.375955
1.816553
0.468697
0.463623
1.706578
1.479236
1.585419
1.245257
1.184216
0.322592
0.269529
1.288945
0.726017
0.392361
0.147147
1.555215
1.714425
0.971353
0.755405
0.408251
1.187137
0.072814
1.286718
1.591813
1.342807
0.718200
0.629994
1.707500
0.743550
1.817543
0.435897
0.736049
0.813049
1.079259
0.803668
0.559767
1.451472
0.955645
1.764515
1.452835
1.196839
0.588080
1.796478
0.068458
0.385814
1.289342
1.689997
0.327117
1.254827
1.188993
0.279704
1.453383
1.302599
0.307419
0.678154
1.764560
1.289318
1.585565
0.806927
0.166414
0.954636
0.380009
0.727714
0.138803
0.587592
0.901503
1.807873
0.111500
1.063400
1.356851
0.929508
0.630440
1.250040
1.470868
1.493865
1.583827
0.268957
1.509820
0.935620
1.580893
0.507207
0.100873
0.841866
1.335986
1.188644
1.506971
1.355782
1.394892
1.584475
1.524409
0.195108
0.926648
0.924959
1.706376
0.764140
1.078238
0.351747
1.327102
1.362171
1.453039
1.186321
0.272415
0.520635
0.917981
0.628664
0.547329
1.292530
1.253633
0.082454
1.806407
1.249012
0.387636
0.888960
0.487552
0.374412
0.167236
0.493003
1.583278
0.797935
1.294569
1.701355
0.145740
0.080485
1.360732
1.254300
0.628393
1.338648
0.407581
0.390280
1.471021
1.708229
0.076954
1.358530
0.630994
1.288615
0.790378
1.636474
1.251155
0.479183
0.956688
0.316285
1.262578
0.517863
1.191069
1.508726
1.381071
1.694331
1.539930
0.236211
1.529085
0.557835
0.069361
1.871288
0.181100
0.330488
1.457295
0.214509
1.655617
1.709308
1.075745
0.252355
1.802197
0.150572
1.264583
0.143211
0.499943
1.311160
0.627187
1.798988
1.608824
1.452715
1.188640
0.168202
1.171317
0.213256
1.583297
1.190613
0.612462
1.726561
1.363355
1.453172
0.206374
1.178860
0.315990
1.062354
1.079471
1.366336
1.762791
0.776752
1.779791
1.254423
0.624909
0.937081
0.413382
1.797220
0.727530
0.071735
1.631492
1.015833
0.724480
0.716721
0.155990
1.191877
0.729414
1.331251
1.359824
0.228978
1.576689
1.073469
0.688438
0.114295
1.752103
1.331221
1.560543
0.408145
0.308918
0.181014
1.748315
1.571066
0.692480
1.833844
0.425390
0.163511
0.073505
0.090013
0.722909
1.584533
0.436344
0.135565
0.627598
0.570741
0.139330
1.601539
0.646878
0.325456
1.554006
1.516962
1.180085
1.336557
1.708825
1.604282
1.173838
1.479664
1.292592
1.488266
0.785499
1.508085
1.127373
