0.764593
0.738413
1.535062
0.180886
0.447830
1.812791
0.208717
1.551929
0.990633
0.613812
0.305537
1.801014
1.364375
0.097554
0.984620
0.988121
1.933264
0.272113
1.029806
1.625101
1.627273
1.142298
1.921790
0.834417
0.655038
1.350261
0.192196
1.474292
1.494911
1.319078
0.949130
1.197918
1.059272
0.612864
1.058972
0.988121
1.758807
1.620944
0.275954
0.782435
1.623847
0.540283
0.988157
1.397721
0.985723
0.449188
0.123432
1.197417
0.214814
1.493205
0.680946
1.757849
1.393218
1.142668
0.803733
0.650416
0.078685
0.188414
1.197470
0.877839
1.819506
0.367310
0.415286
0.457980
1.491438
0.153727
0.217200
0.562591
1.215249
0.142811
0.208895
1.728629
1.623540
0.072957
0.081664
0.463751
0.989103
1.237881
0.423227
1.619514
0.694744
1.007285
0.597191
1.766565
0.181227
0.988422
1.201231
1.895999
1.272530
0.075717
1.258945
0.410518
1.142856
1.897296
0.190826
0.074363
1.548941
0.975154
0.203255
0.388820
1.142153
0.732334
1.262540
0.328694
1.917070
0.585225
1.816114
1.915436
1.416744
1.331311
1.210552
0.471659
0.142081
1.677130
0.630346
1.081397
1.318045
1.370974
0.242371
1.813135
0.582089
1.351222
1.722068
0.708755
0.994720
1.059227
0.088418
0.727662
0.274873
0.149497
1.582741
1.198128
0.714987
1.397812
1.620445
1.262733
1.380183
0.569797
0.735322
1.142920
0.795009
0.425221
0.096244
1.127193
1.143062
0.892985
1.327521
0.188602
1.756891
0.330599
1.331386
0.490435
0.911399
1.833024
0.371957
0.973743
0.621331
1.744537
0.335018
0.070513
1.577758
0.263745
1.810712
1.549137
1.624047
0.085264
1.756790
1.861633
1.403041
0.488875
0.675574
1.079102
1.484051
0.563139
0.105372
0.888403
0.163350
1.834854
1.405213
1.620565
1.757251
1.678306
1.407578
1.271003
1.811940
0.808040
0.530200
1.343850
1.379882
0.707727
1.526421
0.714723
0.988896
1.183908
1.930814
1.756765
1.200038
1.621842
0.086406
1.786493
0.081593
1.915174
0.418073
1.259418
0.230669
0.194264
1.023158
1.156744
1.264043
0.565830
0.493230
1.857846
1.843259
0.423702
1.143031
0.988122
0.330518
0.130909
0.584574
0.708135
1.592164
0.781807
1.423189
0.741937
1.405032
0.349049
0.195624
1.492828
1.728602
1.712006
0.193949
1.629095
0.527069
0.502846
1.081693
0.412262
0.991036
0.185316
0.642898
0.238671
1.494693
1.616787
1.058971
1.737618
1.141071
1.136844
0.170197
0.730054
0.776684
0.291623
1.816779
0.336998
1.330559
0.793914
0.393586
0.631844
0.988160
1.485402
0.457438
1.274137
0.080574
0.661132
1.238354
1.247313
1.141535
0.741248
1.346565
0.988413
1.728625
1.619561
1.728662
1.142926
0.787871
1.716755
0.080958
0.821550
0.423151
1.195642
0.343608
1.202738
0.315100
0.250560
0.564405
1.884985
1.454878
1.618105
0.149292
0.950563
0.735620
0.988115
1.551936
1.474514
0.440672
0.192809
0.580177
0.842986
0.876441
0.738081
1.606952
0.575631
1.461011
1.137697
1.668936
1.557489
0.069382
0.612366
0.844775
0.213641
1.437353
0.879157
1.142554
1.289844
0.184949
1.481058
1.612130
1.728646
0.305358
0.858581
0.988121
0.541404
0.072928
1.630279
0.114583
0.106537
0.789640
0.400799
1.623319
0.533569
1.589941
0.178516
1.763213
1.697114
0.209117
1.143023
0.974514
1.825336
0.600165
1.795878
0.606817
1.198330
0.631412
0.542600
1.620477
1.705198
0.587617
0.249944
1.140032
1.716254
0.356459
0.871073
0.630607
0.988289
0.074261
0.477715
0.769659
1.142982
1.618690
1.865075
0.868440
0.709985
0.390756
0.848658
0.067602
1.084626
0.076638
1.814338
0.988122
0.199487
0.097158
0.221186
1.756501
0.892145
0.213702
0.173028
1.819867
0.612875
0.739728
1.581411
1.623171
0.070980
1.053462
0.650293
1.908685
1.259029
0.088652
1.625357
1.878066
1.417368
0.296804
0.988120
0.508208
0.399442
0.304295
1.317409
1.492986
1.606006
0.414841
1.330078
0.509327
1.397100
0.537335
1.303012
1.145414
1.141641
1.286128
1.053125
1.615785
0.846627
1.409619
0.700852
0.177651
1.932094
1.917019
0.399845
0.272411
0.964997
1.728416
0.145376
0.077104
1.728495
1.623561
1.492940
1.081416
0.988282
1.143049
0.546870
1.913726
0.568509
1.371598
0.402773
1.143523
1.198886
0.834964
1.143741
0.401679
1.550063
0.140052
0.862724
0.816507
0.744436
1.314090
1.614347
0.090883
1.206095
1.623394
0.345816
0.126032
0.764386
0.526898
0.741845
1.921365
1.917932
0.508353
1.644977
1.414970
0.091846
0.121373
1.619393
1.380193
1.615182
1.215756
1.915055
0.098610
0.180439
0.154886
0.598503
0.989555
1.141207
1.397859
1.728178
1.112856
0.082005
0.175117
0.868672
0.633601
1.569604
1.648347
0.317561
1.201151
1.491102
1.728587
0.605246
0.441088
0.092860
0.639688
0.896550
0.423076
1.142099
1.622395
1.623458
1.813749
1.083180
0.905427
1.412657
0.898086
0.320437
0.769758
0.729097
1.141550
0.279234
1.920459
0.990509
0.782167
1.728639
0.620161
1.619016
0.660660
0.465360
1.615606
0.898656
0.608779
1.320406
1.861062
1.720647
1.811957
0.988125
1.924891
1.059031
0.347026
0.592696
0.862198
0.988087
1.203724
0.874045
1.907087
1.820654
0.237550
1.628722
1.409141
1.760851
0.448483
1.931579
0.223967
1.258567
0.424543
0.079853
0.616059
1.642890
0.279248
1.285176
1.142953
1.241758
0.988096
0.831359
0.897429
1.745774
1.143106
0.269392
0.875115
0.096395
1.618515
1.121890
0.899673
1.192123
1.262047
1.136969
0.472924
0.606676
0.807035
0.857265
0.721537
0.906193
0.308569
0.069884
1.427240
1.143200
1.620792
0.798968
1.930023
0.988277
1.396919
0.068295
0.218477
1.437823
1.236071
1.262342
1.767279
1.546847
1.680059
1.469661
1.623187
1.566485
1.142025
0.401251
1.914914
1.728580
0.581642
1.919338
0.073250
1.921472
1.733008
0.328188
1.921637
0.815111
1.143325
1.934786
0.616260
0.297137
1.246248
0.480619
1.820732
0.117934
0.388496
1.119724
0.214957
0.114356
0.255516
0.988140
1.751535
0.984709
0.073992
0.409674
1.142206
1.728548
0.068846
0.535222
0.981814
0.578718
0.070837
0.216781
1.803205
1.629498
0.209576
0.900731
1.411866
0.320973
1.618575
1.348883
1.009708
0.650458
0.418804
0.441485
1.059482
1.487741
0.988121
0.089526
0.097882
1.224506
1.347084
1.754616
0.379598
1.795535
0.976758
0.768875
1.401076
0.089252
0.986424
0.463441
0.466513
0.180901
0.400433
1.269668
1.934165
0.232329
1.492485
0.606953
0.987981
0.212403
1.891257
0.618602
1.759357
0.712873
1.810659
1.417081
1.142805
1.349483
1.816018
0.179310
0.322383
0.085671
0.103014
0.391461
0.600811
0.812510
1.728560
0.079082
1.222818
0.434590
0.072135
1.848047
0.665377
1.860004
0.495036
1.179740
0.068785
1.607778
0.076321
1.934590
0.739177
1.923594
1.589807
1.727638
1.611669
1.082261
1.487034
1.143812
1.855811
0.805455
1.757457
1.348226
0.825936
1.422024
0.181685
0.281575
1.141963
1.620242
0.075071
1.272835
1.616057
0.523885
1.813257
0.976792
1.754508
0.192979
1.260204
1.317363
0.399963
0.737576
0.988173
1.887763
0.132275
1.717948
1.083989
1.620176
1.548253
0.988030
1.596833
1.376490
0.188177
1.920533
1.380114
1.730396
1.409144
0.173856
1.913980
0.992755
1.430627
1.930929
0.431163
1.260757
0.924775
1.510708
0.179473
1.621093
1.150787
1.488510
0.192477
1.808424
0.411548
1.371010
1.082950
0.467690
0.611291
0.837306
1.533399
1.143021
0.988121
1.620555
0.508674
0.359352
0.374017
0.563859
1.331869
0.499610
0.362321
1.448233
1.634398
1.326369
0.298559
0.288255
1.329427
0.484737
0.873415
1.758223
0.087395
0.351806
1.918244
0.483384
1.208984
1.918221
1.934561
0.245793
1.828428
1.142258
0.074922
0.976724
0.414983
1.420171
1.315533
0.161384
0.832456
0.196588
0.344523
1.406310
0.115758
1.321644
1.081813
1.816790
0.932070
0.165161
0.341115
0.492045
0.691504
0.889140
0.067404
0.101531
1.540014
0.185445
0.246675
1.618928
1.635061
0.491570
0.308513
0.457020
1.197895
1.494879
0.781939
0.350161
1.430640
0.273286
1.415213
1.599446
0.989221
0.902597
0.463795
0.092875
0.241583
0.850140
1.417554
0.086453
1.619858
1.622176
1.122801
1.347299
0.672835
1.084434
0.788646
0.319245
1.796909
1.620928
0.098986
1.520844
1.349622
0.314184
0.814549
1.085357
0.665249
1.080794
0.606693
0.643060
0.300587
0.643153
1.140975
0.238663
1.621821
1.798374
1.933977
0.749626
0.375102
0.883104
1.833830
0.421619
1.476549
1.642968
1.328198
1.259750
1.884860
0.895620
0.297466
0.276050
1.402218
0.815628
1.239608
0.470857
1.359111
1.492483
1.258267
0.412228
1.612037
1.414589
0.247846
0.555580
1.650020
1.396740
0.342034
0.587899
1.619856
0.464848
1.139693
0.451406
1.260856
0.552059
0.141359
0.782700
0.857466
0.395614
1.142216
0.074679
0.214953
0.918318
0.384460
0.070423
1.929955
0.388940
1.135584
1.413331
1.691492
1.833595
1.310723
1.132672
1.349531
0.665524
0.573854
0.276180
0.190671
1.209005
1.161376
1.566454
0.261818
0.563017
0.643871
1.756852
0.792081
1.907249
0.745125
0.230628
0.750816
1.321772
1.201657
1.300259
0.883204
1.728698
1.907110
1.597695
1.619698
0.965948
1.929351
0.594419
1.542449
0.288538
1.811129
1.145399
1.928595
0.782928
1.488317
1.348833
0.336989
1.756604
0.381395
0.377048
0.784220
0.416872
1.136527
1.395368
1.717536
0.593228
0.078843
0.976789
0.762436
0.348751
0.071269
1.861200
0.567374
0.112960
1.285956
0.988122
1.431023
0.357956
1.142937
1.415446
0.736757
0.572517
0.983378
1.143542
0.976791
1.549867
1.916554
1.847996
1.315588
0.417809
0.792728
0.344461
0.196214
0.086092
0.988121
1.638373
1.080595
1.082591
0.310823
0.787845
0.442286
0.229263
1.453554
1.786780
0.425787
0.972009
1.828153
0.561348
1.143143
1.869340
1.409066
0.444561
1.333694
1.142562
1.080685
1.730266
0.302396
0.643394
0.355552
0.565255
0.448288
0.796963
1.249167
0.153063
0.500401
0.365453
0.988121
0.159772
1.142452
1.141192
0.718894
0.730466
1.620906
1.728625
1.144270
0.960194
0.508877
1.749682
1.059263
0.406530
0.801272
1.754068
0.813557
0.470099
1.686170
0.549450
0.678951
1.406943
0.154504
0.735139
1.059239
1.620763
0.458295
0.078608
0.438080
0.069387
0.483210
0.670454
0.095884
0.178220
0.563491
1.619346
1.397753
0.478391
0.895577
0.754906
1.136909
1.731372
1.423805
0.864168
0.597723
1.770232
1.420585
0.229600
1.762582
0.988121
1.059242
0.532500
0.121352
0.306567
0.394975
0.071132
1.728319
1.557765
0.333250
0.866918
1.417112
0.291418
1.621088
1.084086
1.259436
0.883780
0.988121
0.415023
0.878521
0.075016
0.632625
0.415800
0.359316
0.071070
0.236715
0.738727
0.610759
0.391717
1.921912
0.842940
1.634846
1.403436
1.653918
0.410937
1.723619
0.563134
0.125253
0.355181
1.807504
1.492175
1.143659
0.861099
0.954567
0.562123
0.882908
0.995149
1.044952
1.913807
0.682036
0.237255
1.195231
1.620221
0.752313
0.078578
1.059185
0.763410
1.619621
1.756230
1.560104
0.170876
1.390141
0.794107
1.059274
1.883359
0.109362
1.922966
0.153828
0.792706
1.619817
0.315295
0.860042
0.586053
0.352439
0.483517
1.081688
0.581356
0.507306
1.268372
0.245721
1.489837
1.417210
1.221900
0.321736
0.910731
1.710868
1.892114
1.257369
0.868641
1.286161
0.515750
1.918081
1.728651
0.198045
0.228628
1.680048
1.059090
0.896737
0.478902
0.422658
1.486488
0.626978
0.084939
0.481198
1.143141
1.815433
0.195804
0.793955
0.652244
0.148731
0.390246
0.193655
0.168919
1.634029
0.943820
0.127267
1.412930
0.884744
1.550254
1.662330
1.259536
0.503100
1.333327
0.894611
0.771716
0.972477
0.482986
0.775429
0.735835
1.080662
1.403057
1.200329
0.906994
0.100986
0.782366
0.903728
0.562613
0.988120
0.303692
0.992432
1.518291
1.643801
1.471208
1.545785
0.750795
1.758269
1.813987
0.310371
0.146878
0.296792
1.756854
1.348700
1.082245
0.984023
1.595487
1.699175
0.082647
1.490755
0.513154
0.988087
0.129503
1.890832
1.351702
1.142948
0.435616
1.336703
1.413715
1.137147
1.272934
1.494899
1.081681
1.617341
0.621400
0.220839
0.202837
1.428173
1.394899
1.811364
0.346124
1.653428
1.304058
1.799314
1.200346
1.620642
1.546837
1.199804
1.109047
0.079319
0.219737
0.134250
1.548783
1.925679
1.814174
1.761423
0.069824
1.210464
0.482522
0.783231
1.263404
0.592447
0.640421
1.137346
1.541704
0.183860
0.597002
0.552339
1.669375
1.627910
1.082550
0.983332
0.822766
1.414927
1.582210
0.522750
1.619864
1.228515
1.930115
0.345216
0.113226
1.616520
1.079373
0.155220
0.081017
0.904092
0.560004
0.714119
0.075245
0.943587
1.138284
1.619893
1.163103
1.209949
0.966848
0.179630
0.769788
0.214092
1.059293
1.142691
0.757256
0.876384
1.920437
1.493749
0.352146
1.618863
0.725374
0.075015
0.592225
0.370310
1.558657
1.866239
0.181466
0.355262
0.693583
0.189671
1.057072
0.717038
1.414371
1.728624
0.575058
1.326806
1.751638
1.620368
0.720369
1.143400
0.472258
0.293076
0.230687
0.189064
0.877927
0.630673
0.905812
1.621723
1.691525
1.562145
0.220072
0.739731
0.673204
0.401209
0.412314
0.605532
0.090032
1.840660
0.628731
1.324533
0.607145
1.204287
0.747779
1.620176
1.412095
0.141778
1.538821
1.907314
1.292172
0.755831
0.944839
0.823248
1.634015
0.734417
0.357381
0.550667
1.929446
1.756539
0.987961
1.728206
1.347864
0.608436
1.081748
1.726529
0.988149
0.547698
0.838930
0.067994
0.605574
0.256882
1.883114
1.621181
0.186229
1.052805
1.931118
0.443453
0.297054
0.194544
1.145905
0.709950
0.349235
1.207332
1.756546
0.608861
0.988127
1.239133
0.255001
0.085084
0.482150
0.450212
0.199928
0.353055
0.758882
1.626121
1.141990
1.933825
0.411458
0.624812
1.225973
0.379823
0.620097
0.149088
1.579462
0.202452
0.168761
0.796144
0.374891
1.331095
1.596578
1.416112
0.988120
0.988190
1.576025
0.415222
0.540242
1.254377
1.920255
0.553566
0.717239
0.330802
1.142488
1.728477
0.894454
0.415126
0.072702
0.214225
1.810859
1.919118
1.677876
0.293513
1.212262
0.988097
1.142794
1.620808
0.775892
1.769382
0.314960
1.602836
1.122847
1.350268
1.933784
0.730813
0.794999
1.114110
1.491949
1.635082
1.350225
1.253720
0.805182
0.426838
1.812565
0.187799
0.976789
0.432242
1.729003
0.988846
0.152291
0.416677
0.514662
0.741218
1.704863
1.397686
1.624461
1.250874
0.614283
0.612894
1.916651
1.633196
0.975098
0.079287
1.630695
0.970484
0.576079
0.196744
0.692084
1.347426
1.760320
0.900359
0.371882
0.960586
1.143021
1.810573
0.630524
1.728601
1.606039
1.257293
0.435600
0.416296
1.621791
1.695711
1.385276
0.399132
1.620757
1.319539
1.143019
0.366698
1.629524
1.275130
0.867347
0.238277
0.088466
0.800671
0.894444
0.987968
1.618169
0.738840
1.622890
1.203233
0.120720
1.203278
1.834889
0.414065
0.303033
0.608249
1.262466
0.075929
1.413127
0.904602
0.988127
1.115698
0.752797
1.592385
1.411732
0.989795
0.634305
0.197962
1.921550
1.320374
0.424387
1.227815
1.415399
0.119484
0.927747
0.497692
0.457284
0.848405
1.143298
1.142371
0.087198
1.630087
0.628576
1.919819
0.773390
1.348040
1.220146
1.143006
1.425665
0.988121
0.312152
1.558327
1.346292
1.141898
0.536615
0.340216
0.989857
0.093451
0.890155
0.995684
1.611948
1.314246
1.617055
0.755929
1.253631
0.180406
1.084929
0.893183
0.252175
0.096815
0.991161
0.852072
1.146303
0.388616
0.701441
0.212965
1.903606
0.692895
0.455934
0.347650
0.677627
0.142666
0.802931
0.338520
1.202282
0.360302
0.264660
1.164962
0.747395
0.168736
1.482018
1.143121
0.683777
0.183189
0.988131
0.345597
0.845934
0.203879
1.619952
1.253875
0.132012
0.236510
0.204018
0.067802
0.356499
0.422210
1.220724
1.675183
0.237561
1.825574
0.296193
0.274911
0.793881
0.072555
1.100685
0.976792
0.988121
0.345886
0.537611
1.534627
0.350607
0.352311
0.226529
1.931987
1.347002
0.987789
0.435899
0.972748
1.140289
1.323768
1.778127
1.082423
0.162248
0.537672
1.620307
1.223102
1.620695
1.511018
1.413982
0.096226
0.395606
1.719835
1.590739
1.615028
1.205024
1.355136
0.740222
0.708745
0.857106
1.143131
0.241938
1.437609
1.264767
0.736075
1.415705
0.796322
0.256010
1.142859
0.815688
0.084597
1.756705
1.141860
1.142478
1.756256
1.824393
0.579505
1.486249
1.198730
0.187631
0.141587
0.584509
0.988120
0.409429
1.415586
1.911305
0.775270
1.490353
0.200553
1.119945
0.750830
1.813031
1.678100
1.800802
1.237685
1.142887
0.975973
1.058126
1.142877
0.988118
0.838696
1.348107
1.709041
1.396786
1.548801
0.548328
0.988122
0.245940
1.553765
0.969731
1.814352
1.630447
1.618773
0.385961
0.506376
1.873685
0.881214
0.920766
1.610964
1.922480
1.810491
0.221447
0.413605
0.300624
1.918824
1.284875
0.883320
1.934413
1.900943
1.600731
1.142942
0.136658
1.618239
0.900656
0.976792
1.756618
1.785156
0.200230
0.124031
1.760725
1.613129
1.621097
1.190693
0.110314
1.416799
1.487566
0.570961
0.902132
1.619358
1.414306
1.231793
0.161909
0.077492
0.074033
1.329810
0.784236
0.988054
1.089761
1.608284
1.199066
0.144707
0.812238
1.635894
0.416837
1.244660
0.171788
1.347112
1.140570
0.726494
1.621715
0.078542
1.622020
0.198242
0.628695
1.284023
0.656712
0.162848
1.469287
1.425840
0.533663
1.254258
1.566567
0.159673
1.757246
1.622631
0.519843
1.144361
0.154441
1.214874
0.528583
0.390024
0.969846
0.988176
1.059047
1.618492
0.489413
0.631235
1.363432
1.263775
1.297412
1.618462
0.772958
0.988127
0.673151
0.215444
0.988044
0.988120
1.262213
0.067765
0.461864
1.455489
0.571736
0.184996
1.414598
1.795293
1.925717
1.349020
0.398035
1.258489
1.261004
1.641931
1.607220
1.145478
0.950247
0.570259
0.327884
0.208311
0.988121
0.397050
0.892074
1.729095
0.904773
1.712419
0.835568
0.290682
0.475682
0.430879
1.445473
1.627949
1.142861
1.613320
1.348999
0.736645
0.681974
0.088791
1.142657
0.826285
1.586792
1.080530
1.415699
0.972657
1.059076
0.073838
1.414806
1.930876
0.097547
1.756726
0.338373
0.696650
0.284195
0.386812
1.284767
0.562858
0.744371
1.176163
1.612379
0.252459
1.728499
1.934049
1.371668
0.592477
0.404265
0.285484
1.225069
0.078220
1.142659
0.074371
1.521909
1.334747
1.539631
0.704038
0.461938
0.069613
1.813864
1.413321
1.806435
0.606859
1.633099
1.081611
0.298609
0.865247
1.548351
0.646429
1.549141
1.551467
0.407886
0.171788
0.192561
0.223315
0.177052
0.630316
0.562352
0.488749
0.208155
1.620695
0.090383
0.941604
1.606860
1.149568
1.137046
1.625295
1.332316
1.101926
1.257987
0.566724
0.816045
1.812692
0.476094
1.016053
0.077921
1.633188
1.626871
1.080625
1.226209
0.988120
1.931011
1.934258
1.265183
0.795055
1.621010
1.059151
0.326005
0.646668
1.414684
1.905797
1.547236
1.453063
1.187922
0.552432
0.284881
1.143863
0.075434
1.353619
1.334744
0.519262
0.068280
0.903914
0.988121
0.521141
0.782635
0.905849
0.356846
0.382040
0.741431
1.618510
1.041048
0.407604
0.725395
1.917668
0.093981
1.728790
1.210040
0.990283
0.307331
0.340859
1.059233
1.257993
1.142997
0.801668
1.170550
1.933949
0.792504
1.728486
1.460534
1.622387
0.173081
1.875453
0.874801
1.758068
1.344966
0.895666
0.590614
1.730317
0.863049
1.815662
0.371850
0.319556
1.837640
0.205281
1.208084
0.429205
1.251747
0.172385
1.728531
1.145684
1.414972
1.417344
1.613396
1.563758
0.076710
1.622350
0.223393
0.655799
1.078074
0.430763
1.921106
0.386105
1.913867
1.144425
0.600945
1.573187
0.549561
0.787750
0.523847
1.716630
1.322992
0.988558
1.396562
1.059232
0.465359
0.258201
1.655180
1.600531
0.206542
0.185720
0.155967
1.815023
0.514560
1.494877
0.722831
0.183020
0.423013
1.933790
0.070428
1.188818
1.142718
0.976470
0.705918
1.198860
1.619193
0.798609
0.516533
1.348819
0.728965
0.177153
0.510422
0.596405
0.532475
0.741645
0.561846
0.758594
0.510960
0.837790
0.743662
1.099678
0.254323
1.728350
0.849495
0.870409
0.258241
1.919795
1.843645
1.262233
0.508989
0.352288
0.576485
1.919254
0.233677
0.229722
1.814488
1.262944
1.189162
0.661852
0.973370
0.395759
0.169567
0.243320
1.317029
0.794828
0.851599
0.296411
1.348307
1.799825
1.823739
1.796566
0.093240
1.028007
0.144980
0.601079
1.622353
1.816211
0.483969
0.572137
1.605607
0.481058
0.656880
1.552380
1.618277
1.389410
1.317517
1.186725
0.598659
0.742399
1.054524
1.136829
1.625677
1.683330
1.813744
0.804835
0.109747
0.572010
1.559691
0.988122
0.988037
1.758601
0.778390
0.851984
1.197507
1.810510
1.619798
0.872443
0.362206
1.042292
1.539256
0.412258
0.374604
1.240272
1.349833
0.073901
0.989943
0.368740
0.592194
0.767647
1.920235
0.925493
0.255394
0.801139
0.464530
1.747984
1.197187
1.802703
0.789888
0.988247
0.291910
0.865807
0.987718
0.969676
1.812633
1.621855
0.896281
1.615036
0.994277
1.142851
0.840731
0.220052
1.310723
1.620298
0.827579
0.734433
1.347501
0.720695
1.142996
1.544603
1.084921
1.285078
1.381171
0.500414
0.210241
1.207638
1.022729
0.396729
1.840008
0.744696
1.728949
1.084794
0.584965
0.094187
1.622434
1.496098
1.267139
1.428720
1.082584
1.412345
1.669238
0.111966
0.169973
0.897455
1.813293
0.775741
0.087668
1.397117
0.447271
1.443237
1.727826
1.227118
0.737731
1.089435
1.756623
0.788869
1.084065
0.079734
0.988121
0.375005
1.139256
0.988239
1.326433
0.436853
1.557631
1.549311
1.865629
0.878034
0.068282
0.199435
1.917625
1.815232
0.396782
0.070356
0.808087
0.523424
0.306586
0.123935
1.609725
0.889195
1.348267
0.335847
1.334485
0.158371
1.759419
0.713017
1.115700
0.283725
0.293008
1.140232
1.618714
0.528557
1.815596
0.994516
1.728306
0.842239
0.834843
0.145329
0.271918
0.232615
1.214400
1.706263
0.292847
1.932450
1.762467
1.615671
1.821418
0.228621
1.549023
1.609544
0.620898
0.202707
1.909124
1.143076
1.280458
1.550591
0.363050
0.765151
1.921383
1.757309
1.859741
0.744190
0.433548
0.195672
1.620297
0.788071
0.754843
1.929404
0.849655
1.140874
0.450910
0.617412
0.865744
0.800417
1.339786
0.179260
0.803396
0.565752
1.334373
1.320263
1.415246
1.347842
0.831383
1.665877
1.929508
0.342798
0.415312
1.143013
1.335773
0.230635
0.681944
0.345889
0.475626
0.507925
1.069313
1.156070
1.814733
0.827946
1.934119
0.653105
1.141076
1.808754
1.631057
0.186737
1.568559
1.412178
0.076526
1.816096
1.200300
0.360923
0.401380
0.988442
0.398907
0.338487
1.347980
0.879277
0.502566
0.075785
0.343674
0.078811
0.233673
0.497287
0.257878
1.728740
1.411491
1.934402
0.563021
0.587173
1.620959
0.746112
1.608567
1.656999
0.786210
1.415147
0.344152
0.177022
1.553400
0.988153
1.754416
0.786874
1.335001
1.169905
1.920908
0.526432
0.579028
1.617300
0.987982
0.283102
0.338335
1.583137
1.579171
1.618845
1.603200
0.639160
1.853355
0.987627
1.454973
1.768209
0.781624
1.152040
1.605668
1.142790
0.566817
0.299754
0.175995
0.068926
1.059296
0.583219
1.751674
0.221695
0.195793
0.449201
0.848608
1.080774
1.491928
0.975101
0.387240
0.600365
1.914870
1.712433
1.838410
0.652528
1.728611
1.266278
0.573112
0.491230
0.260364
0.766053
0.767686
0.301748
0.912663
0.103460
0.088274
0.274147
0.741457
1.289779
1.548545
1.141960
0.933086
1.903718
0.988125
0.398823
1.795251
1.858956
0.160225
1.143927
0.909496
1.803457
0.410604
0.898953
0.988109
0.427586
0.071357
0.419014
0.580699
0.811342
0.939762
0.148906
1.118946
0.087483
0.691562
0.068823
0.988793
1.266657
0.805517
0.197982
0.089444
0.071592
0.124468
0.988121
0.730213
1.570075
1.397643
1.476178
1.546764
1.418242
1.142727
1.084726
0.253355
1.161468
0.988127
0.735071
1.081820
0.368090
1.298141
1.327078
0.457412
0.622083
0.552436
1.728075
0.073727
1.930651
1.339261
0.985349
1.492666
1.081759
0.890216
0.446417
0.899773
1.152143
1.141648
1.629088
0.877711
1.621443
0.689453
0.988121
1.084908
1.487878
0.710684
0.221165
1.930608
0.322481
0.136429
0.312887
1.666896
0.758181
1.726666
1.494372
0.899107
1.829447
0.976415
1.364822
0.994591
0.087642
0.581983
0.646583
1.081572
0.204170
1.142748
0.711879
0.091955
1.728515
0.077474
0.606225
0.319077
0.572926
1.618652
0.838008
1.143239
0.987856
1.083338
0.571921
0.839751
1.208199
0.346227
0.732275
1.265096
0.071632
0.868727
0.337329
0.093265
0.902330
0.487275
1.489626
1.347382
1.548368
0.988031
0.096118
0.119930
0.584882
1.391137
0.384524
0.988131
1.386523
1.471937
1.756624
0.767066
0.988121
1.623532
1.487366
0.162313
1.209794
0.469351
0.610024
0.470582
1.490846
1.620015
0.740313
1.568557
0.071999
0.201795
0.175849
0.348761
1.414352
0.603718
1.791905
0.482061
1.199414
0.406495
1.014440
0.575155
0.905493
0.802690
0.911534
0.135156
1.622047
0.484263
0.204376
1.255418
0.193696
0.165868
1.602614
0.473083
0.353475
0.205579
0.827274
1.816711
1.140386
0.227306
1.290240
0.201936
0.094976
0.988120
1.628356
0.255091
0.614998
1.540107
1.728607
1.610138
0.332725
0.673880
1.621079
0.213832
1.590140
1.931713
0.874626
0.897296
1.283849
1.804247
0.878868
0.070132
0.207352
1.922137
0.493968
0.395055
1.325233
0.307011
1.907992
0.283783
1.397616
0.973258
0.722815
0.125744
0.091837
0.793231
1.150563
0.824960
0.867480
1.081750
1.626733
1.350168
0.188365
1.757960
1.728539
1.547803
1.793993
0.742950
1.877955
1.423045
1.396491
0.400375
1.695143
1.332322
1.622089
1.247365
0.754400
0.335506
1.174956
0.742255
1.347994
0.222364
1.629536
0.734575
1.728579
1.395440
1.059308
1.347888
0.976782
1.414551
1.731021
1.174402
0.238007
0.976792
1.059174
0.094099
1.838576
0.777695
1.679872
0.124290
1.230870
0.091469
0.139286
0.230044
1.928832
1.758804
1.728173
1.728634
0.069752
0.701471
1.142852
1.144889
1.199006
0.506860
1.933220
1.564292
0.367790
1.083946
1.758112
0.582791
0.392482
0.077472
1.142955
1.549209
1.080721
1.913863
0.225916
0.721587
1.142929
1.202247
1.255942
0.349514
0.635090
1.082236
0.072243
0.758056
0.162033
0.498979
0.941937
1.277917
1.193518
0.820706
1.555643
1.617104
1.621171
0.157924
1.630516
0.346694
0.457779
1.334744
0.553873
0.392238
0.084335
0.904001
1.747527
0.234576
0.573797
1.815677
0.096437
0.403995
0.816240
1.332117
0.409819
1.921213
1.207340
0.304899
0.792996
0.067490
0.675848
0.988143
1.396446
0.677967
0.101704
1.624808
0.069121
0.215487
0.497455
1.399944
0.446312
1.612157
0.767558
1.058979
0.077533
0.092451
1.641972
1.321053
1.152183
1.925200
1.618663
0.082724
1.811202
0.664750
1.229448
1.081725
0.753924
1.816075
0.824306
0.616603
1.491783
0.217612
1.398607
0.880579
1.317883
1.694202
1.143047
1.725768
1.920161
0.988135
0.597638
0.901910
0.260857
1.845843
1.934030
1.213111
1.757019
1.617434
0.988107
1.776044
1.610042
0.462280
0.694761
0.917039
1.397317
1.916706
0.106936
0.196501
0.988121
0.424743
1.621846
1.933368
1.548918
1.414347
0.548259
1.844623
1.623736
0.327345
1.624301
1.394711
1.278417
1.320578
0.332766
0.069783
1.488046
1.883219
1.196576
0.427302
0.426676
0.373230
0.550739
1.464123
1.920861
1.413044
0.398319
1.606058
0.593071
1.427697
0.406945
0.447495
0.822333
0.297911
0.533645
0.138672
0.166247
1.621323
0.462268
0.173422
0.740942
0.197169
0.817314
0.325305
0.196529
0.863697
0.870879
1.363244
1.199705
1.052952
0.849299
0.836237
1.631859
0.690787
1.840121
1.325649
0.269763
1.909856
0.848803
1.143023
1.724968
0.416445
1.143261
0.132897
0.795185
0.548370
1.725235
1.398067
0.927479
0.528891
0.687600
1.909915
0.757818
0.099867
1.196810
0.588728
1.867675
1.619257
0.086246
1.108008
0.988073
0.181038
1.324375
0.117752
1.206879
1.619077
1.728067
1.819341
1.472615
1.617827
1.642413
1.491215
0.184466
0.489416
1.756741
1.493318
0.208733
0.988119
0.988154
0.279795
1.612308
0.092653
1.142934
0.307176
1.720430
1.142746
1.261507
0.349356
1.205127
1.618991
1.143069
0.737560
0.127804
1.756589
1.488279
0.178326
0.370921
0.721004
1.207870
0.781124
0.823567
0.217373
1.812370
0.988121
0.802415
0.676586
0.363057
0.182016
1.830648
1.143342
1.230220
1.880233
1.348912
0.635931
1.460919
0.073163
1.728589
0.599412
0.805884
0.176465
1.817705
0.695984
0.703130
1.560284
1.728851
1.814959
0.070558
1.721065
0.987825
1.729581
0.334622
0.163909
1.934631
0.988098
0.387851
0.771027
1.751925
1.728739
0.746520
0.967942
0.988198
0.130233
0.773266
1.261942
0.598725
0.411335
1.728580
1.317857
1.433827
1.628063
0.776361
0.484118
1.333181
0.784976
0.069689
0.510512
1.714281
0.359436
0.608089
0.084048
0.721528
1.932002
1.812361
1.207349
0.988122
0.172391
0.341818
0.756301
0.270594
0.588184
1.750655
0.897254
1.800101
0.729860
0.973698
0.364882
1.302257
0.988066
0.786514
0.076551
1.082748
0.067972
0.537590
0.074749
1.416744
0.315418
0.391471
1.661086
1.930716
0.643398
1.934371
0.079257
1.143253
0.919266
1.727489
0.069546
1.422830
1.487933
1.532103
0.210664
1.762367
1.491782
0.385438
0.470123
1.568923
0.885538
0.081100
0.956264
0.689399
1.406779
1.728494
1.204885
1.637852
0.281972
0.557118
0.988115
0.987961
1.210214
0.115740
0.313412
0.195612
0.073426
0.506176
1.720411
0.304813
1.905139
1.716025
0.078985
0.460703
1.620881
1.349611
0.973027
0.154454
1.143905
1.757157
0.211728
0.431622
1.614657
0.587115
0.988202
0.118667
1.142629
0.078126
1.142675
0.551822
0.164174
1.908745
1.413913
1.346989
1.756749
1.728435
1.138993
0.855602
0.203824
1.535533
0.575183
1.557773
1.025678
1.004735
0.523853
0.365259
1.319726
1.005005
0.115797
0.327631
1.415867
0.431863
0.112141
0.621767
1.412235
1.558649
1.281336
1.618644
1.397500
0.068312
1.090231
0.373378
0.986103
1.347118
0.075800
0.752158
1.932305
1.433757
0.233991
0.988765
0.742453
1.235436
1.551557
0.696082
1.728455
1.080778
0.810805
0.986766
0.988055
0.832387
0.096850
1.933071
1.934694
0.608661
1.790733
0.874244
0.262129
1.756650
1.200022
0.720059
0.424719
0.799753
0.091840
1.245584
0.562086
0.970136
1.686148
0.972175
0.605893
1.817991
1.815032
0.628090
0.088083
0.332431
0.213276
0.777095
1.142795
0.396164
0.981530
0.101265
0.901113
0.340309
1.657101
0.542456
0.146029
1.454732
0.467524
1.272493
0.091099
0.605757
0.219659
1.728649
0.857912
0.590684
0.083719
1.838104
0.975917
1.622710
1.142991
0.905964
0.189534
1.619021
0.413156
0.988004
0.856242
0.830487
1.206164
0.698833
0.174648
1.908103
0.296371
1.339633
0.390660
1.139404
0.553755
0.497631
1.727775
1.903135
1.856435
0.289792
1.594600
0.316861
0.765410
1.931019
1.875713
0.150298
1.256146
0.715609
0.904290
0.102347
0.255646
1.254738
0.297278
0.777929
1.728058
0.858073
1.347044
1.926647
0.348682
1.492041
0.726149
1.758371
1.874233
1.933894
1.238372
1.616799
0.160502
1.545028
0.237284
0.585062
0.144733
1.142824
1.202559
1.502541
0.826109
1.716790
1.618873
0.643973
0.428547
1.769760
1.199626
1.917515
0.341765
0.988121
1.616940
1.633168
1.190362
1.779812
1.142930
0.270906
0.194773
1.618563
1.152966
1.730329
1.488941
1.285889
0.375290
1.547742
0.421229
1.902765
1.257945
0.199772
1.437094
1.621768
0.531472
0.618345
1.318619
1.843829
1.489760
0.891339
0.295291
1.386859
0.223615
0.770726
0.457903
0.268405
0.238052
0.451041
1.139850
1.333999
1.081028
1.046916
1.635156
0.562768
1.619042
0.395563
1.038394
1.756726
1.083062
0.713910
0.207096
1.578961
1.157141
1.613247
0.974022
1.350107
0.180807
0.845804
1.813939
0.612333
0.720756
0.903134
1.378195
1.114715
0.200579
1.756542
0.079404
0.762227
0.622193
1.782357
1.142662
1.915646
0.579260
1.346782
1.143198
1.420763
0.900272
1.813331
1.376194
1.393216
1.141871
1.285252
0.602562
1.239990
1.417468
0.191056
0.989183
0.185132
1.918433
1.253810
0.771685
0.185908
1.104534
0.807658
1.447964
1.349228
1.309434
0.078124
1.143033
0.071222
0.414158
1.548832
0.894691
0.890074
1.491325
1.895181
1.623753
1.382757
0.988202
0.176190
0.273325
0.538052
0.537550
0.391724
1.416224
0.403766
0.191984
0.393925
1.724382
1.756957
0.140260
1.919035
0.728093
1.141432
1.606390
1.601171
1.842744
1.548441
1.350163
0.321883
0.885902
1.346358
0.080839
1.059092
0.572279
0.158054
1.082854
0.295399
0.855052
1.620763
0.988121
1.917411
0.633626
1.757715
1.808087
1.632136
0.161388
1.621825
0.702960
0.237299
0.729864
0.567572
1.150407
0.833160
0.945061
0.279917
1.905186
1.418258
0.986961
0.145318
0.832499
0.072911
1.510084
0.106905
0.363625
0.630044
1.536737
0.076168
1.622610
0.845340
1.142033
0.659979
0.725989
1.868544
0.994160
1.142661
1.142458
0.441190
0.393745
0.723975
1.663014
0.173074
0.835011
0.866915
1.493289
0.932193
1.416872
0.786848
0.075684
1.817213
1.915531
0.070286
0.350325
1.491438
0.601749
0.888224
0.905502
0.097220
1.285313
1.486640
0.396686
1.271842
0.125113
0.836997
0.571851
0.220001
0.194171
1.551617
1.620019
1.207729
0.986792
0.103928
0.779777
1.621750
0.084756
0.978436
1.549082
1.918716
0.841279
1.388293
1.721364
0.917112
0.681468
0.074307
0.205274
0.830346
1.217630
0.975824
0.381155
1.347652
1.814422
1.262990
0.704868
0.766605
0.868200
1.792990
0.348387
1.816471
0.783311
0.202043
0.074585
1.084537
1.777418
0.802127
0.092396
0.403533
1.619725
0.661538
1.727409
1.414325
0.078038
1.348906
0.927231
1.491086
0.167743
0.518795
0.899895
0.406345
0.154462
1.919060
0.846041
0.548791
0.988093
1.860015
0.131059
1.607568
0.574466
0.075143
1.728589
0.718582
1.934285
0.991229
0.189039
0.512962
0.326185
0.457054
0.209301
1.317040
1.766523
1.543669
1.627046
1.801760
0.890733
0.727442
1.140782
1.595153
0.317970
0.313561
1.083207
1.795230
0.582276
1.489113
0.346905
0.727009
0.578258
1.818379
1.593771
0.988585
0.715292
1.208470
0.095478
1.257455
0.899542
0.788663
0.323677
1.932346
0.194605
1.902457
0.861038
1.789062
1.926765
0.988119
1.396616
1.815712
1.351173
1.648270
1.618161
0.240927
1.205671
0.123458
1.815656
0.193719
0.410349
0.422276
1.620578
0.418906
1.556953
1.788351
1.142797
1.143050
1.205810
1.335948
0.382276
1.921477
1.824250
1.201834
1.577029
0.739310
0.197557
0.659711
1.199681
0.444783
1.802273
0.205065
1.911671
0.421585
0.543057
0.561100
1.235063
1.200136
1.414405
0.070697
0.883733
1.200764
0.779284
0.118800
0.820212
1.896635
0.363121
1.260933
1.728516
0.974453
0.398373
1.393997
0.988480
1.142957
0.211327
0.586568
0.242130
1.417597
0.975431
1.728559
0.624301
1.200847
0.508660
1.197408
0.200044
0.908069
0.551789
0.896746
0.568081
0.363594
0.769707
1.414567
0.869373
0.923310
0.351929
0.702700
0.507617
0.754412
1.579750
0.630269
1.080523
0.295027
0.133518
0.353049
1.143184
0.214188
0.279492
0.990213
0.861572
0.111188
0.793655
0.593758
1.142996
1.347124
0.124613
0.392908
1.655722
1.621218
0.901783
0.727104
1.920562
0.183460
0.746246
1.765776
0.197575
1.142584
0.227771
0.068393
0.988071
1.141869
0.763761
1.718143
1.148507
1.807689
1.600401
1.080520
0.589842
1.629331
0.110382
1.619938
0.403176
0.088708
1.334936
0.909206
0.073396
1.208583
1.727917
1.143094
1.626745
0.095980
1.412610
1.619923
0.718126
1.438198
1.622156
1.931583
1.321852
1.283422
1.919555
0.801213
1.522778
1.142780
0.348398
1.934672
1.543745
0.583821
1.760212
0.135111
1.626453
0.486919
0.380250
0.988141
0.744250
0.606015
1.619344
0.209707
1.143515
0.599968
0.307989
0.727787
0.570790
1.657458
1.621752
0.094474
0.710347
0.879507
1.790511
1.350277
0.521485
0.941035
1.934695
0.343776
1.347232
0.148252
0.602813
0.586932
1.203912
0.441397
0.345221
1.934036
1.934619
1.816126
0.657808
0.123903
1.728655
1.919467
0.136025
0.790586
0.568034
1.130286
0.920345
1.634240
0.988201
0.453451
0.821681
1.633826
1.818225
1.408432
0.922791
0.534245
1.486074
1.143099
1.037441
1.315064
0.862266
1.757241
1.859112
0.988126
0.545450
1.728411
1.619361
0.122412
1.349462
1.544290
1.629403
0.900808
0.896335
1.620743
1.422352
1.347598
0.646099
1.811832
1.620278
1.201052
1.326737
0.976185
0.977625
1.923251
0.730503
0.492088
0.647741
1.548835
0.336520
0.407187
1.142967
1.484946
1.574573
1.805590
1.620022
0.630916
0.757896
1.142600
1.839694
1.260297
1.419392
0.280743
1.494071
0.976792
1.613334
0.285659
1.814019
0.228231
0.079727
0.837751
1.801916
0.416385
0.250916
0.266403
0.968248
0.219581
0.453806
0.780224
0.829846
1.216145
1.203844
0.989100
0.331679
1.488081
1.346949
0.492763
1.265978
1.322696
0.552183
1.580658
1.904728
1.289273
0.082550
0.437193
0.565470
1.912058
0.110709
0.193726
0.485620
0.685445
1.198206
1.140280
0.220189
0.392970
1.620067
0.234056
0.806877
0.840892
1.254154
0.989520
0.755018
1.478638
0.636503
0.068556
1.189763
1.492126
1.145241
1.408027
1.201434
0.534061
1.207857
0.153722
0.533411
0.422598
0.588058
1.340193
0.986980
1.913488
1.416178
0.368485
0.085143
0.090409
1.574725
1.210444
1.143684
1.807427
1.196381
1.197524
0.433564
1.551941
1.259828
0.969614
1.257980
0.664477
1.332810
1.626157
1.204580
1.552689
1.634363
1.605193
1.546137
0.600566
0.406731
1.262226
1.724503
1.228782
1.083896
0.989655
0.185125
0.673469
1.415562
0.778615
0.285430
0.762093
0.567327
1.611058
0.542845
0.751161
0.888069
1.564739
1.490333
0.898826
0.729331
1.417278
1.813432
1.141646
1.202431
1.259989
0.481230
0.837528
1.840935
0.842165
1.598290
0.408581
1.486925
0.988323
1.142346
1.621849
0.505836
1.726438
1.479508
1.823781
0.836721
1.605017
1.257794
0.086033
0.074579
0.587195
1.615856
1.258878
0.320263
1.425284
1.756788
0.514948
1.347735
1.728292
0.988101
1.258745
1.576493
1.142770
1.324262
1.890577
0.988154
0.988008
1.044834
1.617226
0.250192
0.498072
0.192237
1.927639
1.421131
0.606120
1.919302
1.080914
0.069969
1.809751
0.918423
0.973426
1.888164
1.531849
1.546694
1.254627
0.685901
0.158540
0.901646
1.367931
0.194802
0.491589
1.628671
1.437021
0.659370
1.769080
1.487882
1.620545
0.545368
1.131279
0.734547
1.728582
1.915505
1.142797
0.988120
0.074560
0.671554
1.539932
1.248197
0.407502
0.802580
0.734100
0.864225
1.122819
1.492270
0.211727
0.187742
1.620199
1.130721
0.783235
0.708604
0.907016
0.766272
1.389882
0.318370
0.677817
0.274769
0.389351
0.560358
1.728597
1.794630
0.258038
0.762990
1.520165
1.620422
0.193196
1.415674
0.785085
1.197150
1.114852
1.619403
0.440217
0.906262
1.142668
0.079580
0.619609
0.244829
1.619286
0.519794
0.769391
1.908662
0.299174
1.213826
0.075682
0.723264
1.009808
0.587316
0.074879
0.184761
0.368530
1.415137
1.140121
1.622345
0.894667
1.549724
1.046329
1.814851
1.398054
1.129244
0.737095
1.380423
0.676976
0.377036
0.588994
1.327257
0.988076
0.408118
1.619554
0.114208
0.417315
0.976732
1.356822
1.756777
0.281183
0.445048
0.846384
1.243086
1.919322
1.141801
0.851399
1.059191
0.734707
0.836869
1.819198
0.545927
1.758828
1.616527
0.881143
0.903117
0.100744
1.934708
1.754158
1.618662
1.827430
1.757121
0.177162
0.183282
1.198114
0.267949
0.409151
0.467119
1.142855
1.248498
1.843231
0.276593
0.070301
1.794546
0.269321
0.869122
0.214313
0.127360
1.845246
1.247056
1.520655
0.449106
0.720203
0.098894
0.108601
1.142851
0.572331
1.548834
1.415010
0.501304
1.212519
0.988127
1.657037
0.457637
0.156878
0.072754
0.960856
0.746787
1.623424
1.934490
1.727859
1.595199
1.324690
1.826944
0.218549
1.432428
0.297207
0.561660
0.238699
1.493024
1.143049
0.989852
0.740302
1.562781
1.198246
0.244054
1.920981
1.143752
1.255623
0.972543
0.849004
0.089818
1.347265
1.259465
0.583880
0.828203
0.068590
0.073694
0.073351
1.375099
1.620162
0.573675
0.089506
1.142846
0.587858
1.759849
0.225597
1.417081
0.181071
0.774520
0.233896
1.143318
0.334824
0.402151
0.127154
1.357567
0.324189
1.623196
1.141640
1.196043
1.196633
1.142950
1.865351
0.511070
0.215766
0.721277
0.325770
0.853891
1.361489
0.196881
1.141152
0.772754
1.141813
1.921211
0.907550
0.251061
0.329910
0.597095
1.347211
0.988115
0.896414
0.074397
1.256326
1.620978
0.424727
0.414777
0.531077
1.858993
0.344398
0.188636
0.562704
0.988105
1.867415
0.638633
0.988123
0.287947
0.547626
1.084341
1.440453
0.360352
0.183387
0.468519
0.071865
0.199062
1.395338
0.835431
1.203338
1.789993
0.218388
0.316870
0.068696
0.212250
1.921311
1.256792
1.626167
0.627340
1.333452
1.621159
0.692564
1.794133
0.079975
0.385214
1.190842
0.857311
0.535880
1.490703
0.583148
0.870076
1.301834
1.142061
1.728762
0.935091
0.353045
1.797359
0.383710
1.596953
1.248386
1.728460
1.546854
0.893512
0.622885
0.854291
0.742818
1.398260
0.193667
1.917343
0.938894
0.988248
1.614106
1.637619
0.073588
0.076294
0.800483
1.261129
1.642307
1.472752
0.885735
0.418511
0.377240
1.142775
1.613922
0.406519
0.449984
0.216264
1.348616
0.433750
1.435496
0.076653
1.048055
0.214648
0.394284
0.907033
1.142726
0.818336
0.399042
0.629496
1.190519
0.434769
1.917992
1.489324
0.067275
0.096113
0.897706
0.214026
0.988123
1.276825
0.170162
1.059165
0.070648
0.610360
0.767948
1.080532
1.100602
0.075332
1.492993
0.759619
0.171469
1.605939
0.522282
0.187244
0.568604
0.515521
0.071074
0.121285
1.631444
1.347093
0.303700
1.442431
0.096673
1.820334
1.812531
0.439632
1.416909
0.113188
0.393289
0.415653
0.440727
1.814376
1.143572
0.649619
0.499847
0.487445
0.964845
1.756322
1.494480
0.781917
0.536466
0.153421
0.245969
0.808974
0.199591
1.813734
0.272300
0.540263
0.261477
1.692876
1.635236
1.081141
0.757796
0.493370
1.622263
1.619988
1.594748
1.258408
0.953279
0.630674
0.480790
0.197649
1.749881
1.412943
0.321816
1.092141
0.789323
0.721386
0.604072
0.120947
0.963106
0.896009
0.117832
1.065188
1.756444
0.772414
0.188628
1.866513
1.923756
0.211962
0.539115
0.836523
0.707457
0.229887
1.614067
0.361820
1.918382
0.404734
1.083583
1.440497
0.988127
0.069932
1.589583
0.384242
1.618425
0.845364
0.404523
0.748518
1.544607
0.257570
0.402574
1.621450
0.801306
0.131890
0.725055
1.815715
1.619862
0.595434
0.617466
1.550014
1.142745
1.435220
0.420029
1.697134
0.592432
1.139278
1.206188
0.285363
0.103306
1.280009
1.727283
1.142547
0.126044
0.412388
1.639996
0.976208
0.347496
0.101605
0.542896
1.142351
1.851177
0.629772
0.390408
1.724139
0.852878
1.258605
1.798099
0.319377
0.216476
1.142451
1.390562
1.647864
1.294063
0.555879
1.142770
0.787160
0.447311
1.490937
0.097247
1.519961
0.358574
1.210648
1.283329
0.447150
0.772578
1.058993
1.299943
1.486986
0.988134
0.858560
0.987988
1.385749
0.449800
0.895375
1.697239
0.422251
1.014288
0.128958
0.092024
0.171412
1.347039
0.988075
0.901407
0.847663
0.841659
1.415603
0.192216
1.760625
1.416318
1.620607
0.786499
1.327787
1.195920
1.933499
1.229709
1.548103
1.728283
1.166534
0.489999
0.323501
0.919788
0.193404
0.089404
0.569253
1.413927
0.208823
1.320387
0.988121
0.790367
0.774973
1.415394
0.464014
0.722789
1.256273
0.577999
1.368603
1.762351
1.934832
1.407022
0.104370
1.920902
0.322642
0.233168
1.727963
1.618548
1.525869
0.902850
1.224944
1.908549
0.249209
0.744801
0.185423
0.754079
1.636543
1.197159
0.987322
0.814289
1.804427
0.078400
0.422847
1.314885
1.059182
1.925653
0.441391
1.893599
0.756971
0.957717
1.250980
1.638596
1.548983
1.043669
1.872280
0.949497
1.082445
0.498899
0.905372
0.988168
1.615987
0.385687
1.548835
1.239662
0.278371
0.670015
1.294350
1.130719
1.287568
0.396705
1.332804
0.462960
1.142867
0.363987
0.855965
0.606856
0.169059
0.392857
0.701168
1.731459
0.484530
1.764356
0.617871
1.854267
0.162254
0.688839
0.075841
0.256509
1.623531
1.407158
0.453958
0.283596
1.618062
1.521012
0.988139
0.168077
0.323319
0.377579
1.783716
0.786496
1.826158
0.863146
0.903285
1.599666
0.596487
0.696834
0.072386
0.987692
0.360816
1.143006
1.413270
1.163889
0.699462
1.011484
1.656012
0.869629
0.271790
1.259495
0.750220
1.807868
1.617125
0.426384
0.244758
0.988097
0.223244
0.075828
0.094356
1.396364
1.494910
1.610779
0.618136
0.111452
0.806343
0.414357
0.858204
0.974975
0.195682
1.347545
1.239819
0.822461
1.931473
1.329278
0.201260
1.549139
0.095652
1.171264
0.848320
1.494838
0.864498
1.048309
0.661759
0.634623
0.072592
1.039239
0.757721
0.963353
0.088420
1.620669
1.801694
1.074090
1.121452
1.388535
0.098065
1.082775
1.714890
1.934669
0.307136
0.835408
1.205587
1.494741
0.093004
0.736836
0.228269
1.756560
1.481250
1.514903
0.709396
1.146249
0.667794
1.916866
0.212938
1.480427
0.892457
1.929803
0.590961
0.246665
1.621042
0.415130
0.273490
1.200088
0.067856
0.071160
0.191510
0.395903
0.212252
1.912294
0.390820
0.402525
0.794826
1.756709
0.733079
0.511782
0.750095
1.415275
1.307762
0.903959
1.608347
0.216974
0.071522
1.364362
0.968419
1.080543
0.084689
1.416114
0.746667
0.620236
0.556702
0.706554
1.777843
0.316017
0.976792
0.693796
0.075698
1.809065
1.377419
0.390722
0.259697
0.178372
0.372693
1.846844
0.172524
1.622027
0.331863
1.284852
0.625819
1.727076
1.079810
0.898971
0.387552
1.727334
0.238696
1.080660
0.837865
0.206102
1.728539
1.398941
0.389302
0.382109
1.455283
0.130073
1.934482
0.661333
1.590067
1.927969
1.202673
0.073791
1.603808
1.645623
1.040262
0.281270
0.404804
0.244242
0.172261
1.209786
1.238561
0.073837
1.548130
1.140927
0.650451
0.161973
1.621528
1.613841
0.788274
0.344118
1.634906
1.545357
1.084291
0.415366
0.086774
1.676005
0.509551
1.689592
1.058963
0.078549
0.172314
0.496213
0.988121
0.160917
0.813988
1.479151
1.373689
1.914463
0.286290
1.757349
1.830601
1.142870
1.230943
0.396291
0.417726
1.620926
1.921531
1.500508
1.828098
1.662848
0.821150
1.402290
0.761944
1.790871
0.517839
0.513532
1.541314
1.620029
0.956881
0.435964
1.620064
0.225753
1.152694
0.198878
1.725603
1.928717
1.420666
0.656690
0.163321
0.246513
1.539487
1.083286
1.728521
0.355202
1.129971
1.933810
0.885971
0.276205
0.067817
1.397756
1.092581
0.205148
0.750406
1.919497
1.666355
1.608807
1.549699
1.143055
0.641865
0.716651
0.074302
1.728191
0.178426
0.633561
0.072418
1.414518
0.976792
0.151012
0.988023
1.547996
1.616346
0.701773
0.909344
0.072308
0.555400
0.598613
0.072952
0.595135
1.516378
0.727120
0.596468
0.235980
1.532135
0.728924
0.765433
0.389921
1.414056
1.130231
0.803757
1.145117
0.882466
0.354712
0.208632
0.988225
0.106457
0.068593
1.561077
1.813200
1.629202
0.988121
0.760054
0.747926
0.732701
1.441739
0.362563
1.637939
1.933608
0.669107
0.453064
0.988121
1.618259
0.680642
0.988387
0.925547
1.129765
0.976791
1.320192
1.807163
0.395657
0.938510
0.795123
0.255372
0.908316
0.974832
0.712621
1.338290
0.200201
0.190830
0.455272
1.494445
0.997285
1.136152
1.181947
1.404012
1.728619
0.260560
1.756597
1.198341
1.136395
0.070568
1.257591
0.244468
1.252530
0.981364
0.374859
0.500102
0.763548
0.560896
1.252055
0.599247
0.566644
1.920721
1.139241
0.403797
0.908830
0.988356
0.320409
0.990268
1.756651
1.207295
0.299922
1.812989
0.108432
0.357545
1.816586
1.139933
1.143301
1.021574
0.156162
0.236011
1.132301
0.330009
1.659318
0.988276
0.513101
0.186877
0.734043
0.412030
0.390305
0.584660
0.981874
1.756674
1.933099
1.591620
0.073465
0.794137
1.145164
1.346951
1.886768
0.679524
0.972305
0.390199
1.491721
0.722049
0.874344
0.501374
1.480538
1.129857
0.400840
0.078297
0.217510
1.414471
0.532229
1.466402
1.817067
1.143117
0.237797
0.299962
0.988791
0.825221
0.088898
0.075412
1.756534
1.255411
1.728573
0.539975
1.111166
0.987687
0.391908
1.267278
0.361306
0.697963
0.175992
0.080818
0.371853
0.988119
0.138230
0.156715
0.539493
1.142463
0.945215
0.740504
0.989229
0.862745
0.294724
0.908425
1.143247
0.711272
0.171178
0.188658
1.270215
1.401693
0.723259
1.619435
0.973950
1.181900
1.459978
0.470628
1.414409
1.407792
1.575415
0.182306
0.582968
1.333104
0.483681
0.946053
1.549875
0.903593
0.988846
1.631112
0.733817
0.252359
0.532760
1.542874
0.192445
0.660864
0.672498
0.673908
1.884619
1.841601
1.255058
0.271256
0.160482
0.664146
0.782049
0.804700
0.987535
1.005698
0.078464
0.438890
0.914031
0.391555
0.175531
0.171971
1.359486
0.891420
1.258781
0.554084
1.489080
1.110403
0.988127
1.931253
0.769669
0.069752
1.757502
0.988119
1.627566
0.221346
1.414272
0.823977
1.634939
0.622082
0.896563
1.198055
0.881146
0.311481
1.728575
1.143045
0.115898
0.988119
1.814254
0.080202
1.286262
0.715217
1.157631
1.085021
1.205760
1.437885
1.143066
0.324233
1.294127
1.920698
0.108027
0.902854
0.454913
1.426461
1.620273
0.289207
0.070457
0.087756
1.080529
0.484615
0.269107
0.976672
0.392484
1.143889
1.728620
0.432233
0.605435
1.690751
0.070895
0.987668
1.794114
1.227011
1.138675
1.621787
1.142317
0.235994
0.728448
1.029006
0.946759
0.102001
0.069124
0.154469
1.920041
1.059282
0.663471
1.203287
1.141418
0.987893
0.161766
0.717322
1.318962
1.246518
1.131741
0.075501
1.782734
0.397769
0.351988
1.919092
1.136513
1.756269
0.903479
1.549595
0.871858
1.193525
0.296945
1.219356
0.711554
1.633339
0.936349
0.078720
0.124479
0.802617
0.091150
1.620693
0.353761
0.976778
0.153510
0.988128
1.414491
1.500638
0.145808
0.392973
1.886383
1.364546
1.436317
1.144239
1.141427
0.423193
1.141033
1.787912
0.068869
0.716951
1.116493
1.219492
0.187552
0.077421
1.134612
0.576549
1.138053
0.924816
0.281866
0.188565
0.860175
1.143040
0.838214
0.516081
1.662289
0.206048
0.753683
0.429308
1.437803
1.193564
0.194372
1.558245
1.622560
1.620310
1.413354
1.812980
1.811890
0.369417
0.483714
0.282632
0.988133
1.265315
0.988123
1.853479
1.625853
0.602513
1.205051
0.726733
1.921093
1.490892
1.761707
1.487998
1.592613
1.932849
0.521383
1.812869
1.858102
1.143003
0.607364
1.142972
1.350210
0.735278
1.364501
0.185525
1.895371
0.415747
1.095511
1.322482
1.045161
0.792932
0.458159
1.844646
0.291017
1.855701
0.899711
0.668746
1.199457
0.282728
1.416298
0.336524
0.070713
0.984053
1.350199
0.988120
0.693526
1.294095
0.202690
0.681514
0.137214
1.579293
1.331843
0.875693
0.596656
0.490309
1.671046
0.068014
1.348507
1.616218
0.473768
0.360252
0.332568
1.635762
1.620140
1.619297
0.530174
0.783962
0.192662
1.817388
1.415778
1.908632
0.575935
1.247272
0.988115
1.200868
1.280237
1.629010
0.100178
0.545357
1.552456
1.098045
0.813313
1.758773
1.141025
0.539798
0.295814
1.369972
1.809130
0.175241
0.199974
0.477789
1.913312
1.143637
0.161067
1.530701
0.449490
0.540122
1.627988
1.848632
0.988385
0.971845
1.594231
1.262322
0.984905
0.767549
1.649796
0.470286
1.011795
1.810260
0.121733
1.142481
1.488159
1.915680
0.374439
0.940634
0.544572
1.258917
1.080575
1.058652
1.548388
0.129230
0.172243
1.564503
0.988121
1.620457
0.707587
0.320340
1.620620
1.318176
0.547903
0.475405
0.694762
1.158017
1.204438
0.309210
0.987890
1.058060
1.463172
1.175548
1.620752
1.725066
1.413730
0.898870
0.911672
0.443448
1.918580
1.418064
1.901325
1.100423
0.072703
0.095453
0.877000
0.846120
1.620740
0.802476
1.412956
1.264781
0.476219
1.084884
0.880126
0.502365
1.198761
0.129902
0.988121
1.375354
0.988110
0.795097
1.414152
1.487129
1.757337
0.840599
0.266669
1.153715
1.389020
1.934810
0.068103
0.115848
0.306779
0.382003
1.344646
1.592158
0.543342
0.607222
0.976289
1.233182
0.068128
0.375636
1.490772
0.290781
0.435156
0.972139
0.115464
1.415064
0.759750
0.775382
0.889144
1.434043
0.075225
1.141643
0.988267
0.556653
1.139092
1.728590
0.173945
0.989622
1.196912
1.347051
1.240366
1.198775
1.550556
0.367687
0.240513
1.349311
0.158569
0.298927
0.480262
0.686835
1.724282
0.680252
1.864400
1.930472
0.258616
0.767265
1.623792
1.567514
0.440463
1.611909
1.619141
1.487615
0.532380
0.953533
0.224549
1.421502
1.347548
1.620448
1.333908
1.933944
0.080427
1.728423
0.162582
0.189993
0.801372
0.782845
0.711012
0.218156
0.068364
1.328456
1.619823
0.443620
1.144362
0.988116
0.846597
0.080245
1.619713
1.083768
1.402054
0.224143
1.620434
1.201052
0.196501
0.898714
1.034737
0.506323
0.653268
1.096460
0.113540
1.141771
1.058982
0.489680
1.494000
0.769404
1.631066
1.317963
0.773549
1.579249
1.779907
1.877231
0.546304
1.350274
0.998020
0.227204
0.248544
1.854282
1.829966
1.618616
0.987917
0.069976
1.061884
0.988234
1.767313
1.402007
0.988276
1.627251
0.779284
0.418280
0.987782
1.549348
0.682982
0.529583
1.334181
1.719963
0.966498
1.620720
1.202164
1.413864
0.332747
1.141491
1.932546
1.728648
1.083096
0.374513
0.071416
0.162184
1.549715
1.129885
1.429052
1.494563
1.254115
1.331924
0.094290
1.350079
0.507769
1.142529
1.492742
0.218697
1.521263
0.857602
1.401271
1.080863
1.624719
1.206907
1.203295
1.926219
1.414668
1.788750
0.408911
1.643451
0.451002
1.230963
1.414393
0.815958
1.137505
1.918834
0.377513
0.074858
1.347327
0.988120
0.718538
1.783093
0.988121
0.394805
0.628323
1.385165
0.126394
1.549193
0.798910
1.489655
0.715282
1.421948
0.322216
0.662421
0.711569
1.828422
1.844865
0.508956
0.267792
0.716878
0.988115
0.546708
1.333937
0.696672
1.756664
1.918321
0.547151
1.396427
1.326813
0.431930
0.183529
1.810851
1.415482
0.885660
1.728637
1.621513
1.350141
1.586625
1.334480
0.902758
1.634595
1.521025
0.371335
0.492783
0.400767
1.583976
0.600684
1.011156
1.929777
1.301772
1.486878
1.548424
0.425923
1.620622
1.619221
0.599900
0.988121
1.145003
0.607236
0.987806
0.556847
0.749259
1.825261
1.812095
0.446402
1.631527
0.878232
1.726922
0.133874
1.846931
1.621265
0.513110
0.389826
0.184005
1.798224
1.623468
0.187084
0.097690
0.138765
1.056612
0.572112
0.441619
1.780020
1.222057
1.616565
1.142359
0.471675
0.386880
0.746369
0.987873
0.665147
0.976792
1.082706
0.089941
0.772291
0.612247
0.410376
1.548999
0.988121
0.105810
1.556757
0.733845
0.773771
1.059040
1.912384
0.072253
1.160129
1.081085
1.812617
0.431413
0.279974
1.347719
0.071276
0.478159
0.863383
0.778486
1.728635
1.437563
1.204958
1.632009
0.539888
1.755094
1.247796
0.351533
1.514879
0.797384
0.099417
0.221932
0.986801
1.895172
1.490277
0.899906
1.821850
0.464514
0.493325
1.900623
0.988319
0.987940
1.415833
0.841228
1.393412
1.163306
0.454468
1.620077
1.184830
1.916617
0.139179
0.312309
0.143938
1.788267
1.616720
0.250445
0.323686
1.005718
0.596483
0.356771
0.089611
0.226298
0.976793
0.536374
0.744581
1.142831
0.896321
1.144433
1.476763
0.975429
1.347445
1.621671
1.626061
1.901045
0.200202
0.337829
1.461055
0.328904
1.250695
0.721385
1.741644
0.655357
0.555259
0.524245
1.080728
0.933095
0.166576
0.905772
1.244177
0.086823
1.574898
1.920486
0.899076
1.904295
0.271663
0.092306
0.264793
1.142551
1.037425
0.593767
0.201216
0.067817
1.728620
0.525307
1.254254
0.635299
0.727702
1.934647
1.093044
1.870070
0.558686
0.867283
1.396112
0.980027
0.972460
0.459095
0.073709
0.381861
0.940578
1.494085
0.583665
1.332887
1.731185
0.902894
1.756514
1.414356
0.985859
0.288196
1.728272
0.726065
1.479117
1.314759
0.230550
0.266307
1.725789
1.932086
0.988120
1.059180
1.606694
1.620529
1.143524
0.223868
1.352409
1.591955
0.117056
1.905075
1.930640
1.142328
0.920669
0.397746
0.642385
0.906416
0.157521
1.725140
1.759887
1.523574
0.840399
0.927651
0.796679
1.239942
1.412097
0.218191
1.620407
1.678553
1.239420
1.616166
0.087094
1.118160
0.791761
0.170485
1.579709
0.366454
1.411257
0.500032
0.332995
0.560051
0.191279
0.170191
0.165157
1.728491
1.139974
1.395070
1.489833
1.548135
0.493863
1.398539
1.816636
0.972471
0.188216
0.189618
1.915586
0.279625
0.186804
1.141259
0.077610
0.713851
1.106703
0.097787
0.074948
1.802778
0.837874
0.177219
0.902325
0.386996
0.364959
0.071443
1.414590
0.298086
1.620656
1.098978
1.544856
0.283341
0.212284
1.414072
0.435673
0.849271
1.142721
1.012275
0.783090
0.814465
1.653344
0.987729
0.991131
0.988120
0.525675
0.586174
1.627976
0.180937
0.846768
1.548690
0.121340
0.567469
0.558036
1.907294
0.152211
0.895015
1.768598
0.187894
1.802333
0.373535
1.780041
1.559277
0.429288
0.173892
1.667048
0.735230
0.554345
0.252655
1.761940
1.259443
1.093205
0.332313
1.143174
1.824620
0.901432
1.559912
1.333420
0.575563
0.482926
0.773914
0.570375
0.891642
0.495579
0.991867
0.221692
0.081413
1.143285
1.761776
0.333339
1.325290
0.073888
0.201131
0.747602
1.814101
1.631847
0.732955
1.347075
0.784438
0.122626
0.219278
0.865041
0.604451
1.242994
0.166240
1.308702
0.988094
1.752997
0.684330
0.398151
1.813603
1.626583
0.722819
0.117126
1.080520
0.835056
1.412104
1.815268
0.855308
1.152029
1.481358
0.812870
0.561707
0.906640
1.183141
1.118877
0.688843
1.416543
1.463913
0.070243
1.918517
0.455179
1.415713
1.142934
0.265111
1.918651
1.140065
1.462803
0.940484
0.546019
1.333791
1.494789
0.988121
0.076952
1.896234
0.067989
1.621961
1.559106
0.833132
0.225955
0.373355
1.316112
1.933109
1.491853
0.988704
0.657925
0.737916
1.818170
1.631518
0.109713
0.878329
0.096812
1.673340
1.628416
1.620786
1.181794
1.622548
1.619579
1.930351
0.816355
0.304090
1.611460
0.426680
0.275721
0.410508
0.272467
0.717477
0.559571
0.422500
1.200588
0.750880
0.181620
0.908904
1.396953
0.775852
1.143815
1.493096
0.165579
1.728690
1.116080
1.881329
1.816473
0.459764
0.446948
0.101393
0.185938
1.347654
1.629600
0.466522
1.186742
0.175398
1.144921
0.349228
0.434424
1.399353
1.620534
1.143175
1.838840
0.743641
0.105315
1.200571
1.574394
0.999181
1.620289
0.738734
0.442966
0.247996
0.718760
0.237517
1.618508
1.369217
0.302764
1.543600
0.612776
1.243994
0.103833
1.135077
1.758185
1.480724
0.166720
1.200633
0.138862
1.441696
0.797947
0.580624
0.201084
0.294726
1.567517
1.577012
1.911258
0.087664
0.473860
0.111882
1.548830
1.335002
1.659013
1.757028
0.269315
0.293240
0.976743
0.075836
0.985022
0.988111
1.414090
1.791354
0.436558
1.922530
0.798141
1.629287
0.249979
1.199571
0.983283
0.794035
0.844852
0.988946
0.976246
1.921278
1.728796
1.915563
0.232930
1.206783
1.089792
0.970827
1.410416
0.128560
1.579422
1.228369
0.263113
1.934145
0.085752
1.362397
0.988146
1.414079
0.387528
0.882017
1.624476
0.300195
0.190749
1.757002
1.483643
1.316246
0.109471
0.981173
0.912411
0.316066
1.918646
1.414409
1.832140
1.622151
0.275101
0.110128
0.826133
0.724446
0.723551
0.502181
1.263141
0.280842
1.626518
0.363878
0.459101
0.192540
1.934277
0.991067
0.897079
1.080519
0.338892
1.934396
0.393152
0.748572
1.517879
0.301482
0.667744
0.623741
1.349200
0.116153
0.079809
1.191938
0.901179
0.189873
0.390650
1.398806
1.620542
1.082074
1.143099
1.126014
0.161269
1.662338
0.895890
0.999209
0.815128
1.488240
0.147712
0.603110
1.494595
1.659540
0.431582
0.181278
0.073541
1.262059
0.585654
0.285378
1.857226
1.281285
0.540613
0.515809
1.535899
0.234102
0.260873
1.142891
0.171812
1.416109
0.903955
1.781111
0.991422
1.215538
0.990637
0.988121
1.817466
1.339075
1.600184
0.903147
0.654602
0.185513
0.378227
1.056087
0.416075
1.632111
1.397110
0.988217
1.905879
1.811566
0.327008
0.534032
0.778834
1.082339
0.473515
1.522949
0.122094
1.621052
0.541827
1.440972
0.976792
1.196159
0.840752
0.090511
1.620819
1.292453
0.774777
0.987615
0.364122
0.187320
0.495074
0.439513
1.141752
0.089128
0.762595
1.728646
0.085181
0.068547
0.843936
1.335229
0.588050
0.499179
0.493950
0.946949
1.905136
0.235698
0.836001
1.867909
0.403296
1.620017
0.661206
1.511229
0.438122
0.623968
0.980114
1.610821
0.247863
1.255433
0.739460
0.425606
0.068100
1.207007
1.728586
1.813923
0.456047
1.933855
1.462308
0.148663
1.723677
0.398077
1.620616
0.906110
0.095612
1.758927
1.142679
1.059189
0.987345
1.143016
0.450730
0.721520
0.903821
0.905920
0.502381
1.869624
1.143298
1.620792
1.488186
1.394514
0.178492
1.418587
0.835215
0.669610
0.584778
1.409264
1.082107
0.122657
1.755675
1.628065
0.588625
1.142474
0.811790
0.593596
1.316942
0.567956
0.890044
1.644351
1.196045
1.614635
0.546010
0.124183
0.162281
0.174827
0.379093
1.020177
0.567555
0.745023
0.350695
1.411941
1.484720
1.419310
1.728835
0.465005
1.230031
1.283231
1.625774
1.631784
0.615062
1.758100
1.728763
0.713235
1.631685
1.873878
1.812105
1.142936
1.717013
1.142879
1.143288
1.929963
1.193439
1.685347
0.738132
1.023415
0.329065
1.139510
0.067325
1.145084
0.127970
0.990914
0.692549
0.850443
0.289052
0.726031
0.629019
1.621027
1.620041
1.447835
0.779477
0.586637
0.828517
1.416487
0.564134
0.134092
1.409733
1.620030
1.620430
0.988159
1.397711
1.690862
0.588844
0.116675
1.350273
1.921242
1.632284
0.976329
1.612667
0.283561
0.780206
0.619344
1.621445
1.391458
0.575752
0.119339
0.445749
0.469768
1.487044
0.101444
1.418912
1.411088
0.988107
1.931997
0.407221
0.401856
1.916964
0.734253
1.035985
1.934668
0.111932
1.930378
1.621432
1.807738
1.245267
0.071199
1.619965
1.391991
0.793787
0.070591
0.449203
0.396752
0.988122
0.753900
1.421606
1.142206
1.419394
0.079055
0.512312
1.631035
1.313436
0.092440
0.579012
0.627322
1.310341
0.228258
0.307606
1.390719
1.622049
0.374949
0.180105
0.411014
1.841643
0.132876
0.548683
0.483865
0.403444
0.670256
0.481425
1.549058
1.249091
1.917540
1.608916
0.756526
1.204435
0.808776
0.913768
0.599734
0.517766
1.827384
1.200881
0.288820
1.257085
0.190404
0.900147
0.711369
1.059031
1.619953
0.076104
1.792359
0.529962
0.409118
1.142104
0.241764
0.583136
0.716243
1.620539
1.279998
0.682122
0.684741
1.239796
1.417253
1.048576
0.979404
0.621268
0.846771
1.934005
0.571960
1.135228
1.225528
0.181407
0.556425
0.665908
0.797308
1.141939
0.585774
1.183991
1.554789
0.184800
1.618348
0.093358
0.186781
1.142829
1.491966
1.003897
0.299241
1.346993
1.728580
1.382069
0.413884
0.438478
0.184336
1.620779
1.817897
0.182848
1.260183
0.435229
0.224291
1.284854
0.486668
1.486514
0.775792
0.596364
0.520128
0.988128
1.316463
0.767490
1.590005
1.194755
0.480724
0.860437
0.768885
1.850935
0.847438
1.477071
1.367178
0.395374
1.717946
1.489918
0.756776
0.095155
0.988227
0.772272
0.556447
1.915253
1.752201
0.203662
1.812140
1.552367
0.127943
0.188551
1.934559
0.821002
0.518210
0.095195
1.916576
1.016005
1.198568
0.153491
1.413704
0.073408
1.728650
0.144006
0.809124
1.263512
0.851440
0.797672
0.738415
1.152825
1.223434
1.912770
0.350250
0.082833
1.350253
1.490969
1.416674
1.399305
0.988121
1.098166
0.078166
0.107787
0.943660
0.342912
1.917338
1.141425
0.621881
0.772147
0.347728
1.727597
0.411591
1.132720
0.984261
0.750112
0.385177
1.402309
0.140874
1.120300
0.988085
1.058990
1.143047
0.074750
0.774389
1.262251
1.395787
0.621839
0.996459
0.968223
1.328968
1.888159
0.082494
0.823941
1.603094
0.408820
0.202963
1.142577
0.236048
0.761017
1.414994
1.332906
0.837841
0.843779
1.728261
0.272338
0.717556
0.735222
0.871339
0.988123
1.916271
1.865679
0.196041
1.627250
1.279732
0.204851
1.320948
1.350195
1.813736
1.796401
0.366345
0.691248
0.848076
1.348447
1.921542
0.422526
1.621438
1.904461
1.804715
1.617158
0.816959
0.262643
0.836295
1.912771
1.256340
0.988141
0.837266
1.143003
0.596774
1.142915
0.471604
1.414418
0.203314
0.185040
0.462000
1.398287
1.295130
0.438886
0.553683
1.912306
0.546743
1.418869
1.229606
1.414577
1.638470
1.494478
1.203113
0.410518
0.370721
0.614539
1.224805
1.615391
0.127626
1.058909
1.813137
0.072258
1.599570
0.083869
0.637931
0.070937
0.970633
1.627145
0.210668
0.707121
0.840529
0.075662
1.910413
1.759937
1.551419
1.396914
1.573061
0.214507
0.662709
0.390089
1.146406
1.520794
0.988120
0.076659
1.492492
1.916454
0.167440
0.567045
1.831922
1.621909
1.406244
0.837775
1.619698
1.813466
0.070396
1.134652
0.990637
1.197865
1.803797
1.084929
1.760841
1.618971
0.910500
0.438327
0.072415
0.328009
1.756476
1.486679
1.148686
0.526678
1.136736
1.659654
0.570411
1.200211
1.814203
0.971680
0.988126
0.226628
1.728408
0.745781
0.067912
0.798254
0.083455
0.092770
1.830591
1.142441
1.548782
0.227928
1.010665
1.494161
1.795963
1.146969
0.185783
0.885936
1.141876
1.785109
0.218064
0.745929
0.762445
0.867996
0.325282
1.665538
1.727696
0.685674
0.071058
0.852101
1.350247
1.933127
0.975377
1.623270
0.077356
1.826344
1.756682
1.606485
1.783568
1.347335
0.778586
1.463198
1.449409
1.334163
0.076537
0.769406
1.608485
0.211794
1.413327
0.730746
1.921772
1.897952
1.756593
0.863576
1.782002
0.643890
0.547430
0.683967
1.809067
1.347344
0.792098
1.472192
0.786425
1.201459
1.417464
0.355329
0.844533
0.222165
1.077965
0.615609
0.852840
1.622294
0.970789
1.306083
1.208373
1.080733
0.988169
0.422008
0.313675
0.637444
1.371781
1.385825
1.617681
0.172890
0.988121
1.548681
0.084131
0.988040
1.347770
0.179053
1.620598
0.903829
0.570243
1.132990
0.572099
1.494855
0.419994
1.763479
0.526253
0.180110
1.409503
0.464097
1.015234
1.625314
1.137812
1.921562
0.299621
0.968685
1.619989
0.071145
0.570008
0.881725
1.811427
0.069425
0.765445
1.415199
0.407871
0.987406
1.197587
1.391611
1.826354
0.759254
1.005072
1.763899
1.397382
0.901076
1.081913
1.934115
0.854285
0.100598
1.619988
1.636486
1.623642
1.244190
0.080398
0.633818
1.286695
0.214899
0.834164
0.257987
0.151242
0.988121
1.583912
0.521851
0.527960
1.545224
1.888211
1.704263
1.914207
0.988446
0.173664
0.082693
0.264961
1.686922
1.558239
1.488138
1.621041
0.068144
1.633738
1.812111
0.755067
0.864898
0.756827
0.988121
0.655279
0.782815
1.546857
1.346978
0.729350
0.419902
1.927553
0.091463
1.661782
1.635272
1.308141
1.903351
1.617495
0.821601
1.642594
0.799573
1.550112
0.682790
0.145317
1.198905
1.398374
1.433898
0.705708
0.069771
1.382634
1.808846
0.534184
0.402989
1.806843
0.184531
1.498569
0.138252
0.398883
1.303514
1.347186
1.578460
1.081425
0.080601
1.139644
1.759712
1.222531
1.788852
1.404631
1.249932
0.976792
0.413580
0.095479
0.798700
0.495066
1.642687
0.285198
0.114796
0.209673
1.629281
1.619814
0.068346
0.985538
0.118614
1.858348
1.165959
0.197257
1.150741
0.547688
0.068873
0.976717
1.910797
0.573811
1.347795
1.384097
1.816448
1.180122
0.450148
1.684410
0.567687
1.619995
1.492269
1.614170
1.934033
1.913575
1.619671
0.831549
0.070065
1.222412
0.449159
0.334771
1.349560
1.189703
0.242756
0.443899
0.755447
0.523488
0.366460
0.201118
0.783602
0.201069
0.585504
0.406569
0.067618
0.742897
1.142986
1.488158
0.075629
1.301494
1.883664
1.812958
1.686955
0.597935
0.449843
1.142595
0.870764
1.251924
0.988113
1.595906
0.797881
0.988121
1.411811
1.521672
0.532870
0.933859
0.235254
0.976606
1.278864
1.146211
0.617324
1.933171
0.209944
0.194175
0.976707
0.555048
0.787753
1.586040
1.814029
1.599468
0.581191
1.619039
1.261167
1.608222
0.263589
1.142474
0.988111
0.177958
1.545564
1.414109
1.426902
1.728631
0.585640
1.309197
0.543348
0.456663
0.971735
0.307689
1.205625
1.401530
0.522291
0.209526
0.207371
0.668041
1.760774
0.789664
1.752756
1.596119
0.433432
0.259055
0.191752
0.780273
1.626418
1.415212
1.933725
1.932659
0.305577
0.988120
0.426409
0.991026
0.146831
1.835000
0.911302
1.593963
0.418551
0.580202
0.277107
0.653183
0.611424
1.494642
0.181894
1.414227
1.549308
0.360806
0.804624
1.491060
1.141494
1.253931
1.587491
1.823474
0.607816
0.550646
0.093151
0.580723
1.399724
0.209154
0.199120
1.617620
1.921635
1.491965
0.634429
1.919689
1.728554
1.058868
0.334638
0.775934
0.371515
1.347417
0.135288
0.496441
1.809424
1.923550
0.295784
0.622165
1.719707
0.418856
0.313960
0.395039
0.320036
1.549767
1.349435
0.715318
1.486258
0.163406
0.356949
0.414217
0.470027
0.862984
0.616274
0.395828
0.425771
0.988183
0.274431
0.189062
1.439293
0.391564
0.388376
0.359692
0.988160
1.621775
0.496234
0.376537
0.827916
1.548299
1.493744
0.900069
1.758627
0.451595
0.111322
1.494488
0.666229
1.548451
0.599031
0.417528
0.137283
1.656921
1.347870
1.918223
1.274299
0.894843
1.391483
1.564777
1.757141
0.988116
1.576856
0.658924
1.415776
0.626177
0.409692
1.205124
0.172430
0.464024
0.373997
0.230729
0.086346
1.911795
0.420921
0.658078
0.842043
0.558265
1.929330
1.260021
1.457482
1.349155
0.190261
0.372249
1.137563
1.095957
0.988121
0.470167
1.827677
0.856363
0.419849
0.984425
0.416301
0.752354
1.382145
1.620321
0.751452
1.414998
1.619787
1.414019
1.348144
0.384053
0.796485
1.728671
0.085583
0.973798
0.834491
0.430145
0.813639
0.177060
0.795682
1.363403
1.907700
0.775932
0.834082
0.445901
1.154798
1.259563
0.074457
0.615648
1.382985
1.551045
1.633161
0.901021
1.398597
1.621388
1.523990
0.869233
0.259565
1.916262
1.489564
1.397242
0.152986
1.014180
1.084931
1.845107
0.885921
1.606112
0.789022
1.791118
0.161522
0.406735
0.152934
0.677678
1.690166
1.056737
1.620919
1.270375
1.139110
0.157517
0.667315
1.283738
0.114810
0.195335
1.099376
1.620743
1.378695
0.226246
0.076994
1.142507
1.729885
0.649916
1.932657
0.965515
0.784811
1.434326
0.408285
0.801225
0.475135
0.593930
1.550504
1.719619
1.472793
1.547330
0.165357
0.112733
0.686671
1.648692
1.550628
0.112417
1.141711
0.838056
1.080680
0.812599
1.601397
0.123672
1.288202
0.424004
0.735118
1.621180
0.561587
0.989048
0.643755
1.494844
0.344437
0.074495
0.415341
1.854563
0.667485
1.413739
1.620822
0.856408
1.613445
0.299845
1.197264
0.091657
0.420399
0.266180
1.924567
1.533997
1.346804
1.283037
0.080441
0.296845
1.756054
0.500038
1.493688
1.309041
1.768393
0.965487
0.077644
0.451579
0.986656
1.652178
1.420279
0.757964
1.814296
1.325121
0.085546
1.617370
1.419879
1.059003
0.773235
0.521965
0.577486
0.812101
1.654162
0.085683
0.520329
0.375029
1.390696
1.059245
0.742759
1.316047
1.483641
1.414559
0.122954
0.067981
0.146703
1.143271
0.207179
0.660024
1.413044
0.577466
1.548004
0.656786
0.734141
1.588108
0.375639
1.059124
1.593372
1.140447
1.321297
1.520830
1.142557
0.527179
1.817563
1.709865
1.204778
0.988094
0.200869
1.088148
0.418959
0.772085
0.988133
1.197295
0.174609
0.300151
1.622689
1.933357
1.548446
0.092327
0.203495
1.321672
1.348782
1.598193
0.194243
0.536285
1.084754
1.644313
0.203990
0.264832
1.755344
0.114897
0.488530
1.138969
1.544685
1.728562
1.418248
1.161222
1.486348
0.090717
0.866384
0.848325
0.784489
1.392925
0.523373
0.806637
0.896477
1.075715
0.159289
1.153978
1.619487
0.678336
1.257847
1.399873
1.610970
0.284906
1.241164
1.726577
1.199560
1.147883
1.506581
0.241949
0.852830
1.230965
0.988117
0.851391
0.574941
1.165340
0.760485
0.988140
0.893907
1.599268
0.807240
1.255580
1.414740
1.141541
0.183289
1.142684
1.538754
0.321508
1.369596
0.076568
0.075376
1.483372
1.156445
1.620692
1.326605
0.295542
1.277884
0.788616
1.399504
0.473532
0.174746
0.311136
1.209838
0.587297
0.400044
0.900675
1.209958
0.617486
0.575959
0.554688
1.349518
0.988345
0.177143
1.812430
1.253350
1.413736
0.808103
1.392152
0.905863
0.329324
0.412147
0.889828
1.788834
1.912588
0.566570
0.693470
1.142991
1.614764
1.487823
1.264459
0.991051
0.109276
0.975926
0.958793
1.550479
0.629332
1.261236
1.639982
1.346945
1.544344
0.635217
1.728523
1.871168
0.090801
1.125317
1.321002
0.394607
0.080968
1.584506
0.377351
1.420496
0.891539
0.412443
0.826537
0.245109
0.768165
1.423085
1.399804
0.829650
1.553731
1.143892
1.629799
0.976238
1.629961
0.501951
1.930418
0.078733
1.332164
0.370692
1.397945
1.542045
0.986364
0.402170
0.705247
1.230996
1.414966
0.821439
0.988718
0.636567
1.926036
1.914733
1.354818
1.143090
1.620670
0.838911
0.372901
1.728626
1.411877
1.494228
1.728426
0.967877
0.396656
0.257119
1.718604
0.719144
0.260212
1.547674
0.612006
1.313543
0.068823
0.764655
1.757016
0.347872
0.070097
1.605023
1.573704
0.727689
0.295531
1.258478
0.441198
1.340501
0.521105
0.069425
0.834746
0.593289
1.140280
0.181045
0.552448
0.821648
1.491104
0.190871
0.175064
0.597039
1.201696
1.478497
1.620870
0.380404
0.482658
0.876066
0.306320
0.714894
1.414387
0.317116
1.284731
1.636600
1.260855
0.080657
1.076974
1.356982
0.324669
0.858688
0.073358
1.548505
0.706454
0.154156
0.873294
0.312367
1.490394
1.347144
1.256339
1.646278
0.738105
0.785427
0.251339
0.309360
1.082430
0.384622
1.934609
0.209081
1.788557
0.792541
0.203774
0.757167
0.227641
0.975311
0.959327
0.976792
0.397074
1.436486
1.197199
1.620231
0.721196
0.905001
0.244478
0.987275
1.734255
0.660564
0.815085
1.416066
1.492478
1.661983
1.822819
1.143157
1.588799
0.405658
1.844057
1.929516
0.218801
0.776932
1.311460
1.080683
0.341966
0.902340
1.484109
0.424585
1.903162
1.271063
1.487999
0.541953
0.168159
0.281030
1.360873
1.139819
0.195085
1.628693
0.093108
0.754389
1.834043
0.908058
0.331346
0.154944
0.724310
1.933732
0.378780
0.976776
0.116761
0.266068
0.147416
0.297241
0.599895
0.702636
1.145878
1.687974
0.903991
1.198273
1.808057
0.640295
1.199173
0.074565
0.531900
0.350634
1.239017
0.692397
0.950268
1.156570
1.631526
1.921503
1.727833
1.812116
1.415239
1.349464
0.285040
1.334632
0.500316
0.490224
1.142231
1.544553
1.231195
1.917215
0.740795
0.446221
1.310113
1.281837
0.906316
1.134756
0.739030
1.619925
1.356513
0.958354
1.349239
1.347149
0.197196
1.834233
0.526002
0.230400
1.409296
0.124369
0.078280
0.987621
1.925328
1.756631
0.323159
0.424386
1.620876
0.109609
0.623003
1.632929
0.355006
0.071552
1.905819
1.620760
0.116990
0.466269
1.616316
0.198762
0.180497
1.728447
1.582096
0.872349
0.316101
0.880401
1.199477
0.773037
0.592020
0.146656
1.619528
1.934138
1.812197
1.620519
0.083873
0.109948
0.736502
0.791566
0.302841
1.605881
0.897553
1.662234
1.413515
1.704470
1.397347
0.924229
1.622326
1.521077
0.337039
1.630230
1.007559
1.929586
1.622719
0.873241
0.751281
0.148261
0.988099
0.074692
1.143039
0.207172
1.619799
1.049361
1.143080
0.759748
0.336680
0.750463
0.317396
1.424217
0.466372
0.709630
0.199101
0.657985
1.211615
1.614004
1.934532
0.988121
0.318173
0.142825
1.114908
0.988123
0.072464
0.728904
1.520967
1.171508
0.907792
0.988118
0.342385
0.477017
0.809562
1.533308
0.771292
0.970983
1.810669
0.290102
0.614776
1.521074
1.675744
0.976132
1.620209
1.811092
1.608796
0.788143
0.910555
0.453079
0.073493
1.347939
1.619717
1.394735
1.791898
0.178303
1.346153
1.934411
1.350272
1.871610
0.617311
1.140129
0.816945
0.106070
1.620242
1.251551
0.818884
1.707212
0.201051
1.142937
1.414260
0.572164
0.354771
1.622671
1.622717
0.647646
0.465377
0.986628
0.274395
0.391474
1.027923
1.479810
1.142850
1.836670
0.068753
0.080456
0.832818
0.906202
1.570714
0.515645
0.531478
0.196827
0.566328
0.978386
1.195851
0.156607
0.460781
1.199667
1.620798
1.550195
0.228013
0.380021
0.092454
1.545467
1.140307
0.174151
1.203042
1.272621
0.551787
0.193597
1.728337
1.414739
0.978229
1.059294
1.284111
0.082157
0.145100
1.161884
1.007070
0.219440
0.696165
1.543226
1.919934
0.534442
0.146304
0.988074
1.408959
0.150914
0.072347
1.203480
1.070298
1.369346
1.143072
1.396234
1.413978
0.127516
1.415468
0.185303
1.142848
1.420728
1.927314
0.305301
0.496766
0.736852
0.396950
0.910387
1.416011
0.377066
1.345894
1.906506
0.886262
1.412066
0.984225
0.989763
0.614070
0.407938
1.142920
1.492634
1.160221
0.173701
1.916271
0.117120
0.114082
0.542761
0.752996
1.547889
0.701556
1.755237
0.511214
1.546945
1.414579
1.204858
0.486780
1.321050
1.259101
1.730105
1.411736
0.761523
1.573749
1.614809
1.480692
0.736217
0.800304
1.619989
0.688223
1.620832
0.555723
1.142011
1.618743
1.620459
1.728688
1.926029
0.569939
1.911408
1.646793
1.896100
0.477005
0.770463
0.444666
0.423098
1.005007
1.885135
1.807956
0.380042
0.195439
0.416695
1.094554
0.988092
0.379381
1.603369
0.142817
0.071350
0.248861
1.623312
1.141783
1.545829
0.184121
1.088189
0.205434
0.746582
1.716343
0.528727
1.143995
1.144120
0.488823
0.069806
0.145761
0.980658
0.453350
1.147448
0.376334
1.728301
1.550185
0.629797
0.578062
1.138954
1.247551
0.900272
0.991435
0.250766
1.758922
1.488820
0.765632
1.629651
1.352365
1.084283
1.819241
0.904342
0.828026
1.335789
0.565316
0.653234
0.352335
0.157783
1.928840
1.913628
1.728532
0.644088
1.143654
1.910374
0.684514
1.226509
1.930608
1.636647
0.886282
0.375983
0.906570
1.569002
0.976873
1.620551
1.581455
1.749732
0.480394
1.548886
0.274854
1.635408
0.309279
1.142439
1.196856
0.741282
0.167986
1.410937
0.505471
1.729161
0.986144
0.701426
0.584316
1.083032
0.132838
1.757365
0.426355
0.833115
0.765584
1.231800
0.987329
0.677097
0.274905
1.768249
0.217397
1.679838
0.766462
0.247173
1.620388
1.487857
1.023499
0.367752
0.185074
1.840467
1.143229
0.751410
0.413994
1.337358
1.727793
0.131772
1.395360
0.927192
0.838425
0.362100
0.277040
1.728578
1.589786
1.142167
1.417032
0.828118
1.757796
0.498963
0.076045
1.767224
1.920169
1.933893
1.262675
0.981543
1.758019
1.913436
1.775072
1.143149
0.098785
0.193246
0.712259
1.214891
1.932871
1.648619
1.842220
0.069132
1.021223
0.283430
1.811280
0.892643
0.913234
1.728573
1.256188
1.258294
1.619872
0.243868
0.199719
1.511941
0.183753
0.988122
0.988122
0.068744
1.057280
1.728814
0.369421
1.665387
1.620317
0.095683
1.142843
0.251997
1.144591
0.077777
1.809631
0.983624
0.696943
0.385128
1.757928
0.636021
0.081337
0.829750
0.583358
1.415245
1.260001
1.395071
0.495584
1.412459
0.068636
0.426516
0.197180
1.727314
0.817493
0.285143
0.326947
0.752349
0.844813
1.897490
0.855269
1.860304
1.142452
0.254038
1.201131
0.950062
0.281334
1.142527
0.238879
1.620547
1.540602
1.631098
1.920129
0.841564
0.145352
0.383316
0.372876
0.780283
1.816838
1.058966
1.143115
0.473018
0.910206
1.282044
0.608890
1.297441
0.972793
0.692305
0.539366
0.129445
1.370120
1.553906
1.757397
0.872223
1.347267
1.809098
0.914187
0.805583
1.553076
0.158561
0.490860
1.263396
1.630667
1.618566
1.622405
1.728629
0.988100
1.620162
0.071857
1.728385
1.620542
0.592558
1.245376
1.615064
0.085058
0.915090
0.211408
1.059272
0.255741
0.769406
1.484795
0.888812
0.215127
1.823043
0.232830
0.987375
0.144114
0.613027
1.239045
0.134384
1.435642
0.830236
0.826059
1.620462
1.143018
0.711082
1.285430
0.443322
1.620534
0.209020
1.415962
1.541030
0.905420
0.068124
0.189564
0.629477
1.728482
1.913253
1.728545
1.921232
1.732283
1.168692
0.442903
0.814194
0.462482
1.481499
1.347183
1.141546
1.721426
0.245389
1.397388
1.726388
0.382418
0.074148
0.372591
0.985137
1.359718
0.083430
0.171955
0.075052
1.638512
0.291584
0.503734
0.372297
0.764973
1.772273
1.451635
1.770819
1.273664
1.614095
0.713440
1.666402
0.537148
1.491778
0.185758
0.988129
0.223482
0.171476
1.670622
0.274672
0.538992
1.819692
1.620512
1.313981
0.077818
0.628732
1.311349
0.309107
1.811237
1.816405
1.612768
1.494811
0.445849
0.714505
1.805673
0.595471
1.130419
0.977653
0.179946
1.142755
0.278403
0.346074
0.373883
1.578641
0.199670
1.142107
0.275632
1.933621
0.379556
0.125371
0.720226
0.088234
0.721180
1.847559
0.857267
0.723482
1.561864
1.934734
1.732953
0.144928
1.059007
1.627481
1.142978
1.828478
1.728631
0.323486
0.548035
1.142767
0.233876
0.522343
0.203838
1.143154
0.173188
0.989517
0.765788
1.059214
0.549995
1.928895
1.173439
0.183559
0.548804
0.135231
0.819662
1.728532
0.649263
0.073239
0.123561
0.185691
0.768784
1.346833
1.080976
1.619015
1.854573
1.469123
0.665185
0.166986
1.490166
0.901785
0.215045
0.901583
0.714157
0.403889
1.258594
0.077260
0.079384
1.912937
0.143090
1.347401
0.567340
0.400283
1.919937
0.984377
0.108942
1.261173
0.670233
0.991993
1.607142
0.292921
0.350518
1.520319
0.924478
0.976788
0.561314
1.727559
0.976641
0.176856
1.059164
0.737255
0.091315
1.885485
1.142861
1.549460
0.582082
0.901856
1.576995
0.924514
0.875933
0.070078
0.350750
0.788003
1.622211
0.571729
1.756833
1.084927
1.294677
1.934508
1.347146
1.138849
0.943949
1.315346
0.905328
1.598471
0.813034
1.343531
0.074323
0.068426
0.200820
1.277538
1.728839
1.724805
1.347534
0.533627
1.435315
1.618853
1.141307
0.693219
1.565139
1.139277
0.114626
1.810881
1.058235
1.395334
0.988140
1.927351
1.178443
0.202366
1.251280
0.647840
0.349963
1.110033
1.059245
1.060102
0.093356
0.221741
1.562728
0.374359
0.452752
0.084042
1.618411
1.918351
1.397166
0.082779
1.419442
1.208575
0.304054
0.858882
1.759734
0.884043
1.477158
1.921859
0.571084
1.491181
0.748713
0.952491
1.728414
0.433521
0.976802
1.480977
1.621969
1.396497
1.694838
0.473851
0.987938
1.205339
1.414107
0.904941
0.180383
0.988121
0.674845
1.728890
1.202182
0.469795
0.268732
1.548824
1.257417
0.988757
0.103886
1.757553
0.553674
1.181659
1.713799
1.549013
0.302224
0.605847
0.988131
1.493395
1.395364
0.310727
1.812413
0.182951
1.620544
1.204639
0.528134
0.713885
0.272753
1.612584
0.283202
1.604361
1.933248
1.201464
0.084125
0.262191
1.728535
0.895833
1.537651
0.073068
0.335641
0.535300
0.976096
0.905415
1.699712
0.988192
0.786203
1.209095
0.071302
1.209464
0.181142
1.757266
1.330460
0.761105
1.321814
1.082177
1.142886
1.769950
1.756459
0.981696
0.601693
1.488006
0.399478
0.988141
1.529245
0.068887
1.515503
0.449090
1.756588
1.142468
1.207417
1.728588
1.268664
1.398852
1.809264
0.364652
0.369104
0.090700
0.574572
0.442367
0.892779
0.505463
0.707314
1.492185
0.125271
1.394804
0.424623
1.274280
1.866666
0.077986
1.418743
0.988120
1.202724
1.930678
1.610531
0.469169
1.769446
1.308545
0.127107
1.241113
0.329132
0.692887
0.488286
0.858085
0.126000
0.850966
0.567172
0.905715
0.363016
0.774190
0.837419
0.835234
0.313620
0.973478
0.529192
0.319254
0.480804
0.362031
1.756184
1.136980
0.894815
1.616441
0.904863
0.741563
1.906909
0.596386
1.320558
1.335142
0.976532
0.184603
0.150089
0.070947
0.069741
0.778956
0.987393
1.421184
1.628236
0.695707
0.706226
0.427781
1.394405
0.803694
0.330580
0.988121
1.152686
0.546534
1.920658
1.369818
1.134724
1.205625
0.089236
0.584995
0.572410
0.419036
0.988037
0.403253
0.757178
0.385254
1.728709
0.257240
0.472454
1.606989
1.397405
1.728002
1.142391
1.138424
0.750283
0.882326
1.745341
0.479350
1.414356
1.349290
0.877575
0.080563
0.072227
0.846431
0.282508
1.081984
0.171320
0.131649
1.425369
1.259362
1.143307
1.539863
0.577486
1.622230
0.388734
0.468861
1.920391
0.597503
0.255463
1.348780
0.917888
1.923108
1.921036
0.364924
1.549278
1.143058
1.919980
0.125126
0.854402
0.594882
0.174778
0.515210
1.206913
0.988120
1.094034
1.913542
0.685733
0.079423
0.129748
0.240572
0.534472
1.791307
0.466786
1.083837
1.728660
0.844618
0.087423
0.776340
1.921448
0.196101
1.395798
1.237765
0.552042
0.609848
1.349771
0.136910
0.702551
0.372546
0.079373
0.161754
0.524637
0.784909
0.071474
0.448605
1.728681
1.728260
1.205496
0.463911
1.934525
0.420621
0.507051
1.836598
0.477205
0.203008
0.369077
1.620275
1.316413
0.786612
1.522568
0.409011
0.976773
0.468127
0.572826
1.548674
0.741794
1.744308
0.263652
0.530107
0.433526
1.427933
0.663683
0.245391
0.118305
1.414279
0.864618
0.238548
0.210705
0.125126
0.784369
1.105552
1.123457
0.281659
0.169694
0.446350
0.069520
0.618977
1.708736
1.398095
1.132604
0.106291
0.102439
0.380133
0.249289
1.058870
1.623213
0.073996
0.411557
1.251692
1.081606
1.392061
1.556212
1.620057
1.836907
0.690925
1.564230
0.555231
1.416781
1.924733
0.906828
0.650514
1.318958
1.569057
0.412454
0.452437
1.815299
0.716557
1.414624
1.364419
0.767562
0.718951
0.697180
0.199323
0.072783
0.347168
0.083419
0.461541
0.301450
1.849252
0.118557
0.382958
1.399507
1.418572
0.238335
0.988159
0.204594
1.059045
0.472985
1.410182
1.634227
1.348019
0.899797
1.728641
0.817930
1.600366
0.784791
1.142933
0.400305
0.376977
0.097303
0.837900
0.768824
0.260505
0.253058
0.806304
1.297058
1.731005
0.648855
0.988138
0.826777
0.156789
1.757011
0.455078
0.659031
1.059212
0.643810
0.988120
1.447776
1.083079
1.195103
0.214354
0.510307
1.754793
1.194565
1.149562
1.729551
1.728684
1.538751
0.893348
1.813962
1.528945
0.316768
1.622368
0.826311
1.620355
0.155684
0.800280
1.135926
0.297022
0.832086
1.921536
0.381521
0.693236
0.899034
0.174823
1.358402
0.306218
0.220017
1.395652
0.074843
1.758863
1.084521
1.726628
1.621841
0.976623
1.490574
0.406132
0.986199
0.632307
1.875486
0.549516
1.415177
0.474141
1.422315
0.851505
1.251276
0.176742
1.255900
1.920179
0.184556
0.589137
0.507939
0.503285
1.559020
1.013248
0.158114
0.195900
1.934261
1.396208
0.492793
0.375372
0.582030
1.916868
0.988119
0.935047
1.933696
1.208763
0.514296
1.546379
0.092733
1.198931
1.918087
0.793350
1.261742
0.750605
0.205199
1.756799
1.625280
0.988191
1.417221
1.931918
1.609211
1.484995
1.727876
0.892468
1.747679
0.970010
1.379553
1.934312
1.442354
0.394942
1.314871
0.105284
1.322309
1.725816
0.350415
0.416751
1.623909
0.532307
0.482347
0.786023
1.625286
1.914007
1.493962
0.239661
0.464514
0.494105
0.839409
1.620373
0.808224
1.426862
0.403044
0.431196
0.596888
0.849150
1.205436
0.559934
1.930690
0.976344
0.703699
1.165098
0.245040
1.292425
1.629067
1.618464
1.143331
0.681504
1.269621
0.067825
1.142685
1.155271
1.383790
1.620131
0.635634
1.640297
0.976726
0.954419
1.267764
0.506557
0.974599
1.779414
1.639557
0.437918
0.427337
0.725923
1.810889
0.767560
0.589070
0.924617
1.066738
1.624374
1.059042
0.988123
0.988743
0.202796
0.900606
1.154275
1.307333
0.088441
1.809324
1.212013
1.549377
0.284255
0.630874
1.284994
1.805270
1.414105
0.539869
1.543709
0.202781
1.173193
0.440711
0.988161
0.860870
1.520796
1.059150
0.275720
1.823772
1.622117
1.728836
0.119205
1.060009
1.138693
0.311790
0.331589
0.317875
0.345534
1.834537
0.180868
1.258184
0.076495
0.368551
1.498039
0.843060
0.527762
1.622549
1.140925
1.647329
1.728624
0.208002
1.773187
1.128832
1.142874
0.074728
1.169632
0.790417
0.357647
1.142360
0.519857
1.684271
0.203770
0.988127
0.902099
0.152845
0.110323
1.143150
0.812799
1.666681
0.132130
0.991651
0.101922
0.673781
0.920101
1.059286
0.579729
1.728457
0.260516
0.947162
0.120773
1.424829
0.429245
1.617940
1.255392
1.137859
0.990351
1.916682
1.145637
1.390002
0.730516
1.928439
0.092044
0.784644
0.484291
0.987356
0.505602
0.384984
0.247815
1.206513
1.838733
1.438523
0.313901
1.632257
0.468470
1.232844
0.383074
1.392961
0.389391
1.640144
1.552878
1.080765
0.705995
1.082509
0.140920
0.129123
1.346948
0.071587
0.363418
1.812586
1.813302
0.193957
0.970419
1.087243
1.260411
1.334840
0.478198
0.158840
1.608556
0.752433
0.067683
0.321288
0.578627
0.175221
0.152017
0.126604
0.234615
0.473087
0.283142
0.409529
1.626196
1.368431
1.114784
0.915700
1.931493
1.244929
1.815440
0.141071
0.073031
0.641173
0.192174
0.787488
1.516930
1.547213
1.619523
0.486363
0.608964
0.975392
0.407943
1.142544
0.580798
0.910130
0.691937
0.283471
1.727887
1.836771
0.239391
0.943348
1.802426
0.374727
0.634318
1.612991
0.507071
0.989611
1.546127
0.703987
0.371573
0.182109
1.413739
0.763552
1.728483
1.931337
0.432501
1.142545
0.988121
0.069598
1.815462
1.493174
1.138771
1.756623
1.547492
1.770106
0.322736
1.616278
0.242087
1.814810
0.073451
1.633194
0.211345
0.905214
1.321627
1.297764
0.608501
0.442880
1.912018
0.336278
0.852163
0.988118
0.181393
1.920540
1.142974
1.926290
1.412427
0.318603
0.356638
1.728674
1.415740
0.392503
0.999931
0.605689
1.487575
1.607927
1.931013
0.600112
0.190309
1.081858
1.197320
0.272679
1.520358
0.184419
1.862891
1.547534
1.924459
1.849383
1.197074
0.962270
1.119718
0.744406
1.055531
0.126733
0.272915
0.431345
1.259819
0.240898
0.731468
0.914942
1.379891
1.143054
0.675734
1.597403
1.804923
0.210232
0.568034
0.948128
0.315059
1.415456
1.551982
1.625511
1.272652
0.988120
1.083421
1.417346
1.584012
1.057430
0.761581
1.620669
1.258777
1.801076
0.902313
0.802920
0.609778
0.278947
1.240474
0.734715
0.459954
1.414493
0.198998
0.795742
1.909806
0.672635
1.345029
0.369186
1.907246
1.620518
0.405001
1.709762
0.277003
0.398576
0.280844
0.334811
0.988178
0.802129
0.509392
0.528764
0.799574
0.195940
0.601346
1.561584
0.900993
0.922237
1.618123
0.072792
1.398973
1.930327
0.989286
1.728451
0.988121
1.637095
0.739739
0.074414
1.703714
0.642459
1.202927
1.881185
1.882262
1.818914
1.621334
1.810854
1.781785
0.696628
1.094217
0.889151
0.873507
1.770121
1.414938
0.708503
1.523731
0.416515
0.989279
0.598449
1.548863
0.877163
0.787278
0.555634
0.807799
1.877900
1.343309
1.364109
0.988094
0.971626
0.827954
1.835339
1.082184
1.396787
0.508873
0.151667
1.166838
1.133505
0.185822
1.127533
1.059261
1.138772
1.575311
1.414103
0.188716
1.882512
1.270769
1.260033
1.413790
1.634071
0.991281
0.191089
1.926551
1.604456
0.904862
0.976773
1.617435
1.694314
0.988119
0.072539
0.391948
0.148350
1.533215
0.988122
1.418525
1.204378
1.624659
1.268575
0.702471
1.549105
0.162420
0.521212
1.770535
1.351392
1.813784
0.757343
0.721352
0.373840
0.622846
0.297775
0.495501
1.521670
1.759481
1.144933
1.349549
0.069348
1.725316
1.925016
1.906224
0.892189
1.317698
1.547507
1.346521
0.443327
1.278412
0.108225
1.590785
1.127681
0.571666
0.853094
0.384350
1.412873
1.312550
1.933428
1.397744
1.413265
0.744498
1.726625
1.207949
0.199356
1.636925
1.620859
0.985056
0.665079
0.737962
0.458123
1.072368
1.616725
0.204359
1.146289
0.903481
1.626897
0.905298
0.464110
1.757395
1.083442
1.814502
0.847059
0.405120
1.142965
1.141986
1.855564
0.891657
0.147670
0.847246
0.722584
0.901968
0.457648
0.902620
1.753228
1.329512
1.414522
0.988873
0.417603
0.155488
1.184815
0.469903
0.539681
0.078741
0.465324
0.636486
1.142867
0.601584
1.600715
1.142893
1.156902
0.219641
1.143945
0.610691
1.605632
1.348146
1.932520
0.974320
0.667669
0.622457
1.263963
1.253627
1.528488
0.427991
1.314302
1.614715
1.930155
1.916896
1.547266
0.075214
0.901484
1.666821
0.476761
1.766229
1.314774
1.416178
1.617387
1.529579
1.831908
0.089041
0.928862
0.861074
1.262952
0.199440
1.271202
0.752540
1.669405
1.816295
1.610263
0.988138
1.898711
1.506928
1.142592
1.534463
0.694500
1.889820
1.338341
0.072324
0.878125
1.250238
0.544836
1.140375
0.576383
0.580462
1.156471
1.142721
0.227804
0.450541
1.853419
0.988127
1.623028
1.141555
0.418838
1.758616
0.082808
1.704514
1.805683
0.751306
1.142731
0.862217
1.550384
0.406666
0.069009
1.263342
1.142748
0.499223
1.398589
0.682425
1.143182
1.228561
0.107252
0.806803
0.583605
1.633168
1.814483
1.202247
0.807440
1.410962
0.765619
0.287244
0.979532
1.917088
1.617644
0.235531
1.912758
0.096825
0.988121
1.086676
1.621200
0.442228
1.347248
1.251334
0.901411
1.348765
1.547972
0.867176
1.620917
1.620310
0.977513
0.482832
1.413188
0.988160
1.142842
0.261903
1.164439
1.350267
0.530350
0.553185
1.545624
1.728440
0.220519
1.058704
0.845973
1.727872
1.391563
1.248520
1.137947
0.098433
1.580819
0.987469
0.707409
0.286757
0.717463
0.797283
1.915260
0.900289
1.810624
0.266881
1.144918
1.675507
0.075931
0.318268
1.493306
0.148258
1.198325
0.703109
0.471673
0.436636
1.488655
0.814600
0.880981
1.214473
1.633833
0.565300
1.308118
1.634901
0.375792
0.366224
1.139897
1.762362
0.548644
1.797094
1.601066
1.415885
0.218645
0.538731
1.493757
1.324210
0.417625
1.673359
0.412222
0.724658
1.679028
1.757218
1.145953
0.259909
0.956735
0.207768
0.150124
1.637878
0.107278
0.159067
1.629970
1.728712
1.629354
0.122101
0.154086
0.976772
0.557206
0.609536
0.214014
1.416759
0.897177
0.068007
0.988467
1.926223
1.931750
1.714699
1.812952
0.504006
0.844162
1.629755
1.184415
0.903004
1.671196
0.205925
1.641245
0.469535
1.196520
0.300105
1.248976
1.909492
0.665585
1.638143
1.280056
1.615915
1.815440
1.921159
1.196670
1.933492
1.746469
1.243722
1.410226
1.575330
0.085916
0.447175
1.142670
1.728647
1.725748
0.741277
1.416301
0.180899
1.142586
0.852046
0.612433
1.625578
1.334512
1.577289
1.582110
0.990057
0.171293
1.728654
1.810505
0.570903
0.214072
0.839952
0.987745
1.727362
1.620269
0.988332
1.244500
1.807312
1.059279
1.617861
1.620347
1.856512
0.988135
0.193144
1.344330
0.696302
1.756633
1.427451
1.266834
1.415528
1.542966
0.453978
1.143256
1.119711
0.156612
1.880809
1.728646
1.822757
1.662237
0.928464
1.918284
0.725273
0.512625
0.126434
1.287735
1.562109
1.728505
1.368573
1.342655
0.233935
1.817180
0.455571
1.143071
0.656440
1.620244
0.766535
0.225040
0.101466
0.116106
1.257481
0.848695
0.902658
1.410781
0.572539
1.143043
1.327937
0.988125
0.228045
0.978096
0.484288
1.646314
1.834423
1.807127
0.643245
1.546322
0.403581
0.279491
0.529755
0.839910
1.767223
0.078701
0.988120
0.124334
0.496795
1.108945
0.734386
1.414875
1.009288
1.263116
1.232922
1.150295
1.617813
0.725340
0.186702
1.660655
0.420593
1.081354
0.310957
0.833695
0.810932
1.813494
1.100490
0.375007
1.932033
0.449245
0.477589
1.735977
1.452776
1.619198
1.208325
1.142963
0.362062
0.260657
1.264047
0.734717
0.399754
0.144953
1.564211
1.818937
0.988121
0.777851
0.439845
1.145170
0.075836
1.260892
1.640822
1.346436
0.728040
0.620865
1.760014
0.769413
1.932086
0.436565
0.759353
0.803459
1.059239
0.796774
0.564181
1.415322
0.986548
1.857045
1.418746
1.194059
0.600732
1.917365
0.070619
0.388455
1.259245
1.731369
0.344653
1.254377
1.153897
0.296058
1.418005
1.294298
0.298457
0.676775
1.816960
1.261192
1.619669
0.798770
0.172591
0.975002
0.386101
0.744080
0.156178
0.573411
0.869424
1.918882
0.115851
1.030878
1.347288
0.898944
0.616241
1.207681
1.475485
1.488012
1.611822
0.259957
1.535964
0.901398
1.589147
0.506494
0.104712
0.826963
1.338345
1.150634
1.502175
1.332355
1.411744
1.619361
1.547302
0.195065
0.894870
0.895316
1.758596
0.775437
1.059228
0.365870
1.316383
1.398008
1.405085
1.144267
0.288030
0.518332
0.893997
0.643478
0.556864
1.290544
1.225278
0.083610
1.918926
1.204887
0.401104
0.855122
0.491148
0.383198
0.175974
0.493298
1.612355
0.799445
1.270848
1.730285
0.155349
0.077026
1.378439
1.235394
0.604732
1.339091
0.409121
0.372642
1.472660
1.762304
0.077954
1.347912
0.606965
1.264357
0.771681
1.721496
1.236431
0.473234
0.988119
0.328000
1.257251
0.543583
1.197165
1.507339
1.412201
1.728615
1.541219
0.227771
1.530729
0.584104
0.071031
1.933568
0.187000
0.349088
1.424717
0.204828
1.728573
1.804642
1.036054
0.247827
1.917506
0.165137
1.256026
0.172706
0.500976
1.293816
0.643587
1.891273
1.714963
1.415990
1.169484
0.178116
1.143714
0.206651
1.632730
1.195088
0.613959
1.817004
1.390126
1.417915
0.202222
1.142785
0.309568
1.059231
1.084351
1.390381
1.816209
0.787216
1.881380
1.240908
0.611562
0.895003
0.424202
1.911058
0.745621
0.074035
1.726722
0.989164
0.735359
0.725548
0.167977
1.197857
0.742101
1.309987
1.380830
0.218629
1.601877
1.045310
0.703216
0.148509
1.834286
1.327710
1.548792
0.399562
0.312485
0.180540
1.909663
1.554032
0.706575
1.933863
0.425833
0.171858
0.072853
0.086485
0.724663
1.618139
0.416348
0.152005
0.615073
0.574702
0.161971
1.658310
0.683774
0.320931
1.547607
1.534402
1.142905
1.340440
1.767831
1.652398
1.142885
1.460988
1.291937
1.479999
0.782696
1.520783
1.140772
