0.715553
0.651784
1.571433
0.132495
0.444017
1.854657
0.179435
1.573992
1.035768
0.585202
0.240038
1.838587
1.319248
0.107171
0.925991
0.936751
1.873376
0.211887
1.040267
1.714636
1.689498
1.118756
1.837701
0.784284
0.575581
1.319613
0.157894
1.495445
1.521726
1.112273
0.918904
1.302347
1.062846
0.594622
1.068024
0.998403
1.816056
1.673702
0.220260
0.695109
1.706166
0.500503
0.985365
1.362705
0.924995
0.433150
0.108840
1.077739
0.174332
1.509994
0.569925
1.858964
1.322108
1.067245
0.817892
0.621792
0.094947
0.156502
1.279162
0.882950
1.834516
0.328293
0.378954
0.432539
1.505653
0.115005
0.209027
0.541548
1.261235
0.127403
0.155480
1.828100
1.648695
0.079444
0.090539
0.430066
1.005921
1.315336
0.413809
1.675721
0.599971
1.038218
0.569764
1.873733
0.167063
1.018857
1.179664
1.834597
1.315118
0.084791
1.306139
0.387124
1.062417
1.833291
0.171892
0.080028
1.589047
0.927193
0.148269
0.347450
1.147293
0.677052
1.304203
0.287917
1.837517
0.515792
1.868699
1.833295
1.390805
1.315589
1.295400
0.461693
0.106524
1.803758
0.571841
1.103540
1.317048
1.320862
0.206867
1.835445
0.533633
1.319514
1.804006
0.655393
1.040915
1.125855
0.099489
0.641504
0.237490
0.114799
1.573303
1.178113
0.623582
1.381994
1.689189
1.317135
1.322077
0.543636
0.656219
1.221466
0.778241
0.406090
0.096210
1.067448
1.174264
0.871003
1.319218
0.139966
1.830168
0.263012
1.319317
0.478465
0.915139
1.843016
0.324322
0.924905
0.601537
1.815312
0.284914
0.076816
1.579875
0.218846
1.836032
1.587857
1.794212
0.080611
1.821267
1.834505
1.403266
0.475407
0.595088
1.064188
1.484021
0.516305
0.097808
0.884685
0.107193
1.851456
1.325631
1.669569
1.810206
1.817796
1.503155
1.317048
1.828479
0.776929
0.509946
1.319782
1.319868
0.628912
1.547093
0.614551
1.022721
1.238704
1.849765
1.833944
1.188091
1.751192
0.082373
1.836514
0.096344
1.836653
0.412685
1.308376
0.188295
0.154075
1.071212
1.096352
1.319326
0.515422
0.444017
1.830423
1.841917
0.398269
1.068541
0.987177
0.298800
0.109818
0.551053
0.666608
1.625263
0.803210
1.435282
0.676185
1.321358
0.270686
0.147470
1.558682
1.805712
1.761129
0.175799
1.793262
0.486922
0.490195
1.076317
0.434770
1.026936
0.148579
0.557419
0.165922
1.531642
1.663045
1.054903
1.798957
1.084061
1.166939
0.127090
0.639044
0.695417
0.228549
1.836757
0.273229
1.318917
0.743144
0.368919
0.595490
0.997372
1.493609
0.421818
1.318715
0.095668
0.596481
1.109875
1.313305
1.083923
0.651234
1.318584
1.016100
1.821750
1.667000
1.788905
1.283892
0.710269
1.772120
0.095345
0.772088
0.415240
1.190165
0.282639
1.315037
0.231637
0.214053
0.513986
1.895224
1.503406
1.667109
0.112268
0.918947
0.712207
0.931016
1.572560
1.474026
0.459057
0.145795
0.522204
0.807310
0.857924
0.718792
1.626495
0.522306
1.477464
1.201598
1.802804
1.572510
0.073954
0.540959
0.788001
0.170674
1.466396
0.862947
1.246388
1.318794
0.139320
1.580394
1.654408
1.811138
0.278186
0.840043
0.946825
0.487241
0.078073
1.763633
0.106735
0.106764
0.678309
0.328118
1.676789
0.466441
1.580103
0.156428
1.833632
1.761189
0.170669
1.307404
0.921032
1.849826
0.552011
1.819028
0.567529
1.089288
0.564112
0.507332
1.676571
1.838483
0.552667
0.221105
1.067465
1.808059
0.276453
0.867832
0.582788
0.944552
0.071785
0.466959
0.693718
1.085997
1.666697
1.845483
0.880837
0.596197
0.342324
0.833683
0.071345
1.064411
0.089664
1.836835
0.974382
0.155651
0.097364
0.190562
1.829684
0.880722
0.187945
0.135148
1.826778
0.572080
0.702021
1.574628
1.629719
0.076896
1.041800
0.633578
1.835042
1.177021
0.085653
1.732266
1.841550
1.412439
0.219840
0.933129
0.483125
0.367885
0.259987
1.319341
1.511132
1.656893
0.399638
1.311975
0.485834
1.346586
0.533100
1.315449
1.287597
1.147151
1.312407
1.047772
1.662035
0.817724
1.327642
0.649244
0.132308
1.837929
1.837477
0.359182
0.225204
0.925856
1.805665
0.112899
0.083417
1.753409
1.762408
1.506683
1.093796
1.008424
1.202781
0.479684
1.844832
0.527442
1.321552
0.380352
1.289417
1.081228
0.769316
1.280716
0.328264
1.572273
0.118879
0.827171
0.754983
0.683214
1.319072
1.636092
0.098424
1.317871
1.680291
0.295500
0.112469
0.682752
0.497064
0.731534
1.836290
1.835705
0.467658
1.737094
1.360106
0.106004
0.104814
1.665947
1.267990
1.661035
1.227312
1.839797
0.102830
0.132362
0.127220
0.584700
1.013728
1.064582
1.473670
1.778367
1.079818
0.093906
0.129475
0.873058
0.566692
1.585068
1.727691
0.261961
1.313890
1.503993
1.878444
0.568310
0.399273
0.087827
0.586544
0.873805
0.396234
1.142531
1.765204
1.760013
1.829920
1.079129
0.902784
1.328960
0.903545
0.256663
0.684777
0.698804
1.198942
0.203875
1.906032
1.022128
0.750886
1.811744
0.590265
1.660771
0.658806
0.469590
1.651023
0.884600
0.619648
1.143262
1.835961
1.769249
1.836468
0.934770
1.903468
1.053971
0.235750
0.592628
0.843771
0.940670
1.309518
0.856729
1.837098
1.836930
0.183710
1.709446
1.329814
1.826671
0.406015
1.847274
0.156065
1.311788
0.420696
0.089714
0.555830
1.805938
0.196352
1.306851
1.232570
1.311662
0.924280
0.787232
0.904239
1.831042
1.291569
0.241649
0.869463
0.108899
1.668724
1.210356
0.892726
1.302115
1.318917
1.088895
0.475157
0.596861
0.804583
0.852676
0.638888
0.899269
0.284308
0.074634
1.454583
1.228210
1.715577
0.780848
1.858112
1.007965
1.318321
0.072933
0.142438
1.448530
1.317910
1.288624
1.809334
1.594035
1.800671
1.503112
1.770155
1.572259
1.116774
0.387616
1.837507
1.789311
0.549367
1.837414
0.078521
1.837135
1.796673
0.296241
1.836521
0.739547
1.125903
1.838113
0.594240
0.238262
1.315921
0.478801
1.836868
0.108305
0.352704
1.153577
0.183720
0.123387
0.230297
0.946492
1.836600
0.926263
0.087545
0.375619
1.101477
1.821667
0.077493
0.499578
0.925469
0.550719
0.076208
0.169877
1.832852
1.688370
0.180097
0.898390
1.336810
0.267967
1.654013
1.319277
1.024929
0.560292
0.393986
0.409771
1.074832
1.506153
0.952599
0.100621
0.101139
1.305863
1.316386
1.807330
0.328039
1.818660
0.922469
0.721594
1.324265
0.098056
0.921691
0.422921
0.430194
0.144069
0.366993
1.318571
1.844973
0.197759
1.512704
0.558732
0.933148
0.162941
1.835555
0.579682
1.830396
0.642553
1.847116
1.429034
1.152165
1.318583
1.848402
0.139499
0.288981
0.090812
0.106111
0.346982
0.550592
0.771293
1.791945
0.085871
1.189573
0.409170
0.078312
1.835596
0.607861
1.873842
0.483297
1.246429
0.072067
1.624879
0.085758
1.877735
0.626580
1.898739
1.573980
1.841830
1.663400
1.059606
1.503498
1.295347
1.835477
0.776729
1.831371
1.316315
0.807992
1.462869
0.137066
0.235297
1.196055
1.668240
0.081225
1.316725
1.633005
0.497371
1.836479
0.930622
1.830788
0.163720
1.312974
1.204055
0.427505
0.647230
0.969351
1.856058
0.111416
1.819472
1.069255
1.672815
1.561490
0.921208
1.629013
1.156873
0.150833
1.837791
1.321470
1.827481
1.324859
0.136091
1.834798
1.028460
1.468662
1.873675
0.415108
1.312906
0.913313
1.541115
0.144720
1.715335
1.163410
1.489728
0.158297
1.837931
0.380973
1.320031
0.963650
0.412518
0.571787
0.737528
1.537571
1.304207
0.945220
1.667628
0.487552
0.318191
0.331204
0.515334
1.319313
0.488656
0.335951
1.497633
1.679211
1.318786
0.247525
0.229712
1.317181
0.497247
0.825497
1.839866
0.102454
0.349853
1.847751
0.475165
1.305076
1.863814
1.837955
0.185420
1.838483
1.246143
0.086277
0.928259
0.370418
1.410770
1.319201
0.134533
0.776253
0.157883
0.291893
1.325080
0.111313
1.285182
1.058172
1.845027
0.913143
0.123222
0.280132
0.471016
0.593848
0.884954
0.069754
0.090624
1.559891
0.149107
0.199504
1.666293
1.727286
0.472423
0.281449
0.446706
1.308579
1.507916
0.694068
0.273859
1.435453
0.232098
1.368197
1.627362
1.025736
0.884944
0.442444
0.101508
0.186966
0.872607
1.434921
0.098011
1.673182
1.752799
1.144915
1.318066
0.602525
1.055426
0.779791
0.216540
1.837835
1.668018
0.102124
1.525032
1.317753
0.237838
0.739396
1.062262
0.626731
1.067668
0.573901
0.636251
0.247310
0.553589
1.079259
0.204447
1.690645
1.858401
1.883601
0.693139
0.321523
0.860603
1.845460
0.452923
1.496826
1.786745
1.315715
1.319106
1.831246
0.887974
0.268327
0.239984
1.326139
0.799540
1.307770
0.484617
1.233474
1.511091
1.318756
0.363510
1.667463
1.334598
0.192903
0.554922
1.804163
1.332048
0.283072
0.526109
1.667024
0.441790
1.070123
0.438486
1.311861
0.495002
0.130897
0.752598
0.848342
0.341618
1.099940
0.082177
0.185607
0.918366
0.359692
0.080481
1.838616
0.361315
1.106106
1.339414
1.795949
1.873064
1.319159
1.235475
1.317924
0.598811
0.523286
0.215086
0.147213
1.174791
1.308438
1.591485
0.221667
0.533747
0.577820
1.824562
0.758543
1.836733
0.640408
0.183887
0.662323
1.318310
1.178046
1.314750
0.870814
1.792539
1.836614
1.606395
1.673299
0.918933
1.840130
0.559531
1.570140
0.242331
1.840562
1.120459
1.860497
0.742422
1.501674
1.319500
0.269012
1.821412
0.363039
0.325124
0.688974
0.406382
1.080525
1.333008
1.802464
0.582287
0.095018
0.927670
0.651253
0.284395
0.080580
1.830918
0.546103
0.109148
1.318967
0.988919
1.491982
0.307771
1.243483
1.374485
0.650141
0.514907
0.921629
1.215136
0.932033
1.584608
1.836779
1.836907
1.270042
0.397840
0.739231
0.297831
0.200414
0.094425
0.957448
1.767485
1.064443
1.064864
0.269989
0.695789
0.416167
0.183695
1.482651
1.835957
0.419002
0.922340
1.872781
0.520879
1.079754
1.838907
1.474946
0.409359
1.319716
1.077355
1.069582
1.830255
0.280385
0.591433
0.296137
0.527167
0.365587
0.766182
1.318878
0.147678
0.509669
0.319935
0.958355
0.121573
1.215145
1.103691
0.643419
0.644161
1.700232
1.806661
1.268775
0.917697
0.479703
1.807521
1.110160
0.398591
0.741913
1.843326
0.806178
0.446006
1.795994
0.505918
0.615933
1.322161
0.140933
0.685954
1.062963
1.697714
0.442770
0.081173
0.415298
0.074363
0.493398
0.591772
0.086591
0.143045
0.528064
1.660962
1.372007
0.458569
0.882538
0.714610
1.156601
1.836049
1.426631
0.876790
0.580969
1.827380
1.440839
0.187720
1.829512
0.969394
1.054725
0.476953
0.110805
0.259109
0.388444
0.073301
1.760828
1.572142
0.269460
0.863594
1.357800
0.262665
1.669628
1.059173
1.246153
0.852365
0.935343
0.370619
0.874665
0.084372
0.604774
0.385355
0.338203
0.079672
0.171535
0.669240
0.576335
0.409308
1.837597
0.831451
1.676640
1.323097
1.786108
0.389524
1.835701
0.544539
0.122521
0.315182
1.859793
1.511073
1.123462
0.846974
0.925207
0.514964
0.860101
1.036072
1.053160
1.836380
0.599682
0.206713
1.238652
1.672681
0.662267
0.084286
1.063086
0.701357
1.676515
1.835028
1.583558
0.122676
1.325167
0.748167
1.053345
1.836684
0.093096
1.870380
0.113061
0.706444
1.666505
0.244462
0.834207
0.546837
0.322657
0.492810
1.088202
0.559434
0.481501
1.312854
0.214428
1.507529
1.383926
1.227542
0.285575
0.909348
1.784568
1.837010
1.299878
0.863691
1.312739
0.472869
1.836388
1.829479
0.178106
0.206975
1.813953
1.086099
0.886987
0.460565
0.423505
1.499940
0.609762
0.100992
0.455563
1.287661
1.836969
0.153749
0.738081
0.601832
0.122834
0.379955
0.146707
0.133652
1.696274
0.917309
0.095222
1.331740
0.874298
1.575756
1.775227
1.265600
0.426457
1.317404
0.879050
0.774354
0.923519
0.453626
0.724224
0.648309
1.138814
1.325605
1.313614
0.905617
0.099576
0.771655
0.907635
0.521835
0.981240
0.242011
1.020057
1.518406
1.810457
1.492419
1.588795
0.697923
1.836194
1.835234
0.215752
0.119041
0.242712
1.825225
1.319243
1.066899
0.923759
1.615809
1.786029
0.091500
1.503658
0.478076
0.939046
0.106525
1.840296
1.320783
1.247440
0.436383
1.319441
1.340793
1.092301
1.316334
1.506669
1.150136
1.666763
0.570381
0.204079
0.161861
1.445140
1.301818
1.827448
0.298044
1.791297
1.317698
1.826383
1.314241
1.681200
1.597482
1.290303
1.236579
0.093621
0.199651
0.117220
1.597201
1.863539
1.834990
1.831438
0.077316
1.075658
0.467392
0.768226
1.204082
0.574041
0.554096
1.088336
1.597039
0.149391
0.554803
0.510811
1.801779
1.714728
1.086809
0.919731
0.765729
1.362233
1.650799
0.484461
1.584199
1.310705
1.841332
0.313169
0.112800
1.602206
1.035533
0.115177
0.084846
0.909276
0.509597
0.644096
0.082749
0.917312
1.109391
1.670750
1.315471
1.184452
0.920699
0.127569
0.709667
0.172206
1.038040
1.148348
0.692123
0.872556
1.876304
1.514824
0.295732
1.665246
0.650581
0.082049
0.574836
0.305608
1.572615
1.892570
0.146529
0.327383
0.574149
0.134447
1.026699
0.593482
1.347719
1.829149
0.533572
1.318962
1.831804
1.678497
0.659439
1.109126
0.475879
0.234448
0.188504
0.172301
0.858165
0.608580
0.905524
1.715451
1.789564
1.576064
0.161057
0.667454
0.649270
0.387478
0.426712
0.590498
0.096450
1.838179
0.558938
1.316193
0.582929
1.314368
0.719124
1.676525
1.327178
0.111670
1.546627
1.842804
1.310817
0.673497
0.915803
0.792280
1.685656
0.672081
0.308320
0.504617
1.838465
1.824108
0.925842
1.792239
1.319927
0.589836
1.054651
1.822079
0.985622
0.504842
0.834080
0.073587
0.554511
0.206326
1.862653
1.749785
0.157618
1.047827
1.851068
0.429829
0.239305
0.154890
1.313056
0.641991
0.293618
1.242970
1.877961
0.579741
1.012208
1.317587
0.188415
0.099347
0.460214
0.433681
0.165167
0.304229
0.700517
1.680048
1.303675
1.841612
0.404459
0.612753
1.299828
0.345719
0.575495
0.116005
1.602231
0.152571
0.127439
0.730704
0.307445
1.316035
1.631436
1.374848
0.960086
1.000202
1.572502
0.386539
0.522581
1.319039
1.837572
0.521305
0.660086
0.334400
1.090681
1.760741
0.878165
0.378169
0.081598
0.193068
1.822590
1.837286
1.829978
0.272603
1.308648
0.935500
1.071530
1.680362
0.699534
1.832027
0.297587
1.621032
1.067836
1.318234
1.860748
0.599913
0.766793
1.152344
1.503559
1.716437
1.318478
1.306435
0.779221
0.427807
1.821373
0.151052
0.923987
0.369622
1.804527
1.006843
0.133465
0.371325
0.489272
0.670237
1.822546
1.363609
1.725554
1.124370
0.574514
0.573062
1.872958
1.778338
0.919011
0.086049
1.771186
0.921756
0.542893
0.164699
0.614058
1.319404
1.832340
0.896255
0.320763
0.920492
1.251017
1.821295
0.600937
1.809314
1.662542
1.312432
0.428980
0.385243
1.730828
1.767684
1.322409
0.291764
1.682742
1.319399
1.187637
0.313455
1.765195
1.267909
0.840124
0.195988
0.091906
0.753050
0.879734
0.925881
1.661687
0.669444
1.748693
1.212450
0.116840
1.310171
1.844414
0.409548
0.248444
0.585790
1.294163
0.083792
1.335956
0.909803
0.924898
1.083092
0.670129
1.643336
1.275350
1.024809
0.550729
0.152680
1.837657
1.317610
0.409019
1.298385
1.364861
0.112862
0.913782
0.450570
0.451803
0.843798
1.079799
1.134932
0.087087
1.765037
0.585711
1.837596
0.757763
1.319949
1.077867
1.089499
1.462059
0.957764
0.289191
1.584258
1.319719
1.272412
0.498784
0.295440
1.021539
0.093606
0.856860
1.044319
1.641500
1.319530
1.664109
0.709774
1.317373
0.142850
0.977540
0.902314
0.208061
0.098830
1.022908
0.858915
1.202736
0.320573
0.612607
0.155910
1.837327
0.603774
0.452443
0.328460
0.643493
0.115288
0.705124
0.283797
1.269600
0.285415
0.230691
1.179774
0.690598
0.137177
1.507342
1.152539
0.589700
0.155745
0.968742
0.291090
0.812027
0.174554
1.667615
1.306183
0.111025
0.224620
0.171105
0.071127
0.309614
0.399908
1.311330
1.787867
0.212536
1.837587
0.253929
0.226044
0.747417
0.086746
1.065550
0.926814
0.953670
0.306569
0.498150
1.579904
0.282810
0.301241
0.160415
1.855486
1.320355
0.920904
0.430167
0.920295
1.076180
1.176126
1.894976
1.125552
0.121210
0.499353
1.668913
1.231214
1.668213
1.561947
1.330487
0.099795
0.381809
1.806801
1.617756
1.663095
1.313721
1.321073
0.672102
0.597148
0.848986
1.301674
0.201952
1.480948
1.315936
0.682666
1.361376
0.673141
0.232110
1.275901
0.743864
0.092563
1.836977
1.204292
1.170647
1.810869
1.833339
0.575767
1.509249
1.098800
0.156356
0.119017
0.568472
0.951926
0.384657
1.380396
1.839630
0.716126
1.491143
0.152562
1.084167
0.668931
1.836557
1.749544
1.831376
1.316162
1.249695
0.934680
1.053443
1.207078
0.940384
0.780892
1.320287
1.822218
1.340484
1.581779
0.517455
0.967257
0.179437
1.584590
0.920661
1.835776
1.737020
1.666394
0.337490
0.490304
1.836618
0.843176
0.909986
1.634752
1.841118
1.833110
0.206491
0.407344
0.267221
1.836605
1.313772
0.882887
1.855511
1.837670
1.595593
1.078677
0.108434
1.666917
0.896264
0.935379
1.833980
1.830834
0.184031
0.112367
1.828719
1.660312
1.742192
1.315300
0.105228
1.403158
1.504877
0.523739
0.899822
1.665976
1.343924
1.308591
0.127248
0.088036
0.081279
1.318158
0.756239
0.935805
1.074039
1.662680
1.292049
0.107126
0.758521
1.703359
0.400162
1.318471
0.125683
1.320672
1.271282
0.695943
1.765721
0.094038
1.726979
0.151392
0.616513
1.318859
0.590736
0.121148
1.490041
1.424365
0.498240
1.318216
1.573061
0.151272
1.835586
1.686551
0.480759
1.120624
0.127824
1.228216
0.497151
0.282253
0.928344
1.026179
0.937709
1.668659
0.456886
0.581777
1.321169
1.319161
1.318817
1.666178
0.674743
0.996341
0.592642
0.186138
0.951683
0.958039
1.319358
0.071270
0.444980
1.497399
0.530515
0.134182
1.346109
1.833058
1.905785
1.318418
0.379092
1.318553
1.309574
1.714485
1.597504
1.272019
0.920924
0.577279
0.287991
0.155078
0.943823
0.358008
0.879290
1.835084
0.899226
1.809065
0.831534
0.210687
0.461115
0.415684
1.492156
1.779092
1.245147
1.615407
1.319243
0.700072
0.643962
0.089603
1.185492
0.821411
1.659471
1.068774
1.360736
0.922618
1.084101
0.077568
1.356158
1.840236
0.099919
1.816419
0.269718
0.617597
0.221766
0.341296
1.317755
0.522219
0.701233
1.306746
1.625966
0.225153
1.831987
1.842923
1.318932
0.586367
0.384816
0.252211
1.167658
0.084090
1.122921
0.080718
1.579741
1.319646
1.549158
0.629387
0.452888
0.073087
1.836687
1.331636
1.822361
0.572401
1.821658
1.080949
0.278062
0.821569
1.597046
0.618125
1.596663
1.576478
0.300571
0.131895
0.163707
0.218217
0.129934
0.591268
0.539156
0.447324
0.169982
1.688967
0.097655
0.917603
1.657143
1.310311
1.074387
1.711974
1.316324
1.127939
1.183211
0.532307
0.757836
1.833107
0.460065
1.054052
0.085921
1.668587
1.659044
1.085220
1.105318
0.938846
1.855978
1.842359
1.157164
0.751951
1.729963
1.028334
0.320724
0.630102
1.356145
1.839502
1.597154
1.471841
1.307094
0.539306
0.226389
1.315304
0.085878
1.320571
1.318616
0.481813
0.073392
0.913472
1.016530
0.490848
0.713424
0.914126
0.337649
0.337215
0.646336
1.663372
1.073563
0.374885
0.690592
1.834967
0.090449
1.804229
1.315338
1.037617
0.273958
0.282514
1.077618
1.317720
1.196691
0.731198
1.234742
1.840081
0.741245
1.867219
1.499914
1.680611
0.139887
1.833735
0.875694
1.852747
1.320850
0.897234
0.534249
1.814891
0.856457
1.873514
0.352461
0.285577
1.831055
0.189149
1.299218
0.410702
1.298884
0.125733
1.827071
1.109947
1.366446
1.377680
1.622432
1.575625
0.086148
1.749192
0.187521
0.581280
1.060665
0.373876
1.837962
0.368451
1.852190
1.307429
0.567364
1.627744
0.536448
0.673543
0.482823
1.816183
1.319347
0.992420
1.386646
1.060613
0.467756
0.192201
1.813889
1.572863
0.164192
0.145717
0.113950
1.836626
0.473801
1.508787
0.641273
0.141167
0.438535
1.847942
0.079706
1.311329
1.208676
0.920741
0.657520
1.306311
1.664718
0.763424
0.471739
1.320777
0.617138
0.138075
0.477499
0.555659
0.513623
0.691697
0.507115
0.675761
0.387810
0.813498
0.687699
1.066583
0.215633
1.754249
0.830970
0.850837
0.229649
1.837148
1.836193
1.306697
0.382320
0.315514
0.521601
1.835037
0.208774
0.191104
1.827116
1.317480
1.095137
0.638293
0.923811
0.349424
0.133523
0.170278
1.228284
0.756712
0.856014
0.238530
1.317134
1.836962
1.836915
1.822884
0.096566
1.054592
0.145342
0.555507
1.680874
1.899462
0.502816
0.538557
1.613437
0.468239
0.581179
1.577553
1.669348
1.323720
1.319308
1.258741
0.580228
0.681790
1.029460
1.253823
1.686593
1.777695
1.841417
0.752164
0.106231
0.517435
1.598950
0.951922
0.930352
1.834209
0.738077
0.838733
1.281428
1.889113
1.672776
0.859215
0.276608
1.042339
1.553157
0.362879
0.315462
1.289207
1.319247
0.091589
1.031189
0.330897
0.538769
0.754900
1.837137
0.913027
0.212531
0.728843
0.448240
1.816411
1.304542
1.832586
0.706487
1.019901
0.249969
0.871219
0.925795
0.921767
1.827602
1.736314
0.883487
1.649094
0.963021
1.192320
0.798657
0.196579
1.139620
1.670061
0.807117
0.634866
1.319821
0.661067
1.110112
1.597054
1.050737
1.316507
1.321969
0.470960
0.172746
1.307938
1.046053
0.380180
1.830839
0.663553
1.797777
1.073081
0.509546
0.105052
1.666674
1.535720
1.312167
1.451965
0.985264
1.330366
1.806966
0.117216
0.137732
0.896622
1.834105
0.759145
0.081480
1.358014
0.425774
1.482371
1.846076
1.317820
0.632958
1.074422
1.828074
0.812226
1.135702
0.074941
0.955907
0.332720
1.096947
1.000606
1.318094
0.431545
1.572225
1.574484
1.866621
0.881058
0.072224
0.170710
1.840171
1.847481
0.354386
0.079647
0.811223
0.475198
0.263887
0.100674
1.621886
0.886272
1.318490
0.259522
1.319840
0.132174
1.832348
0.642623
1.123145
0.204266
0.265744
1.070825
1.670077
0.505586
1.841800
1.028694
1.808007
0.833717
0.792784
0.099800
0.235515
0.207101
1.304119
1.774691
0.249865
1.841100
1.833533
1.671772
1.858357
0.227510
1.596372
1.661010
0.597699
0.169201
1.836770
1.194224
1.317834
1.574193
0.310680
0.680350
1.836521
1.830588
1.878514
0.672733
0.417055
0.163880
1.713689
0.679567
0.695714
1.869083
0.845655
1.098923
0.428764
0.635391
0.844129
0.767575
1.320483
0.133368
0.790221
0.533994
1.286160
1.315702
1.361974
1.320005
0.776188
1.795962
1.850189
0.277821
0.399946
1.083233
1.222210
0.189492
0.620202
0.314665
0.448814
0.490031
1.060093
1.285097
1.834861
0.780633
1.876902
0.607943
1.206262
1.834135
1.716405
0.149832
1.607221
1.326395
0.080804
1.839359
1.195694
0.308409
0.385669
1.030069
0.340978
0.256660
1.320147
0.884911
0.447213
0.088215
0.301687
0.088914
0.202266
0.453338
0.210551
1.811312
1.325811
1.840068
0.541987
0.574774
1.675934
0.696337
1.663812
1.774158
0.710657
1.382840
0.323651
0.126029
1.581608
1.025532
1.827442
0.731726
1.289444
1.279748
1.838458
0.479561
0.571421
1.650099
0.923030
0.221193
0.321116
1.572954
1.598782
1.666312
1.656864
0.618372
1.858694
0.923019
1.497557
1.817800
0.714675
1.130582
1.655395
1.065852
0.518093
0.236090
0.128855
0.074636
1.056501
0.523722
1.832264
0.199620
0.167913
0.451787
0.843784
1.061191
1.507985
0.923360
0.358257
0.565058
1.868622
1.814047
1.837068
0.592920
1.789982
1.303424
0.535628
0.472702
0.222770
0.705353
0.694921
0.236769
0.917518
0.106931
0.095161
0.224692
0.670796
1.319448
1.594442
1.071887
0.909821
1.841092
1.007809
0.354190
1.818669
1.836967
0.116063
1.123905
0.911471
1.833899
0.379042
0.900054
0.931309
0.376149
0.078994
0.397705
0.572456
0.796245
0.913559
0.120576
1.123094
0.093670
0.592115
0.075915
1.035191
1.312029
0.769982
0.150193
0.106637
0.079267
0.117743
0.941900
0.686711
1.572957
1.364368
1.484072
1.590258
1.393473
1.208469
1.062727
0.212686
1.316750
0.994445
0.682854
1.076408
0.315190
1.319288
1.309746
0.445055
0.596476
0.518597
1.794109
0.080383
1.863477
1.319963
0.928944
1.508647
1.069909
0.870285
0.423709
0.893204
1.317339
1.237259
1.749473
0.868561
1.677284
0.609591
0.938062
1.072533
1.517842
0.630328
0.189459
1.839247
0.273539
0.117125
0.238003
1.811597
0.743349
1.825462
1.504359
0.891443
1.836940
0.921629
1.305958
1.052472
0.098003
0.537699
0.594597
1.101255
0.176728
1.288213
0.649964
0.096709
1.829474
0.089230
0.613276
0.286025
0.517794
1.652722
0.836914
1.282146
0.926730
1.070482
0.516763
0.824272
1.306612
0.303807
0.683453
1.108864
0.074808
0.823466
0.260889
0.100374
0.896012
0.441215
1.505011
1.320312
1.592785
0.932763
0.099004
0.099305
0.539620
1.325444
0.341903
0.978823
1.321699
1.469303
1.833144
0.682893
0.974828
1.764917
1.507574
0.137735
1.106056
0.441442
0.579614
0.461479
1.503228
1.667895
0.665019
1.573819
0.078386
0.160274
0.117846
0.278270
1.371040
0.572612
1.822590
0.454544
1.315560
0.406865
1.051120
0.522422
0.903574
0.807115
0.912958
0.111071
1.715968
0.467431
0.171678
1.318015
0.188875
0.113079
1.658072
0.459666
0.239608
0.196634
0.794906
1.842195
1.091570
0.226287
1.319201
0.201753
0.095716
0.938643
1.748981
0.229938
0.598423
1.567119
1.812052
1.644605
0.298376
0.592717
1.692024
0.202082
1.588137
1.837970
0.849171
0.874462
1.314838
1.829177
0.874324
0.071261
0.171647
1.903803
0.440792
0.368116
1.319145
0.248256
1.838022
0.221385
1.335623
0.921311
0.715958
0.107394
0.101925
0.741531
1.076552
0.778576
0.834555
1.071511
1.779069
1.307343
0.156520
1.847229
1.823572
1.580474
1.820142
0.637172
1.829478
1.379617
1.331392
0.368996
1.741536
1.319534
1.726089
1.301353
0.640261
0.269173
1.133485
0.653814
1.318921
0.180750
1.744845
0.668494
1.822270
1.326580
1.045485
1.319531
0.947931
1.333853
1.786933
1.093410
0.158554
0.931024
1.062548
0.096975
1.904243
0.708406
1.816912
0.101287
1.145694
0.086083
0.117472
0.180947
1.847920
1.811425
1.838395
1.802872
0.077331
0.606698
1.074715
1.114824
1.185585
0.463983
1.890662
1.572028
0.348933
1.065575
1.816409
0.548867
0.347403
0.087472
1.261857
1.571983
1.061418
1.837191
0.217721
0.653801
1.160324
1.310337
1.300797
0.305513
0.591328
1.096300
0.082102
0.734536
0.134800
0.476841
0.918923
1.319319
1.264817
0.758330
1.572484
1.662114
1.706539
0.127189
1.738302
0.292001
0.439650
1.320066
0.526230
0.386613
0.091595
0.906173
1.833894
0.195816
0.523472
1.841150
0.108406
0.375576
0.758681
1.315435
0.371930
1.837645
1.161965
0.248162
0.767946
0.070847
0.611631
0.985047
1.340978
0.613496
0.106761
1.724831
0.075347
0.186394
0.467747
1.325126
0.445608
1.658934
0.721309
1.067194
0.088142
0.096140
1.730491
1.316317
1.299047
1.902845
1.668551
0.080523
1.829739
0.597298
1.148899
1.070796
0.627796
1.830306
0.790217
0.580913
1.506101
0.159420
1.533357
0.874074
1.316903
1.765833
1.246120
1.824868
1.837630
0.997750
0.542091
0.900716
0.249383
1.851889
1.863417
1.279430
1.832621
1.665815
0.927675
1.832028
1.631045
0.446945
0.629699
0.919232
1.336945
1.835616
0.105756
0.185751
0.961059
0.433911
1.738913
1.843519
1.572570
1.329723
0.497916
1.836406
1.681844
0.300345
1.772599
1.320194
1.316297
1.317976
0.263789
0.074721
1.509490
1.897651
1.302533
0.418390
0.412924
0.280921
0.477184
1.478846
1.836816
1.330954
0.395462
1.635336
0.604849
1.480655
0.392799
0.426821
0.762700
0.275190
0.510020
0.123219
0.127482
1.715933
0.440910
0.123969
0.692892
0.162531
0.791648
0.261201
0.155696
0.850056
0.866157
1.322235
1.316606
1.041878
0.843276
0.797822
1.696201
0.571078
1.836738
1.316867
0.232678
1.837176
0.793625
1.209586
1.808848
0.386754
1.284582
0.122482
0.725988
0.518831
1.819132
1.381184
0.915494
0.494676
0.645327
1.837849
0.687519
0.108261
1.107181
0.562087
1.835637
1.669896
0.090571
1.233904
0.933164
0.145829
1.318271
0.108168
1.314644
1.661194
1.833279
1.827636
1.481359
1.665598
1.769092
1.527205
0.146073
0.469209
1.838810
1.555221
0.178087
0.944379
1.014087
0.236724
1.584965
0.103827
1.186732
0.284865
1.835233
1.102714
1.317945
0.344973
1.298055
1.665972
1.274131
0.663723
0.126664
1.799823
1.528936
0.154162
0.370030
0.626986
1.253379
0.675643
0.828727
0.180288
1.834778
0.979502
0.717736
0.548917
0.314479
0.168956
1.837270
1.298878
1.310801
1.837240
1.312716
0.616085
1.507358
0.080217
1.833240
0.570315
0.746016
0.139968
1.827648
0.642937
0.649171
1.586288
1.831273
1.869584
0.080899
1.760107
0.923328
1.826524
0.317662
0.120944
1.852410
0.928346
0.383488
0.738297
1.831858
1.868314
0.715629
0.919278
0.997775
0.105668
0.724625
1.317073
0.581403
0.385462
1.867019
1.311392
1.480351
1.774166
0.713039
0.447163
1.316888
0.723293
0.076402
0.484654
1.821102
0.317921
0.557906
0.087302
0.627352
1.850304
1.839359
1.118528
1.018445
0.157720
0.288148
0.744553
0.220181
0.545513
1.826972
0.890023
1.820299
0.611585
0.920717
0.345247
1.310918
0.934918
0.678074
0.079857
1.048732
0.073256
0.507730
0.079588
1.377713
0.264667
0.358872
1.786925
1.837908
0.585166
1.905943
0.087621
1.285287
0.907159
1.828187
0.075044
1.419639
1.509853
1.593358
0.139774
1.815894
1.495605
0.359966
0.435294
1.576124
0.852521
0.089726
0.918876
0.612075
1.323266
1.778633
1.315106
1.770740
0.246438
0.498708
0.940039
0.952063
1.088392
0.118320
0.255275
0.168936
0.094970
0.476221
1.819826
0.277178
1.835940
1.824634
0.083365
0.404504
1.678294
1.319837
0.922038
0.136269
1.120892
1.847718
0.175325
0.400459
1.659515
0.548639
1.011376
0.107421
1.253811
0.083879
1.078360
0.527411
0.120665
1.844814
1.340937
1.320268
1.833615
1.847584
1.105690
0.861756
0.166731
1.597225
0.530940
1.578139
1.052166
1.045725
0.495261
0.390168
1.319617
1.040648
0.101743
0.262236
1.376017
0.416894
0.112995
0.582226
1.329678
1.575942
1.319167
1.666007
1.351972
0.072885
1.067528
0.362062
1.053979
1.320362
0.074322
0.693412
1.842411
1.493921
0.204613
1.025079
0.671315
1.318396
1.583086
0.621001
1.800035
1.113227
0.784929
0.922443
0.924143
0.830735
0.107775
1.839137
1.883816
0.566882
1.832181
0.845051
0.205424
1.822042
1.280071
0.678460
0.388279
0.782946
0.105746
1.312688
0.494842
0.932935
1.747822
0.919659
0.603447
1.837598
1.830393
0.608281
0.098009
0.289611
0.187850
0.774433
1.086801
0.370503
0.957676
0.098934
0.894859
0.300679
1.781393
0.510664
0.112974
1.503771
0.454556
1.315087
0.082560
0.564835
0.174460
1.819996
0.801663
0.551411
0.094619
1.833323
0.923916
1.649767
1.270734
0.903840
0.146259
1.667086
0.394438
0.932696
0.858165
0.763056
1.116042
0.630659
0.130323
1.835355
0.255197
1.319011
0.352759
1.096664
0.545362
0.450567
1.793697
1.837677
1.837186
0.223676
1.581826
0.293683
0.736219
1.906872
1.832544
0.107372
1.229571
0.612271
0.899610
0.101125
0.203148
1.284349
0.222731
0.789509
1.817930
0.846202
1.319999
1.869015
0.315520
1.500836
0.640033
1.829689
1.863023
1.841468
1.318816
1.657771
0.119382
1.595985
0.221263
0.510695
0.125562
1.072355
1.310929
1.521080
0.836267
1.814115
1.660345
0.590103
0.413501
1.822137
1.108515
1.837299
0.332480
0.968943
1.662628
1.759763
1.266119
1.826487
1.299494
0.184715
0.175499
1.670271
1.288947
1.827797
1.505323
1.317758
0.342351
1.572318
0.402078
1.833901
1.319022
0.157032
1.485319
1.670956
0.491975
0.537397
1.318641
1.833665
1.506337
0.869606
0.217361
1.322048
0.213466
0.676818
0.464982
0.233128
0.205076
0.430695
1.210048
1.319456
1.024023
1.049939
1.777992
0.534109
1.666117
0.394731
1.033571
1.833999
1.081563
0.631220
0.198204
1.580296
1.171068
1.667561
0.919065
1.316004
0.135234
0.827714
1.836592
0.552914
0.640666
0.907769
1.321662
1.076051
0.184630
1.827050
0.095630
0.671858
0.618476
1.831866
1.137741
1.834470
0.560995
1.318260
1.199964
1.442792
0.896232
1.831450
1.321070
1.324666
1.150311
1.318135
0.579778
1.289053
1.425595
0.158495
1.036847
0.156129
1.837287
1.151428
0.711712
0.166343
1.069753
0.795410
1.500387
1.319692
1.314623
0.080972
1.190430
0.075377
0.386855
1.590811
0.899751
0.885823
1.504717
1.833111
1.764098
1.311294
0.996851
0.137454
0.231082
0.502521
0.515080
0.344235
1.392742
0.370409
0.169741
0.380591
1.801791
1.840425
0.114596
1.837136
0.653506
1.140525
1.604864
1.576825
1.833314
1.580521
1.317256
0.287826
0.858481
1.313494
0.092054
1.055634
0.533194
0.116926
1.095143
0.242048
0.827485
1.679976
0.949436
1.835685
0.607482
1.846947
1.866427
1.763430
0.145798
1.682142
0.611912
0.216056
0.672277
0.549440
1.153575
0.807281
0.917837
0.239724
1.836123
1.463572
0.926312
0.104333
0.795770
0.083327
1.521844
0.090888
0.309120
0.588420
1.564299
0.084643
1.757002
0.845016
1.242154
0.589969
0.618331
1.836555
1.038368
1.236963
1.202582
0.396130
0.331047
0.658509
1.781465
0.129320
0.787416
0.868264
1.508295
0.912913
1.401461
0.679059
0.076892
1.861667
1.837911
0.073694
0.290962
1.503936
0.560555
0.862384
0.904942
0.083506
1.314214
1.535618
0.361161
1.316917
0.117091
0.827998
0.543866
0.178458
0.190300
1.573865
1.666547
1.302423
0.925389
0.105613
0.737892
1.672017
0.088465
0.923050
1.595307
1.836992
0.874170
1.323160
1.816840
0.901886
0.610022
0.082741
0.156992
0.815144
1.201816
0.921349
0.348574
1.319215
1.886213
1.319563
0.618358
0.676440
0.843214
1.845218
0.297005
1.852775
0.709826
0.135802
0.081488
1.137275
1.833669
0.761799
0.092414
0.392672
1.664430
0.573304
1.793062
1.345221
0.085024
1.279587
0.910866
1.504232
0.118537
0.495300
0.901168
0.325419
0.124113
1.836700
0.821533
0.501803
0.926723
1.837513
0.103596
1.650312
0.565594
0.078974
1.765534
0.634572
1.896133
1.049169
0.166509
0.494563
0.268819
0.426964
0.160021
1.315145
1.831539
1.594459
1.766174
1.834375
0.874790
0.613580
1.084493
1.601412
0.234960
0.302329
1.057688
1.842790
0.538794
1.509918
0.301490
0.684194
0.525649
1.848766
1.586191
1.019250
0.650045
1.296621
0.096150
1.270914
0.890024
0.720518
0.284487
1.860252
0.165383
1.833888
0.831257
1.827377
1.867745
0.933980
1.327879
1.837490
1.321734
1.761979
1.653562
0.194486
1.318585
0.101338
1.835164
0.159543
0.379400
0.410473
1.731288
0.398219
1.655605
1.833712
1.083296
1.136155
1.311117
1.303576
0.349710
1.892941
1.834857
1.160455
1.576740
0.680464
0.153115
0.621271
1.315291
0.430789
1.835429
0.200337
1.837009
0.384790
0.533702
0.515958
1.285685
1.301824
1.345240
0.078754
0.880202
1.194859
0.713881
0.118144
0.739902
1.837447
0.285659
1.269953
1.833826
0.918012
0.398555
1.323759
0.982573
1.071949
0.165886
0.546878
0.182050
1.394930
0.924121
1.797626
0.561374
1.206942
0.477838
1.315966
0.155195
0.906871
0.485690
0.879213
0.500975
0.344674
0.728807
1.341053
0.856219
0.906937
0.296138
0.619847
0.478158
0.681449
1.640968
0.612446
1.070328
0.249588
0.114686
0.294684
1.077648
0.180647
0.257293
1.032410
0.866231
0.100570
0.729466
0.571975
1.248681
1.319853
0.123001
0.351154
1.738150
1.669547
0.887985
0.717147
1.837585
0.135553
0.725642
1.820666
0.171749
1.104589
0.197854
0.070403
0.934197
1.170867
0.680065
1.760061
1.102369
1.835179
1.625409
1.065823
0.519869
1.687116
0.109284
1.666995
0.333739
0.102025
1.315935
0.914964
0.081437
1.316140
1.762071
1.214367
1.643587
0.096760
1.329390
1.667845
0.647281
1.431435
1.687686
1.893893
1.294310
1.315069
1.836611
0.755817
1.564556
1.071087
0.321222
1.848396
1.568812
0.565149
1.816737
0.109155
1.780540
0.471755
0.325469
0.998495
0.684105
0.555666
1.664675
0.154195
1.136881
0.553336
0.243681
0.643505
0.545966
1.757019
1.685790
0.105937
0.626024
0.854772
1.833078
1.319413
0.499115
0.918179
1.840607
0.312560
1.320420
0.122105
0.548563
0.544352
1.303055
0.418135
0.289476
1.856976
1.841425
1.839867
0.631169
0.098417
1.794323
1.906891
0.108876
0.707587
0.500488
1.213364
0.913814
1.727644
1.016301
0.433758
0.825168
1.669702
1.834590
1.327400
0.912358
0.524375
1.512218
1.077888
1.039215
1.316883
0.855391
1.892575
1.836944
1.003091
0.502799
1.802004
1.663965
0.102108
1.318945
1.572037
1.746632
0.888731
0.863594
1.669494
1.417160
1.320103
0.647711
1.836652
1.670384
1.077986
1.318894
0.921135
0.919891
1.904003
0.610503
0.482997
0.599498
1.576347
0.285319
0.369211
1.105526
1.502483
1.588814
1.833193
1.667067
0.593325
0.701725
1.078530
1.868479
1.314725
1.400233
0.229236
1.512938
0.953280
1.652392
0.240632
1.853101
0.177402
0.089754
0.850306
1.832580
0.392000
0.220832
0.257468
0.918299
0.188578
0.427471
0.716372
0.826214
1.296224
1.276532
1.035277
0.295665
1.506379
1.320173
0.466349
1.309036
1.318665
0.525910
1.638201
1.836134
1.318357
0.094953
0.414565
0.516864
1.835251
0.100362
0.156533
0.481580
0.586739
1.302031
1.111754
0.187571
0.314136
1.670415
0.170458
0.812652
0.812276
1.317832
1.034688
0.656102
1.504370
0.568426
0.073401
1.084537
1.510425
1.275732
1.498569
1.279617
0.496875
1.205909
0.129320
0.487857
0.411471
0.570867
1.320434
0.922941
1.837505
1.363111
0.331856
0.086431
0.088270
1.573709
1.292913
1.246835
1.835704
1.301082
1.254931
0.331063
1.591356
1.264411
0.919626
1.313028
0.565543
1.316765
1.708735
1.251464
1.572942
1.778836
1.579063
1.558421
0.555218
0.377213
1.317977
1.811818
1.318443
1.057265
1.020647
0.133858
0.623014
1.380494
0.702854
0.255511
0.738243
0.543953
1.625615
0.510848
0.682112
0.879770
1.575740
1.515290
0.891565
0.674183
1.395352
1.847852
1.190045
1.104326
1.318793
0.497034
0.837017
1.838691
0.842402
1.647286
0.379388
1.521727
1.004920
1.073228
1.726713
0.465338
1.819772
1.502651
1.836770
0.816875
1.598717
1.318652
0.087291
0.086920
0.531975
1.656399
1.195000
0.273144
1.461691
1.803438
0.491870
1.320778
1.793817
0.925896
1.315840
1.573857
1.120684
1.317251
1.847582
0.981439
0.929706
1.057059
1.660117
0.233775
0.441541
0.161618
1.855528
1.435677
0.556166
1.835463
1.062643
0.077892
1.834262
0.911319
0.921383
1.837770
1.594143
1.574542
1.318761
0.603747
0.131708
0.895636
1.322179
0.150016
0.471295
1.720393
1.472206
0.633430
1.826574
1.505154
1.674743
0.524729
1.119587
0.620512
1.804265
1.851998
1.075844
0.935470
0.078763
0.580296
1.593672
1.306293
0.384851
0.795111
0.666795
0.849767
1.168129
1.523692
0.174007
0.132138
1.691818
1.068088
0.771339
0.637767
0.911113
0.718146
1.192828
0.257700
0.610742
0.244271
0.379463
0.519752
1.823369
1.830520
0.212258
0.733374
1.564767
1.665473
0.159331
1.388665
0.733971
1.306537
1.298908
1.667715
0.412734
0.908735
1.077785
0.089525
0.586260
0.218801
1.663442
0.491964
0.681270
1.837364
0.221833
1.306936
0.082085
0.673315
1.050549
0.578331
0.084430
0.141539
0.311743
1.381128
1.248694
1.762123
0.878192
1.571949
1.040954
1.828220
1.396282
1.062521
0.710152
1.321880
0.616627
0.323648
0.569725
1.249555
0.937565
0.410303
1.665761
0.114056
0.402647
0.921586
1.321906
1.820470
0.249358
0.450848
0.820190
1.308683
1.836935
1.082508
0.830018
1.073884
0.642604
0.743917
1.877540
0.511929
1.833079
1.660766
0.875226
0.906214
0.096698
1.840633
1.833822
1.664367
1.836946
1.831181
0.124708
0.151927
1.313189
0.204660
0.382874
0.443104
1.066572
1.205402
1.838548
0.249156
0.076094
1.837900
0.195190
0.868971
0.145880
0.116906
1.883914
1.243478
1.548283
0.425665
0.658886
0.096534
0.123868
1.081831
0.529954
1.591986
1.369376
0.475804
1.312726
0.998008
1.788235
0.450638
0.138954
0.081242
0.920366
0.709208
1.770742
1.838019
1.825809
1.580139
1.230027
1.833676
0.150475
1.423453
0.249599
0.556032
0.225038
1.508798
1.167382
1.037130
0.676939
1.571996
1.250711
0.196694
1.837491
1.255390
1.318544
0.919178
0.795909
0.094300
1.319014
1.286781
0.586833
0.805055
0.073969
0.079268
0.078372
1.321520
1.690002
0.532079
0.088778
1.248437
0.570880
1.814178
0.208165
1.413681
0.132389
0.668992
0.194817
1.274350
0.296107
0.378232
0.109737
1.320670
0.246092
1.691323
1.101380
1.246393
1.301839
1.288320
1.829503
0.489446
0.181436
0.662151
0.263067
0.879903
1.321085
0.172410
1.121561
0.683679
1.103599
1.837634
0.908597
0.213206
0.284195
0.575341
1.317352
0.943464
0.879139
0.090676
1.314201
1.714828
0.383881
0.369400
0.537823
1.837301
0.301322
0.155766
0.539288
0.934239
1.839159
0.586621
0.993128
0.219434
0.494334
1.065578
1.460845
0.307851
0.137123
0.469752
0.083232
0.148077
1.282016
0.833882
1.249927
1.819137
0.201335
0.269210
0.071401
0.165166
1.838155
1.318051
1.726385
0.578642
1.256110
1.677336
0.700936
1.820587
0.090035
0.334733
1.181096
0.848808
0.480757
1.506433
0.532157
0.866024
1.314704
1.078605
1.831624
0.916751
0.310609
1.838730
0.325096
1.576144
1.170124
1.815454
1.557018
0.876744
0.577622
0.818048
0.639697
1.359213
0.139460
1.835775
0.912838
1.017287
1.646408
1.702455
0.081267
0.088955
0.747651
1.240169
1.716049
1.489060
0.853941
0.372886
0.345227
1.172927
1.665961
0.394155
0.456953
0.186987
1.318086
0.409563
1.469983
0.084215
1.042237
0.174724
0.365854
0.909795
1.091918
0.783858
0.375759
0.627931
1.151326
0.388020
1.835922
1.508074
0.070197
0.100909
0.888638
0.169140
0.973677
1.317406
0.122365
1.056507
0.077757
0.567717
0.750366
1.061190
1.075726
0.083075
1.537535
0.698253
0.125020
1.604917
0.479094
0.142311
0.511892
0.468624
0.075720
0.106259
1.690770
1.320047
0.201398
1.458378
0.109224
1.842399
1.835744
0.408157
1.383683
0.096522
0.325543
0.410574
0.355621
1.891293
1.102648
0.611832
0.457066
0.460885
0.917610
1.826112
1.510290
0.731378
0.492057
0.110888
0.203022
0.784698
0.194296
1.828679
0.237247
0.523762
0.210215
1.764725
1.725684
1.242545
0.696723
0.481879
1.737258
1.666772
1.648125
1.307176
0.923177
0.605667
0.486448
0.164544
1.859072
1.325862
0.271521
1.064812
0.772589
0.660800
0.602275
0.126615
0.917976
0.892456
0.113260
1.137862
1.832534
0.731531
0.168194
1.832280
1.838142
0.155772
0.490163
0.810964
0.579126
0.172733
1.610161
0.312010
1.837611
0.372171
1.075161
1.451467
0.998502
0.072954
1.572126
0.368707
1.665219
0.839800
0.364463
0.678297
1.578375
0.217032
0.386535
1.695619
0.720667
0.123565
0.636698
1.833738
1.679284
0.573187
0.572699
1.588149
1.111564
1.486065
0.368658
1.740445
0.550856
1.145850
1.311797
0.231646
0.114536
1.304287
1.804098
1.270887
0.104617
0.359515
1.792445
0.924278
0.296172
0.104082
0.475855
1.158925
1.836075
0.579948
0.376164
1.813922
0.828968
1.303558
1.821532
0.271258
0.196662
1.076156
1.320511
1.774106
1.319308
0.512654
1.083635
0.711949
0.431693
1.512600
0.099095
1.539992
0.296405
1.313162
1.314024
0.424491
0.679243
1.058383
1.319023
1.530424
1.001244
0.849622
0.936060
1.322400
0.424203
0.889869
1.806203
0.448093
1.069687
0.112078
0.095779
0.135988
1.320065
0.946169
0.891468
0.827274
0.818718
1.365952
0.145830
1.833046
1.364700
1.667566
0.672965
1.319136
1.150278
1.843046
1.316855
1.597245
1.826147
1.286898
0.476100
0.275842
0.908688
0.173917
0.106555
0.536762
1.345758
0.208287
1.319167
0.967452
0.713699
0.739626
1.385076
0.446727
0.646335
1.123022
0.546497
1.321575
1.833961
1.845740
1.308908
0.095790
1.865155
0.284301
0.202038
1.817515
1.659461
1.589987
0.903424
1.319032
1.836833
0.230050
0.633449
0.132193
0.682344
1.691056
1.285771
0.941188
0.727234
1.827821
0.098155
0.374582
1.319017
1.052401
1.837485
0.412997
1.836454
0.647720
0.919190
1.212325
1.813194
1.576912
1.048011
1.870629
0.917885
1.069362
0.451823
0.908595
0.922538
1.654939
0.372875
1.565078
1.317791
0.250236
0.613510
1.318575
1.107117
1.314647
0.372761
1.319549
0.417036
1.087584
0.316201
0.836159
0.568157
0.113325
0.376180
0.662771
1.821232
0.475134
1.837986
0.584299
1.836230
0.129341
0.685053
0.084697
0.203123
1.760202
1.323950
0.386639
0.258017
1.661460
1.592313
0.967716
0.139117
0.240163
0.324219
1.827436
0.726292
1.835343
0.837176
0.901103
1.585534
0.563096
0.644701
0.080070
0.922987
0.290628
1.214718
1.336617
1.289908
0.651613
1.040019
1.814667
0.865080
0.218482
1.317079
0.741308
1.826550
1.665603
0.356888
0.212682
0.939621
0.209450
0.081428
0.100933
1.337121
1.511560
1.667671
0.563865
0.105312
0.736801
0.395144
0.843109
0.926580
0.182410
1.320098
1.317182
0.764398
1.838556
1.318358
0.169245
1.588991
0.088682
1.296857
0.845862
1.510484
0.862427
1.058081
0.624074
0.568830
0.079239
1.062572
0.736527
0.919236
0.087280
1.687456
1.834073
1.054399
1.194897
1.321574
0.105519
1.085008
1.774397
1.839069
0.253240
0.826682
1.292319
1.508740
0.101900
0.672898
0.172512
1.795177
1.499008
1.556677
0.632776
1.315958
0.627470
1.837154
0.161548
1.546046
0.877496
1.856784
0.588355
0.202858
1.668609
0.401928
0.198153
1.306526
0.071300
0.076321
0.164906
0.392160
0.153562
1.839996
0.357374
0.388456
0.759396
1.824266
0.654040
0.512049
0.681038
1.360063
1.318721
0.891669
1.630457
0.197423
0.077273
1.316308
0.927973
1.126169
0.096220
1.372138
0.661460
0.559881
0.511292
0.623555
1.816514
0.269070
0.923028
0.631085
0.080848
1.834638
1.321973
0.345858
0.199879
0.145096
0.349308
1.834097
0.131695
1.679045
0.267920
1.318645
0.580758
1.784742
1.059419
0.888677
0.344943
1.759728
0.205094
1.058150
0.799988
0.182301
1.808340
1.440266
0.337660
0.330692
1.468421
0.116532
1.841353
0.625273
1.586723
1.838364
1.309620
0.078736
1.650787
1.774481
1.043064
0.260274
0.371305
0.213787
0.140241
1.309129
1.315054
0.086952
1.596634
1.138940
0.628147
0.158090
1.724719
1.666120
0.705485
0.311577
1.806315
1.574017
1.058700
0.388682
0.090916
1.745803
0.489370
1.757101
1.043739
0.082322
0.142057
0.485578
0.925514
0.124562
0.771835
1.501053
1.320601
1.853303
0.233219
1.829349
1.836801
1.275311
1.312071
0.339546
0.417931
1.668747
1.837860
1.509598
1.834373
1.733157
0.759451
1.409573
0.677873
1.833842
0.504156
0.505433
1.545932
1.666888
0.935884
0.418305
1.669145
0.186340
1.315112
0.153715
1.813352
1.855948
1.427948
0.586674
0.119449
0.228553
1.579508
1.064729
1.760472
0.319318
1.070563
1.838840
0.857156
0.238917
0.072006
1.362838
1.228250
0.159497
0.643495
1.837464
1.799777
1.612914
1.594235
1.198290
0.602112
0.667129
0.073409
1.787693
0.142258
0.594302
0.078960
1.347187
0.982358
0.121082
0.922648
1.596004
1.665301
0.619626
0.911505
0.080037
0.532209
0.563965
0.080403
0.550334
1.530270
0.697877
0.610541
0.180353
1.592117
0.663112
0.713949
0.341577
1.351789
1.049553
0.759183
1.288184
0.887588
0.304736
0.191282
1.021991
0.116503
0.073949
1.576534
1.835292
1.765098
0.979085
0.726651
0.693405
0.678600
1.499267
0.310626
1.782557
1.870102
0.590674
0.435841
0.950241
1.666565
0.611099
1.032797
0.913993
1.118321
0.928143
1.319215
1.833107
0.369540
0.915051
0.716608
0.221498
0.910053
0.924711
0.602427
1.318558
0.144534
0.155684
0.458268
1.509730
1.040533
1.158105
1.148419
1.328185
1.804256
0.206173
1.811949
1.316301
1.175515
0.077290
1.287207
0.208048
1.316397
0.924639
0.330101
0.463693
0.715259
0.519084
1.313444
0.581297
0.514408
1.837619
1.068554
0.365373
0.907030
1.024096
0.233589
1.032476
1.850919
1.311148
0.276861
1.830529
0.100871
0.299549
1.832740
1.067589
1.282640
1.059014
0.110696
0.221092
1.178349
0.275895
1.807519
0.991189
0.493141
0.139864
0.660675
0.403049
0.346498
0.583849
0.927538
1.818814
1.862449
1.579996
0.078900
0.780439
1.317310
1.320759
1.831092
0.624743
0.958063
0.363211
1.503226
0.658591
0.865923
0.475802
1.504732
1.092895
0.353091
0.078923
0.186944
1.343113
0.507880
1.504800
1.840809
1.099285
0.215691
0.262755
0.981329
0.821086
0.099129
0.084091
1.836551
1.300772
1.768900
0.519412
1.138510
0.931528
0.284391
1.263144
0.306953
0.625379
0.142092
0.088053
0.344380
0.949918
0.131552
0.107970
0.560057
1.130508
0.917098
0.691239
0.937435
0.816622
0.258288
0.910292
1.199713
0.642335
0.131474
0.135895
1.266522
1.323198
0.658543
1.667446
0.921060
1.193151
1.503806
0.435961
1.358885
1.325510
1.592399
0.127856
0.531862
1.195060
0.468196
0.917997
1.578018
0.902704
1.012525
1.705136
0.657476
0.221226
0.508513
1.588335
0.171094
0.623478
0.605543
0.593759
1.831866
1.835390
1.314156
0.232462
0.144369
0.611228
0.731969
0.740540
0.925431
1.038936
0.088136
0.354399
0.912771
0.387069
0.126939
0.117331
1.321846
0.876479
1.318191
0.471499
1.503222
1.059986
0.978453
1.866435
0.731270
0.076478
1.837703
0.941000
1.714365
0.165091
1.359595
0.788111
1.800735
0.576584
0.892278
1.315961
0.877302
0.275347
1.794554
1.249256
0.113678
0.923265
1.841175
0.089082
1.319520
0.658943
1.071486
1.060507
1.253883
1.499488
1.069443
0.310553
1.316277
1.846770
0.098783
0.902893
0.409415
1.428611
1.676263
0.226282
0.076516
0.094693
1.057714
0.443733
0.227123
0.922047
0.320431
1.284934
1.773770
0.411014
0.557413
1.793090
0.076240
0.928884
1.830967
1.313334
1.125574
1.681042
1.228760
0.198225
0.611661
1.059963
0.916457
0.098262
0.073174
0.132215
1.837811
1.051050
0.585048
1.251622
1.156707
0.930858
0.124149
0.614335
1.319166
1.318482
1.140285
0.083674
1.831695
0.360308
0.298459
1.907275
1.179358
1.824859
0.909401
1.594499
0.836941
1.268131
0.244137
1.314772
0.621968
1.728343
0.916582
0.092180
0.102844
0.815206
0.099238
1.700675
0.312503
0.928891
0.124482
0.978473
1.332397
1.561008
0.120519
0.374761
1.837479
1.320381
1.479966
1.232744
1.190753
0.400594
1.080687
1.832173
0.074370
0.618813
1.070358
1.316713
0.160376
0.077277
1.097664
0.543214
1.069604
0.911379
0.187227
0.144697
0.853474
1.076805
0.828836
0.484823
1.804540
0.178120
0.671033
0.377062
1.424865
1.272964
0.153259
1.573248
1.683891
1.666396
1.330840
1.837250
1.835975
0.313922
0.496598
0.198083
1.015379
1.318793
0.955370
1.837513
1.627257
0.571311
1.251480
0.678273
1.837328
1.498940
1.833062
1.518785
1.653620
1.840477
0.486602
1.826017
1.841555
1.067867
0.588333
1.082686
1.319501
0.646520
1.302513
0.166384
1.836732
0.399625
1.063946
1.314273
1.051803
0.769302
0.434811
1.858528
0.285672
1.831081
0.901064
0.587731
1.309874
0.240947
1.384588
0.287803
0.074708
0.921476
1.319349
0.933327
0.627255
1.318300
0.168695
0.611617
0.111975
1.612082
1.319192
0.878811
0.549836
0.437875
1.786252
0.072868
1.319908
1.652586
0.464099
0.301974
0.274425
1.711115
1.671000
1.667473
0.469397
0.717308
0.156245
1.827460
1.389086
1.883204
0.532040
1.314456
0.942808
1.307774
1.299265
1.711713
0.096598
0.529969
1.574906
1.074856
0.757254
1.833685
1.075065
0.508467
0.247476
1.319179
1.869488
0.138271
0.198460
0.470333
1.836275
1.213846
0.120115
1.594810
0.446545
0.500047
1.779660
1.830842
1.024751
0.922060
1.590946
1.289052
0.925077
0.737452
1.796011
0.411218
1.051079
1.825379
0.109729
1.126456
1.514367
1.834479
0.308895
0.917037
0.520617
1.319384
1.060652
1.094395
1.589281
0.104712
0.153127
1.572058
0.964316
1.689533
0.637946
0.280656
1.669588
1.319082
0.505198
0.462682
0.641699
1.085312
1.300471
0.268056
0.962376
1.052295
1.454833
1.315624
1.673310
1.759673
1.328426
0.889464
0.919049
0.425460
1.852665
1.420379
1.833445
1.067534
0.076921
0.103692
0.890492
0.791517
1.667792
0.743691
1.331269
1.318425
0.472693
1.082903
0.866356
0.494920
1.241296
0.114612
0.984098
1.321118
0.952586
0.782468
1.335934
1.511671
1.832610
0.843205
0.206304
1.311799
1.322001
1.885444
0.071922
0.113472
0.253990
0.371382
1.318292
1.574679
0.486114
0.563440
0.928083
1.318709
0.073131
0.349358
1.501486
0.234650
0.437488
0.921017
0.102516
1.370536
0.665747
0.720903
0.845622
1.482031
0.086524
1.209280
1.020667
0.530853
1.076236
1.815813
0.125306
1.032831
1.276479
1.316058
1.315142
1.251637
1.587397
0.356723
0.181460
1.319904
0.124432
0.214930
0.474154
0.643017
1.819036
0.583804
1.831008
1.880013
0.248627
0.702239
1.745722
1.576259
0.450514
1.662918
1.662864
1.507995
0.516870
0.918092
0.188000
1.429141
1.312418
1.685155
1.297338
1.841981
0.090106
1.789180
0.130230
0.170879
0.769337
0.798518
0.618942
0.167875
0.074094
1.318995
1.665499
0.446811
1.222965
0.951878
0.819900
0.086714
1.669529
1.066755
1.466898
0.176485
1.688635
1.284346
0.167703
0.893614
1.033920
0.463651
0.577026
1.080035
0.111494
1.093421
1.054088
0.502061
1.523791
0.681960
1.658580
1.319152
0.734409
1.593023
1.851604
1.837387
0.483659
1.317177
1.021396
0.206192
0.209166
1.846857
1.821951
1.661011
0.934132
0.075741
1.074271
1.025163
1.811120
1.325016
1.014943
1.685754
0.721866
0.402683
0.924664
1.595308
0.612809
0.469805
1.316527
1.794005
0.923508
1.688951
1.318053
1.338087
0.276346
1.071946
1.838566
1.819753
1.066083
0.292689
0.077455
0.124313
1.572271
1.222052
1.493063
1.519100
1.318308
1.125381
0.101770
1.312829
0.480668
1.234999
1.517209
0.174750
1.530306
0.853413
1.404907
1.069973
1.720219
1.313755
1.315624
1.837982
1.346145
1.831838
0.376413
1.718961
0.419091
1.238872
1.342930
0.782325
1.300313
1.836709
0.342311
0.082581
1.320353
0.965677
0.625634
1.834890
0.943040
0.351569
0.607044
1.322724
0.113204
1.579058
0.755501
1.506211
0.652811
1.413634
0.278480
0.637734
0.625787
1.862303
1.840417
0.487328
0.243504
0.618455
0.938089
0.511826
1.319681
0.610545
1.832555
1.834781
0.505180
1.331180
1.298127
0.426008
0.142481
1.828033
1.393412
0.884841
1.804410
1.739777
1.273215
1.597237
1.316536
0.895785
1.735015
1.519951
0.316274
0.472546
0.378889
1.572252
0.554527
1.049616
1.837803
1.316505
1.520114
1.595419
0.436258
1.701073
1.670517
0.586831
0.985695
1.234346
0.582766
0.931619
0.534175
0.712779
1.830914
1.827105
0.417011
1.714230
0.868594
1.804477
0.109077
1.831599
1.670859
0.512749
0.400915
0.143701
1.820941
1.766979
0.141776
0.093317
0.116247
1.052583
0.519392
0.451038
1.831847
1.314739
1.664672
1.222373
0.454170
0.382929
0.647168
0.924413
0.566241
0.949382
1.045417
0.090130
0.703696
0.562892
0.396742
1.597419
0.956660
0.094779
1.582344
0.631298
0.737751
1.058754
1.837397
0.081636
1.069474
1.027341
1.835016
0.330209
0.205219
1.320229
0.080419
0.439745
0.855983
0.702888
1.831642
1.424330
1.112659
1.643965
0.490754
1.866873
1.312905
0.326850
1.511180
0.768784
0.094773
0.186282
0.924964
1.833189
1.505428
0.891538
1.837755
0.433718
0.482324
1.836491
1.005770
0.922898
1.389544
0.828730
1.322352
1.285375
0.453238
1.667384
1.297740
1.834801
0.117018
0.259505
0.115534
1.834170
1.640468
0.198838
0.287251
1.036568
0.543754
0.317526
0.091102
0.197423
0.965195
0.511913
0.675155
1.151573
0.903930
1.258943
1.494352
0.923649
1.319769
1.754156
1.782267
1.837216
0.174286
0.282956
1.486627
0.283720
1.294832
0.647192
1.823584
0.579895
0.517584
0.461159
1.165448
0.914148
0.113228
0.911261
1.310679
0.094714
1.572111
1.836138
0.900210
1.837129
0.211587
0.106306
0.213681
1.069440
1.043990
0.563806
0.160378
0.072272
1.803781
0.491175
1.278948
0.580367
0.629855
1.838427
1.144904
1.848525
0.515930
0.857890
1.330661
0.923738
0.919245
0.442310
0.072202
0.358945
0.911966
1.507992
0.560321
1.159893
1.806591
0.906380
1.826339
1.375170
0.924285
0.253745
1.825316
0.648622
1.502404
1.318798
0.171302
0.212773
1.803253
1.838233
0.936382
1.058575
1.660072
1.689050
1.268811
0.190564
1.321597
1.612426
0.108466
1.836399
1.839178
1.078194
0.913690
0.364670
0.587232
0.905220
0.124222
1.823177
1.838637
1.571778
0.833281
0.911314
0.792789
1.318959
1.327480
0.191225
1.702351
1.801305
1.318045
1.654744
0.090803
1.045114
0.758919
0.129110
1.574329
0.328586
1.331394
0.474808
0.275387
0.523706
0.148021
0.140831
0.136303
1.805870
1.152091
1.324048
1.491250
1.586629
0.437581
1.435936
1.852330
0.918260
0.157772
0.152577
1.837384
0.225942
0.155863
1.189059
0.085353
0.621607
1.073099
0.100642
0.084791
1.858165
0.841502
0.143626
0.896914
0.369381
0.357393
0.080258
1.341538
0.279033
1.671047
1.063610
1.564030
0.242295
0.179672
1.367027
0.440525
0.820127
1.194401
1.032861
0.778439
0.771054
1.804854
0.941003
1.038515
0.926677
0.514711
0.564157
1.742391
0.127883
0.826015
1.585501
0.107060
0.504314
0.536491
1.832430
0.112074
0.866045
1.833316
0.146499
1.817520
0.338794
1.841727
1.573530
0.411238
0.140467
1.750579
0.727427
0.517561
0.245523
1.832333
1.154557
1.070078
0.299846
1.072141
1.836442
0.893510
1.572908
1.319608
0.541646
0.447454
0.678914
0.514193
0.890743
0.474954
1.050858
0.182955
0.091728
1.224518
1.822550
0.281208
1.317782
0.083867
0.154870
0.680404
1.831821
1.757449
0.631503
1.319403
0.737500
0.116144
0.173786
0.841123
0.547811
1.319290
0.144960
1.317410
0.925268
1.826282
0.608992
0.226176
1.835501
1.728018
0.621124
0.114860
1.036923
0.794262
1.330423
1.829388
0.822475
1.302173
1.510764
0.710720
0.571245
0.921994
1.272730
1.180757
0.617180
1.368497
1.478752
0.080245
1.837682
0.429178
1.400006
1.304554
0.218441
1.835549
1.138211
1.494691
0.920660
0.528084
1.318182
1.513050
0.956884
0.077967
1.833660
0.072606
1.712899
1.577399
0.756206
0.203829
0.359073
1.299391
1.853321
1.509060
1.025772
0.574938
0.646586
1.836768
1.730536
0.099753
0.876879
0.086184
1.806314
1.751243
1.693461
1.282108
1.743031
1.662334
1.838076
0.834957
0.268764
1.646655
0.396369
0.212620
0.369909
0.216700
0.614504
0.568420
0.397003
1.279460
0.652524
0.104805
0.907820
1.342218
0.716199
1.095835
1.518202
0.153749
1.830701
1.156260
1.836182
1.839722
0.424745
0.435795
0.104983
0.157338
1.319601
1.785162
0.373168
1.284530
0.126005
1.198930
0.289764
0.414367
1.321930
1.667436
1.254294
1.829591
0.683488
0.102315
1.313692
1.594553
1.047306
1.669583
0.688205
0.426344
0.195598
0.644879
0.200834
1.657106
1.247391
0.221559
1.586919
0.589024
1.318196
0.118940
1.073146
1.834808
1.504013
0.144462
1.282134
0.105217
1.496519
0.772271
0.537391
0.158883
0.248650
1.621853
1.635345
1.833697
0.101899
0.418573
0.112245
1.588343
1.306720
1.804152
1.832379
0.222582
0.247771
0.923190
0.081010
0.922670
0.931299
1.340403
1.826343
0.374153
1.842464
0.743691
1.790398
0.204686
1.281500
0.921190
0.771460
0.813498
1.029092
0.921797
1.837374
1.835413
1.837399
0.228291
1.310153
1.072820
0.921890
1.326698
0.114919
1.580692
1.317596
0.234528
1.873778
0.084954
1.321112
1.009177
1.338879
0.388769
0.871406
1.691679
0.293125
0.142742
1.834392
1.520692
1.318921
0.099296
0.924654
0.911390
0.256512
1.872525
1.340804
1.864469
1.731780
0.206739
0.107137
0.771251
0.644789
0.658493
0.465775
1.270150
0.273162
1.768240
0.303844
0.441326
0.161972
1.838281
1.027846
0.888439
1.134958
0.310634
1.846804
0.391742
0.743615
1.586739
0.243787
0.614941
0.566362
1.319668
0.099609
0.087463
1.221627
0.900653
0.143305
0.352731
1.409483
1.709239
1.104770
1.179758
1.075265
0.140060
1.792488
0.865788
1.012907
0.773861
1.525211
0.115186
0.557251
1.535472
1.743669
0.417135
0.124174
0.076951
1.316593
0.544994
0.233475
1.832461
1.317709
0.514938
0.477572
1.544809
0.210390
0.228257
1.099270
0.155256
1.388736
0.904780
1.829110
1.035693
1.317500
1.055052
0.992481
1.837228
1.319502
1.581594
0.899065
0.610106
0.169112
0.332416
1.056590
0.330186
1.711337
1.336660
0.987116
1.837706
1.823409
0.232559
0.494318
0.710632
0.946992
0.461849
1.561740
0.120835
1.714124
0.504607
1.423408
0.937736
1.311389
0.822568
0.093121
1.704734
1.270194
0.715316
0.924751
0.294426
0.150353
0.455449
0.438610
1.088361
0.105576
0.704270
1.790315
0.090173
0.072747
0.820718
1.319175
0.596782
0.485031
0.471435
0.913645
1.837194
0.244655
0.827184
1.836294
0.388088
1.664502
0.594547
1.555302
0.430251
0.585983
0.919959
1.662830
0.203489
1.272964
0.680879
0.418182
0.072987
1.296907
1.845999
1.833209
0.447438
1.879330
1.481864
0.128234
1.815745
0.362659
1.668634
0.907179
0.107776
1.831934
1.138455
1.049859
0.947415
1.306682
0.414599
0.673984
0.904661
0.908621
0.481597
1.838251
1.215081
1.684533
1.504189
1.329267
0.122553
1.405829
0.815473
0.632840
0.552994
1.497052
1.077621
0.099559
1.830115
1.749039
0.543919
1.179485
0.763654
0.575765
1.317846
0.520045
0.890201
1.759441
1.301766
1.660254
0.487392
0.114676
0.113355
0.124288
0.316187
1.056143
0.496316
0.631458
0.284376
1.327218
1.504509
1.435632
1.818104
0.442972
1.146912
1.318241
1.647630
1.710781
0.579432
1.825046
1.826059
0.622559
1.787894
1.831916
1.830376
1.126621
1.778367
1.291054
1.301227
1.880705
1.259612
1.732547
0.634309
1.050168
0.308429
1.182493
0.070395
1.078148
0.129632
1.028550
0.603260
0.830723
0.264627
0.654809
0.555459
1.743289
1.672917
1.477526
0.743398
0.579440
0.786401
1.387438
0.518020
0.100738
1.330221
1.727810
1.668023
0.947767
1.364834
1.739442
0.538867
0.101580
1.319564
1.837592
1.706653
0.924982
1.623757
0.256233
0.719883
0.599478
1.674587
1.321287
0.518720
0.107900
0.419192
0.432327
1.506121
0.108140
1.429378
1.332409
0.932542
1.852171
0.412174
0.345297
1.905503
0.646842
1.032509
1.845860
0.108631
1.839713
1.696871
1.833875
1.297307
0.079951
1.670519
1.295383
0.746704
0.076037
0.436124
0.368069
0.970951
0.669450
1.419573
1.120898
1.406262
0.080372
0.481635
1.662834
1.308985
0.103167
0.528017
0.585568
1.316824
0.198659
0.277808
1.323379
1.738844
0.339446
0.131468
0.386045
1.834960
0.110536
0.514495
0.497418
0.396295
0.556353
0.453089
1.590716
1.257397
1.839237
1.658901
0.667180
1.316383
0.802694
0.912684
0.592625
0.464234
1.903630
1.246260
0.232795
1.275865
0.159450
0.891734
0.597641
1.059396
1.679575
0.088589
1.830332
0.490919
0.383204
1.195924
0.193480
0.592708
0.639627
1.688368
1.316004
0.629143
0.558968
1.317486
1.410708
0.945503
0.922266
0.557604
0.788066
1.842739
0.546389
1.074015
1.315539
0.147865
0.500101
0.612286
0.782946
1.283169
0.559321
1.231057
1.637280
0.142821
1.658676
0.098042
0.135884
1.193943
1.505613
1.004043
0.257841
1.319916
1.827194
1.322802
0.377781
0.426391
0.151022
1.704366
1.839989
0.157030
1.316985
0.424600
0.213427
1.308945
0.486144
1.492485
0.698250
0.549248
0.482123
0.972402
1.317526
0.709903
1.618303
1.252659
0.436058
0.842614
0.720843
1.903502
0.833979
1.505929
1.313050
0.355541
1.824646
1.503962
0.702562
0.102561
0.943166
0.710447
0.540870
1.835035
1.837237
0.158182
1.836186
1.572196
0.105300
0.158060
1.839432
0.814816
0.494644
0.085960
1.847275
1.029694
1.293348
0.125775
1.337330
0.080071
1.794834
0.106261
0.697665
1.311511
0.815872
0.666410
0.683192
1.298513
1.285905
1.836947
0.273363
0.091942
1.318069
1.499265
1.448838
1.390089
0.966432
1.135800
0.088598
0.106649
0.917839
0.292182
1.836727
1.080785
0.617233
0.708640
0.307857
1.834268
0.357206
1.085355
0.932490
0.697850
0.335089
1.324164
0.115337
1.082358
0.932822
1.068310
1.210314
0.083931
0.699930
1.248193
1.328877
0.569878
1.036601
0.918423
1.317219
1.833632
0.086061
0.809047
1.590728
0.374497
0.189982
1.257510
0.199455
0.730730
1.356199
1.319693
0.811808
0.828957
1.786776
0.244178
0.617309
0.653050
0.867784
0.975609
1.865464
1.840684
0.159813
1.696551
1.313702
0.164279
1.314410
1.319359
1.836879
1.833887
0.347630
0.607610
0.829154
1.321147
1.837545
0.403027
1.755358
1.836242
1.834922
1.666995
0.774109
0.232333
0.781450
1.836181
1.313666
1.020753
0.768005
1.251686
0.560655
1.275903
0.471844
1.345722
0.154060
0.145378
0.432186
1.387109
1.318455
0.432475
0.493759
1.833349
0.476174
1.398176
1.309425
1.358068
1.809374
1.506327
1.313623
0.387410
0.325621
0.563350
1.217082
1.663837
0.095787
1.059595
1.834633
0.077059
1.655892
0.093387
0.604683
0.073860
0.919519
1.713876
0.162909
0.616261
0.817943
0.090653
1.896409
1.818118
1.597564
1.332496
1.575154
0.168240
0.592215
0.359881
1.107261
1.529409
0.955018
0.092270
1.507690
1.833957
0.119635
0.543273
1.877557
1.684340
1.322798
0.837538
1.667487
1.845541
0.075879
1.068254
1.026487
1.283744
1.833199
0.975391
1.821820
1.666958
0.913061
0.449537
0.083768
0.256243
1.810097
1.570349
1.103553
0.481455
1.145585
1.809138
0.518038
1.115472
1.837807
0.921432
0.991218
0.181476
1.771358
0.705840
0.072733
0.734231
0.094259
0.096629
1.840573
1.104368
1.592148
0.200854
1.065104
1.521531
1.834678
1.113447
0.148580
0.852187
1.267447
1.822875
0.201699
0.696753
0.692530
0.870486
0.275959
1.737765
1.808086
0.598614
0.080387
0.781307
1.319036
1.862141
0.925997
1.784172
0.085831
1.835039
1.832710
1.659416
1.823043
1.320195
0.750178
1.509035
1.494234
1.316775
0.081867
0.730985
1.663436
0.140952
1.333041
0.668735
1.838288
1.889110
1.804735
0.874324
1.831972
0.582577
0.496701
0.615956
1.839254
1.320137
0.738469
1.463094
0.764868
1.313804
1.442219
0.298836
0.845449
0.205653
1.059035
0.544252
0.837924
1.672415
0.920158
1.315498
1.308396
1.087732
1.006225
0.403504
0.239329
0.570482
1.321715
1.281069
1.666121
0.132198
0.966010
1.577698
0.096856
0.925493
1.319372
0.135455
1.687056
0.904014
0.549395
1.235413
0.548087
1.505153
0.331129
1.828694
0.506872
0.166987
1.226461
0.416626
1.048284
1.726758
1.289318
1.837020
0.251483
0.917250
1.671589
0.077657
0.532261
0.878319
1.825577
0.073206
0.727439
1.349127
0.367048
0.927515
1.277268
1.110961
1.844377
0.692644
1.046230
1.815728
1.338669
0.883963
1.128021
1.852024
0.831193
0.099251
1.671781
1.723229
1.749710
1.313286
0.077939
0.576384
1.318472
0.201341
0.847799
0.206163
0.132863
0.935063
1.626471
0.489778
0.475183
1.586108
1.834664
1.815439
1.837527
1.023080
0.159057
0.091676
0.214127
1.763714
1.572062
1.505420
1.667087
0.073915
1.723642
1.835622
0.717316
0.861440
0.692451
0.935960
0.647225
0.734496
1.558576
1.320374
0.664976
0.409029
1.869124
0.089319
1.808252
1.672655
1.317888
1.839650
1.656897
0.781459
1.719834
0.746851
1.590579
0.611628
0.110204
1.279148
1.423411
1.448637
0.683661
0.078319
1.320362
1.844357
0.493274
0.407181
1.833550
0.171757
1.589576
0.117009
0.323965
1.319428
1.318333
1.592907
1.069362
0.081051
1.115766
1.833817
1.152429
1.831023
1.498620
1.252543
0.972499
0.361273
0.104575
0.752970
0.480079
1.749298
0.259720
0.106838
0.127212
1.794885
1.665282
0.072099
0.920586
0.104669
1.897736
1.087739
0.139825
1.076078
0.496398
0.072707
0.922392
1.906188
0.519544
1.319719
1.321813
1.842252
1.087523
0.441542
1.758780
0.507593
1.681480
1.504285
1.651201
1.840234
1.835380
1.670915
0.793018
0.073004
1.318478
0.417016
0.265579
1.319367
1.300042
0.176263
0.422760
0.670864
0.525500
0.310431
0.182549
0.716938
0.136816
0.528549
0.392064
0.071011
0.657291
1.082218
1.506013
0.071628
1.319566
1.866915
1.835618
1.801687
0.566558
0.414999
1.229382
0.855126
1.302230
0.951616
1.644734
0.744973
0.940824
1.328872
1.525222
0.515387
0.914542
0.204125
0.923151
1.295842
1.113496
0.559962
1.866380
0.196739
0.147210
0.928788
0.502342
0.785233
1.576497
1.827009
1.654211
0.550151
1.656903
1.185064
1.616203
0.235030
1.101892
0.930503
0.157961
1.570634
1.337746
1.508939
1.817925
0.575551
1.313782
0.528640
0.441601
0.918884
0.239455
1.313490
1.323534
0.502004
0.176233
0.171729
0.568461
1.859185
0.752177
1.803524
1.608891
0.370417
0.194645
0.166972
0.726765
1.778155
1.357852
1.871263
1.847900
0.289639
0.969588
0.396847
1.037110
0.106371
1.837126
0.911200
1.578310
0.398582
0.534010
0.206924
0.593402
0.571635
1.511806
0.133111
1.339153
1.580286
0.364877
0.746477
1.504825
1.068436
1.315903
1.582679
1.894825
0.539072
0.498305
0.102455
0.533513
1.324045
0.162218
0.168246
1.667539
1.837572
1.503924
0.587166
1.837801
1.789945
1.060499
0.286649
0.724878
0.281445
1.316140
0.110163
0.474486
1.829866
1.837843
0.203547
0.631181
1.811055
0.385437
0.299393
0.381583
0.256297
1.574451
1.318142
0.600295
1.507957
0.129306
0.318764
0.362813
0.490378
0.842455
0.576227
0.380663
0.410383
0.985291
0.224664
0.141907
1.466295
0.374024
0.335017
0.298809
1.002337
1.742482
0.464409
0.342258
0.839006
1.583845
1.507082
0.897449
1.827748
0.424387
0.100829
1.519551
0.604098
1.591924
0.551926
0.385603
0.106679
1.784937
1.319675
1.839674
1.290405
0.895973
1.329922
1.579286
1.804484
0.946374
1.578088
0.606905
1.356169
0.612081
0.410629
1.316541
0.122622
0.445045
0.351998
0.208026
0.090348
1.837450
0.409412
0.604770
0.816865
0.524422
1.845247
1.317008
1.472615
1.319527
0.160954
0.292895
1.077508
1.097251
0.972287
0.444103
1.833178
0.817332
0.375986
0.925661
0.393627
0.667614
1.323675
1.680671
0.626860
1.354573
1.679748
1.254175
1.319928
0.382729
0.736906
1.788108
0.093874
0.919584
0.799846
0.425419
0.785803
0.124843
0.697527
1.322371
1.839684
0.723999
0.767687
0.418867
1.307503
1.316272
0.079085
0.589686
1.320978
1.574426
1.664535
0.904316
1.372914
1.676965
1.533414
0.857259
0.219774
1.836618
1.505674
1.332980
0.121920
1.064240
1.099467
1.841839
0.877706
1.658233
0.739898
1.832374
0.146629
0.404499
0.120926
0.610586
1.810811
1.040853
1.678670
1.319129
1.071416
0.125936
0.603408
1.315292
0.114713
0.208647
1.065014
1.691279
1.321343
0.179774
0.087242
1.194221
1.832689
0.599252
1.840551
0.925850
0.709172
1.476301
0.365324
0.737792
0.456109
0.542421
1.572618
1.807757
1.505221
1.597514
0.123037
0.105808
0.612618
1.697659
1.574156
0.113176
1.066387
0.824115
1.059480
0.753927
1.611407
0.097132
1.319332
0.343807
0.634588
1.745354
0.535209
1.034596
0.588749
1.517447
0.299727
0.078382
0.300569
1.841750
0.604946
1.355270
1.725175
0.825614
1.668818
0.223161
1.252649
0.087678
0.412287
0.179238
1.904942
1.596864
1.319295
1.303686
0.086605
0.252046
1.833442
0.479482
1.507908
1.319215
1.833820
0.917940
0.096256
0.439705
0.925570
1.763439
1.423242
0.691095
1.832197
1.314049
0.102125
1.671143
1.449122
1.065708
0.715956
0.502740
0.529590
0.805706
1.745091
0.092681
0.507151
0.347435
1.323747
1.053165
0.634179
1.090909
1.500827
1.354581
0.114815
0.073191
0.110686
1.076951
0.150020
0.627808
1.337944
0.540450
1.591500
0.591279
0.698876
1.625707
0.342475
1.037528
1.601200
1.096699
1.316859
1.541907
1.211904
0.511127
1.849074
1.771707
1.276436
0.946060
0.166722
1.066328
0.420300
0.711287
1.029230
1.306414
0.154490
0.237487
1.716909
1.853640
1.594569
0.092805
0.162132
1.288216
1.319248
1.587503
0.170490
0.516689
1.091103
1.795583
0.173923
0.189341
1.837258
0.115807
0.472550
1.298605
1.595016
1.806247
1.372119
1.247360
1.501282
0.092511
0.856887
0.843848
0.715780
1.323396
0.478541
0.787627
0.887388
1.062748
0.125201
1.089356
1.674364
0.623588
1.090347
1.393229
1.645231
0.232793
1.317824
1.836057
1.210109
1.310670
1.547062
0.215807
0.856143
1.313020
0.923773
0.829456
0.538457
1.296263
0.726492
0.996743
0.893417
1.597050
0.751291
1.317611
1.354553
1.140905
0.148594
1.234951
1.595287
0.276186
1.320551
0.087217
0.080221
1.508876
1.240397
1.706107
1.319076
0.214647
1.318879
0.718422
1.121664
0.385118
0.116573
0.210967
1.185181
0.577503
0.390229
0.888902
1.273179
0.579378
0.515113
0.524275
1.318910
1.035924
0.157912
1.842881
1.281862
1.337201
0.754807
1.324856
0.904502
0.275853
0.396304
0.840003
1.848772
1.839438
0.541211
0.595252
1.178426
1.653658
1.497560
1.316574
1.042063
0.101737
0.922360
0.920098
1.574547
0.598317
1.317007
1.802883
1.319877
1.596986
0.581917
1.769452
1.832403
0.090019
1.080578
1.319356
0.366185
0.086099
1.602781
0.350900
1.443340
0.879709
0.368298
0.780142
0.231779
0.663666
1.457459
1.430418
0.733370
1.577551
1.082241
1.779164
0.923277
1.670613
0.479800
1.851616
0.080229
1.315428
0.328199
1.324491
1.514984
0.923782
0.376282
0.611082
1.306583
1.358226
0.759675
0.982307
0.621929
1.886109
1.834082
1.321347
1.060169
1.673778
0.842592
0.339081
1.819006
1.326430
1.545486
1.764108
0.921060
0.399490
0.210582
1.788039
0.653614
0.215901
1.583737
0.565019
1.316458
0.076247
0.689251
1.826022
0.334104
0.079523
1.626655
1.599715
0.708224
0.250862
1.316221
0.429072
1.082750
0.524843
0.074847
0.824226
0.554332
1.150863
0.140923
0.486392
0.806954
1.505226
0.170709
0.173233
0.574460
1.297672
1.496306
1.670593
0.371370
0.439659
0.885511
0.246902
0.616894
1.342476
0.254508
1.318857
1.720723
1.280389
0.079924
1.062807
1.321156
0.259512
0.838410
0.076941
1.595053
0.652780
0.121075
0.848469
0.299147
1.501223
1.319463
1.318756
1.699978
0.730834
0.694237
0.247147
0.267516
1.053141
0.328272
1.840146
0.179486
1.831925
0.759140
0.160047
0.647881
0.193688
0.924433
0.922549
0.942722
0.353212
1.483649
1.229777
1.675695
0.651943
0.907639
0.241098
0.931108
1.870135
0.619782
0.784807
1.387984
1.537514
1.775645
1.876350
1.154900
1.572509
0.410782
1.859235
1.859107
0.191888
0.705960
1.315116
1.064888
0.332476
0.908167
1.505044
0.404364
1.837925
1.317368
1.506670
0.495222
0.131089
0.212885
1.320844
1.067376
0.146047
1.665042
0.096868
0.695576
1.903951
0.914291
0.281427
0.105617
0.654566
1.842840
0.337121
0.924029
0.104578
0.212111
0.120133
0.242271
0.549749
0.624563
1.308056
1.802393
0.904144
1.315737
1.837713
0.583686
1.240797
0.082634
0.493708
0.293589
1.291159
0.585534
0.920037
1.145443
1.784236
1.837328
1.810299
1.835688
1.348328
1.315139
0.226337
1.320189
0.482112
0.487571
1.098655
1.588844
1.309226
1.834438
0.667791
0.410615
1.318461
1.274649
0.912091
1.237080
0.668354
1.667242
1.303038
0.919006
1.316703
1.320118
0.162390
1.899947
0.505827
0.207828
1.326509
0.105631
0.084613
0.924453
1.905191
1.822629
0.278513
0.405498
1.695118
0.099275
0.628487
1.720917
0.319059
0.082625
1.853910
1.719148
0.109783
0.470915
1.650774
0.134511
0.147392
1.823261
1.616643
0.851888
0.223652
0.877671
1.313306
0.707958
0.543343
0.117959
1.664116
1.844940
1.835891
1.667119
0.085981
0.101294
0.686448
0.701353
0.264253
1.572992
0.872092
1.810108
1.337094
1.760252
1.341810
0.908059
1.670638
1.531562
0.290963
1.782181
1.051545
1.870031
1.674177
0.885300
0.690701
0.118701
0.943588
0.092631
1.166189
0.161255
1.669879
1.061108
1.088796
0.722584
0.275647
0.649369
0.281542
1.390835
0.446511
0.601238
0.154586
0.626730
1.317122
1.666650
1.838482
0.960352
0.285795
0.111214
1.149097
0.990769
0.081877
0.666554
1.532012
1.296443
0.908785
0.938355
0.315102
0.471317
0.726934
1.555428
0.686055
0.926922
1.829778
0.214012
0.633982
1.594249
1.752733
0.931076
1.684625
1.827096
1.623099
0.760260
0.904341
0.417957
0.074243
1.318318
1.668874
1.326436
1.836053
0.130325
1.311083
1.866814
1.316737
1.835399
0.572643
1.276783
0.763690
0.106812
1.676977
1.290672
0.801675
1.805528
0.179135
1.067119
1.348206
0.531809
0.321082
1.711032
1.701115
0.576288
0.428876
0.931508
0.199303
0.342327
1.054169
1.563579
1.070212
1.840270
0.074298
0.080513
0.851681
0.907841
1.613780
0.490804
0.491196
0.165029
0.524423
0.919047
1.316182
0.132228
0.439675
1.240439
1.673263
1.582485
0.172795
0.380348
0.090567
1.591194
1.074838
0.141650
1.290422
1.316629
0.520909
0.160620
1.820527
1.341436
0.922002
1.011546
1.317156
0.087606
0.096253
1.239187
0.940136
0.148157
0.623220
1.594414
1.837314
0.506948
0.110083
0.926241
1.328822
0.103449
0.072190
1.318592
1.069568
1.323291
1.184596
1.325884
1.336575
0.095317
1.375733
0.151321
1.069310
1.388558
1.887782
0.257238
0.496440
0.669306
0.362797
0.913756
1.377958
0.369855
1.318490
1.835985
0.863595
1.332694
0.930307
1.051934
0.585878
0.391728
1.101183
1.506970
1.298372
0.147081
1.835523
0.105305
0.105669
0.513334
0.657475
1.575191
0.669213
1.837555
0.475771
1.597546
1.366774
1.246998
0.486094
1.184031
1.313951
1.824281
1.326627
0.698116
1.572007
1.656651
1.487584
0.678365
0.787220
1.667930
0.616270
1.668130
0.479138
1.244151
1.680972
1.688187
1.859762
1.838025
0.517717
1.833631
1.730978
1.846417
0.451509
0.692748
0.436737
0.401840
1.051645
1.830777
1.835694
0.330296
0.153860
0.402893
1.178945
0.961916
0.347907
1.596177
0.113219
0.085467
0.202713
1.779296
1.096288
1.591972
0.153193
1.126900
0.158140
0.677087
1.783385
0.503345
1.080566
1.245065
0.473173
0.077419
0.119164
0.921077
0.364457
1.302822
0.272076
1.815730
1.590125
0.595759
0.556655
1.077966
1.279751
0.880414
1.050759
0.222311
1.836403
1.535000
0.742896
1.689480
1.093912
1.052632
1.836476
0.900411
0.781577
1.320274
0.557238
0.603880
0.322174
0.136564
1.843981
1.836524
1.809239
0.572818
1.101348
1.837155
0.596924
1.312178
1.840003
1.725338
0.872068
0.364511
0.901532
1.581529
0.940418
1.721624
1.636065
1.830742
0.452935
1.573480
0.202787
1.706407
0.251199
1.065306
1.315719
0.689397
0.129014
1.326099
0.467474
1.811400
0.923042
0.625248
0.548440
1.082525
0.108986
1.856154
0.396558
0.763334
0.705646
1.317519
0.931019
0.599004
0.256614
1.831022
0.183287
1.773838
0.706171
0.237714
1.671758
1.495754
1.076319
0.326195
0.174173
1.836987
1.254817
0.717880
0.401173
1.316472
1.804926
0.110570
1.327523
0.915356
0.799767
0.335864
0.236085
1.835112
1.572068
1.258087
1.378752
0.747793
1.837886
0.482577
0.086289
1.829544
1.837713
1.837798
1.311124
0.925803
1.828282
1.834700
1.834176
1.242610
0.107165
0.156258
0.650718
1.288000
1.839255
1.810633
1.848153
0.075338
1.032259
0.232607
1.835706
0.897371
0.912340
1.829664
1.316978
1.318441
1.666366
0.208101
0.157525
1.537457
0.150589
0.934984
0.994887
0.074489
1.054840
1.827741
0.329101
1.790679
1.681512
0.107901
1.167031
0.211238
1.238805
0.089916
1.835055
0.920634
0.592672
0.371667
1.831434
0.595392
0.093741
0.830231
0.551268
1.386200
1.311693
1.326591
0.475014
1.338316
0.072107
0.416356
0.139556
1.800556
0.784755
0.224206
0.256844
0.632366
0.819804
1.833276
0.855242
1.842987
1.204266
0.180084
1.302866
0.925726
0.227515
1.065089
0.223741
1.673401
1.588213
1.661344
1.837677
0.830355
0.117740
0.366081
0.349254
0.716846
1.830780
1.061152
1.094813
0.451929
0.906055
1.317691
0.556594
1.258510
0.922086
0.628329
0.505799
0.117361
1.319359
1.632029
1.826637
0.852683
1.313201
1.841122
0.927252
0.767786
1.585981
0.130733
0.441935
1.279840
1.785540
1.659945
1.732705
1.819545
0.932591
1.676166
0.080554
1.817242
1.669519
0.544062
1.316231
1.656861
0.091020
0.915334
0.203842
1.070605
0.234118
0.714271
1.520531
0.865869
0.193724
1.836127
0.172662
0.926942
0.113374
0.568583
1.318350
0.109771
1.438626
0.818743
0.771728
1.691537
1.027503
0.652715
1.317552
0.402186
1.670829
0.197299
1.377748
1.588038
0.909091
0.074009
0.150474
0.582439
1.798133
1.848540
1.818803
1.836833
1.830883
1.296693
0.435302
0.779388
0.446447
1.552785
1.319976
1.273371
1.766490
0.192444
1.307719
1.807211
0.372975
0.089225
0.332605
0.919592
1.317972
0.084773
0.132168
0.083627
1.711603
0.241850
0.486757
0.324097
0.723513
1.808101
1.467611
1.825974
1.295683
1.633011
0.694750
1.789307
0.525316
1.549369
0.147234
0.985144
0.194020
0.143787
1.795095
0.239969
0.483106
1.833279
1.669383
1.319340
0.079098
0.572002
1.317967
0.264372
1.831351
1.850532
1.609292
1.527344
0.447996
0.640908
1.823028
0.535955
1.070272
0.923744
0.137412
1.287682
0.200948
0.246910
0.303633
1.574179
0.167505
1.092411
0.289279
1.894576
0.304020
0.116889
0.678474
0.092244
0.655072
1.833639
0.874867
0.628979
1.572197
1.853792
1.812960
0.121760
1.059764
1.690433
1.191816
1.893200
1.777379
0.259706
0.514605
1.274161
0.173245
0.481278
0.166631
1.073533
0.131783
0.998192
0.677514
0.998001
0.535661
1.855054
1.312336
0.134627
0.529440
0.106094
0.778687
1.761687
0.586341
0.082578
0.104676
0.144858
0.629588
1.318003
1.063618
1.666577
1.853299
1.503634
0.610104
0.132796
1.505699
0.890224
0.139941
0.904384
0.666699
0.381860
1.318218
0.083493
0.087936
1.833593
0.112864
1.279081
0.567295
0.384391
1.837444
0.924048
0.100315
1.297901
0.600313
1.045519
1.664842
0.278618
0.323190
1.550385
0.905563
0.924870
0.527178
1.823684
0.928146
0.144635
1.061432
0.671157
0.099718
1.838714
1.202065
1.576734
0.554639
0.905101
1.572009
0.911304
0.857279
0.076832
0.298989
0.702244
1.737218
0.528612
1.828854
1.063905
1.319631
1.864500
1.320765
1.184172
0.914978
1.310445
0.903493
1.662856
0.811579
1.319027
0.074613
0.073146
0.185721
1.318362
1.804593
1.771300
1.319936
0.487625
1.475568
1.691240
1.245662
0.644897
1.572404
1.102737
0.108877
1.831965
1.050457
1.328685
0.992009
1.841452
1.306249
0.161268
1.317060
0.595071
0.297588
1.060212
1.078594
1.059118
0.092778
0.156694
1.602755
0.349334
0.426623
0.094869
1.666613
1.837530
1.358065
0.095042
1.405269
1.312748
0.240624
0.868296
1.823869
0.866253
1.496540
1.885188
0.546597
1.506945
0.666054
0.920318
1.824734
0.419717
0.938534
1.503443
1.750956
1.332742
1.819611
0.456760
0.935832
1.098622
1.336476
0.909987
0.128367
0.976563
0.621363
1.832091
1.314723
0.469703
0.223033
1.578596
1.319409
1.035121
0.115257
1.828196
0.508204
1.081789
1.790308
1.581257
0.263555
0.550337
0.935437
1.505998
1.331191
0.237688
1.833225
0.133027
1.668662
1.316296
0.476443
0.651091
0.242416
1.667821
0.245704
1.645999
1.871574
1.290061
0.101437
0.235456
1.818642
0.880063
1.572650
0.081603
0.278952
0.501536
0.918636
0.882052
1.809322
0.943857
0.677235
1.076361
0.081642
1.315608
0.139366
1.830880
1.307471
0.696116
1.319367
1.104452
1.260520
1.813318
1.811789
0.922158
0.594875
1.473782
0.362700
0.947676
1.596859
0.074018
1.534514
0.427669
1.815121
1.147759
1.318387
1.806270
1.265350
1.321923
1.825019
0.321011
0.360566
0.092900
0.536261
0.399355
0.882040
0.481168
0.587754
1.504413
0.101033
1.322848
0.394856
1.316010
1.846709
0.088014
1.457615
0.943905
1.227735
1.907080
1.644359
0.425557
1.833739
1.317932
0.113337
1.260663
0.281327
0.613196
0.442813
0.880636
0.110495
0.840950
0.512620
0.892940
0.315061
0.738590
0.783501
0.757454
0.287328
0.922140
0.478545
0.255569
0.470230
0.332950
1.806674
1.136419
0.857707
1.667338
0.902360
0.623487
1.837495
0.528792
1.313644
1.319346
0.934869
0.157856
0.124681
0.080039
0.081547
0.780164
0.923575
1.432264
1.791618
0.624950
0.651569
0.430980
1.321952
0.683207
0.316814
0.986815
1.087800
0.525016
1.837699
1.320708
1.136094
1.314003
0.094367
0.582609
0.530169
0.416156
0.928606
0.384073
0.719175
0.344206
1.792938
0.235130
0.465163
1.659345
1.339254
1.818940
1.082956
1.072498
0.672109
0.865239
1.824952
0.480856
1.339473
1.319253
0.863494
0.095530
0.079281
0.849998
0.214096
1.065897
0.134501
0.111881
1.415993
1.316254
1.247782
1.577866
0.557401
1.747577
0.346293
0.454306
1.841862
0.562257
0.206156
1.299992
0.902838
1.844986
1.836451
0.332066
1.571886
1.269111
1.835656
0.102178
0.855587
0.532097
0.121499
0.528945
1.140012
0.983634
1.060929
1.839719
0.626521
0.087484
0.113410
0.225458
0.524676
1.846933
0.450634
1.078429
1.821355
0.760204
0.094354
0.711679
1.840969
0.132048
1.326210
1.316061
0.527171
0.580609
1.317038
0.139186
0.646653
0.364796
0.085916
0.152800
0.467845
0.721558
0.085589
0.427824
1.847509
1.818994
1.292221
0.447693
1.843582
0.401805
0.480640
1.836447
0.442681
0.150351
0.291899
1.669800
1.317803
0.726288
1.593895
0.390870
0.923059
0.468151
0.555438
1.592821
0.658654
1.825323
0.229533
0.506641
0.423940
1.466303
0.617659
0.201807
0.104526
1.343919
0.845485
0.210998
0.162470
0.104813
0.714013
1.177217
1.068415
0.258144
0.136723
0.453442
0.078604
0.575810
1.757509
1.488385
1.063940
0.097923
0.096384
0.336284
0.231145
1.066326
1.751313
0.081249
0.367925
1.227641
1.064760
1.324131
1.586598
1.668198
1.832089
0.687463
1.629937
0.506379
1.391290
1.850651
0.909825
0.654528
1.318970
1.573908
0.385923
0.424885
1.850958
0.648907
1.357288
1.320915
0.703390
0.632323
0.601256
0.162842
0.084405
0.312346
0.101818
0.447752
0.226792
1.835388
0.095648
0.317443
1.412675
1.410921
0.205678
1.009583
0.179078
1.044545
0.433770
1.327257
1.666688
1.319863
0.884124
1.835178
0.789033
1.641123
0.677404
1.232623
0.330881
0.325902
0.108870
0.786209
0.720142
0.244697
0.211587
0.749054
1.315663
1.875311
0.557957
0.957290
0.811781
0.111593
1.814699
0.445402
0.586407
1.055248
0.610523
0.982998
1.486230
1.069971
1.233604
0.157329
0.478625
1.819692
1.279935
1.287483
1.827681
1.822061
1.575673
0.877364
1.835279
1.581151
0.258094
1.743762
0.768790
1.707366
0.113481
0.710033
1.130692
0.251731
0.793458
1.837736
0.347618
0.569674
0.856830
0.126224
1.323426
0.286998
0.189508
1.325019
0.083275
1.891021
1.082634
1.796304
1.728485
0.928988
1.501687
0.395824
0.923741
0.553661
1.837215
0.528962
1.368399
0.476525
1.369357
0.823636
1.307843
0.137713
1.314168
1.837445
0.150006
0.557637
0.472973
0.474703
1.583959
1.019314
0.115619
0.164362
1.867553
1.332232
0.464716
0.331943
0.580411
1.836911
0.927565
0.917150
1.850769
1.291964
0.480460
1.590363
0.097267
1.302840
1.837294
0.756973
1.294578
0.686797
0.189613
1.801164
1.773374
1.011336
1.367303
1.885373
1.659298
1.499282
1.762314
0.893035
1.796280
0.919279
1.323786
1.879915
1.486723
0.340456
1.318664
0.096956
1.318136
1.818979
0.307949
0.434457
1.662405
0.487298
0.460009
0.704013
1.773429
1.836756
1.506502
0.159885
0.425816
0.473615
0.839360
1.669589
0.778480
1.443544
0.386087
0.412133
0.575676
0.806458
1.316492
0.480983
1.881155
0.922779
0.612610
1.269584
0.209785
1.319215
1.689573
1.663635
1.299247
0.589563
1.317890
0.071091
1.164688
1.085206
1.321723
1.666911
0.564634
1.780915
0.923567
0.915352
1.317332
0.477755
0.925044
1.835888
1.751637
0.432630
0.414879
0.691967
1.820456
0.688159
0.544462
0.912291
1.088263
1.689953
1.054111
0.986101
1.024371
0.164231
0.900285
1.262906
1.317712
0.099045
1.820304
1.314463
1.590531
0.239641
0.627019
1.318984
1.853887
1.348543
0.507324
1.562699
0.193814
1.264983
0.430930
0.993627
0.842663
1.539556
1.047948
0.224696
1.836885
1.708030
1.827174
0.121638
1.060731
1.270397
0.243680
0.285377
0.225232
0.301601
1.833113
0.134001
1.318142
0.082930
0.307578
1.530582
0.847237
0.500925
1.696352
1.176455
1.811980
1.803986
0.166333
1.810425
1.111245
1.146636
0.073879
1.305345
0.724453
0.290670
1.091473
0.488171
1.805418
0.160772
0.993859
0.903203
0.108281
0.109815
1.100635
0.776324
1.790139
0.128895
1.047134
0.109862
0.638937
0.914629
1.052239
0.560230
1.832081
0.208266
0.918442
0.106187
1.481271
0.411435
1.664153
1.304973
1.066518
1.062032
1.836010
1.093739
1.323606
0.670902
1.841947
0.095410
0.696104
0.463175
0.929616
0.467269
0.345456
0.207087
1.296937
1.837250
1.460803
0.261013
1.778287
0.420982
1.073772
0.327134
1.325090
0.375463
1.702201
1.572326
1.055831
0.662362
1.096838
0.104923
0.120395
1.321343
0.074109
0.289614
1.834127
1.832955
0.171598
0.925563
1.064144
1.318403
1.319986
0.452736
0.110943
1.588127
0.675485
0.071902
0.269881
0.522479
0.137796
0.131312
0.096798
0.198717
0.461243
0.251642
0.375710
1.747897
1.304224
1.068837
0.914665
1.839010
1.290738
1.844082
0.099021
0.079214
0.592209
0.136407
0.761035
1.538459
1.597112
1.685302
0.458092
0.565551
0.920631
0.349802
1.074300
0.526371
0.914725
0.604149
0.229918
1.833689
1.830369
0.223967
0.912827
1.830723
0.333900
0.565623
1.648003
0.471324
1.001467
1.585775
0.599635
0.370507
0.153910
1.353588
0.656265
1.824648
1.896402
0.398838
1.168904
0.930928
0.076458
1.851289
1.513159
1.088099
1.827039
1.590750
1.822230
0.266516
1.656528
0.213587
1.826828
0.085362
1.665218
0.174854
0.909147
1.126485
1.315554
0.585588
0.370327
1.837062
0.202111
0.850836
0.933851
0.138062
1.837831
1.101597
1.883981
1.339047
0.242380
0.292825
1.818117
1.362654
0.377498
0.974301
0.547300
1.506357
1.652923
1.850098
0.546286
0.145990
1.062030
1.160640
0.242739
1.525254
0.136137
1.837111
1.593295
1.838047
1.831921
1.283744
0.920156
1.071099
0.648781
1.041167
0.119925
0.213990
0.418330
1.313440
0.202241
0.641576
0.912069
1.321930
1.269699
0.627662
1.658605
1.830451
0.213877
0.546407
0.911320
0.261952
1.348970
1.576262
1.773442
1.302314
0.928790
1.054794
1.403141
1.575009
1.037211
0.668623
1.701830
1.316263
1.830000
0.900831
0.747531
0.624067
0.234203
1.296414
0.709950
0.437289
1.339658
0.171485
0.720873
1.836499
0.621527
1.319380
0.332686
1.837988
1.670143
0.409863
1.834373
0.228244
0.399449
0.255997
0.272192
1.007948
0.780371
0.460643
0.513937
0.760516
0.159831
0.587092
1.582519
0.898666
0.915193
1.644666
0.083686
1.415045
1.855138
1.040634
1.800681
0.968156
1.702283
0.719550
0.085113
1.768888
0.573276
1.316837
1.839732
1.836576
1.832229
1.730366
1.867749
1.837208
0.641585
1.066769
0.860121
0.871794
1.836713
1.381183
0.604308
1.531129
0.360667
1.015359
0.539296
1.588537
0.873708
0.718276
0.490219
0.753356
1.902840
1.319812
1.321051
0.931449
0.923184
0.758471
1.852483
1.079952
1.329879
0.496736
0.114874
1.142599
1.078193
0.169493
1.083484
1.055544
1.067441
1.589190
1.348759
0.161883
1.837003
1.319331
1.253769
1.345466
1.666537
0.997000
0.138904
1.839158
1.608393
0.908485
0.926349
1.664516
1.754616
0.939901
0.085536
0.393243
0.147880
1.591572
0.986059
1.420908
1.182281
1.725496
1.302454
0.597291
1.579028
0.129801
0.491916
1.839931
1.321585
1.835532
0.662655
0.643508
0.322769
0.592288
0.255645
0.463973
1.524937
1.833336
1.226467
1.317611
0.076866
1.818339
1.907027
1.834992
0.890455
1.301398
1.594726
1.319980
0.433526
1.111774
0.099201
1.601905
1.066543
0.538538
0.848783
0.335599
1.330689
1.317218
1.841481
1.388037
1.333176
0.710392
1.795426
1.318297
0.164129
1.792178
1.682183
0.923841
0.594503
0.666764
0.433377
1.051792
1.652947
0.177347
1.260866
0.904916
1.679598
0.908232
0.463753
1.812949
1.188538
1.832909
0.824242
0.389837
1.194893
1.172326
1.876461
0.881152
0.136731
0.851051
0.618216
0.904551
0.445313
0.899717
1.826897
1.318539
1.353326
1.033593
0.386485
0.115631
1.292652
0.455447
0.529120
0.088477
0.425865
0.614943
1.095076
0.574322
1.609935
1.107817
1.079309
0.186835
1.152109
0.554805
1.636562
1.319401
1.845963
0.920427
0.608838
0.581726
1.305289
1.260355
1.571740
0.430241
1.319382
1.646275
1.883547
1.836198
1.591916
0.087732
0.884794
1.748031
0.447036
1.816908
1.318823
1.366016
1.668243
1.523524
1.831902
0.099098
0.913703
0.849668
1.316535
0.195930
1.314007
0.688308
1.803285
1.830054
1.612290
0.981596
1.837299
1.520866
1.168868
1.568343
0.631216
1.889342
1.278873
0.079553
0.888350
1.231349
0.525945
1.109098
0.550807
0.539141
1.307012
1.137760
0.204980
0.440924
1.840885
0.977300
1.670218
1.108488
0.398870
1.828470
0.090391
1.808916
1.857535
0.650479
1.068594
0.843668
1.592386
0.399237
0.076095
1.301187
1.077766
0.469807
1.380083
0.628923
1.287917
1.307188
0.104822
0.718247
0.587426
1.795750
1.835330
1.164098
0.743491
1.330059
0.705047
0.211468
0.919909
1.836973
1.667360
0.199772
1.837775
0.094560
0.959749
1.145996
1.669685
0.444863
1.316628
1.315697
0.899515
1.319417
1.594617
0.847642
1.669189
1.667989
0.929152
0.435535
1.340506
1.024405
1.174990
0.219223
1.267998
1.309702
0.518671
0.501683
1.572327
1.821292
0.162977
1.044195
0.850065
1.811502
1.309443
1.278703
1.095071
0.091287
1.593825
0.924875
0.599154
0.227153
0.673665
0.774121
1.834127
0.889008
1.826031
0.230940
1.248139
1.755333
0.074093
0.263237
1.516545
0.127847
1.172401
0.645506
0.452276
0.420815
1.512048
0.802491
0.867666
1.294417
1.666512
0.523175
1.091910
1.671001
0.341801
0.326296
1.166372
1.832459
0.507509
1.833438
1.660742
1.400982
0.175186
0.519198
1.542887
1.140531
0.430612
1.824805
0.390578
0.626409
1.747951
1.846059
1.074381
0.202823
0.916753
0.185339
0.109951
1.718020
0.096006
0.116758
1.778828
1.793743
1.667463
0.117315
0.112716
0.922693
0.518287
0.550527
0.192022
1.385092
0.878967
0.072034
1.000769
1.840512
1.838620
1.804193
1.830863
0.472514
0.845789
1.798018
1.273249
0.903912
1.771150
0.173724
1.726921
0.448744
1.113240
0.261221
1.316294
1.837510
0.611634
1.708290
1.318003
1.654522
1.835490
1.837745
1.236453
1.859722
1.855898
1.312629
1.325460
1.588481
0.089507
0.388801
1.067297
1.793085
1.758733
0.640554
1.372350
0.129936
1.252715
0.853308
0.584991
1.766212
1.312943
1.635322
1.578936
1.024208
0.125788
1.830123
1.836010
0.523659
0.179592
0.827641
0.941829
1.815438
1.667419
0.993420
1.310650
1.832837
1.062345
1.626907
1.685884
1.834470
0.956596
0.172288
1.312964
0.646063
1.859695
1.418887
1.317609
1.386235
1.595189
0.379671
1.100683
1.090917
0.123313
1.836030
1.822451
1.835520
1.799227
0.912772
1.837311
0.665586
0.494371
0.104332
1.318674
1.580601
1.790945
1.319216
1.319727
0.200259
1.832108
0.456080
1.093586
0.562342
1.667480
0.705608
0.191429
0.100851
0.096795
1.281753
0.818654
0.895158
1.331405
0.525710
1.310433
1.319367
1.005029
0.185830
0.925831
0.483034
1.775659
1.903914
1.818077
0.619700
1.596681
0.360612
0.211405
0.481439
0.832084
1.812536
0.092064
0.950999
0.125022
0.499001
1.128491
0.650266
1.360907
1.033665
1.316852
1.114049
1.262910
1.656824
0.628298
0.173437
1.724047
0.374637
1.061395
0.232055
0.780190
0.769034
1.826465
1.075249
0.344360
1.844111
0.453245
0.466757
1.839759
1.467047
1.673612
1.298787
1.148059
0.283485
0.198798
1.288205
0.671594
0.361841
0.126198
1.573968
1.827756
0.947649
0.692151
0.379050
1.094513
0.089953
1.307405
1.728708
1.317424
0.673219
0.568745
1.891268
0.695065
1.869350
0.417825
0.676481
0.720567
1.077303
0.709106
0.511732
1.350657
0.923614
1.835180
1.406649
1.284283
0.574414
1.834332
0.073900
0.378005
1.318212
1.816183
0.294168
1.084254
1.273748
0.240684
1.414104
1.319125
0.258817
0.634099
1.837096
1.317565
1.667328
0.758082
0.122682
0.923302
0.365140
0.691680
0.123363
0.537257
0.846529
1.835435
0.095938
1.014708
1.320034
0.889889
0.566870
1.296969
1.504753
1.518514
1.653944
0.227218
1.581479
0.890715
1.627378
0.483763
0.102752
0.815176
1.308965
1.253474
1.556675
1.319851
1.328628
1.662110
1.588921
0.169805
0.885994
0.900570
1.812807
0.737131
1.054986
0.311847
1.316866
1.324494
1.400577
1.142756
0.213908
0.461539
0.885459
0.580844
0.495240
1.316637
1.144555
0.093269
1.834995
1.311493
0.355453
0.865426
0.466445
0.344921
0.149030
0.438552
1.649387
0.769451
1.317507
1.825153
0.117775
0.088041
1.319394
1.266178
0.587901
1.319399
0.378654
0.354994
1.456567
1.826876
0.092440
1.319697
0.580975
1.207959
0.740326
1.816633
1.315261
0.463145
0.925822
0.295313
1.266523
0.477607
1.242152
1.537463
1.326914
1.826454
1.594454
0.215145
1.591521
0.529433
0.079645
1.895880
0.148911
0.303220
1.487757
0.177772
1.813529
1.898178
1.045602
0.200248
1.834914
0.147643
1.315326
0.127214
0.459214
1.318268
0.579947
1.851166
1.744267
1.382881
1.202297
0.136321
1.247846
0.142656
1.668476
1.294943
0.561698
1.834834
1.324621
1.444289
0.175913
1.285625
0.280495
1.024320
1.068103
1.323369
1.853649
0.768227
1.833014
1.199818
0.572853
0.885646
0.390862
1.836931
0.674628
0.086240
1.803153
0.996886
0.643768
0.647134
0.125172
1.275446
0.647143
1.319332
1.321213
0.191698
1.577882
1.028130
0.624346
0.121459
1.837087
1.315790
1.572063
0.397179
0.282086
0.141292
1.833093
1.570630
0.614413
1.854147
0.408819
0.132095
0.084903
0.097026
0.693787
1.661484
0.405070
0.114910
0.603007
0.525330
0.135378
1.784516
0.602680
0.261716
1.578438
1.573711
1.191126
1.309860
1.831725
1.818229
1.146582
1.484536
1.318748
1.499904
0.726178
1.542529
1.078029
