0.787677
0.750072
1.597603
0.157087
0.484732
1.924692
0.210846
1.598101
1.036280
0.636774
0.310614
1.917002
1.465636
0.107623
0.998512
1.020283
1.930180
0.268738
1.123888
1.730831
1.753243
1.202950
1.929592
0.853216
0.673596
1.421397
0.184503
1.594654
1.597183
1.396300
0.961868
1.308021
1.127741
0.632949
1.129353
1.020295
1.879227
1.724439
0.288167
0.795861
1.725386
0.554060
1.020961
1.560673
1.007265
0.479523
0.108936
1.211335
0.228832
1.596937
0.668692
1.881057
1.466903
1.166144
0.817904
0.649528
0.100211
0.171433
1.261035
0.927865
1.926893
0.377047
0.423113
0.485758
1.596522
0.122959
0.219825
0.605535
1.306714
0.124908
0.208834
1.813680
1.605294
0.091642
0.095279
0.483613
1.052565
1.319707
0.438561
1.672102
0.676530
1.097481
0.616538
1.903455
0.176438
1.024039
1.242829
1.928797
1.336382
0.096773
1.324711
0.417437
1.142800
1.928763
0.191023
0.088025
1.597826
1.006910
0.183980
0.405259
1.208555
0.715344
1.322636
0.342066
1.929425
0.603810
1.925556
1.929252
1.587290
1.425445
1.312695
0.504419
0.125282
1.764159
0.637860
1.128709
1.394741
1.465811
0.245893
1.925258
0.609965
1.457000
1.794528
0.695621
1.058182
1.126893
0.109990
0.714833
0.302482
0.124148
1.599698
1.251830
0.725180
1.555537
1.713213
1.329677
1.465825
0.609787
0.729646
1.213772
0.825351
0.432395
0.102448
1.134924
1.213544
0.917868
1.425226
0.172964
1.878823
0.337914
1.426619
0.523046
0.951397
1.928306
0.374905
1.010814
0.637503
1.837513
0.353810
0.083714
1.599229
0.256040
1.922942
1.597883
1.736458
0.087231
1.869928
1.928176
1.586375
0.539414
0.660876
1.128214
1.595713
0.595280
0.121373
0.931556
0.129122
1.928392
1.474669
1.721735
1.871757
1.771666
1.588430
1.332196
1.922195
0.835239
0.565850
1.446714
1.465077
0.704476
1.597411
0.692231
1.025501
1.230124
1.930037
1.878978
1.264678
1.725084
0.100214
1.912642
0.097327
1.929327
0.432918
1.324065
0.243423
0.174707
1.124467
1.226301
1.331958
0.596221
0.525593
1.927919
1.928176
0.440434
1.156066
1.020308
0.350737
0.131817
0.619543
0.708772
1.599860
0.811969
1.592012
0.734101
1.479432
0.366042
0.173458
1.597409
1.800751
1.787174
0.183619
1.749349
0.552578
0.556697
1.130602
0.428477
1.034251
0.170486
0.643248
0.218034
1.597087
1.620506
1.122717
1.827313
1.159286
1.138629
0.148755
0.735687
0.791136
0.314429
1.927100
0.332613
1.426213
0.821122
0.402663
0.645535
1.020693
1.595963
0.474397
1.344760
0.101358
0.655344
1.301183
1.319005
1.167687
0.699268
1.445489
1.028010
1.810059
1.680708
1.806789
1.213831
0.802456
1.794091
0.091856
0.828128
0.441271
1.271247
0.350833
1.321576
0.307076
0.250908
0.593657
1.929387
1.593784
1.631703
0.113945
0.973115
0.749256
1.020220
1.598132
1.595740
0.480570
0.154064
0.607703
0.879435
0.894323
0.753860
1.602696
0.598473
1.596115
1.165352
1.762480
1.598603
0.080915
0.638155
0.877207
0.194138
1.594776
0.919268
1.205964
1.336154
0.169255
1.596923
1.609326
1.809431
0.327295
0.878415
1.020283
0.581664
0.085028
1.761566
0.109535
0.114476
0.799093
0.400856
1.725145
0.497171
1.600513
0.148230
1.902263
1.773610
0.208307
1.240095
1.009933
1.927915
0.626291
1.911077
0.621214
1.237416
0.633667
0.591646
1.715111
1.792654
0.623048
0.259748
1.135395
1.794249
0.369979
0.927298
0.641657
1.024762
0.075728
0.521670
0.792023
1.159274
1.651114
1.928770
0.917900
0.697053
0.398036
0.882425
0.076773
1.128666
0.088761
1.923540
1.020312
0.190085
0.110979
0.221019
1.866258
0.930974
0.202665
0.145031
1.926675
0.637406
0.747654
1.599570
1.607559
0.082045
1.096968
0.649091
1.929075
1.319840
0.096457
1.747336
1.928865
1.588739
0.313093
1.020248
0.535851
0.405818
0.294054
1.358202
1.596766
1.602822
0.434226
1.424278
0.536084
1.523310
0.592195
1.343515
1.257630
1.178827
1.327435
1.123490
1.618907
0.877403
1.477070
0.693227
0.143551
1.929595
1.929422
0.413774
0.276563
0.982035
1.795865
0.123623
0.087812
1.795688
1.725085
1.596398
1.129805
1.021931
1.216565
0.557076
1.929661
0.602103
1.465906
0.414725
1.225543
1.218160
0.840314
1.211965
0.413409
1.598063
0.128726
0.902473
0.842069
0.765433
1.367125
1.611488
0.100954
1.321898
1.725209
0.349084
0.114762
0.781346
0.555339
0.748317
1.929546
1.929381
0.535073
1.761727
1.575946
0.105651
0.106306
1.673614
1.464104
1.617748
1.309645
1.929380
0.098586
0.159686
0.135045
0.630567
1.029015
1.145355
1.567002
1.795275
1.139687
0.095889
0.166508
0.921945
0.652133
1.598458
1.761727
0.324424
1.301644
1.596412
1.800825
0.620961
0.448350
0.096559
0.646476
0.930413
0.441637
1.215303
1.725149
1.725074
1.924724
1.129591
0.945830
1.524071
0.942052
0.329149
0.783809
0.740512
1.167458
0.278430
1.929906
1.021014
0.799646
1.807598
0.643401
1.647621
0.672729
0.507241
1.616762
0.927626
0.638252
1.396202
1.928346
1.794447
1.924336
1.020319
1.930230
1.127689
0.309293
0.621318
0.898058
1.019463
1.308902
0.904336
1.929154
1.927512
0.234099
1.760036
1.487577
1.894504
0.456146
1.929887
0.216102
1.324168
0.466324
0.094376
0.631514
1.761726
0.280679
1.323557
1.207344
1.316145
1.019568
0.843401
0.940448
1.849674
1.220633
0.294399
0.905940
0.105397
1.626038
1.153019
0.942907
1.247424
1.329389
1.143979
0.523366
0.635073
0.832974
0.888953
0.709099
0.951230
0.338572
0.080907
1.589443
1.232229
1.724684
0.816602
1.930158
1.022370
1.500426
0.079270
0.184224
1.593556
1.323070
1.326709
1.894030
1.597750
1.765393
1.595723
1.725415
1.598415
1.198275
0.429655
1.929360
1.797997
0.619155
1.929481
0.084358
1.929561
1.821212
0.341088
1.929571
0.825579
1.194862
1.929649
0.635115
0.280591
1.320415
0.533756
1.927447
0.111542
0.400126
1.136233
0.204536
0.122970
0.276280
1.023356
1.857146
0.998100
0.101821
0.421388
1.199205
1.799425
0.084812
0.589487
0.989308
0.612954
0.078297
0.222710
1.917847
1.760979
0.218318
0.935537
1.526134
0.324164
1.645418
1.406117
1.110451
0.645400
0.436785
0.450814
1.128945
1.596196
1.020280
0.106197
0.106751
1.318761
1.397642
1.837435
0.376038
1.910335
1.019532
0.773999
1.476433
0.097508
1.013015
0.491232
0.475468
0.162199
0.415685
1.324537
1.929891
0.213793
1.596954
0.624935
1.018254
0.203921
1.928729
0.636985
1.893381
0.704741
1.922768
1.587431
1.209578
1.401072
1.924930
0.150836
0.347595
0.097147
0.109367
0.403846
0.623981
0.840853
1.797554
0.096460
1.305421
0.438066
0.084262
1.927991
0.664754
1.928975
0.523669
1.236030
0.075244
1.604372
0.088922
1.930879
0.745927
1.930670
1.601017
1.795283
1.600170
1.128387
1.596221
1.230845
1.928169
0.816551
1.886020
1.427905
0.831110
1.592771
0.160630
0.285957
1.201740
1.709734
0.084978
1.322861
1.616856
0.551273
1.925678
1.020284
1.856642
0.176721
1.321947
1.379576
0.431788
0.734005
1.020361
1.929564
0.123724
1.794613
1.129139
1.696169
1.600494
1.018606
1.601238
1.465575
0.169897
1.929553
1.466031
1.837922
1.499506
0.133861
1.929225
1.069261
1.592555
1.930163
0.444860
1.324384
0.962061
1.597297
0.161104
1.724926
1.210981
1.595889
0.189645
1.913743
0.419806
1.460827
1.128137
0.494037
0.619362
0.861583
1.597522
1.293233
1.020280
1.719249
0.542822
0.365507
0.374131
0.585426
1.426691
0.520732
0.386703
1.594823
1.717917
1.424651
0.321332
0.306946
1.425811
0.536014
0.917514
1.895037
0.108566
0.376057
1.929849
0.529065
1.309355
1.929851
1.929632
0.243326
1.927737
1.175231
0.091612
1.019655
0.430466
1.591071
1.373442
0.128939
0.851863
0.191042
0.358875
1.480572
0.116858
1.403900
1.128053
1.926655
0.952489
0.145858
0.344729
0.517363
0.664739
0.932758
0.069503
0.102647
1.597647
0.162944
0.243412
1.663858
1.724875
0.509838
0.310268
0.499999
1.295402
1.597139
0.775951
0.361960
1.593474
0.273605
1.580903
1.600900
1.023633
0.940280
0.506346
0.103431
0.244902
0.897447
1.589355
0.107614
1.669638
1.725106
1.132984
1.430076
0.665484
1.128108
0.805064
0.300080
1.911028
1.724330
0.110368
1.597323
1.425537
0.333524
0.829156
1.128505
0.672538
1.130220
0.630187
0.648880
0.341520
0.644697
1.148863
0.276214
1.725077
1.909515
1.930485
0.763785
0.376176
0.922213
1.928561
0.476276
1.595933
1.761727
1.422696
1.327584
1.928480
0.937022
0.329571
0.287262
1.476623
0.832471
1.310534
0.521139
1.461970
1.596839
1.326324
0.424280
1.607117
1.571449
0.266985
0.587234
1.761729
1.504584
0.345764
0.608944
1.694468
0.476871
1.154486
0.470758
1.323175
0.585631
0.136271
0.802697
0.906378
0.413191
1.180544
0.085349
0.216192
0.953829
0.402717
0.081332
1.929528
0.397637
1.143969
1.535652
1.772722
1.928557
1.350504
1.160524
1.461977
0.663383
0.598887
0.293400
0.188126
1.300293
1.265328
1.599189
0.277229
0.588541
0.656761
1.874281
0.810403
1.929141
0.738653
0.228035
0.766089
1.412922
1.257372
1.357079
0.923948
1.810402
1.929119
1.600557
1.693693
0.988923
1.929558
0.622263
1.597669
0.301686
1.922053
1.211179
1.929814
0.794028
1.596702
1.425954
0.364742
1.862036
0.397546
0.383911
0.805760
0.438691
1.145903
1.489081
1.793876
0.619890
0.100887
1.020160
0.775269
0.362038
0.093251
1.927883
0.614028
0.114038
1.327730
1.020354
1.592920
0.368728
1.211586
1.580812
0.746228
0.605548
1.001309
1.232723
1.020201
1.597819
1.929364
1.928285
1.354182
0.428883
0.803694
0.357016
0.178766
0.097262
1.020289
1.761727
1.129941
1.133758
0.329782
0.797320
0.469735
0.230214
1.593827
1.912969
0.451236
1.001091
1.928254
0.598076
1.185343
1.928672
1.588347
0.459058
1.428728
1.180866
1.129323
1.839050
0.331856
0.649257
0.355234
0.606088
0.429090
0.811372
1.323816
0.131182
0.544429
0.372399
1.020285
0.132413
1.163895
1.147081
0.715113
0.731180
1.724631
1.805193
1.225650
0.974467
0.532261
1.835333
1.128626
0.416912
0.801061
1.849385
0.825381
0.489724
1.770051
0.576995
0.672920
1.485254
0.139529
0.752358
1.127977
1.724198
0.492131
0.079934
0.455520
0.081468
0.545605
0.666101
0.094445
0.165820
0.593793
1.655552
1.547885
0.524810
0.929370
0.777660
1.135178
1.838178
1.589652
0.896601
0.626043
1.901568
1.591283
0.220904
1.897827
1.020282
1.125793
0.567965
0.112499
0.302174
0.402468
0.077353
1.795298
1.598235
0.359260
0.911271
1.587470
0.284999
1.724577
1.128443
1.320163
0.907220
1.020276
0.434412
0.932145
0.090601
0.645378
0.433215
0.384267
0.079230
0.256720
0.734890
0.627512
0.442297
1.929351
0.886282
1.724285
1.469859
1.761734
0.420915
1.794980
0.598483
0.125103
0.368867
1.913094
1.597329
1.215416
0.891103
0.958349
0.591918
0.936688
1.036727
1.084175
1.929266
0.675915
0.262642
1.264660
1.696365
0.765326
0.092311
1.127384
0.787174
1.667747
1.858032
1.598461
0.146964
1.467483
0.797972
1.125015
1.928717
0.098922
1.929824
0.139122
0.802658
1.688229
0.321700
0.889858
0.618968
0.373215
0.525389
1.129789
0.611752
0.559829
1.330302
0.267002
1.596639
1.585503
1.316229
0.328301
0.945072
1.791327
1.928918
1.323982
0.913871
1.337976
0.554707
1.929397
1.819620
0.196820
0.239055
1.773933
1.128272
0.936502
0.515865
0.455356
1.595625
0.646592
0.097460
0.487077
1.226493
1.924056
0.183405
0.807244
0.649701
0.135957
0.423987
0.175164
0.139266
1.761679
0.959981
0.118822
1.513007
0.928107
1.598601
1.761745
1.322665
0.519559
1.426871
0.936787
0.797602
1.003060
0.522813
0.795615
0.745073
1.139139
1.478429
1.288772
0.948155
0.119186
0.809888
0.940560
0.582873
1.020278
0.324410
1.028851
1.597473
1.761722
1.595897
1.597675
0.772644
1.893444
1.925991
0.315910
0.133677
0.327202
1.874352
1.427509
1.128759
1.004164
1.601781
1.783750
0.098387
1.596486
0.548019
1.019687
0.113344
1.928916
1.456930
1.208600
0.459628
1.424306
1.534657
1.166005
1.333073
1.596976
1.130693
1.618739
0.640198
0.252587
0.201622
1.592286
1.470447
1.921528
0.355010
1.761747
1.356745
1.913813
1.316917
1.720474
1.597711
1.291894
1.135970
0.095965
0.237838
0.117750
1.597873
1.930340
1.926096
1.899112
0.078710
1.274267
0.523579
0.798363
1.325493
0.620930
0.653378
1.150673
1.597638
0.149322
0.623054
0.593750
1.763110
1.760027
1.129285
0.998301
0.837519
1.574306
1.601739
0.550669
1.604829
1.318322
1.929892
0.360631
0.121112
1.614946
1.127638
0.137635
0.095067
0.948571
0.594953
0.714069
0.085134
0.957205
1.158032
1.697266
1.306903
1.293248
0.975538
0.146441
0.775143
0.222459
1.125417
1.196074
0.772362
0.917244
1.930161
1.597143
0.381817
1.643292
0.739863
0.091560
0.609465
0.366897
1.598521
1.929062
0.150422
0.360127
0.701973
0.164757
1.112182
0.703636
1.557379
1.809651
0.594624
1.425214
1.855436
1.715174
0.723636
1.196430
0.484745
0.305211
0.245291
0.181703
0.924206
0.646552
0.949909
1.725082
1.772606
1.598753
0.181885
0.741061
0.657676
0.412898
0.446021
0.627126
0.105194
1.928216
0.632123
1.418764
0.633472
1.316417
0.763713
1.687843
1.521850
0.127211
1.598866
1.929246
1.335134
0.784230
0.967179
0.829461
1.676153
0.751241
0.369809
0.592467
1.929608
1.859713
1.017986
1.795310
1.427412
0.632280
1.127756
1.795178
1.021311
0.588580
0.876233
0.078397
0.625634
0.246679
1.929011
1.724985
0.184335
1.124985
1.930052
0.469181
0.296685
0.163715
1.272606
0.701224
0.349069
1.285277
1.859359
0.631468
1.020395
1.323699
0.256206
0.108682
0.522002
0.478365
0.175349
0.363020
0.778214
1.733384
1.210716
1.929744
0.459695
0.643143
1.317977
0.379855
0.635743
0.139845
1.600036
0.192321
0.138823
0.814374
0.376420
1.425049
1.601526
1.584632
1.020251
1.020732
1.598599
0.428144
0.578385
1.324968
1.929523
0.580624
0.699331
0.371716
1.152692
1.795672
0.918800
0.417010
0.084300
0.205096
1.920488
1.929466
1.770360
0.309418
1.276795
1.019906
1.166731
1.723840
0.770467
1.904860
0.312622
1.604169
1.131882
1.423384
1.930228
0.721777
0.813595
1.142442
1.596624
1.761718
1.421747
1.321356
0.813927
0.447310
1.922151
0.177979
1.020117
0.415492
1.820700
1.034234
0.136743
0.425257
0.570166
0.758415
1.792580
1.550828
1.729145
1.289086
0.634287
0.636949
1.930061
1.761725
0.984551
0.096327
1.761692
0.991866
0.611302
0.188107
0.672072
1.429567
1.898631
0.940967
0.389066
0.989581
1.210010
1.919646
0.647218
1.800565
1.603342
1.324233
0.452496
0.432265
1.725086
1.774874
1.465760
0.364308
1.723340
1.409622
1.210826
0.387215
1.761442
1.333382
0.917340
0.244617
0.103247
0.798602
0.937396
1.018589
1.629936
0.766754
1.725269
1.286636
0.121713
1.285340
1.928177
0.435573
0.322802
0.627980
1.323131
0.084549
1.544347
0.950086
1.020244
1.146386
0.756188
1.604385
1.521795
1.061165
0.639528
0.165204
1.929576
1.410562
0.457702
1.320938
1.577982
0.123577
0.958413
0.528196
0.507670
0.873902
1.210834
1.176341
0.098739
1.761680
0.635050
1.929514
0.797218
1.427773
1.252311
1.190314
1.593162
1.020281
0.325085
1.598893
1.451198
1.181420
0.561812
0.353219
1.030260
0.097995
0.929313
1.078691
1.607372
1.367692
1.634568
0.768728
1.322722
0.173894
1.125256
0.935817
0.286233
0.103209
1.025698
0.879798
1.217850
0.390666
0.684755
0.211749
1.929116
0.666240
0.499548
0.356523
0.667633
0.123638
0.817462
0.339063
1.286598
0.371239
0.295583
1.218704
0.773279
0.140921
1.595219
1.208499
0.658479
0.170935
1.020436
0.351204
0.857777
0.189136
1.690674
1.322978
0.123383
0.242455
0.183362
0.072954
0.363657
0.456213
1.318162
1.762387
0.260695
1.927684
0.317265
0.278485
0.820661
0.088617
1.129620
1.020242
1.020284
0.326516
0.566361
1.597411
0.378978
0.369388
0.219513
1.930090
1.442623
1.016762
0.465881
0.986549
1.133353
1.419431
1.905969
1.130868
0.126939
0.557955
1.698552
1.308359
1.722409
1.597488
1.557747
0.101565
0.391277
1.794941
1.599776
1.618187
1.314117
1.465577
0.768596
0.681236
0.899078
1.231441
0.261848
1.594861
1.329517
0.734720
1.583079
0.813842
0.260469
1.249166
0.819532
0.097501
1.868902
1.182346
1.166977
1.845990
1.927003
0.612882
1.596054
1.261433
0.176200
0.131325
0.615439
1.020267
0.414931
1.576349
1.929528
0.790904
1.596177
0.193249
1.137585
0.766253
1.923998
1.762432
1.915190
1.321505
1.213030
1.015851
1.123671
1.209912
1.020189
0.874907
1.457727
1.793945
1.510817
1.597980
0.592000
1.020290
0.256487
1.598403
0.998255
1.926175
1.761679
1.649077
0.385231
0.545633
1.928577
0.913022
0.957777
1.607828
1.929485
1.921385
0.214813
0.427477
0.321328
1.929431
1.325331
0.921384
1.930152
1.928881
1.600704
1.191513
0.132984
1.626131
0.936672
1.020278
1.870164
1.909499
0.185085
0.125042
1.896375
1.605559
1.724921
1.297482
0.117404
1.582259
1.596414
0.605608
0.943392
1.682421
1.553921
1.319041
0.129136
0.088362
0.085944
1.425026
0.805844
1.019194
1.128896
1.606258
1.287917
0.131145
0.821469
1.761723
0.433065
1.321946
0.121368
1.460273
1.185740
0.735328
1.725051
0.089395
1.725092
0.186459
0.638780
1.342108
0.645474
0.142275
1.595144
1.593809
0.554831
1.324722
1.598963
0.146602
1.882331
1.725103
0.562712
1.216609
0.129818
1.307827
0.579935
0.374912
0.999535
1.022227
1.120465
1.645881
0.519414
0.640659
1.465601
1.332590
1.343635
1.638479
0.793740
1.020307
0.666552
0.222186
1.018848
1.020274
1.330813
0.075769
0.484497
1.595296
0.600389
0.150197
1.572678
1.914007
1.930274
1.400409
0.420826
1.326838
1.323642
1.761450
1.602871
1.268089
0.976218
0.598524
0.336186
0.210898
1.020310
0.388806
0.937126
1.831995
0.944422
1.793507
0.860770
0.288095
0.515235
0.460332
1.594761
1.761480
1.209207
1.610291
1.425074
0.742611
0.684726
0.093149
1.213114
0.847562
1.601376
1.128727
1.581962
0.996829
1.128083
0.082636
1.572036
1.929837
0.107382
1.865644
0.350992
0.684984
0.301221
0.404795
1.323895
0.597060
0.767471
1.293312
1.605558
0.246092
1.797925
1.929931
1.465821
0.616949
0.434813
0.279232
1.302650
0.099149
1.207111
0.085119
1.597251
1.431253
1.597579
0.690197
0.488797
0.075570
1.925489
1.547890
1.916227
0.629266
1.761720
1.129119
0.326022
0.900270
1.597794
0.648829
1.597976
1.598375
0.362237
0.152960
0.182814
0.240646
0.148013
0.643652
0.596544
0.509448
0.215835
1.722581
0.101623
0.976613
1.602664
1.296739
1.133786
1.737033
1.425896
1.145357
1.308150
0.601542
0.826942
1.923770
0.504132
1.109849
0.087103
1.646841
1.696997
1.128351
1.281326
1.020269
1.930225
1.929936
1.319848
0.804374
1.724803
1.112677
0.355960
0.643447
1.571319
1.929078
1.597774
1.595165
1.251872
0.591585
0.272214
1.273820
0.094871
1.463955
1.427904
0.559343
0.078133
0.946848
1.020298
0.552444
0.790204
0.949862
0.365117
0.389975
0.753301
1.633501
1.124952
0.404775
0.719198
1.929354
0.102250
1.815351
1.323465
1.056958
0.330827
0.347195
1.127896
1.325715
1.182743
0.803885
1.216408
1.929926
0.801116
1.796047
1.594478
1.725099
0.144758
1.928412
0.912473
1.894195
1.458465
0.939502
0.621521
1.828607
0.910192
1.923290
0.385127
0.329858
1.927438
0.199087
1.318787
0.443612
1.318878
0.143831
1.800024
1.215513
1.578340
1.589574
1.617805
1.598966
0.095521
1.725108
0.237341
0.655937
1.127296
0.415347
1.929571
0.400292
1.929620
1.256273
0.619239
1.602424
0.580359
0.765711
0.560761
1.794639
1.423903
1.021250
1.505749
1.127432
0.501163
0.275802
1.761726
1.602826
0.201154
0.171603
0.128116
1.926889
0.527992
1.597196
0.718959
0.172338
0.443994
1.930530
0.081756
1.302698
1.204165
1.015470
0.703391
1.301459
1.654075
0.820708
0.543269
1.463612
0.710247
0.155496
0.535288
0.627135
0.576926
0.725130
0.574934
0.768364
0.450254
0.864790
0.753655
1.130105
0.253800
1.795168
0.886862
0.906718
0.256733
1.929489
1.928049
1.322648
0.452593
0.382657
0.604362
1.929418
0.244143
0.221517
1.925264
1.330674
1.229421
0.664617
1.018006
0.400525
0.126598
0.255583
1.383080
0.813005
0.894536
0.311588
1.396274
1.916476
1.927684
1.912059
0.098633
1.120757
0.130400
0.616925
1.725092
1.926131
0.536676
0.587684
1.603555
0.496167
0.655658
1.598120
1.627937
1.466181
1.394648
1.214439
0.626782
0.758782
1.122827
1.172823
1.734956
1.765105
1.924537
0.815443
0.119942
0.615529
1.600118
1.020334
1.018745
1.892258
0.813820
0.890006
1.278525
1.921964
1.694918
0.909932
0.361746
1.122834
1.597631
0.430503
0.383050
1.302821
1.425828
0.100637
1.070919
0.376797
0.612353
0.794779
1.929503
0.961562
0.263558
0.815919
0.475361
1.836168
1.298468
1.916607
0.799762
1.031097
0.315880
0.910395
1.015003
0.985051
1.923348
1.725088
0.936986
1.617536
1.040323
1.200982
0.878968
0.252476
1.346187
1.706609
0.825048
0.741517
1.431895
0.727399
1.211915
1.597742
1.124735
1.324887
1.465802
0.549124
0.223874
1.315729
1.084394
0.406085
1.927493
0.758482
1.817916
1.130123
0.606797
0.105291
1.725080
1.597407
1.331228
1.592143
1.126851
1.524973
1.762223
0.119556
0.153690
0.939645
1.924637
0.813260
0.098370
1.533109
0.455008
1.593008
1.795317
1.323960
0.741646
1.128960
1.867707
0.813263
1.130404
0.088482
1.020286
0.385323
1.133141
1.023832
1.421175
0.458879
1.598378
1.597985
1.928995
0.928140
0.072878
0.196346
1.929381
1.923891
0.412522
0.083127
0.819660
0.552838
0.324934
0.113470
1.605861
0.935887
1.407821
0.353725
1.433625
0.144293
1.893694
0.711928
1.133204
0.299268
0.322993
1.137015
1.649291
0.543715
1.926163
1.049633
1.795693
0.861116
0.846404
0.121232
0.297805
0.239505
1.310899
1.786174
0.306008
1.929828
1.900892
1.638449
1.927620
0.263176
1.597878
1.604323
0.640480
0.174212
1.929169
1.213347
1.325420
1.598015
0.375507
0.762814
1.929555
1.884812
1.929026
0.758208
0.460114
0.187051
1.716401
0.807362
0.785921
1.930080
0.895303
1.147155
0.491356
0.641140
0.912218
0.818309
1.457560
0.156236
0.830826
0.600659
1.426967
1.399044
1.577193
1.426687
0.849935
1.761884
1.929873
0.360114
0.423167
1.203645
1.431617
0.217295
0.662323
0.370238
0.484391
0.549250
1.128522
1.266604
1.926122
0.831860
1.930431
0.648245
1.193074
1.920659
1.761609
0.159581
1.598663
1.501303
0.093462
1.924414
1.246091
0.368474
0.412133
1.026991
0.417633
0.350343
1.427507
0.917722
0.521588
0.095233
0.364409
0.093944
0.233834
0.517274
0.270811
1.814500
1.491411
1.929769
0.596821
0.615901
1.724216
0.763162
1.607686
1.761731
0.799141
1.570813
0.348869
0.151323
1.598595
1.020672
1.852313
0.806721
1.427972
1.294951
1.929307
0.533985
0.615379
1.618659
1.017935
0.283288
0.353202
1.600005
1.599955
1.662366
1.600923
0.652308
1.929843
1.016689
1.595326
1.898353
0.796864
1.220545
1.600745
1.160468
0.600412
0.300779
0.148052
0.078482
1.125206
0.611005
1.853586
0.233583
0.193789
0.475262
0.880204
1.130338
1.596958
1.012869
0.406021
0.636259
1.930415
1.793816
1.928138
0.663851
1.800675
1.306528
0.606738
0.531863
0.260426
0.776011
0.771437
0.326910
0.947062
0.111790
0.100523
0.280004
0.742441
1.333222
1.597759
1.162445
0.958415
1.929160
1.020846
0.398674
1.910558
1.928428
0.129637
1.179409
0.951509
1.917355
0.418772
0.944944
1.019677
0.425306
0.092021
0.445969
0.615298
0.838547
0.959616
0.133630
1.136449
0.094420
0.682597
0.077026
1.041584
1.330085
0.813748
0.191648
0.100463
0.087013
0.116760
1.020279
0.726742
1.598987
1.550260
1.595261
1.597613
1.588551
1.201027
1.128264
0.247968
1.311324
1.020747
0.741884
1.131086
0.363786
1.337558
1.374106
0.488026
0.646389
0.554319
1.795262
0.088971
1.929865
1.437901
1.005278
1.596684
1.131195
0.924748
0.458872
0.939254
1.311599
1.185861
1.761548
0.919523
1.724985
0.672680
1.020284
1.131120
1.597329
0.704609
0.209303
1.929521
0.328249
0.137341
0.316780
1.763356
0.790849
1.795156
1.597088
0.940728
1.927900
1.019816
1.455036
1.086830
0.102572
0.606263
0.655431
1.131615
0.199740
1.207375
0.708392
0.092990
1.799397
0.096605
0.627698
0.342342
0.577958
1.652039
0.857508
1.216362
1.016894
1.129392
0.600336
0.864025
1.320790
0.363836
0.732713
1.298903
0.079195
0.904375
0.344043
0.098461
0.946264
0.523032
1.597036
1.429736
1.597769
1.019070
0.100929
0.117124
0.607952
1.466214
0.394252
1.020315
1.465806
1.595234
1.866254
0.776400
1.020327
1.728402
1.596128
0.151146
1.239173
0.480542
0.620989
0.494739
1.596866
1.707909
0.755359
1.598910
0.084908
0.183985
0.125824
0.343963
1.559536
0.625898
1.909448
0.528474
1.317501
0.427275
1.125873
0.597764
0.947999
0.816188
0.947812
0.123901
1.721262
0.535545
0.194684
1.324305
0.213773
0.128901
1.602900
0.500242
0.328570
0.192445
0.841012
1.926562
1.178754
0.247973
1.332014
0.202129
0.099227
1.020276
1.761325
0.262172
0.643535
1.597612
1.802925
1.605092
0.351138
0.680624
1.724715
0.222145
1.599784
1.929558
0.911216
0.935240
1.335380
1.916114
0.926583
0.075315
0.217664
1.930286
0.502595
0.409561
1.422374
0.335420
1.929011
0.302470
1.547330
1.003594
0.732451
0.117309
0.102029
0.808218
1.214099
0.825372
0.910226
1.132833
1.761106
1.423036
0.178997
1.890948
1.800038
1.597819
1.908857
0.761701
1.928114
1.592721
1.498151
0.401241
1.768428
1.367774
1.725095
1.317259
0.756569
0.320817
1.241869
0.750811
1.427470
0.210458
1.761530
0.744891
1.801552
1.473109
1.120890
1.426811
1.020308
1.560162
1.817564
1.215106
0.200208
1.020284
1.126831
0.107081
1.928587
0.812357
1.772176
0.119308
1.262984
0.093214
0.130160
0.233368
1.929935
1.884925
1.795662
1.804744
0.080534
0.681409
1.183191
1.212766
1.285655
0.546740
1.930858
1.598458
0.396005
1.129698
1.880972
0.610147
0.399495
0.100413
1.211919
1.597926
1.128703
1.929326
0.225993
0.724782
1.173388
1.315902
1.319902
0.363717
0.645245
1.131607
0.087942
0.776196
0.140934
0.546641
0.962299
1.325122
1.225388
0.843882
1.598318
1.622010
1.724884
0.139138
1.725133
0.355158
0.502963
1.430240
0.579337
0.411778
0.094409
0.943910
1.849244
0.248084
0.577611
1.923115
0.118815
0.431550
0.841633
1.426157
0.423037
1.929562
1.289517
0.310251
0.808724
0.071952
0.673052
1.022548
1.505893
0.662533
0.113006
1.731618
0.087004
0.223092
0.521756
1.468609
0.468292
1.606266
0.789237
1.127710
0.087357
0.102398
1.761727
1.406354
1.244790
1.930297
1.633074
0.087006
1.921467
0.661807
1.305432
1.130355
0.758947
1.925957
0.864171
0.634063
1.596428
0.204268
1.582761
0.923781
1.380585
1.771639
1.201170
1.795168
1.929517
1.020800
0.626413
0.946607
0.270654
1.928500
1.930268
1.312226
1.886928
1.618737
1.019693
1.907250
1.612352
0.495725
0.668876
0.956941
1.547901
1.929345
0.106024
0.193131
1.020279
0.442578
1.725090
1.929786
1.598003
1.560473
0.582610
1.928165
1.725180
0.344116
1.732422
1.467301
1.323107
1.421174
0.329937
0.076689
1.597209
1.929768
1.288876
0.428663
0.449490
0.361505
0.569839
1.595235
1.929526
1.536637
0.425812
1.605280
0.625584
1.591579
0.433062
0.463347
0.841765
0.324124
0.573899
0.130843
0.137552
1.725018
0.472703
0.149703
0.735386
0.198210
0.831226
0.337802
0.184397
0.907766
0.909269
1.465208
1.311899
1.117842
0.893397
0.854974
1.761614
0.679496
1.928065
1.420621
0.299754
1.929232
0.858654
1.209525
1.794952
0.420878
1.225278
0.134104
0.813146
0.586760
1.795016
1.557192
0.955673
0.574956
0.671479
1.929269
0.768096
0.116541
1.275320
0.612385
1.928342
1.662392
0.090331
1.132121
1.018647
0.162790
1.413803
0.119315
1.315893
1.645022
1.795513
1.926327
1.595163
1.628950
1.761727
1.597261
0.168742
0.537659
1.880343
1.597313
0.211773
1.020199
1.022348
0.293894
1.608406
0.106229
1.208199
0.313528
1.794897
1.199155
1.328138
0.367121
1.296852
1.634413
1.245488
0.742970
0.126222
1.852640
1.597330
0.161227
0.386814
0.717124
1.304668
0.791807
0.848132
0.231264
1.923962
1.020353
0.801327
0.664077
0.382097
0.157887
1.927718
1.243424
1.322863
1.928701
1.427096
0.642886
1.594303
0.087077
1.798621
0.627646
0.841097
0.159025
1.926079
0.693947
0.708860
1.598289
1.827414
1.926998
0.084711
1.793528
1.017299
1.830522
0.341368
0.134472
1.930201
1.019891
0.415851
0.801423
1.854113
1.822201
0.774885
0.973855
1.023667
0.116212
0.793367
1.327236
0.623999
0.422518
1.797075
1.376620
1.593625
1.761561
0.778464
0.493953
1.426527
0.804616
0.079407
0.556735
1.794295
0.376775
0.638817
0.094720
0.715412
1.929870
1.917822
1.258046
1.020349
0.165398
0.367301
0.786064
0.281180
0.597813
1.844963
0.940357
1.911907
0.726861
1.010305
0.377921
1.343453
1.019423
0.798272
0.088598
1.128651
0.075351
0.574010
0.094048
1.584789
0.334558
0.403082
1.761754
1.929595
0.654152
1.930811
0.091417
1.221764
0.947500
1.795452
0.083434
1.592732
1.596465
1.597975
0.187414
1.891816
1.596592
0.405262
0.496733
1.598789
0.919465
0.094623
0.969779
0.681132
1.481544
1.795582
1.322173
1.761727
0.307163
0.562167
1.020078
1.017130
1.267851
0.118214
0.340049
0.187745
0.092499
0.539719
1.794847
0.337754
1.929038
1.794732
0.089740
0.460407
1.724128
1.427001
0.968753
0.129102
1.207653
1.884683
0.216313
0.444437
1.610008
0.614552
1.022287
0.112710
1.206157
0.087055
1.196162
0.584324
0.144817
1.929541
1.543553
1.444324
1.879244
1.797109
1.159084
0.874438
0.200211
1.597677
0.610550
1.598305
1.121974
1.109271
0.552808
0.395927
1.421112
1.087622
0.102939
0.352827
1.582223
0.457174
0.112367
0.633793
1.514227
1.598621
1.325722
1.635391
1.537856
0.080573
1.131659
0.382548
1.046141
1.438362
0.078982
0.757189
1.929847
1.592467
0.239681
1.027542
0.736536
1.322369
1.598113
0.697067
1.796007
1.129558
0.818180
1.011657
1.019079
0.867955
0.108107
1.929648
1.930741
0.633381
1.912187
0.907060
0.265750
1.866652
1.292355
0.710407
0.440536
0.818731
0.104748
1.303994
0.578486
0.986721
1.763244
0.982634
0.638277
1.927398
1.925797
0.644537
0.098072
0.350100
0.221349
0.800086
1.182006
0.401350
1.020175
0.117510
0.937283
0.345532
1.761730
0.577475
0.135027
1.593872
0.480920
1.331234
0.094961
0.632395
0.224675
1.810788
0.876815
0.623122
0.097173
1.927680
1.012130
1.607660
1.213042
0.949068
0.174723
1.637935
0.431650
1.017385
0.879432
0.858109
1.275452
0.688030
0.157614
1.929075
0.305963
1.374405
0.399052
1.134256
0.588915
0.514095
1.795108
1.929160
1.928427
0.288618
1.600269
0.327876
0.799867
1.930054
1.928299
0.129221
1.311623
0.703578
0.943653
0.104445
0.267836
1.310108
0.292126
0.791082
1.795594
0.891976
1.430246
1.929777
0.356208
1.596580
0.724594
1.890761
1.929167
1.930031
1.322064
1.628257
0.140654
1.597668
0.238708
0.588761
0.120338
1.170868
1.299797
1.597410
0.841498
1.794647
1.648059
0.654801
0.448687
1.900218
1.219978
1.929424
0.369929
1.020292
1.624683
1.761719
1.263210
1.905606
1.209170
0.275854
0.211656
1.659216
1.260771
1.831467
1.596615
1.329108
0.381378
1.597766
0.422837
1.928922
1.324326
0.193206
1.593132
1.725065
0.553157
0.641507
1.401065
1.927758
1.596718
0.924134
0.262723
1.465734
0.255487
0.797625
0.498581
0.271706
0.265767
0.464906
1.161706
1.379598
1.127697
1.125954
1.761726
0.596136
1.640463
0.419331
1.124476
1.879973
1.128387
0.702123
0.201742
1.598773
1.233428
1.608789
0.976512
1.419186
0.160492
0.874922
1.924191
0.631231
0.730850
0.943638
1.465748
1.131807
0.195700
1.864271
0.092556
0.763975
0.640187
1.910261
1.192690
1.929295
0.606057
1.398734
1.211569
1.590753
0.940414
1.924644
1.465280
1.466296
1.195041
1.347723
0.625616
1.304029
1.586551
0.178800
1.024092
0.161930
1.929440
1.311676
0.788815
0.165460
1.134223
0.832994
1.594881
1.462517
1.354362
0.101032
1.209268
0.085035
0.428945
1.597835
0.936470
0.933962
1.596631
1.928742
1.726483
1.463802
1.020721
0.151563
0.285092
0.558468
0.572695
0.403699
1.586234
0.397382
0.176747
0.401803
1.794784
1.879553
0.122186
1.929451
0.734671
1.148131
1.603865
1.602294
1.927701
1.597889
1.425059
0.320636
0.904454
1.393327
0.100416
1.127276
0.598147
0.134471
1.128622
0.300917
0.897980
1.723688
1.020283
1.929361
0.644710
1.889245
1.919393
1.761715
0.145396
1.725072
0.701297
0.243076
0.732802
0.605042
1.207197
0.850061
0.983732
0.295828
1.929052
1.588493
1.008560
0.125811
0.831535
0.089444
1.597318
0.119807
0.360131
0.642288
1.597607
0.095073
1.725182
0.839160
1.175335
0.652778
0.725777
1.928480
1.108490
1.182846
1.220434
0.444645
0.395986
0.727023
1.761784
0.134620
0.862653
0.907632
1.596765
0.966345
1.586815
0.809374
0.079520
1.927365
1.929397
0.079054
0.355276
1.597309
0.625709
0.925345
0.947578
0.095960
1.326213
1.597265
0.404027
1.334859
0.115302
0.854501
0.598253
0.213357
0.188470
1.598123
1.678355
1.315698
1.011610
0.109912
0.807302
1.725050
0.103383
0.989313
1.598120
1.929436
0.886849
1.466316
1.794845
0.949181
0.653308
0.092636
0.181086
0.833208
1.306652
1.012573
0.395283
1.449361
1.920167
1.330477
0.694127
0.793249
0.900084
1.908364
0.353550
1.926770
0.801149
0.160465
0.088879
1.128949
1.909162
0.817723
0.115236
0.426028
1.677822
0.661184
1.794991
1.556363
0.095797
1.426797
0.955872
1.596792
0.140567
0.559546
0.943571
0.395483
0.129904
1.929439
0.886608
0.574071
1.019225
1.928364
0.111280
1.604827
0.609603
0.088191
1.797818
0.680124
1.930753
1.078120
0.188130
0.539015
0.352980
0.490559
0.204747
1.380294
1.903035
1.597628
1.760732
1.917673
0.936371
0.739206
1.156677
1.601447
0.325546
0.343665
1.128319
1.909355
0.608394
1.597283
0.364931
0.746076
0.606279
1.927327
1.600957
1.025836
0.708765
1.309052
0.107051
1.319874
0.945379
0.794041
0.339825
1.930109
0.179947
1.928903
0.907056
1.910318
1.930233
1.020213
1.492103
1.926557
1.464935
1.761727
1.645150
0.264640
1.318629
0.099443
1.926594
0.170205
0.389563
0.442456
1.721315
0.429130
1.600811
1.913504
1.164107
1.202319
1.310700
1.429523
0.399056
1.930227
1.927320
1.230272
1.599934
0.768353
0.174924
0.662484
1.304980
0.458979
1.918490
0.198511
1.929259
0.431226
0.579417
0.599777
1.314916
1.314615
1.568474
0.081714
0.929870
1.299222
0.798137
0.113655
0.834108
1.929057
0.364111
1.318237
1.799791
0.969753
0.409878
1.471387
1.023323
1.175413
0.194403
0.617846
0.236627
1.588041
1.014435
1.797511
0.640153
1.236228
0.539726
1.307321
0.180172
0.948496
0.571844
0.939391
0.592352
0.390996
0.787128
1.559108
0.904966
0.956851
0.366354
0.691166
0.524384
0.768182
1.599129
0.637902
1.131922
0.309878
0.122441
0.368272
1.168636
0.214643
0.312556
1.066420
0.913900
0.105167
0.811591
0.625076
1.211118
1.457419
0.125698
0.399422
1.761728
1.724772
0.946895
0.739533
1.929531
0.168201
0.757163
1.897572
0.194265
1.190091
0.221253
0.070175
1.019645
1.163829
0.767981
1.791022
1.226186
1.920394
1.602553
1.129848
0.613424
1.760717
0.113061
1.695212
0.391160
0.109193
1.379990
0.953603
0.089506
1.317399
1.795067
1.193610
1.609216
0.111045
1.520309
1.690687
0.716703
1.593036
1.725088
1.930349
1.405946
1.339718
1.929460
0.821455
1.597447
1.149060
0.352919
1.930384
1.597562
0.619749
1.893091
0.119292
1.758991
0.528717
0.386346
1.024116
0.757014
0.624343
1.666681
0.200103
1.204620
0.620700
0.326968
0.718365
0.613251
1.761730
1.725063
0.100239
0.702482
0.909325
1.913360
1.417934
0.556383
0.963701
1.929841
0.374627
1.449620
0.133965
0.628823
0.618347
1.317745
0.462250
0.356856
1.930170
1.929893
1.925634
0.663425
0.109831
1.808592
1.930394
0.120982
0.793803
0.587862
1.136802
0.947973
1.761708
1.022015
0.478667
0.844474
1.675723
1.926687
1.490728
0.955563
0.573294
1.595826
1.212258
1.110778
1.371641
0.883634
1.879857
1.928418
1.020357
0.582436
1.796111
1.660197
0.107256
1.424970
1.597523
1.761599
0.946466
0.935420
1.722980
1.588184
1.431003
0.663277
1.923074
1.713832
1.244261
1.422223
1.017678
0.995230
1.930216
0.717324
0.530902
0.645628
1.597915
0.350457
0.420470
1.198801
1.596070
1.600871
1.918180
1.684158
0.646599
0.781400
1.184763
1.928718
1.325711
1.589090
0.287395
1.597061
1.020283
1.609299
0.309502
1.923541
0.208855
0.097293
0.878984
1.916764
0.416425
0.277379
0.305951
0.977618
0.223241
0.465413
0.786005
0.832324
1.254561
1.312925
1.056867
0.359112
1.596551
1.443618
0.519256
1.329099
1.413470
0.584418
1.600528
1.929051
1.332082
0.098126
0.452444
0.590280
1.929190
0.101465
0.154454
0.537944
0.660235
1.307618
1.140452
0.205268
0.404424
1.681484
0.232415
0.832015
0.870172
1.322868
1.046386
0.765605
1.595220
0.646231
0.079740
1.218889
1.597227
1.226403
1.589002
1.297050
0.558784
1.269603
0.139716
0.578101
0.439791
0.621063
1.454033
1.013232
1.929186
1.583747
0.376379
0.102489
0.100143
1.598788
1.307819
1.213853
1.920643
1.295317
1.291523
0.383464
1.598068
1.320260
0.999862
1.323571
0.649505
1.368129
1.741406
1.295980
1.598108
1.761724
1.604815
1.597654
0.623893
0.421994
1.329192
1.794906
1.324362
1.127210
1.042933
0.156958
0.673069
1.576114
0.793143
0.318959
0.774975
0.603092
1.609024
0.576665
0.752276
0.920479
1.598854
1.597228
0.939368
0.746490
1.587969
1.924085
1.208803
1.262448
1.326186
0.499110
0.855970
1.928149
0.857242
1.602142
0.435777
1.596524
1.024434
1.182168
1.725091
0.539253
1.795134
1.595995
1.927427
0.852358
1.604955
1.325611
0.099765
0.100073
0.613021
1.617449
1.314133
0.339739
1.592625
1.866865
0.550246
1.458188
1.795368
1.019902
1.324906
1.599056
1.196845
1.417192
1.929286
1.021078
1.018894
1.117964
1.629731
0.279520
0.527432
0.188226
1.930030
1.591274
0.621624
1.929433
1.128747
0.079213
1.920864
0.949594
1.009707
1.928839
1.597545
1.597577
1.324747
0.675390
0.139674
0.941239
1.465698
0.204804
0.537065
1.760203
1.594188
0.662132
1.900649
1.596606
1.719133
0.585590
1.144160
0.744248
1.798854
1.929659
1.153364
1.020257
0.089617
0.661271
1.597580
1.321940
0.418614
0.813918
0.742130
0.883743
1.151278
1.597373
0.203887
0.167447
1.693677
1.131570
0.818781
0.698950
0.949961
0.790603
1.465828
0.345650
0.675421
0.309479
0.396576
0.581060
1.805422
1.912136
0.275821
0.792331
1.597540
1.714516
0.191221
1.575960
0.800354
1.311648
1.165197
1.644868
0.463511
0.951147
1.184903
0.096709
0.638546
0.267228
1.653372
0.552384
0.781646
1.929220
0.306225
1.320999
0.085806
0.727597
1.110067
0.622776
0.091470
0.162336
0.378838
1.579788
1.182052
1.725113
0.929642
1.598006
1.118868
1.925449
1.562463
1.129444
0.732452
1.465860
0.679037
0.389274
0.617698
1.424931
1.019671
0.433573
1.673967
0.123568
0.430357
1.019557
1.465642
1.870569
0.302848
0.462261
0.881279
1.317007
1.929458
1.140064
0.892787
1.128199
0.744557
0.861961
1.927379
0.581457
1.896094
1.615236
0.921019
0.944044
0.103086
1.929831
1.855125
1.647367
1.927736
1.884297
0.151547
0.155732
1.295956
0.279381
0.419534
0.519331
1.136307
1.297975
1.928285
0.301663
0.078423
1.914885
0.283024
0.907899
0.179930
0.119164
1.928849
1.307898
1.597179
0.475939
0.725000
0.105634
0.102368
1.198291
0.602920
1.597974
1.568523
0.547294
1.315122
1.020451
1.761727
0.485503
0.138749
0.084361
0.992609
0.762211
1.726187
1.929628
1.795346
1.599524
1.418974
1.927301
0.214708
1.593288
0.305843
0.604898
0.245744
1.596913
1.207195
1.043684
0.726266
1.598293
1.256932
0.268646
1.929544
1.233915
1.325175
0.984295
0.886823
0.103404
1.429702
1.319672
0.614331
0.849724
0.077138
0.083792
0.084020
1.465854
1.712714
0.607685
0.093154
1.212166
0.620326
1.887094
0.248662
1.586634
0.162782
0.782163
0.244750
1.253586
0.350799
0.416686
0.121819
1.464335
0.312613
1.725158
1.140553
1.268644
1.271196
1.249805
1.927946
0.543316
0.218257
0.716450
0.314966
0.902643
1.461588
0.187144
1.174590
0.787177
1.155343
1.929560
0.948492
0.263153
0.345961
0.618686
1.437417
1.020076
0.942033
0.090583
1.320237
1.724605
0.423357
0.416879
0.577206
1.928403
0.367386
0.179728
0.594558
1.019805
1.928554
0.646354
1.020458
0.280251
0.566953
1.128421
1.595135
0.357812
0.166455
0.498915
0.082306
0.160717
1.496367
0.863850
1.272991
1.908548
0.208589
0.332543
0.078563
0.192951
1.929573
1.324979
1.751214
0.632400
1.426487
1.724933
0.699228
1.909141
0.099926
0.396881
1.237553
0.899399
0.559923
1.596468
0.610588
0.917257
1.350632
1.150536
1.826418
0.952992
0.354000
1.910621
0.375039
1.601768
1.293905
1.796269
1.597685
0.936884
0.647872
0.874691
0.740713
1.566252
0.189617
1.929369
0.958796
1.025302
1.613347
1.727043
0.081668
0.101999
0.805969
1.314887
1.761726
1.595220
0.913734
0.434612
0.385349
1.211341
1.609018
0.424260
0.483247
0.236671
1.405159
0.441095
1.593277
0.096953
1.110467
0.190940
0.410123
0.949206
1.184991
0.812059
0.414218
0.643221
1.216498
0.433704
1.929380
1.596457
0.070012
0.101293
0.924129
0.202282
1.020450
1.338955
0.146775
1.128008
0.091804
0.632302
0.801239
1.130053
1.130520
0.088290
1.597278
0.780448
0.142817
1.602244
0.553335
0.160916
0.598477
0.542204
0.078187
0.122298
1.761363
1.436214
0.280055
1.593179
0.104235
1.927504
1.924708
0.458359
1.588443
0.111983
0.372265
0.422550
0.418398
1.924359
1.203329
0.653993
0.532354
0.511122
0.965729
1.856276
1.597202
0.791682
0.566557
0.124910
0.242035
0.808430
0.193521
1.924631
0.296342
0.573895
0.262340
1.769221
1.761718
1.135281
0.780189
0.521910
1.725107
1.695331
1.601642
1.321931
0.965828
0.635825
0.539356
0.183847
1.844136
1.532830
0.339367
1.134529
0.812476
0.726040
0.630942
0.131793
0.970758
0.924701
0.121467
1.128346
1.862599
0.802469
0.179020
1.928079
1.929566
0.209656
0.565829
0.846538
0.706928
0.228941
1.609161
0.375846
1.929461
0.402206
1.131980
1.594857
1.020462
0.087592
1.599421
0.389964
1.630702
0.851950
0.412755
0.749923
1.597563
0.264825
0.402427
1.725038
0.804621
0.136152
0.727246
1.926373
1.671678
0.628936
0.636530
1.598008
1.157088
1.594357
0.434550
1.766874
0.629683
1.161846
1.300543
0.287582
0.105672
1.310089
1.795155
1.178941
0.122942
0.399688
1.761727
1.011147
0.354857
0.107564
0.562926
1.148357
1.928177
0.646969
0.410338
1.794868
0.868131
1.320889
1.910703
0.324053
0.202677
1.147808
1.465843
1.761728
1.334895
0.578366
1.195707
0.789244
0.483131
1.597425
0.108810
1.597497
0.370399
1.313675
1.338484
0.462148
0.789921
1.128088
1.341642
1.597196
1.020599
0.898410
1.018373
1.466418
0.495519
0.938110
1.788786
0.462612
1.113345
0.105295
0.109850
0.145311
1.441080
1.019229
0.944333
0.902625
0.878170
1.580559
0.164458
1.897845
1.583548
1.721304
0.789072
1.425444
1.214382
1.929818
1.323964
1.597685
1.797133
1.265439
0.523035
0.343989
0.950651
0.189095
0.103448
0.602979
1.556856
0.199244
1.416417
1.020302
0.801747
0.802534
1.581544
0.489228
0.720281
1.299365
0.607157
1.465829
1.901294
1.930226
1.483340
0.108205
1.929784
0.333174
0.246553
1.795404
1.631002
1.597603
0.947274
1.323994
1.929167
0.283928
0.741099
0.179651
0.775977
1.725128
1.261300
1.030210
0.825022
1.916462
0.090335
0.442048
1.376491
1.126340
1.929411
0.455153
1.928863
0.774053
0.971210
1.313511
1.761720
1.598035
1.094646
1.929068
0.960182
1.129117
0.513267
0.944768
1.020072
1.619113
0.401564
1.599956
1.320891
0.281078
0.665398
1.354103
1.134862
1.325552
0.412180
1.427345
0.463246
1.180518
0.378620
0.885679
0.630584
0.134539
0.415695
0.688451
1.831410
0.520097
1.899109
0.636438
1.928299
0.132729
0.684709
0.090011
0.254140
1.725735
1.476378
0.426344
0.294032
1.675767
1.597601
1.020406
0.155282
0.326438
0.386561
1.908669
0.808089
1.927481
0.902341
0.944644
1.602710
0.629985
0.689489
0.081514
1.015130
0.367523
1.216602
1.536952
1.266474
0.687418
1.038295
1.761775
0.906778
0.285181
1.326533
0.785935
1.918169
1.620402
0.410786
0.231749
1.019434
0.210638
0.090697
0.108438
1.498419
1.597058
1.607334
0.639801
0.119757
0.821100
0.419553
0.890912
1.011753
0.195388
1.431038
1.321217
0.823192
1.929623
1.425704
0.156503
1.597942
0.096697
1.239367
0.876092
1.596968
0.880457
1.094146
0.656151
0.636734
0.084018
1.117312
0.789319
0.978626
0.108050
1.721957
1.917610
1.127619
1.133887
1.466429
0.109611
1.128709
1.791475
1.929754
0.336339
0.848376
1.295025
1.596838
0.099482
0.748627
0.241225
1.849075
1.595461
1.597436
0.704122
1.285277
0.676125
1.929393
0.198173
1.595553
0.939135
1.930819
0.628085
0.267975
1.724434
0.440672
0.269521
1.296195
0.075664
0.079884
0.197939
0.407200
0.195377
1.929180
0.405678
0.423812
0.805405
1.868383
0.729210
0.546866
0.743672
1.581240
1.355164
0.943151
1.606782
0.223324
0.091983
1.449434
0.988880
1.130836
0.096509
1.583108
0.768800
0.645871
0.595393
0.702642
1.901602
0.326451
1.020265
0.695063
0.091801
1.921165
1.465446
0.388413
0.270420
0.142329
0.376136
1.927861
0.157647
1.725083
0.350022
1.328422
0.644405
1.795100
1.127850
0.944246
0.396664
1.794969
0.260198
1.128392
0.857131
0.214181
1.797389
1.576512
0.406432
0.380678
1.595250
0.117888
1.929810
0.656596
1.600868
1.929474
1.316950
0.089351
1.601118
1.761727
1.121400
0.316570
0.402644
0.242321
0.140707
1.311116
1.307218
0.101821
1.597738
1.186107
0.651966
0.157342
1.725057
1.609552
0.798980
0.357105
1.721019
1.597715
1.128201
0.420537
0.096379
1.761881
0.545281
1.764676
1.119481
0.089571
0.152512
0.546181
1.020275
0.140745
0.821542
1.595925
1.464590
1.929563
0.299545
1.884381
1.927894
1.201161
1.317303
0.401862
0.451770
1.724581
1.929561
1.597357
1.927403
1.761737
0.824833
1.584860
0.778789
1.913556
0.558942
0.545222
1.597589
1.691790
0.973215
0.458844
1.705331
0.227417
1.310052
0.192517
1.794949
1.929777
1.590839
0.652117
0.143073
0.256929
1.597450
1.129997
1.795690
0.370803
1.131773
1.929713
0.919759
0.309564
0.073714
1.553892
1.148649
0.211569
0.774625
1.929488
1.762044
1.606375
1.597971
1.187536
0.649018
0.726616
0.079036
1.795267
0.142555
0.651634
0.083526
1.566530
1.020330
0.134641
1.018914
1.597783
1.626002
0.694862
0.955094
0.084434
0.597562
0.626190
0.081347
0.621738
1.597362
0.749503
0.623839
0.233607
1.597875
0.736813
0.790262
0.395719
1.535625
1.130091
0.835592
1.271448
0.927162
0.335930
0.182198
1.022584
0.119842
0.078115
1.598583
1.925168
1.761519
1.020288
0.774270
0.773187
0.724144
1.592600
0.367128
1.761727
1.930739
0.671331
0.483046
1.020253
1.622886
0.668426
1.021791
0.953527
1.150969
1.020257
1.358537
1.919817
0.408288
0.955561
0.797124
0.266093
0.951470
1.010220
0.711310
1.381791
0.178971
0.169737
0.493429
1.597107
1.063958
1.137652
1.245271
1.492030
1.802770
0.248960
1.857105
1.313378
1.141777
0.081719
1.319492
0.251379
1.323938
0.990404
0.372939
0.536182
0.784801
0.591169
1.315455
0.625086
0.601273
1.929542
1.148067
0.412891
0.948560
1.024254
0.315149
1.065347
1.870969
1.310771
0.325741
1.923941
0.109457
0.380125
1.926194
1.134383
1.226039
1.088387
0.123322
0.232231
1.158351
0.347704
1.761814
1.023962
0.556495
0.145814
0.733518
0.434407
0.380918
0.620952
0.997824
1.869128
1.930139
1.599567
0.080783
0.806340
1.290201
1.451077
1.928472
0.679280
1.020278
0.412757
1.596475
0.725744
0.918618
0.547973
1.596089
1.137704
0.408150
0.094961
0.228069
1.555294
0.576095
1.594113
1.926686
1.211451
0.262928
0.328418
1.024345
0.842459
0.098792
0.102934
1.867367
1.318755
1.796979
0.574487
1.142629
1.013475
0.358432
1.322205
0.374607
0.674237
0.153195
0.090132
0.390379
1.020164
0.133022
0.113127
0.576672
1.165859
0.962924
0.752690
1.023165
0.916667
0.322239
0.948011
1.207264
0.702420
0.159199
0.167425
1.325330
1.475230
0.714438
1.668119
1.011487
1.227159
1.595354
0.483726
1.567475
1.482676
1.599032
0.154151
0.609591
1.428693
0.519807
0.969480
1.598172
0.944627
1.023678
1.761497
0.746046
0.264290
0.566710
1.597610
0.174820
0.668117
0.666750
0.675060
1.928428
1.927889
1.321863
0.280397
0.148587
0.657068
0.801976
0.799741
1.015573
1.095950
0.097477
0.413219
0.951826
0.408231
0.151288
0.134548
1.465634
0.929958
1.326291
0.586247
1.596460
1.129225
1.020406
1.929935
0.779445
0.079556
1.889519
1.020155
1.758198
0.246213
1.556936
0.830368
1.761726
0.639041
0.936355
1.310564
0.922014
0.323072
1.798020
1.212622
0.110274
1.020222
1.925470
0.098469
1.329823
0.717038
1.209795
1.129752
1.301259
1.593264
1.186263
0.364186
1.337659
1.929878
0.103667
0.945843
0.469561
1.589661
1.705921
0.301720
0.086647
0.105868
1.128773
0.511636
0.280505
1.018677
0.389393
1.274733
1.801294
0.444078
0.630022
1.777440
0.086024
1.014971
1.913224
1.321951
1.163742
1.725081
1.157573
0.246707
0.743594
1.126327
0.965797
0.105465
0.075437
0.131895
1.929384
1.126194
0.659356
1.303993
1.143358
1.018895
0.141608
0.717256
1.404484
1.323268
1.136412
0.087792
1.908580
0.396919
0.347203
1.930195
1.150690
1.854479
0.942096
1.597964
0.889537
1.269438
0.313098
1.323549
0.699721
1.761716
0.955078
0.094392
0.124336
0.824980
0.106761
1.722659
0.347673
1.019854
0.124629
1.021140
1.553448
1.597309
0.129769
0.389094
1.928823
1.464353
1.594195
1.222607
1.161316
0.427791
1.137712
1.911954
0.078706
0.719945
1.135456
1.318668
0.165701
0.079537
1.137762
0.599395
1.132404
0.958938
0.251278
0.174093
0.890147
1.174829
0.873769
0.559790
1.761942
0.206574
0.772290
0.440802
1.594340
1.289638
0.164022
1.598340
1.725097
1.713055
1.535804
1.924595
1.923838
0.377117
0.544956
0.286062
1.020678
1.324156
1.020326
1.928448
1.607179
0.621481
1.312897
0.744553
1.929545
1.596572
1.900872
1.597251
1.600281
1.929698
0.552465
1.923192
1.928707
1.166799
0.637907
1.200408
1.419518
0.715236
1.451077
0.177027
1.928935
0.428918
1.128683
1.407986
1.119635
0.816945
0.484365
1.928518
0.322080
1.927849
0.942936
0.672738
1.319331
0.267220
1.581068
0.346399
0.078675
0.999823
1.421181
1.020246
0.697726
1.342015
0.190752
0.672266
0.119337
1.599435
1.426641
0.915431
0.621386
0.498676
1.762189
0.073832
1.426303
1.614992
0.502582
0.363553
0.347366
1.761723
1.694644
1.658397
0.538575
0.800405
0.180595
1.925892
1.581147
1.929754
0.603777
1.321656
1.020123
1.303246
1.333520
1.761043
0.098432
0.576476
1.598275
1.131677
0.818489
1.895855
1.147095
0.577079
0.290042
1.459313
1.920969
0.160116
0.192830
0.528525
1.929244
1.219090
0.136947
1.597726
0.486804
0.570930
1.761483
1.927637
1.024176
0.997081
1.600751
1.323262
1.005390
0.780421
1.761729
0.455686
1.087705
1.920018
0.122957
1.150889
1.596540
1.929290
0.377126
0.956448
0.574827
1.327145
1.127600
1.127609
1.597830
0.121166
0.158462
1.598543
1.020322
1.705007
0.698565
0.326377
1.722246
1.402976
0.583526
0.511948
0.681848
1.222220
1.293244
0.301140
1.020275
1.124878
1.595075
1.298059
1.722946
1.794502
1.552279
0.942628
0.949713
0.462975
1.930013
1.587888
1.928846
1.131069
0.083902
0.101826
0.928817
0.863198
1.722629
0.816151
1.526893
1.328053
0.528272
1.129525
0.918496
0.536711
1.300428
0.119378
1.020306
1.465252
1.019922
0.807321
1.552827
1.597292
1.890093
0.894136
0.288551
1.280644
1.466523
1.930664
0.076826
0.111025
0.304949
0.400323
1.389888
1.599261
0.584354
0.623955
1.018750
1.322169
0.080212
0.389991
1.596657
0.306522
0.485837
1.013339
0.102216
1.574006
0.787245
0.790598
0.914589
1.594209
0.095332
1.197911
1.021775
0.590563
1.148776
1.801234
0.124514
1.062057
1.270330
1.442952
1.321340
1.257812
1.598445
0.391299
0.251225
1.425805
0.148984
0.293832
0.511543
0.680004
1.794998
0.666927
1.928062
1.930081
0.239342
0.773968
1.727036
1.598651
0.468977
1.608151
1.644169
1.596024
0.562682
0.982919
0.224313
1.586288
1.404142
1.718923
1.428175
1.929799
0.095993
1.795697
0.150342
0.185399
0.827977
0.817755
0.685602
0.210642
0.078975
1.423284
1.660353
0.470258
1.239754
1.020075
0.861605
0.096804
1.683136
1.128856
1.585211
0.219964
1.719163
1.281343
0.191741
0.938128
1.069140
0.512463
0.652722
1.135096
0.118225
1.156833
1.126560
0.540812
1.597162
0.779926
1.617435
1.392252
0.797293
1.599442
1.906230
1.928702
0.585557
1.422917
1.030466
0.242341
0.248797
1.928699
1.926849
1.637202
1.017427
0.079099
1.127862
1.027531
1.896216
1.471028
1.024940
1.752628
0.793136
0.434134
1.017994
1.597930
0.680416
0.536022
1.426936
1.794154
0.984812
1.723014
1.317874
1.559171
0.343732
1.141580
1.929592
1.814469
1.130052
0.380455
0.083360
0.138098
1.598046
1.154598
1.592430
1.597162
1.324222
1.426792
0.111476
1.425081
0.548744
1.209211
1.597212
0.220469
1.597497
0.870110
1.583977
1.130453
1.732169
1.318829
1.315248
1.929433
1.560029
1.911545
0.409189
1.761727
0.476089
1.302700
1.545582
0.825998
1.209736
1.929432
0.376410
0.086362
1.453131
1.020281
0.695466
1.912498
1.020279
0.394997
0.639554
1.466167
0.113155
1.597931
0.820701
1.596393
0.714632
1.591469
0.349786
0.655441
0.701357
1.927896
1.928453
0.550213
0.277900
0.703888
1.020093
0.581503
1.430042
0.690140
1.876904
1.929395
0.577323
1.487816
1.418537
0.453565
0.174203
1.920687
1.581660
0.932979
1.806834
1.725067
1.420270
1.598667
1.427711
0.941012
1.707077
1.597428
0.382273
0.524633
0.418570
1.599522
0.623801
1.083913
1.929482
1.357910
1.597338
1.597814
0.451295
1.720551
1.650598
0.624240
1.020326
1.217078
0.632602
1.014412
0.589284
0.769942
1.926857
1.922356
0.480355
1.761624
0.900133
1.795075
0.117477
1.927699
1.724950
0.571673
0.412148
0.144024
1.911483
1.726494
0.171444
0.103177
0.116861
1.106714
0.594278
0.480104
1.908418
1.322553
1.625202
1.173784
0.497387
0.391080
0.757179
1.017020
0.653780
1.020290
1.128506
0.102956
0.794565
0.628832
0.433633
1.597808
1.020290
0.112062
1.598399
0.744593
0.788767
1.127350
1.929324
0.090083
1.203474
1.128083
1.924344
0.381900
0.291424
1.441614
0.086257
0.492649
0.905154
0.782345
1.818980
1.594067
1.244766
1.627143
0.575954
1.852462
1.318572
0.357595
1.597402
0.812826
0.112123
0.217894
1.010930
1.928720
1.596658
0.935879
1.927458
0.498338
0.525459
1.928980
1.023899
1.014742
1.580142
0.849358
1.466706
1.257794
0.499607
1.705009
1.246473
1.929322
0.129071
0.318256
0.124931
1.912369
1.612416
0.252849
0.336293
1.100911
0.623424
0.379121
0.098771
0.262002
1.020348
0.563863
0.751034
1.205771
0.940008
1.213369
1.595374
1.007926
1.433082
1.723541
1.759060
1.929085
0.194137
0.356918
1.595787
0.341522
1.315256
0.722915
1.838984
0.648560
0.589046
0.515619
1.134025
0.962430
0.137480
0.947417
1.323125
0.096493
1.599452
1.929501
0.927053
1.929093
0.295097
0.112454
0.269592
1.139428
1.123979
0.615146
0.187325
0.077172
1.800440
0.558513
1.301724
0.651056
0.714195
1.929665
1.134310
1.928707
0.577786
0.907714
1.494186
1.017787
1.003167
0.495015
0.072448
0.400106
0.962512
1.597043
0.616163
1.427406
1.824168
0.946501
1.857092
1.579962
1.008163
0.297071
1.796449
0.735301
1.596361
1.363386
0.237462
0.283654
1.794961
1.929592
1.020211
1.128063
1.602740
1.715502
1.218501
0.236978
1.465663
1.599946
0.115640
1.929057
1.929588
1.149623
0.953194
0.405319
0.642568
0.946949
0.125307
1.795115
1.887663
1.597351
0.869872
0.952435
0.801116
1.323373
1.519766
0.217542
1.718650
1.769098
1.322800
1.617252
0.095553
1.128730
0.811104
0.134159
1.599093
0.374411
1.520054
0.530897
0.348456
0.585255
0.175078
0.147914
0.130226
1.796428
1.189957
1.467693
1.595944
1.597769
0.494639
1.570342
1.926931
0.980410
0.166385
0.186282
1.929384
0.273953
0.156118
1.160563
0.089188
0.702322
1.134971
0.107885
0.099342
1.911871
0.853586
0.155326
0.943328
0.395078
0.395411
0.077623
1.555169
0.338253
1.722487
1.130422
1.597684
0.289902
0.207382
1.564391
0.475067
0.885736
1.194052
1.112396
0.809298
0.814437
1.761739
1.017188
1.074204
1.020229
0.557649
0.618032
1.760632
0.161715
0.857925
1.597829
0.114816
0.588147
0.589044
1.929023
0.133649
0.930160
1.905899
0.158772
1.913345
0.354391
1.907566
1.598472
0.449120
0.151334
1.761755
0.743443
0.586856
0.286379
1.899553
1.297370
1.129029
0.361423
1.205361
1.927575
0.942189
1.598497
1.427982
0.600584
0.507802
0.779504
0.597754
0.924950
0.532048
1.071481
0.252737
0.101026
1.211275
1.894965
0.356255
1.369780
0.083572
0.203327
0.760590
1.925331
1.761694
0.719803
1.436601
0.801363
0.123934
0.227931
0.917372
0.626046
1.324487
0.140975
1.345479
1.019497
1.848116
0.673945
0.335115
1.925830
1.754987
0.723513
0.110761
1.125277
0.853542
1.519299
1.925831
0.891985
1.263308
1.596962
0.837195
0.609058
0.948109
1.224810
1.164204
0.694511
1.584816
1.595485
0.087587
1.929489
0.481510
1.583913
1.240523
0.283238
1.929407
1.152813
1.594088
0.957312
0.584820
1.419149
1.597164
1.020272
0.080592
1.928779
0.074481
1.725089
1.598399
0.837781
0.217511
0.394870
1.366839
1.930431
1.596536
1.026839
0.652188
0.762599
1.927197
1.761661
0.112934
0.914242
0.100607
1.764378
1.761072
1.724024
1.226853
1.725132
1.663172
1.929603
0.834468
0.309085
1.604990
0.440787
0.292424
0.417430
0.299553
0.709499
0.600111
0.427783
1.265818
0.767918
0.142608
0.949115
1.499216
0.793229
1.210271
1.597013
0.174297
1.812322
1.145360
1.928622
1.925985
0.484452
0.479238
0.119908
0.172964
1.428352
1.761692
0.428614
1.273225
0.157014
1.246123
0.359336
0.448775
1.468490
1.719031
1.217162
1.927434
0.756005
0.106517
1.314911
1.599010
1.103320
1.711098
0.735336
0.457926
0.257417
0.715908
0.245036
1.638343
1.464401
0.316159
1.597573
0.636588
1.319968
0.104227
1.141290
1.894647
1.595450
0.145586
1.303685
0.127717
1.594688
0.808091
0.607589
0.221043
0.309896
1.600358
1.599862
1.929155
0.112994
0.502237
0.124818
1.597851
1.428588
1.761845
1.884249
0.291640
0.289148
1.019374
0.086961
0.998086
1.020058
1.554100
1.910221
0.427838
1.929570
0.806902
1.761672
0.256357
1.284280
1.007662
0.796810
0.872835
1.038512
1.015456
1.929556
1.831783
1.929383
0.254327
1.321154
1.129392
1.005919
1.500427
0.125549
1.599801
1.320172
0.273935
1.930740
0.102403
1.465160
1.020820
1.560296
0.398503
0.905849
1.726940
0.322082
0.167136
1.886449
1.598837
1.394749
0.114370
0.992150
0.946157
0.342472
1.929733
1.550148
1.928349
1.725100
0.277053
0.122635
0.853616
0.701350
0.718855
0.524133
1.325376
0.288303
1.759798
0.373698
0.495219
0.183671
1.929641
1.024763
0.920040
1.132619
0.338493
1.930112
0.442695
0.774047
1.597238
0.299088
0.669438
0.639412
1.425750
0.116778
0.098301
1.259903
0.940993
0.184234
0.398406
1.574013
1.724021
1.129116
1.216763
1.140677
0.147775
1.761792
0.911852
1.028576
0.853627
1.597053
0.122226
0.629662
1.597144
1.761729
0.455015
0.154841
0.085274
1.327514
0.616634
0.272092
1.927943
1.342199
0.569863
0.548449
1.597517
0.243891
0.268619
1.180405
0.155515
1.579840
0.944295
1.907720
1.084239
1.321659
1.077551
1.020286
1.926645
1.435631
1.601046
0.943766
0.657700
0.158178
0.392975
1.124713
0.407745
1.761690
1.496775
1.021329
1.929185
1.920985
0.288682
0.566200
0.789649
1.128684
0.524704
1.597579
0.113635
1.724959
0.575228
1.593336
1.020335
1.290713
0.859807
0.093553
1.724638
1.334706
0.787451
1.015924
0.375318
0.157779
0.531845
0.475360
1.177469
0.097820
0.778739
1.805980
0.103236
0.078474
0.864236
1.367548
0.616511
0.547380
0.517191
0.965736
1.929149
0.263379
0.850899
1.928449
0.439296
1.699579
0.653608
1.597485
0.480696
0.645802
0.989402
1.607001
0.248201
1.313736
0.764531
0.433987
0.073742
1.301896
1.797603
1.925288
0.484499
1.930134
1.594684
0.121428
1.794909
0.410305
1.720050
0.947299
0.109486
1.895158
1.189022
1.125315
1.014426
1.244216
0.467058
0.725017
0.945336
0.948758
0.511049
1.928639
1.230157
1.723613
1.596437
1.474525
0.147121
1.590518
0.850283
0.668751
0.616313
1.589646
1.130752
0.105458
1.857054
1.761314
0.616364
1.182552
0.815576
0.619052
1.371336
0.599413
0.926939
1.761727
1.298013
1.611741
0.569614
0.115955
0.136660
0.139450
0.388012
1.105835
0.593287
0.752994
0.367418
1.503145
1.596177
1.590803
1.822661
0.495738
1.300161
1.344170
1.613422
1.761676
0.628857
1.887351
1.824583
0.709355
1.747699
1.928290
1.922693
1.187959
1.793205
1.213712
1.220600
1.930306
1.271217
1.762479
0.757293
1.112337
0.342026
1.147108
0.071096
1.218109
0.129684
1.058754
0.688346
0.861921
0.309534
0.733375
0.633850
1.724849
1.691102
1.593996
0.808285
0.623253
0.832957
1.586074
0.597496
0.109883
1.506976
1.711305
1.713434
1.020768
1.551082
1.763225
0.620602
0.118718
1.421911
1.929559
1.761632
1.018050
1.613682
0.303432
0.797992
0.647562
1.724985
1.465977
0.600908
0.110634
0.468712
0.499910
1.597196
0.119418
1.590201
1.507710
1.019763
1.929985
0.439401
0.411766
1.929760
0.734786
1.121109
1.930083
0.120405
1.929581
1.725036
1.920099
1.319005
0.081051
1.685097
1.466138
0.816571
0.084749
0.453203
0.401633
1.020356
0.762191
1.590521
1.145675
1.588822
0.097075
0.541892
1.620939
1.354619
0.103847
0.604611
0.636829
1.352259
0.232686
0.330824
1.466298
1.725092
0.385550
0.140912
0.421989
1.927760
0.127836
0.582495
0.542717
0.408375
0.661680
0.508958
1.597974
1.309505
1.929311
1.604998
0.770451
1.316048
0.816592
0.951713
0.624606
0.554432
1.928090
1.264539
0.294943
1.315157
0.179975
0.935689
0.687467
1.126826
1.690679
0.087639
1.911952
0.555175
0.419856
1.209054
0.229966
0.625623
0.715664
1.716221
1.324696
0.685396
0.661087
1.321215
1.587951
1.050285
0.987616
0.626766
0.881702
1.929998
0.599149
1.145015
1.316384
0.166960
0.601254
0.659761
0.808687
1.201998
0.620862
1.262261
1.598107
0.159374
1.651992
0.111407
0.170708
1.199681
1.596807
1.026464
0.326853
1.447980
1.802861
1.465667
0.433923
0.442585
0.166336
1.723693
1.926939
0.173736
1.325310
0.453645
0.226315
1.323244
0.517759
1.596150
0.799111
0.625653
0.543689
1.020742
1.381103
0.788777
1.599090
1.246658
0.506712
0.896884
0.793485
1.928339
0.883345
1.596060
1.452209
0.407989
1.794439
1.596480
0.778172
0.107829
1.020639
0.788604
0.592390
1.929278
1.858868
0.179211
1.924272
1.598054
0.128186
0.180670
1.929837
0.824837
0.544737
0.090971
1.929411
1.067701
1.295724
0.135959
1.547154
0.081250
1.806744
0.125220
0.810647
1.326374
0.854806
0.814094
0.755540
1.294691
1.308169
1.929269
0.355495
0.095152
1.420449
1.596723
1.592486
1.578534
1.020281
1.139386
0.089228
0.102813
0.979468
0.352747
1.929390
1.144671
0.638733
0.799851
0.367658
1.795350
0.415938
1.141428
1.004931
0.786105
0.394691
1.472635
0.131151
1.133163
1.019322
1.128043
1.206789
0.090280
0.789486
1.290889
1.479862
0.633294
1.089642
0.979495
1.425080
1.928590
0.095366
0.833473
1.603534
0.414969
0.210990
1.212532
0.245355
0.788297
1.572656
1.427729
0.866392
0.877180
1.795259
0.264289
0.710399
0.713719
0.907010
1.020430
1.929875
1.928524
0.193818
1.755378
1.322100
0.200325
1.358616
1.423311
1.926136
1.914967
0.382069
0.695303
0.891118
1.463846
1.929572
0.437795
1.725069
1.929031
1.919024
1.630884
0.836015
0.283977
0.840808
1.929251
1.318820
1.021729
0.867217
1.203834
0.624636
1.227984
0.532748
1.544299
0.191122
0.161501
0.474790
1.570865
1.342766
0.474682
0.577792
1.929133
0.555833
1.589008
1.313468
1.562923
1.761727
1.596965
1.314548
0.413461
0.375904
0.636947
1.270801
1.611902
0.106148
1.126870
1.925183
0.078787
1.600155
0.103480
0.642452
0.087390
0.999780
1.754078
0.198157
0.682552
0.852047
0.102772
1.930629
1.889683
1.598105
1.497084
1.598734
0.194776
0.654927
0.397946
1.208891
1.597532
1.020263
0.099038
1.597032
1.929303
0.136035
0.577402
1.928375
1.725080
1.473081
0.850208
1.689485
1.923168
0.085772
1.129794
1.060364
1.277760
1.917848
1.127182
1.893054
1.646106
0.947149
0.474319
0.086617
0.341378
1.853279
1.597447
1.216517
0.569558
1.140809
1.761985
0.595298
1.273937
1.920936
0.972762
1.020829
0.237046
1.795344
0.761544
0.079101
0.820520
0.094208
0.098634
1.928191
1.147676
1.597912
0.226318
1.120699
1.597092
1.915560
1.208651
0.166649
0.927826
1.210214
1.907131
0.218541
0.773179
0.763580
0.907090
0.333820
1.761734
1.795223
0.678079
0.082870
0.866574
1.416629
1.930148
1.008704
1.725463
0.088957
1.927385
1.874269
1.604394
1.906401
1.454676
0.800709
1.596239
1.594769
1.427727
0.091554
0.787902
1.604362
0.202047
1.533216
0.729677
1.929590
1.929546
1.852374
0.894757
1.910321
0.648130
0.581039
0.669323
1.915787
1.450300
0.803940
1.595278
0.803492
1.305875
1.586776
0.363766
0.857314
0.249655
1.128250
0.643207
0.912960
1.725090
0.977225
1.346535
1.313697
1.130880
1.020994
0.428883
0.322167
0.643761
1.465791
1.464728
1.627002
0.153561
1.020288
1.597888
0.094957
1.019483
1.427674
0.149919
1.721110
0.945551
0.608368
1.164766
0.604411
1.597089
0.388579
1.898864
0.557261
0.182706
1.492382
0.463392
1.114674
1.737967
1.164116
1.929567
0.320456
0.984713
1.683922
0.080509
0.609975
0.912897
1.921354
0.078980
0.790897
1.579596
0.423174
1.014333
1.299139
1.466397
1.927933
0.779315
1.111679
1.895177
1.541842
0.930716
1.129779
1.929981
0.898760
0.112237
1.675425
1.725193
1.726179
1.319933
0.089393
0.639414
1.329007
0.207062
0.861991
0.287968
0.137257
1.020281
1.598813
0.562353
0.553775
1.597607
1.928645
1.791639
1.929363
1.026081
0.151256
0.096583
0.276298
1.764335
1.598354
1.596766
1.724473
0.077766
1.761702
1.924245
0.760214
0.902521
0.773918
1.020311
0.652000
0.803242
1.597662
1.433634
0.732637
0.437899
1.930169
0.095541
1.761840
1.724964
1.353653
1.929071
1.637207
0.827766
1.761727
0.816999
1.598024
0.675817
0.121586
1.294918
1.568388
1.594599
0.695691
0.078223
1.465153
1.917163
0.572783
0.443316
1.919472
0.172462
1.597667
0.121427
0.375823
1.358416
1.440575
1.599112
1.130556
0.089191
1.147737
1.898968
1.255173
1.910221
1.587787
1.303888
1.020284
0.422404
0.111056
0.820052
0.514276
1.761727
0.297663
0.111551
0.186749
1.761681
1.675903
0.076534
1.007971
0.114815
1.929122
1.198658
0.168882
1.214056
0.549460
0.078109
1.018777
1.929855
0.592790
1.429018
1.466330
1.926366
1.225320
0.495214
1.764082
0.586906
1.676031
1.596433
1.609231
1.929760
1.929213
1.682728
0.842617
0.076686
1.323091
0.460583
0.335011
1.410861
1.299541
0.245374
0.471829
0.763849
0.559323
0.365009
0.201543
0.810497
0.190308
0.611142
0.416702
0.072861
0.735465
1.193244
1.596437
0.074786
1.347254
1.929108
1.924995
1.769905
0.631603
0.450396
1.197586
0.895353
1.312107
1.020005
1.602463
0.810670
1.020266
1.502734
1.597517
0.579362
0.969323
0.257803
1.018139
1.323727
1.219096
0.634622
1.930266
0.202170
0.172687
1.018686
0.585188
0.811036
1.600025
1.918540
1.600948
0.615509
1.650403
1.314799
1.607249
0.287000
1.165204
1.019932
0.165589
1.597652
1.557542
1.592045
1.810234
0.614278
1.344104
0.575736
0.484465
0.990699
0.313173
1.320405
1.475793
0.565363
0.210389
0.187821
0.657433
1.895703
0.810044
1.836519
1.601189
0.406218
0.262897
0.189266
0.797014
1.758718
1.577729
1.930543
1.929963
0.328916
1.020285
0.444802
1.069789
0.121824
1.927836
0.955612
1.601147
0.436948
0.601336
0.287708
0.642936
0.633035
1.597111
0.159774
1.556865
1.598151
0.401024
0.840308
1.596446
1.158832
1.324524
1.599796
1.928536
0.622936
0.580673
0.114491
0.607043
1.470403
0.185515
0.173958
1.623800
1.929579
1.597145
0.640498
1.929476
1.798327
1.128056
0.348708
0.791719
0.353455
1.396945
0.115172
0.538098
1.919488
1.929520
0.300258
0.644425
1.794619
0.403086
0.345467
0.402872
0.332740
1.598003
1.410461
0.695755
1.596835
0.124828
0.367689
0.417356
0.501894
0.908513
0.638686
0.413822
0.436906
1.021852
0.272759
0.182621
1.593229
0.415044
0.374521
0.375451
1.020391
1.725085
0.529850
0.396907
0.866688
1.597841
1.597140
0.944628
1.889006
0.488735
0.103802
1.597434
0.665566
1.597777
0.624166
0.416335
0.109391
1.761746
1.426634
1.929351
1.331996
0.934854
1.466420
1.598740
1.870799
1.020158
1.599148
0.653198
1.576172
0.644453
0.450305
1.316889
0.164366
0.505985
0.389964
0.235796
0.097008
1.929289
0.448634
0.667713
0.846722
0.579168
1.929868
1.326998
1.594743
1.426298
0.188559
0.372102
1.141003
1.133775
1.020290
0.503373
1.927188
0.869951
0.427819
1.009867
0.445740
0.755852
1.465800
1.713554
0.718108
1.573898
1.672708
1.555990
1.427892
0.402263
0.819582
1.806832
0.106693
1.007277
0.861125
0.430458
0.833859
0.143836
0.801128
1.464619
1.929227
0.785992
0.856909
0.465100
1.300487
1.324002
0.084931
0.638150
1.465574
1.598082
1.647249
0.942375
1.573235
1.724964
1.597395
0.892661
0.274316
1.929348
1.596476
1.514821
0.138218
1.105664
1.129277
1.928407
0.924429
1.615710
0.791383
1.912407
0.139810
0.436979
0.136222
0.663598
1.778997
1.126599
1.724489
1.336398
1.139219
0.130678
0.675671
1.325924
0.115329
0.189156
1.130247
1.723060
1.465828
0.246534
0.108364
1.183933
1.840832
0.653269
1.929813
0.971916
0.796152
1.593310
0.421748
0.813486
0.491992
0.616530
1.598046
1.794645
1.596147
1.597607
0.149531
0.110008
0.672805
1.761727
1.598421
0.120830
1.137330
0.876303
1.128367
0.818468
1.601855
0.122121
1.347412
0.404274
0.747912
1.724992
0.593670
1.047937
0.647790
1.597152
0.358804
0.082891
0.380207
1.928355
0.662308
1.552192
1.724599
0.884129
1.613189
0.285311
1.273345
0.092521
0.433179
0.270936
1.930301
1.597372
1.392683
1.319135
0.098251
0.310649
1.858596
0.534655
1.597219
1.367330
1.906631
0.984165
0.093335
0.463836
1.005910
1.761729
1.590408
0.765967
1.925620
1.418688
0.103344
1.618883
1.590543
1.128866
0.785403
0.553220
0.609012
0.812309
1.761727
0.104752
0.580682
0.404676
1.467813
1.127893
0.752655
1.364650
1.595614
1.570443
0.116894
0.077517
0.125060
1.199673
0.179452
0.654035
1.537976
0.608227
1.597686
0.643689
0.747575
1.600262
0.378458
1.124532
1.599824
1.148362
1.355213
1.597491
1.186007
0.569831
1.927243
1.787225
1.270797
1.019782
0.195250
1.130468
0.461361
0.785489
1.020357
1.275624
0.165327
0.317105
1.725117
1.930655
1.597785
0.103070
0.185697
1.404634
1.407643
1.602141
0.195575
0.573211
1.128696
1.761727
0.209037
0.287860
1.856773
0.120284
0.536527
1.207881
1.597709
1.797855
1.585587
1.281513
1.596237
0.112272
0.918550
0.857163
0.804543
1.467454
0.549035
0.817825
0.937473
1.127668
0.146131
1.213102
1.668014
0.678889
1.316409
1.583000
1.604616
0.325122
1.324311
1.795127
1.299914
1.281319
1.597712
0.231405
0.895344
1.321908
1.020183
0.896299
0.594711
1.295072
0.781627
1.020531
0.937784
1.602116
0.805474
1.321936
1.570809
1.148880
0.175635
1.203673
1.597428
0.329452
1.462461
0.092942
0.083555
1.595847
1.245659
1.723744
1.425969
0.312491
1.325394
0.796283
1.469015
0.422510
0.130992
0.274468
1.272933
0.612852
0.410912
0.934589
1.289277
0.639800
0.608549
0.586087
1.423221
1.022643
0.147191
1.924444
1.309575
1.545012
0.824165
1.470251
0.950637
0.345521
0.426173
0.927623
1.904709
1.929295
0.599564
0.685946
1.205397
1.618372
1.595972
1.331505
1.045448
0.110940
1.002805
0.993088
1.598026
0.637922
1.328079
1.761727
1.437101
1.597685
0.647945
1.796044
1.928193
0.105305
1.130758
1.416211
0.418584
0.096413
1.600288
0.386228
1.591683
0.926888
0.417255
0.828142
0.264111
0.774383
1.591688
1.580551
0.829162
1.598287
1.200089
1.761667
1.015311
1.724956
0.523580
1.929808
0.084951
1.426575
0.384186
1.467074
1.597569
1.009573
0.412350
0.693115
1.319512
1.575917
0.817755
1.024173
0.636314
1.929941
1.929239
1.464851
1.149201
1.722116
0.859785
0.380612
1.809667
1.518733
1.598452
1.795664
1.002073
0.420784
0.279626
1.794012
0.703312
0.271265
1.597712
0.629349
1.377235
0.079515
0.758753
1.878191
0.362008
0.091725
1.601156
1.599256
0.715780
0.313397
1.325025
0.461202
1.459062
0.572520
0.088437
0.873498
0.624597
1.152041
0.161926
0.585473
0.861411
1.596837
0.176117
0.160830
0.624288
1.303874
1.595355
1.724237
0.392768
0.516001
0.910015
0.319080
0.717443
1.563589
0.318266
1.327292
1.761723
1.323585
0.083420
1.128183
1.456881
0.335737
0.919788
0.082945
1.597797
0.701738
0.129081
0.905020
0.326993
1.596772
1.431743
1.325705
1.761727
0.765520
0.802299
0.289935
0.308270
1.125680
0.395892
1.929819
0.217038
1.911794
0.826811
0.202425
0.754467
0.227984
0.992410
0.976168
1.020296
0.401147
1.594066
1.258676
1.715709
0.730682
0.942273
0.255403
1.020290
1.834984
0.660731
0.819570
1.586099
1.597368
1.761741
1.927827
1.214065
1.600142
0.432688
1.928700
1.930150
0.205772
0.780219
1.363462
1.131063
0.372307
0.947341
1.596262
0.431056
1.929100
1.335936
1.596563
0.575220
0.137764
0.298515
1.462947
1.140200
0.166370
1.609340
0.101504
0.772441
1.928180
0.949804
0.346162
0.125602
0.718482
1.929865
0.389191
1.019410
0.105739
0.264377
0.133992
0.309034
0.628949
0.689459
1.250257
1.773849
0.944804
1.313019
1.921604
0.646011
1.271415
0.095115
0.561625
0.358249
1.322697
0.679870
0.962919
1.216161
1.761719
1.929566
1.795187
1.923917
1.577856
1.415082
0.275651
1.434861
0.525363
0.533087
1.173854
1.597544
1.320724
1.929321
0.746770
0.438837
1.354686
1.333563
0.948392
1.173189
0.717731
1.672138
1.465456
0.985623
1.409170
1.431337
0.182292
1.928317
0.568145
0.252149
1.487242
0.118742
0.091240
1.015405
1.930779
1.863464
0.338593
0.443441
1.724365
0.115646
0.638378
1.761697
0.383467
0.092676
1.929908
1.723200
0.112593
0.517991
1.614213
0.159699
0.161061
1.797837
1.599564
0.894084
0.331494
0.911575
1.314957
0.794576
0.614181
0.125083
1.690428
1.929890
1.923962
1.716130
0.089029
0.114952
0.754652
0.813898
0.313258
1.602834
0.944184
1.761963
1.547662
1.781165
1.524364
0.952238
1.725088
1.597411
0.346848
1.761711
1.089151
1.930110
1.725098
0.906478
0.769053
0.131646
1.019670
0.092643
1.209897
0.196182
1.681745
1.121029
1.200830
0.780424
0.353407
0.751854
0.338763
1.590650
0.490936
0.705292
0.201934
0.658941
1.321558
1.610020
1.929671
1.020280
0.346525
0.116291
1.133619
1.020758
0.085073
0.724663
1.597444
1.250583
0.948910
1.020186
0.344906
0.527609
0.820804
1.597563
0.777056
0.973698
1.920647
0.302238
0.627376
1.597945
1.761922
1.012095
1.699052
1.920704
1.604723
0.810408
0.948300
0.467533
0.076235
1.406571
1.668227
1.477586
1.913838
0.144682
1.431474
1.930486
1.423019
1.928448
0.634410
1.188416
0.838761
0.113729
1.698245
1.316198
0.843976
1.790353
0.190201
1.183763
1.559348
0.607690
0.359873
1.725110
1.725109
0.648705
0.489942
1.010462
0.304761
0.386537
1.116115
1.595350
1.182983
1.928273
0.083500
0.084477
0.861603
0.951190
1.599308
0.542286
0.577775
0.190938
0.598745
0.988529
1.286757
0.137917
0.483325
1.246643
1.723572
1.597980
0.207290
0.398240
0.099663
1.597660
1.137910
0.146895
1.306311
1.322129
0.570027
0.180676
1.796075
1.561841
0.998631
1.091762
1.326184
0.095159
0.118295
1.207016
1.051855
0.190832
0.685600
1.597683
1.929491
0.560249
0.118617
1.019046
1.496443
0.112127
0.073529
1.320512
1.128738
1.465731
1.212901
1.468430
1.530873
0.110612
1.574007
0.178783
1.155366
1.590001
1.930514
0.317882
0.535894
0.737060
0.405625
0.951229
1.577837
0.396419
1.392773
1.929065
0.920672
1.504876
1.001592
1.045817
0.631739
0.434983
1.202664
1.597001
1.261152
0.147265
1.929322
0.109592
0.108646
0.577259
0.770652
1.597649
0.689440
1.852104
0.550157
1.597727
1.566871
1.308543
0.535626
1.397365
1.322093
1.830400
1.488378
0.777355
1.599309
1.612633
1.595729
0.743263
0.819493
1.697627
0.674387
1.723397
0.542432
1.174080
1.644575
1.715748
1.814529
1.929504
0.590651
1.929134
1.761727
1.929345
0.517851
0.773463
0.491091
0.424913
1.104562
1.928429
1.920973
0.382326
0.178677
0.430597
1.137709
1.020296
0.389672
1.600583
0.121749
0.083993
0.283989
1.728020
1.171423
1.597771
0.138476
1.135587
0.204018
0.765667
1.793806
0.579685
1.205530
1.219598
0.529456
0.083151
0.127537
0.999834
0.416507
1.272781
0.386099
1.796082
1.598106
0.642232
0.604110
1.138990
1.321101
0.936232
1.055884
0.281845
1.891571
1.597445
0.781008
1.761095
1.458885
1.126377
1.927347
0.944849
0.853585
1.439714
0.606543
0.651030
0.374759
0.141052
1.929615
1.929280
1.798156
0.645756
1.212360
1.929180
0.669074
1.316171
1.929863
1.725142
0.925206
0.395772
0.945909
1.598839
1.026930
1.722415
1.599617
1.851212
0.524087
1.598144
0.275635
1.761713
0.326872
1.161306
1.309995
0.756275
0.147585
1.507540
0.530907
1.822976
1.009953
0.705357
0.615743
1.132840
0.104790
1.875186
0.446227
0.857785
0.792040
1.322618
1.015927
0.681370
0.283218
1.902410
0.217805
1.762694
0.786158
0.249644
1.716146
1.596512
1.120907
0.373451
0.179112
1.928097
1.213549
0.761701
0.438527
1.429478
1.795161
0.124453
1.477239
0.957136
0.842185
0.368266
0.297972
1.799845
1.599909
1.182476
1.586424
0.836837
1.889094
0.551152
0.088607
1.899992
1.929535
1.929575
1.315762
0.999979
1.887226
1.929206
1.903460
1.235769
0.111866
0.183568
0.701606
1.309631
1.929669
1.761737
1.928200
0.081282
1.071421
0.296469
1.923414
0.922244
0.949663
1.805670
1.325704
1.326393
1.701599
0.253916
0.176208
1.597460
0.166447
1.020317
1.020474
0.077438
1.123057
1.825111
0.380566
1.761986
1.707971
0.114772
1.160603
0.251726
1.228873
0.095701
1.921531
0.998237
0.683250
0.404054
1.889276
0.646385
0.096000
0.859223
0.618208
1.582012
1.323799
1.474149
0.543039
1.528769
0.078657
0.452392
0.155310
1.795106
0.837478
0.322142
0.336612
0.751790
0.880448
1.928753
0.875005
1.928413
1.210246
0.230384
1.280558
0.960675
0.273080
1.145183
0.232992
1.720036
1.597481
1.624326
1.929529
0.844200
0.131597
0.404687
0.390673
0.793999
1.926187
1.126581
1.210269
0.524453
0.950143
1.323740
0.630349
1.338962
1.006073
0.681931
0.582369
0.123531
1.458457
1.598848
1.882153
0.922779
1.439668
1.920196
0.951135
0.818802
1.598340
0.145982
0.517331
1.322993
1.761713
1.643964
1.725107
1.809225
1.019921
1.696115
0.081705
1.796484
1.720076
0.626291
1.316366
1.615163
0.090106
0.948589
0.209701
1.124602
0.231979
0.789571
1.597729
0.933452
0.227633
1.927427
0.227461
1.011094
0.120466
0.638081
1.324412
0.115746
1.593760
0.848997
0.857974
1.717834
1.136753
0.693565
1.328543
0.458946
1.721303
0.228784
1.583210
1.597490
0.947215
0.077032
0.157514
0.647894
1.795493
1.929391
1.799104
1.929544
1.841680
1.293561
0.467675
0.845490
0.491844
1.596993
1.433699
1.211390
1.793955
0.235275
1.541317
1.794979
0.415643
0.102797
0.394324
1.006560
1.465677
0.095465
0.150226
0.093110
1.761724
0.308702
0.532221
0.373589
0.776618
1.897321
1.594937
1.901637
1.322496
1.610334
0.709772
1.761999
0.594249
1.600097
0.163608
1.020446
0.208626
0.152561
1.762264
0.266152
0.564490
1.926689
1.720308
1.375151
0.082544
0.646841
1.361559
0.328727
1.921685
1.925820
1.602001
1.597191
0.467420
0.713695
1.918263
0.607824
1.129944
0.984915
0.174606
1.212980
0.287247
0.347792
0.382226
1.598602
0.197701
1.138055
0.324744
1.930903
0.379074
0.121719
0.735724
0.103021
0.712742
1.927838
0.892038
0.714897
1.598680
1.930323
1.829017
0.119545
1.128170
1.757873
1.188334
1.928513
1.801577
0.339681
0.587649
1.199044
0.229190
0.568056
0.214358
1.201053
0.152590
1.027546
0.772915
1.110373
0.604291
1.929939
1.257937
0.152881
0.591883
0.128739
0.833753
1.795919
0.649750
0.083521
0.122524
0.173418
0.762812
1.383172
1.128391
1.642331
1.928832
1.594566
0.654163
0.148493
1.596617
0.944744
0.173284
0.942015
0.707181
0.413356
1.326344
0.085802
0.095924
1.929178
0.119146
1.435807
0.604795
0.408626
1.929500
1.004741
0.113604
1.322692
0.665623
1.059137
1.610485
0.322362
0.384890
1.597544
0.954822
1.020111
0.593351
1.795333
1.018700
0.149586
1.128268
0.759242
0.107494
1.928884
1.181087
1.597952
0.612188
0.942153
1.599664
0.956200
0.908492
0.085488
0.371534
0.805008
1.724636
0.596917
1.878490
1.128390
1.359715
1.930314
1.455781
1.148630
0.964056
1.362605
0.946712
1.600817
0.826364
1.384483
0.075499
0.075504
0.187262
1.340318
1.816825
1.794643
1.427444
0.563793
1.593949
1.689425
1.174455
0.695625
1.598959
1.133809
0.120619
1.921925
1.106849
1.492824
1.020463
1.929641
1.257570
0.181751
1.324876
0.660345
0.352029
1.129806
1.128283
1.128294
0.106338
0.201344
1.598352
0.403485
0.474310
0.106428
1.636123
1.929437
1.527184
0.105158
1.588332
1.315503
0.317660
0.899262
1.891570
0.916148
1.595248
1.930173
0.607762
1.596819
0.771989
0.986208
1.797075
0.454172
1.020469
1.595293
1.725095
1.503764
1.788470
0.527271
1.018881
1.257784
1.553850
0.948564
0.150087
1.020282
0.668408
1.830235
1.316879
0.515571
0.283125
1.597719
1.326081
1.034690
0.111967
1.883658
0.590034
1.212222
1.792541
1.598025
0.332851
0.628815
1.020349
1.596430
1.476023
0.312583
1.923507
0.146390
1.721848
1.312551
0.551369
0.702750
0.296445
1.606650
0.274542
1.603023
1.930533
1.285081
0.095707
0.298545
1.797969
0.941057
1.597651
0.085080
0.361296
0.572095
0.995790
0.943001
1.790316
1.020470
0.798428
1.267981
0.083874
1.309228
0.155225
1.885556
1.424271
0.788267
1.417774
1.129241
1.210301
1.897605
1.849059
1.003214
0.629122
1.596547
0.409416
1.020392
1.597778
0.077338
1.597512
0.478258
1.856355
1.152791
1.324854
1.799173
1.323370
1.466203
1.918817
0.370150
0.393562
0.117500
0.608330
0.452774
0.937851
0.519861
0.693992
1.596629
0.119701
1.466502
0.458114
1.323329
1.928745
0.089029
1.589726
1.020262
1.288554
1.930458
1.606344
0.483057
1.905400
1.354088
0.114934
1.313229
0.353439
0.659926
0.484897
0.916145
0.120903
0.888321
0.588758
0.946596
0.384169
0.809603
0.839643
0.835450
0.326361
0.986716
0.574830
0.349636
0.526031
0.380188
1.844423
1.158040
0.933732
1.616564
0.943595
0.755711
1.929177
0.616562
1.394251
1.428848
1.018210
0.163256
0.136424
0.084979
0.082394
0.805419
1.015306
1.591829
1.760239
0.682607
0.687978
0.445061
1.468244
0.803718
0.340277
1.020278
1.214639
0.586105
1.929547
1.464590
1.133767
1.319763
0.102218
0.617267
0.596602
0.442366
1.018435
0.414598
0.778845
0.393791
1.808974
0.288063
0.522297
1.603860
1.533585
1.795570
1.150461
1.147581
0.760861
0.918030
1.845044
0.522980
1.565345
1.400556
0.918034
0.103342
0.081637
0.858929
0.296297
1.128995
0.142184
0.123840
1.591920
1.325704
1.213444
1.597627
0.608619
1.725096
0.397377
0.503644
1.929523
0.623764
0.256860
1.427008
0.950704
1.929593
1.929531
0.381991
1.598101
1.218676
1.929471
0.120320
0.887342
0.621906
0.135107
0.552743
1.262054
1.020284
1.128688
1.929198
0.680243
0.092107
0.115711
0.242527
0.570166
1.912910
0.478517
1.132786
1.815192
0.866900
0.100651
0.793871
1.929455
0.153204
1.473341
1.324347
0.564137
0.630684
1.425828
0.122895
0.693442
0.384794
0.097754
0.151121
0.554525
0.796695
0.090937
0.469206
1.819515
1.796214
1.299701
0.482882
1.929850
0.446403
0.540522
1.927926
0.478115
0.190672
0.366868
1.704637
1.371306
0.807825
1.597535
0.429222
1.020548
0.508519
0.600276
1.597862
0.746300
1.842395
0.287704
0.574794
0.471173
1.593342
0.658848
0.250623
0.116762
1.556421
0.913716
0.259066
0.216218
0.127451
0.806206
1.146872
1.136424
0.303999
0.145628
0.480129
0.077483
0.635725
1.787858
1.574187
1.136236
0.106261
0.104843
0.367672
0.291466
1.127328
1.725521
0.089174
0.422627
1.294207
1.129143
1.469507
1.598234
1.695354
1.927622
0.689906
1.598690
0.572829
1.584588
1.929792
0.947794
0.662847
1.408866
1.598983
0.427396
0.472843
1.925990
0.695902
1.569507
1.465292
0.775522
0.716543
0.683211
0.204554
0.094606
0.372436
0.098733
0.491472
0.324203
1.927909
0.114415
0.382747
1.577896
1.589724
0.251911
1.022182
0.207452
1.111825
0.493014
1.492150
1.702963
1.426962
0.936661
1.818884
0.833174
1.602494
0.795343
1.184130
0.374849
0.379891
0.108701
0.849953
0.787757
0.275476
0.278733
0.813257
1.339425
1.832289
0.655653
1.020381
0.846351
0.131744
1.874512
0.464706
0.655008
1.126507
0.647325
1.020264
1.595266
1.129472
1.276458
0.188855
0.530242
1.844301
1.220140
1.262943
1.830338
1.819121
1.597665
0.933165
1.926041
1.597571
0.317819
1.725108
0.836086
1.720121
0.132556
0.818084
1.150278
0.303194
0.856447
1.929582
0.394397
0.686094
0.934911
0.148356
1.465621
0.335650
0.219970
1.483953
0.095917
1.891159
1.130807
1.795008
1.725082
1.018694
1.595926
0.426887
1.001001
0.634268
1.928710
0.595024
1.575177
0.506153
1.592023
0.865791
1.320376
0.156097
1.324364
1.929511
0.161597
0.610600
0.521937
0.528197
1.598507
1.108191
0.135123
0.194119
1.930571
1.495144
0.522257
0.381059
0.611274
1.929387
1.020227
0.957300
1.930156
1.285831
0.538498
1.597693
0.098412
1.307074
1.929434
0.817579
1.321972
0.775247
0.195069
1.865630
1.756334
1.022049
1.586720
1.930801
1.603726
1.596165
1.794983
0.929935
1.831417
0.990795
1.465598
1.930314
1.593797
0.402599
1.378057
0.101166
1.419294
1.795153
0.374263
0.435426
1.601787
0.556106
0.524261
0.782483
1.726634
1.929298
1.596712
0.225484
0.463942
0.530629
0.877843
1.717911
0.828210
1.593408
0.389349
0.447709
0.623337
0.880141
1.318494
0.599664
1.930453
1.016103
0.703218
1.244655
0.246404
1.338867
1.760844
1.644232
1.249056
0.672515
1.336058
0.072987
1.208237
1.217657
1.465865
1.712044
0.639292
1.761727
1.018895
0.965942
1.323172
0.545612
1.009898
1.904231
1.761726
0.462957
0.459001
0.738763
1.919711
0.773731
0.611207
0.962851
1.129068
1.725754
1.127172
1.020318
1.023574
0.182212
0.943824
1.262050
1.347890
0.108112
1.918223
1.319957
1.598050
0.293881
0.648632
1.328267
1.918981
1.554126
0.577349
1.597578
0.198706
1.271231
0.480234
1.021637
0.874373
1.597299
1.125096
0.285205
1.927345
1.725089
1.825511
0.117243
1.128928
1.179909
0.336895
0.334393
0.304659
0.366208
1.927491
0.153879
1.324363
0.091609
0.383016
1.597242
0.877242
0.565599
1.725106
1.186128
1.761729
1.803026
0.202307
1.899401
1.138461
1.207095
0.076304
1.272177
0.799305
0.364802
1.177036
0.560900
1.767586
0.201422
1.020340
0.943797
0.134772
0.112477
1.208597
0.825618
1.761839
0.120583
1.050270
0.105986
0.669890
0.954927
1.123747
0.615920
1.798359
0.260625
0.966892
0.115419
1.593536
0.455635
1.634716
1.313379
1.136573
1.047457
1.929347
1.219534
1.467002
0.734299
1.929571
0.114040
0.807777
0.515746
1.133796
0.519900
0.389090
0.248913
1.313383
1.928139
1.593246
0.336814
1.761719
0.460826
1.287425
0.388884
1.470993
0.396260
1.761725
1.598282
1.128608
0.689175
1.130607
0.121879
0.134345
1.456477
0.075790
0.361421
1.924088
1.924768
0.189028
0.994447
1.129739
1.327304
1.432857
0.478415
0.127065
1.605615
0.777436
0.081121
0.327393
0.603112
0.159765
0.126826
0.103615
0.229904
0.520800
0.275700
0.407742
1.758958
1.463177
1.130327
0.950827
1.929652
1.307134
1.923164
0.114985
0.087250
0.645690
0.148852
0.806154
1.597524
1.597734
1.676031
0.531333
0.622511
1.010270
0.383048
1.134830
0.610380
0.953686
0.660496
0.293197
1.794919
1.927377
0.246586
0.964801
1.916005
0.376821
0.650292
1.607892
0.530221
1.023653
1.597631
0.706442
0.419117
0.154281
1.552535
0.772859
1.798674
1.930626
0.432821
1.188938
1.020277
0.078946
1.922701
1.597012
1.170144
1.868966
1.597725
1.900872
0.328102
1.616868
0.235771
1.925294
0.088160
1.636925
0.208349
0.948254
1.405627
1.344178
0.625272
0.438546
1.929260
0.304411
0.883569
1.020143
0.164462
1.929415
1.202490
1.930676
1.519284
0.336605
0.360556
1.816057
1.583498
0.439745
1.052766
0.622417
1.597222
1.604705
1.930143
0.622363
0.173726
1.128590
1.215369
0.290702
1.597448
0.164441
1.928518
1.597635
1.929621
1.927778
1.290719
0.987716
1.146450
0.765733
1.055101
0.113641
0.289451
0.459109
1.325408
0.246625
0.739290
0.951649
1.466041
1.212606
0.668185
1.607975
1.917520
0.213609
0.605082
0.964214
0.326512
1.572278
1.598294
1.753454
1.312111
1.020263
1.127772
1.589760
1.599471
1.085212
0.774923
1.721726
1.323728
1.915324
0.944596
0.808525
0.641055
0.293456
1.308790
0.751482
0.476188
1.563270
0.192107
0.815234
1.929167
0.661981
1.385662
0.385307
1.929083
1.716240
0.473137
1.793292
0.303735
0.440835
0.302803
0.329031
1.020627
0.830218
0.528870
0.574039
0.814166
0.165378
0.625295
1.598438
0.936972
0.954957
1.603225
0.095070
1.575501
1.930337
1.052974
1.795992
1.020277
1.725499
0.756294
0.095730
1.778898
0.643021
1.313424
1.928923
1.928699
1.926667
1.725033
1.914922
1.905887
0.694053
1.131283
0.931035
0.930727
1.897368
1.576572
0.694571
1.597543
0.432586
1.034470
0.619226
1.597849
0.914842
0.804055
0.578744
0.835298
1.928965
1.428229
1.460233
1.019655
0.980609
0.859376
1.927936
1.129323
1.509525
0.568910
0.128497
1.237111
1.150462
0.176918
1.137573
1.124918
1.131423
1.598749
1.558693
0.159373
1.928779
1.335578
1.314271
1.551174
1.711954
1.036724
0.182772
1.929496
1.600024
0.949965
1.019607
1.623999
1.777903
1.020223
0.086303
0.431486
0.129604
1.597612
1.020401
1.590065
1.304372
1.728928
1.329297
0.692786
1.597828
0.141782
0.557879
1.905323
1.465437
1.925813
0.784753
0.713372
0.364000
0.647382
0.302883
0.521956
1.597224
1.896448
1.229931
1.426536
0.078587
1.795007
1.930369
1.929025
0.921493
1.381024
1.597743
1.436889
0.459557
1.321913
0.113930
1.600949
1.132012
0.603910
0.888186
0.378245
1.505541
1.355819
1.929744
1.547622
1.519849
0.760781
1.794917
1.324091
0.181004
1.761726
1.724190
1.005454
0.664302
0.755741
0.485345
1.128198
1.627242
0.195410
1.218546
0.943226
1.747174
0.947043
0.502144
1.876518
1.136164
1.925809
0.885281
0.418481
1.203523
1.203027
1.928990
0.936316
0.154929
0.858649
0.719049
0.944608
0.510427
0.945358
1.846686
1.423961
1.567747
1.044516
0.418502
0.128637
1.265360
0.488018
0.578517
0.087437
0.473856
0.647315
1.168581
0.629507
1.601225
1.165465
1.220169
0.226186
1.210629
0.628963
1.605391
1.427135
1.929836
1.006835
0.662817
0.634215
1.326023
1.314760
1.597559
0.462007
1.354766
1.618230
1.930432
1.929345
1.597682
0.089838
0.939034
1.761755
0.499730
1.895146
1.371606
1.579880
1.629668
1.597519
1.927372
0.099041
0.953610
0.892974
1.328830
0.201406
1.332132
0.753700
1.763263
1.926157
1.606359
1.020444
1.929054
1.597383
1.185970
1.597483
0.695244
1.929612
1.427885
0.082074
0.931669
1.307017
0.583517
1.181612
0.605193
0.608934
1.278567
1.169399
0.232830
0.482008
1.928415
1.020370
1.725114
1.189071
0.436082
1.890490
0.093799
1.790955
1.915163
0.760263
1.146628
0.902507
1.598083
0.412732
0.079080
1.327512
1.197201
0.529934
1.575614
0.683106
1.239460
1.312822
0.110245
0.819911
0.613257
1.761683
1.926172
1.269564
0.819474
1.488255
0.776537
0.310904
0.994527
1.929391
1.628287
0.242623
1.929363
0.101856
1.020280
1.134789
1.724839
0.474484
1.461612
1.321317
0.934759
1.426990
1.597790
0.900202
1.724326
1.717268
0.981039
0.489418
1.538195
1.020401
1.194546
0.273384
1.236418
1.424050
0.564373
0.580101
1.597703
1.796637
0.235718
1.124612
0.860689
1.795248
1.466064
1.319123
1.135741
0.100226
1.599857
1.014905
0.700209
0.296970
0.684001
0.820084
1.929263
0.942924
1.920252
0.294582
1.221704
1.762025
0.078475
0.341630
1.597065
0.124407
1.231796
0.689255
0.501827
0.469286
1.597377
0.822415
0.927869
1.317501
1.671945
0.600394
1.342883
1.724000
0.392133
0.372831
1.167935
1.900732
0.580563
1.915435
1.602665
1.584051
0.232387
0.576192
1.597363
1.419988
0.475207
1.762148
0.420073
0.729745
1.762021
1.878380
1.209936
0.239406
0.956798
0.197026
0.128240
1.761725
0.097595
0.129956
1.761657
1.810747
1.608413
0.119922
0.133814
1.019791
0.595459
0.625441
0.200756
1.586409
0.919015
0.077085
1.022742
1.929651
1.929577
1.792852
1.923909
0.528739
0.881940
1.734422
1.228304
0.944885
1.762030
0.193968
1.761727
0.492934
1.230520
0.331883
1.317908
1.929263
0.662516
1.731130
1.321790
1.617108
1.926419
1.929550
1.262062
1.930338
1.845212
1.312681
1.497456
1.598895
0.109133
0.472466
1.164939
1.806682
1.794723
0.742028
1.580092
0.152548
1.195590
0.906173
0.633869
1.754067
1.426838
1.598971
1.600079
1.080057
0.136324
1.820051
1.922787
0.599266
0.218495
0.855632
1.017503
1.795164
1.703456
1.038226
1.319340
1.919202
1.125538
1.621698
1.709852
1.928111
1.020610
0.177928
1.437456
0.692687
1.865837
1.591244
1.332438
1.573987
1.597723
0.414371
1.208886
1.135335
0.133165
1.928616
1.815103
1.927228
1.761817
0.953516
1.929444
0.706989
0.549256
0.116324
1.329503
1.598837
1.796123
1.458940
1.389419
0.244082
1.926486
0.467186
1.198895
0.655894
1.708287
0.789402
0.253196
0.112990
0.111126
1.313906
0.869521
0.935151
1.492566
0.590376
1.240294
1.354469
1.020316
0.233397
1.084744
0.536849
1.761727
1.928160
1.916466
0.653248
1.597699
0.410223
0.286731
0.559378
0.863410
1.896885
0.104397
1.020255
0.121731
0.535882
1.145589
0.735057
1.577089
1.106019
1.329691
1.288949
1.241545
1.627441
0.724143
0.177149
1.761731
0.441830
1.128686
0.306542
0.846408
0.817767
1.924142
1.132139
0.373082
1.929827
0.494454
0.531246
1.844984
1.595178
1.647716
1.317682
1.209225
0.363388
0.277260
1.325609
0.748292
0.414715
0.127250
1.598382
1.926329
1.020283
0.789191
0.412640
1.224026
0.088771
1.324884
1.761727
1.388528
0.732057
0.629437
1.879889
0.775637
1.930598
0.453212
0.769268
0.832850
1.127985
0.805744
0.602932
1.575192
1.011712
1.928232
1.586917
1.244931
0.617435
1.929341
0.083602
0.396641
1.326009
1.827514
0.351228
1.266585
1.229159
0.305305
1.590410
1.336197
0.296516
0.683003
1.926535
1.327214
1.678233
0.806890
0.158753
1.009836
0.395726
0.762186
0.142843
0.603822
0.916306
1.929422
0.124015
1.110813
1.432566
0.943707
0.630082
1.298150
1.595062
1.596298
1.603267
0.261814
1.597475
0.943556
1.599708
0.543128
0.108364
0.829936
1.377472
1.222624
1.597381
1.427123
1.516656
1.674606
1.597662
0.175924
0.936354
0.940068
1.881236
0.783410
1.125908
0.367139
1.363360
1.465870
1.588324
1.214461
0.293085
0.551263
0.935575
0.641126
0.581958
1.329086
1.272743
0.103456
1.929408
1.311819
0.404920
0.908104
0.521049
0.397197
0.157223
0.523491
1.606558
0.818550
1.334645
1.831297
0.141769
0.096274
1.465701
1.314179
0.637444
1.380670
0.419840
0.400930
1.595216
1.894129
0.090839
1.455390
0.637213
1.326215
0.799417
1.794814
1.313980
0.498553
1.020206
0.336294
1.316453
0.565381
1.272693
1.599327
1.491464
1.808772
1.597643
0.239295
1.597806
0.612224
0.082548
1.930579
0.180142
0.350080
1.592214
0.195786
1.800092
1.914702
1.110699
0.244599
1.929363
0.128697
1.323707
0.145986
0.513361
1.338000
0.648253
1.929082
1.787766
1.584666
1.217093
0.146334
1.186130
0.200703
1.630320
1.245134
0.634764
1.926720
1.466644
1.588917
0.194497
1.204844
0.340123
1.100121
1.128477
1.467658
1.926026
0.805580
1.928438
1.312229
0.627429
0.934767
0.420499
1.929247
0.752295
0.086462
1.795004
1.023315
0.751496
0.727355
0.149076
1.276080
0.743105
1.376051
1.464996
0.207874
1.601809
1.108673
0.687080
0.126384
1.927912
1.364762
1.598172
0.409263
0.332859
0.157127
1.929048
1.599260
0.690470
1.930161
0.434682
0.147151
0.085056
0.097594
0.737175
1.632260
0.423126
0.136158
0.624094
0.591974
0.129244
1.761741
0.671161
0.337667
1.597771
1.597553
1.188589
1.377937
1.903575
1.761733
1.212102
1.595412
1.330503
1.596072
0.802486
1.597436
1.140819
