0.720565
0.686571
1.485674
0.104347
0.413115
1.680282
0.165022
1.485718
1.025884
0.604211
0.233982
1.677789
1.466016
0.068022
0.901726
0.958045
1.748816
0.201581
1.032902
1.515813
1.511984
1.074919
1.838465
0.829542
0.610898
1.384606
0.133054
1.485539
1.485656
1.375875
0.905117
1.164643
1.032378
0.587698
1.032992
0.983255
1.625077
1.493988
0.208396
0.716411
1.508159
0.479751
1.006187
1.484235
0.943239
0.427935
0.081088
1.151330
0.169153
1.485639
0.632560
1.637845
1.474138
1.086245
0.789745
0.610727
0.058799
0.128508
1.158269
0.887488
1.681823
0.331278
0.359622
0.427743
1.485632
0.088553
0.175791
0.515938
1.195558
0.096123
0.150912
1.621943
1.486022
0.041106
0.066399
0.437933
1.023601
1.198424
0.393482
1.488908
0.633458
1.032532
0.547745
1.654048
0.139266
1.022483
1.165295
1.697803
1.346153
0.045896
1.253720
0.364075
1.111409
1.689469
0.142368
0.048330
1.485695
0.930865
0.165438
0.332979
1.084051
0.660346
1.311721
0.279868
1.735187
0.527489
1.682088
1.705304
1.485369
1.384796
1.200501
0.435218
0.088849
1.600510
0.568744
1.033638
1.382342
1.468940
0.186321
1.681891
0.532496
1.444308
1.612594
0.647463
1.023283
1.033073
0.060165
0.655265
0.217463
0.105494
1.485811
1.153830
0.670958
1.483491
1.491907
1.339936
1.468740
0.515639
0.676355
1.126792
0.807851
0.387957
0.076934
1.037263
1.133460
0.878709
1.384885
0.128971
1.636702
0.251911
1.389824
0.464522
0.902349
1.710962
0.316914
0.950276
0.578870
1.620406
0.261308
0.043490
1.485820
0.234238
1.681934
1.485691
1.538775
0.050576
1.624997
1.689028
1.485154
0.461604
0.628598
1.032985
1.485588
0.523403
0.082846
0.891781
0.100385
1.702721
1.478604
1.491457
1.624309
1.610967
1.485208
1.343726
1.676277
0.801126
0.479380
1.433411
1.456206
0.632818
1.485666
0.649943
1.031731
1.151504
1.738977
1.642947
1.160801
1.510516
0.053197
1.678729
0.067057
1.726053
0.393907
1.272268
0.162654
0.137422
1.032926
1.138760
1.344627
0.517723
0.448587
1.682134
1.706568
0.401305
1.137810
0.963176
0.298907
0.075152
0.561286
0.664430
1.485864
0.784127
1.485503
0.680868
1.480671
0.279463
0.137194
1.485664
1.617985
1.590251
0.160723
1.532047
0.479555
0.466066
1.033473
0.367010
1.029082
0.145214
0.590750
0.157662
1.485650
1.486740
1.029703
1.618147
1.045747
1.040372
0.087684
0.680628
0.712576
0.246357
1.689671
0.277782
1.387878
0.776381
0.344078
0.607036
0.980491
1.485617
0.425246
1.346672
0.062560
0.600183
1.211924
1.224949
1.059297
0.647893
1.435069
1.006580
1.619031
1.488791
1.617311
1.129816
0.723085
1.589022
0.061748
0.809071
0.400353
1.153238
0.283809
1.187493
0.243466
0.195543
0.524759
1.696340
1.485486
1.487171
0.090146
0.913898
0.677830
0.956337
1.485717
1.485611
0.411743
0.122959
0.528477
0.828499
0.879216
0.698407
1.485903
0.524358
1.485566
1.044840
1.593848
1.485752
0.043972
0.580177
0.829792
0.142852
1.485575
0.882126
1.092631
1.346396
0.127297
1.485616
1.486217
1.618399
0.244358
0.857480
0.992720
0.502306
0.046800
1.542520
0.074621
0.085045
0.765342
0.343810
1.500946
0.439661
1.485852
0.126682
1.670102
1.580826
0.172731
1.133975
0.929431
1.696050
0.579143
1.647153
0.568319
1.153312
0.579465
0.501972
1.491344
1.608459
0.558983
0.202728
1.048553
1.609988
0.302510
0.885033
0.594825
0.980244
0.036669
0.455335
0.723590
1.092001
1.487506
1.709764
0.895190
0.627807
0.337312
0.857311
0.037203
1.033203
0.061149
1.681972
0.978024
0.129379
0.069602
0.172496
1.631148
0.889470
0.158310
0.108898
1.680253
0.583055
0.680027
1.485811
1.486116
0.042904
1.031353
0.601485
1.714382
1.247450
0.049095
1.512073
1.723294
1.485383
0.248256
0.954695
0.452838
0.346459
0.232861
1.358151
1.485637
1.486074
0.385759
1.384396
0.453340
1.481624
0.506970
1.346585
1.136057
1.055149
1.338883
1.032802
1.486602
0.847150
1.478165
0.655697
0.130686
1.783364
1.734819
0.357943
0.201803
0.901784
1.615786
0.096090
0.059735
1.599234
1.509171
1.485624
1.033716
1.017090
1.132277
0.471796
1.732455
0.526318
1.472468
0.387052
1.134634
1.153270
0.782435
1.134968
0.348946
1.485719
0.068978
0.849494
0.789099
0.697867
1.355108
1.486235
0.072533
1.203329
1.500870
0.264530
0.083950
0.739282
0.484973
0.686490
1.736485
1.728076
0.467384
1.543502
1.485018
0.081335
0.079648
1.488149
1.447118
1.486589
1.198472
1.732335
0.079978
0.130384
0.107246
0.569530
1.008301
1.051402
1.483847
1.607419
1.035904
0.069643
0.108748
0.879592
0.596096
1.485753
1.540940
0.233190
1.173245
1.485624
1.617335
0.555578
0.397945
0.060632
0.589095
0.878737
0.373425
1.079607
1.508109
1.508400
1.680317
1.033357
0.893491
1.483235
0.889273
0.247989
0.734133
0.683575
1.048917
0.204860
1.721694
0.984638
0.740352
1.619225
0.594780
1.487044
0.627148
0.437095
1.486436
0.886832
0.595173
1.375690
1.690872
1.596994
1.682431
0.971981
1.734954
1.031539
0.246826
0.548841
0.867215
0.931367
1.184825
0.872467
1.730395
1.687553
0.185802
1.518707
1.480737
1.639176
0.393824
1.750794
0.167679
1.278832
0.410342
0.065572
0.597367
1.563551
0.193738
1.292581
1.126352
1.225250
0.949924
0.827900
0.898185
1.633787
1.134281
0.235160
0.885754
0.077433
1.487124
1.037097
0.892362
1.152986
1.336077
1.038323
0.434786
0.598441
0.772853
0.864650
0.657121
0.915998
0.272581
0.039520
1.485307
1.134226
1.497198
0.743597
1.735982
1.030350
1.479709
0.037156
0.154521
1.485508
1.228689
1.325446
1.627509
1.485684
1.597685
1.485609
1.524981
1.485739
1.074435
0.376818
1.733871
1.616620
0.559166
1.736399
0.052446
1.747864
1.618442
0.271878
1.747309
0.756914
1.133713
1.866741
0.585018
0.217660
1.219746
0.465654
1.688637
0.076741
0.353662
1.035372
0.157986
0.080390
0.211975
1.013057
1.631522
0.910340
0.043485
0.354625
1.067306
1.618545
0.042793
0.508446
0.909470
0.552272
0.044120
0.180044
1.675834
1.509867
0.136264
0.883502
1.483171
0.248347
1.486974
1.383995
1.032532
0.597911
0.392481
0.402749
1.032957
1.485583
0.959694
0.056505
0.076005
1.207134
1.383815
1.620558
0.313139
1.645041
0.954607
0.716437
1.479179
0.073786
0.945711
0.422385
0.424714
0.112712
0.363902
1.254786
1.803398
0.166362
1.485646
0.562325
0.938342
0.165540
1.698147
0.580093
1.644505
0.656142
1.681436
1.485289
1.096973
1.383621
1.682601
0.102208
0.280335
0.061459
0.077144
0.352807
0.565820
0.819570
1.617108
0.058181
1.195140
0.397389
0.045742
1.684333
0.623801
1.704386
0.456754
1.151088
0.039205
1.486044
0.049338
1.841321
0.688617
1.731712
1.485838
1.617793
1.485962
1.033234
1.485624
1.134901
1.687266
0.750440
1.647558
1.408729
0.815011
1.485510
0.110457
0.222483
1.068586
1.490219
0.053039
1.259186
1.486268
0.468278
1.683045
0.966142
1.628333
0.145089
1.275508
1.366734
0.387906
0.676715
0.966836
1.727933
0.096078
1.615936
1.033228
1.489881
1.485700
0.941613
1.485922
1.447398
0.129811
1.762888
1.473267
1.623634
1.482425
0.105359
1.717998
1.031789
1.485412
1.734684
0.394410
1.284463
0.939742
1.485659
0.120380
1.497366
1.138229
1.485607
0.131191
1.679474
0.367074
1.440560
1.028853
0.418460
0.567348
0.812438
1.485671
1.133156
0.957192
1.490310
0.474123
0.298740
0.315866
0.502510
1.393528
0.449897
0.333081
1.485554
1.491563
1.384505
0.239005
0.219637
1.385291
0.458855
0.861526
1.659840
0.065432
0.325983
1.732911
0.456167
1.198169
1.730583
1.867088
0.196756
1.699555
1.067236
0.059978
0.956395
0.389533
1.485443
1.370603
0.099615
0.812381
0.114680
0.288116
1.478983
0.085437
1.380750
1.033188
1.687087
0.919545
0.110765
0.274385
0.452796
0.635382
0.887113
0.038686
0.071279
1.485673
0.125724
0.184801
1.487707
1.498909
0.449178
0.231774
0.445496
1.162058
1.485654
0.723751
0.298885
1.485552
0.224689
1.485097
1.485900
1.015263
0.891682
0.441717
0.077515
0.190199
0.871034
1.485405
0.065092
1.488557
1.510993
1.035707
1.409201
0.622641
1.032334
0.750483
0.234820
1.677817
1.492350
0.082889
1.485657
1.386418
0.248659
0.781267
1.033559
0.619092
1.033667
0.551821
0.629329
0.256090
0.574611
1.045022
0.185416
1.497886
1.671139
1.818484
0.700544
0.309094
0.884038
1.715434
0.422153
1.485607
1.564026
1.384439
1.311183
1.682839
0.903413
0.259757
0.200739
1.478567
0.803921
1.192234
0.462067
1.434680
1.485642
1.286411
0.373173
1.486422
1.484985
0.207415
0.496163
1.590081
1.480994
0.280077
0.527014
1.489147
0.426759
1.053419
0.434644
1.287251
0.502583
0.086566
0.751934
0.858901
0.364112
1.076164
0.047969
0.141647
0.904730
0.353460
0.047764
1.737497
0.342488
1.039574
1.483233
1.604073
1.689555
1.347065
1.038792
1.455332
0.611117
0.526137
0.226632
0.129319
1.185015
1.151855
1.485746
0.178786
0.508822
0.620389
1.629431
0.748573
1.728187
0.687894
0.176255
0.698205
1.383996
1.163272
1.351653
0.891784
1.617780
1.723460
1.485852
1.490184
0.935655
1.733739
0.569613
1.485680
0.204008
1.680986
1.134471
1.732861
0.738299
1.485630
1.385770
0.253984
1.626184
0.356978
0.316027
0.742340
0.392528
1.042293
1.479994
1.608664
0.554245
0.055234
0.954431
0.722453
0.280029
0.038849
1.682444
0.555796
0.079974
1.324362
0.979686
1.485433
0.297040
1.119183
1.485162
0.679362
0.529575
0.940711
1.134657
0.955559
1.485694
1.730532
1.708905
1.347550
0.371600
0.756743
0.302458
0.150102
0.072028
0.972927
1.542614
1.033598
1.034145
0.259398
0.729218
0.435037
0.195415
1.485514
1.677919
0.394512
0.933703
1.688715
0.533669
1.132610
1.721488
1.485212
0.406292
1.401125
1.067232
1.033450
1.626107
0.273371
0.601040
0.289258
0.530762
0.372621
0.762709
1.235821
0.088877
0.479226
0.322162
0.959926
0.102848
1.078261
1.057162
0.671618
0.677389
1.495639
1.618711
1.136350
0.908923
0.465206
1.619677
1.033071
0.357290
0.721398
1.625960
0.779863
0.422018
1.596379
0.515082
0.621494
1.480791
0.121521
0.695395
1.033072
1.494929
0.432509
0.051965
0.412054
0.037508
0.477170
0.616166
0.061552
0.129221
0.509173
1.487084
1.483220
0.451162
0.888574
0.722563
1.038844
1.628692
1.485328
0.872645
0.572905
1.650941
1.485456
0.170319
1.646067
0.956546
1.032362
0.501838
0.081273
0.239882
0.349765
0.041090
1.605882
1.485736
0.278644
0.879462
1.485311
0.227892
1.493272
1.033148
1.268636
0.869579
0.963465
0.383619
0.880345
0.057484
0.592161
0.399698
0.341478
0.042196
0.178128
0.674057
0.580183
0.395264
1.733567
0.854079
1.492951
1.476680
1.570077
0.384315
1.616186
0.516055
0.092331
0.314802
1.673775
1.485662
1.134167
0.854836
0.900143
0.507073
0.889061
1.019818
1.030993
1.726112
0.631282
0.166260
1.153728
1.489619
0.705017
0.060303
1.033132
0.714845
1.488634
1.637266
1.485723
0.096802
1.471962
0.718695
1.031122
1.717892
0.067975
1.728933
0.101392
0.724045
1.488034
0.258764
0.872749
0.535663
0.322226
0.453494
1.033491
0.550805
0.481856
1.332578
0.184220
1.485637
1.485215
1.204954
0.245336
0.892954
1.600322
1.723877
1.288331
0.898160
1.346000
0.462468
1.730289
1.622786
0.159046
0.195730
1.609787
1.033043
0.885681
0.464618
0.410702
1.485578
0.618778
0.068635
0.427453
1.134342
1.682135
0.139373
0.759001
0.614811
0.088327
0.375899
0.127196
0.097071
1.519869
0.897342
0.065381
1.482189
0.883709
1.485722
1.572301
1.269808
0.455965
1.387967
0.889004
0.734288
0.925978
0.451293
0.716928
0.692949
1.033956
1.478877
1.176369
0.898580
0.063582
0.754586
0.891202
0.531587
0.954157
0.238586
1.014983
1.485668
1.570310
1.485613
1.485685
0.712877
1.650935
1.681867
0.230121
0.102862
0.249046
1.630623
1.402603
1.033322
0.913235
1.485939
1.591861
0.050597
1.485632
0.452029
0.941346
0.093412
1.717891
1.448085
1.128905
0.417342
1.384791
1.483200
1.040456
1.343394
1.485647
1.033544
1.486666
0.605519
0.173002
0.149454
1.485466
1.472571
1.675276
0.294483
1.572015
1.348025
1.656212
1.182995
1.492113
1.485687
1.166675
1.036131
0.055920
0.174046
0.087725
1.485699
1.733571
1.681879
1.649665
0.046016
1.187834
0.454652
0.748001
1.321029
0.550277
0.599193
1.044178
1.485681
0.121719
0.555147
0.512018
1.587370
1.519384
1.033840
0.938361
0.801962
1.484932
1.485932
0.461710
1.485925
1.220135
1.745352
0.315678
0.073139
1.486112
1.030897
0.095853
0.055093
0.907126
0.521166
0.663686
0.054903
0.915751
1.045685
1.488730
1.152932
1.187114
0.899915
0.100628
0.706420
0.190704
1.032949
1.107104
0.718521
0.876944
1.730642
1.485652
0.327137
1.487424
0.681438
0.043537
0.548498
0.296271
1.485736
1.698276
0.132320
0.293817
0.635895
0.123963
1.029130
0.644171
1.484343
1.621605
0.509139
1.384933
1.636757
1.490666
0.681266
1.134237
0.449453
0.226320
0.148401
0.121918
0.888522
0.595501
0.912217
1.501088
1.592728
1.485753
0.139840
0.689983
0.625006
0.365202
0.399029
0.556498
0.072294
1.717586
0.587919
1.384263
0.573007
1.202930
0.700921
1.489978
1.483360
0.088403
1.485666
1.728140
1.346413
0.717137
0.927478
0.798033
1.489461
0.683380
0.299855
0.514663
1.742754
1.626654
0.917156
1.614027
1.401340
0.581368
1.032126
1.617654
1.014788
0.488308
0.846980
0.037689
0.558687
0.205271
1.708183
1.506514
0.139873
1.032442
1.739469
0.429788
0.244554
0.120261
1.147438
0.652139
0.270104
1.186339
1.622618
0.564620
0.983863
1.230698
0.200706
0.049869
0.433134
0.427514
0.149875
0.302539
0.716069
1.506429
1.087574
1.774276
0.413693
0.595223
1.213594
0.323059
0.584963
0.110168
1.485856
0.150615
0.103138
0.754727
0.307197
1.384978
1.485986
1.485303
0.955823
0.992339
1.485751
0.376750
0.500367
1.275681
1.747853
0.511276
0.656295
0.313785
1.064651
1.605643
0.882897
0.355526
0.045617
0.154238
1.663760
1.734003
1.603629
0.243458
1.159610
0.939904
1.096617
1.494828
0.698930
1.659046
0.257406
1.486034
1.036392
1.385609
1.766644
0.665569
0.759258
1.035511
1.485629
1.525630
1.384748
1.232501
0.764744
0.404450
1.669107
0.115450
0.958753
0.359103
1.618696
1.026127
0.108040
0.378450
0.482525
0.692374
1.615510
1.483605
1.514478
1.215459
0.591047
0.570274
1.729632
1.542684
0.929625
0.054433
1.540258
0.940392
0.531666
0.157392
0.617573
1.408029
1.653242
0.897373
0.329178
0.942497
1.133546
1.663075
0.597711
1.618439
1.486125
1.251090
0.405893
0.387078
1.502253
1.586887
1.463051
0.294878
1.493769
1.383983
1.131468
0.339254
1.543457
1.345128
0.868220
0.187845
0.062017
0.743488
0.904451
0.949728
1.486879
0.706943
1.512704
1.175523
0.075994
1.186097
1.703435
0.400713
0.223246
0.569865
1.312371
0.051944
1.483799
0.909838
0.960238
1.035266
0.704146
1.485941
1.483293
1.029743
0.560272
0.123196
1.783644
1.383994
0.402963
1.211775
1.485038
0.099611
0.933669
0.471802
0.441307
0.849520
1.134249
1.062903
0.049541
1.534427
0.575358
1.744708
0.748127
1.401004
1.201887
1.115115
1.485533
0.976940
0.269425
1.485752
1.435040
1.057225
0.481283
0.287517
1.027633
0.069534
0.891835
1.031475
1.486141
1.362671
1.487051
0.706290
1.264397
0.109650
1.028514
0.901051
0.204382
0.070319
1.016413
0.852744
1.135092
0.339318
0.642837
0.161251
1.730919
0.642778
0.435810
0.287893
0.622437
0.085591
0.768767
0.277874
1.173161
0.309716
0.217847
1.147660
0.703830
0.115242
1.485541
1.132623
0.598196
0.133472
0.981664
0.277547
0.857274
0.139195
1.488360
1.234120
0.101037
0.184206
0.136610
0.036971
0.316995
0.383845
1.215087
1.593644
0.186344
1.685344
0.223922
0.226663
0.743818
0.055240
1.034616
0.961427
0.973642
0.269322
0.495980
1.485665
0.300051
0.284955
0.176303
1.738461
1.432034
0.932734
0.421944
0.929302
1.046742
1.384040
1.628700
1.034586
0.090503
0.492911
1.488962
1.194457
1.491317
1.485666
1.484555
0.075783
0.356172
1.612948
1.485841
1.486570
1.193058
1.467472
0.706510
0.650860
0.863527
1.134517
0.217203
1.485584
1.335178
0.672249
1.485247
0.756387
0.189739
1.124633
0.754651
0.061956
1.640717
1.054013
1.077254
1.620564
1.682163
0.556701
1.485599
1.155876
0.135766
0.097782
0.545842
0.958765
0.367164
1.484912
1.733209
0.720241
1.485610
0.155007
1.037663
0.697503
1.682920
1.568504
1.671764
1.226314
1.119971
0.928441
1.032967
1.091558
0.955058
0.835721
1.445956
1.616436
1.481003
1.485709
0.506000
0.957603
0.187093
1.485730
0.937712
1.683411
1.520055
1.487461
0.341898
0.466743
1.705730
0.877372
0.899909
1.486137
1.732624
1.678707
0.165517
0.377905
0.233255
1.731587
1.316089
0.879915
1.831157
1.725492
1.485853
1.127210
0.092624
1.487053
0.897882
0.961360
1.640145
1.666553
0.128732
0.080982
1.642839
1.486117
1.500245
1.158517
0.076262
1.485083
1.485630
0.526069
0.890511
1.488046
1.484142
1.215542
0.095673
0.051903
0.051794
1.384601
0.763150
0.944928
1.033527
1.486216
1.159843
0.087489
0.756345
1.522815
0.378708
1.220814
0.099045
1.453316
1.056981
0.674848
1.510388
0.052655
1.503900
0.147014
0.582180
1.346570
0.613737
0.112316
1.485575
1.485556
0.483601
1.253720
1.485761
0.099987
1.642701
1.502709
0.477385
1.134384
0.104095
1.198162
0.489015
0.279817
0.928735
1.023274
1.016945
1.487827
0.446098
0.594236
1.464234
1.344750
1.346594
1.487348
0.716564
0.987698
0.622373
0.165778
0.937312
0.956017
1.338337
0.036577
0.425914
1.485591
0.529203
0.112661
1.484938
1.674932
1.732480
1.383719
0.377445
1.303614
1.287809
1.517691
1.485899
1.139710
0.912958
0.530976
0.259381
0.155674
0.990136
0.331254
0.908310
1.628148
0.899228
1.613445
0.824194
0.210926
0.448805
0.376227
1.485576
1.542404
1.122995
1.486141
1.385702
0.684082
0.647940
0.056116
1.092088
0.813883
1.485950
1.033577
1.485150
0.901569
1.033087
0.044550
1.484911
1.750190
0.075905
1.623500
0.259494
0.661786
0.246924
0.348350
1.248323
0.524463
0.699392
1.153877
1.486076
0.204427
1.617488
1.809280
1.470788
0.545654
0.377475
0.209180
1.197453
0.046229
1.110180
0.053107
1.485650
1.408644
1.485674
0.630715
0.427005
0.040981
1.683105
1.484178
1.660281
0.573473
1.557150
1.033406
0.240350
0.880859
1.485693
0.598910
1.485701
1.485739
0.291206
0.114192
0.151618
0.188572
0.115899
0.614877
0.527043
0.445721
0.154239
1.494522
0.057214
0.922870
1.485998
1.151157
1.036534
1.511382
1.384841
1.035539
1.243446
0.528321
0.764426
1.680682
0.441934
1.032317
0.061976
1.487502
1.489019
1.033210
1.195251
0.956044
1.738305
1.838256
1.327706
0.769142
1.500173
1.030811
0.295163
0.604148
1.484935
1.729455
1.485687
1.485590
1.154832
0.502212
0.210479
1.137395
0.052609
1.453693
1.392162
0.489625
0.039156
0.897804
1.000573
0.487917
0.725370
0.913386
0.310016
0.319611
0.684016
1.486620
1.033014
0.364713
0.674757
1.724753
0.073278
1.618558
1.208359
1.028237
0.245568
0.255243
1.033160
1.285984
1.120142
0.767958
1.149808
1.813326
0.757445
1.614815
1.485552
1.500043
0.121801
1.684331
0.875080
1.647951
1.447724
0.888557
0.572570
1.619261
0.885054
1.681710
0.347419
0.280789
1.681621
0.148385
1.198133
0.397395
1.233734
0.122719
1.619403
1.134446
1.485116
1.485442
1.486285
1.485759
0.062981
1.513468
0.157879
0.610330
1.032961
0.368443
1.760033
0.357905
1.730456
1.141210
0.553589
1.485831
0.478450
0.707150
0.471016
1.615701
1.384657
0.977888
1.479254
1.032933
0.445345
0.189304
1.581395
1.485879
0.160241
0.123391
0.098129
1.687495
0.455431
1.485649
0.659134
0.123117
0.400488
1.804533
0.053857
1.153958
1.096696
0.944456
0.639061
1.161970
1.487165
0.761724
0.459620
1.455787
0.666998
0.112597
0.459792
0.552277
0.504787
0.682345
0.514083
0.704295
0.389093
0.815938
0.703825
1.034428
0.203972
1.604687
0.867056
0.874778
0.218877
1.734253
1.689964
1.308521
0.392855
0.327592
0.534278
1.729578
0.194271
0.190905
1.679336
1.342075
1.143565
0.641965
0.956058
0.354622
0.104817
0.186406
1.370294
0.788549
0.869060
0.234813
1.383517
1.679687
1.704028
1.654001
0.069765
1.031220
0.085825
0.561216
1.497874
1.681424
0.477851
0.501710
1.485991
0.450148
0.618777
1.485718
1.487271
1.470235
1.382751
1.151376
0.582646
0.701367
1.032390
1.044679
1.507208
1.577105
1.682339
0.744868
0.080024
0.540323
1.485789
0.971119
0.941102
1.661980
0.753795
0.855228
1.155440
1.678494
1.490142
0.867780
0.304332
1.032305
1.485672
0.378062
0.321719
1.194007
1.388363
0.059970
1.031420
0.309242
0.539146
0.746137
1.733791
0.913572
0.188820
0.735465
0.408877
1.620827
1.162783
1.675102
0.737380
1.026002
0.240734
0.874999
0.939324
0.929638
1.676319
1.511237
0.900217
1.486341
0.987706
1.116337
0.829245
0.190861
1.346488
1.490414
0.832397
0.676246
1.429596
0.678301
1.127969
1.485678
1.028000
1.342280
1.466374
0.461107
0.172795
1.193180
1.032247
0.368733
1.681836
0.709987
1.618533
1.033627
0.529489
0.076598
1.492838
1.485666
1.342587
1.485473
1.032365
1.483259
1.596090
0.069024
0.093764
0.913861
1.681522
0.753931
0.044815
1.482735
0.400938
1.485483
1.614466
1.224517
0.686793
1.033668
1.629866
0.768286
1.033494
0.041610
0.995547
0.321332
1.039829
1.022598
1.384221
0.414398
1.485743
1.485719
1.708913
0.878399
0.041331
0.172768
1.731954
1.681485
0.354342
0.048428
0.793757
0.466285
0.244483
0.079510
1.486042
0.891019
1.384096
0.271436
1.418049
0.095748
1.657509
0.654961
1.034214
0.225205
0.264519
1.052444
1.487714
0.461483
1.683042
1.031929
1.616446
0.856676
0.806750
0.094595
0.198703
0.185717
1.204927
1.597568
0.236161
1.758830
1.663939
1.487657
1.685690
0.195696
1.485696
1.486085
0.579118
0.146738
1.726959
1.131548
1.286516
1.485712
0.304721
0.706836
1.738092
1.641511
1.696122
0.698855
0.408415
0.138037
1.495055
0.730924
0.723729
1.734762
0.859254
1.050304
0.422704
0.596687
0.882852
0.758629
1.442011
0.127436
0.798411
0.537199
1.390169
1.382708
1.485109
1.391966
0.820443
1.584572
1.734603
0.284342
0.373253
1.129902
1.403330
0.176239
0.610887
0.305435
0.440348
0.480143
1.033079
1.150676
1.682034
0.815755
1.782766
0.591120
1.063580
1.679244
1.524630
0.127425
1.485770
1.481591
0.046766
1.682416
1.163453
0.312059
0.367824
1.031822
0.355397
0.281528
1.399198
0.887530
0.462909
0.061882
0.307229
0.044480
0.167198
0.461458
0.219962
1.619537
1.480604
1.835483
0.505146
0.554575
1.493296
0.704619
1.486420
1.569993
0.754635
1.484597
0.305135
0.117550
1.485714
0.994785
1.624617
0.736706
1.393190
1.151301
1.732182
0.460152
0.544635
1.486426
0.951626
0.218296
0.292979
1.485794
1.485842
1.487934
1.485981
0.598996
1.724290
0.930110
1.485599
1.635499
0.732901
1.135129
1.485936
1.104978
0.513283
0.217836
0.100945
0.041985
1.031837
0.547224
1.639068
0.171778
0.149788
0.430846
0.839113
1.033386
1.485647
0.948556
0.337433
0.566062
1.730293
1.611111
1.701631
0.604702
1.616554
1.244578
0.522712
0.465685
0.205744
0.720580
0.710629
0.244309
0.890507
0.078937
0.070202
0.207408
0.689052
1.343995
1.485693
1.070070
0.894185
1.729606
0.995286
0.364089
1.640856
1.717552
0.100815
1.134366
0.903486
1.679223
0.369691
0.899287
0.929080
0.360384
0.043532
0.382304
0.560080
0.805975
0.900333
0.092130
1.037318
0.072704
0.637023
0.050602
1.029608
1.333033
0.773223
0.150177
0.062701
0.056600
0.084054
0.960478
0.673040
1.485784
1.483443
1.485576
1.485681
1.485404
1.109866
1.033177
0.186123
1.152851
1.008416
0.681019
1.034251
0.291588
1.346254
1.381384
0.438885
0.604512
0.481705
1.609077
0.045076
1.733428
1.417625
0.913244
1.485638
1.033916
0.880406
0.414517
0.916959
1.152474
1.055238
1.528350
0.880940
1.496765
0.613761
0.970898
1.033305
1.485662
0.658017
0.168398
1.734626
0.269706
0.099192
0.231639
1.601312
0.724003
1.616931
1.485653
0.910499
1.708515
0.956887
1.433985
1.031801
0.058661
0.533736
0.599957
1.033755
0.140559
1.115072
0.657875
0.067674
1.622124
0.055629
0.588290
0.296763
0.486853
1.486913
0.811641
1.134030
0.938517
1.033987
0.528250
0.854580
1.202489
0.290980
0.661496
1.324092
0.041995
0.869291
0.274936
0.074253
0.898691
0.438076
1.485644
1.404939
1.485690
0.944002
0.067363
0.086920
0.548167
1.472420
0.331800
0.986701
1.466803
1.485580
1.632393
0.716992
0.971081
1.517677
1.485587
0.119150
1.180250
0.434789
0.569317
0.446636
1.485646
1.489392
0.691128
1.485759
0.051968
0.137974
0.101653
0.292917
1.484181
0.547874
1.641693
0.450370
1.176393
0.373232
1.032816
0.526551
0.898677
0.797997
0.896515
0.089691
1.494677
0.447970
0.148251
1.254587
0.157223
0.101123
1.486023
0.449987
0.262249
0.155574
0.817267
1.683920
1.056358
0.202391
1.343060
0.171854
0.070278
0.961097
1.528235
0.183610
0.602926
1.485677
1.618646
1.486072
0.286624
0.614368
1.496870
0.169037
1.485808
1.751625
0.880155
0.894228
1.345711
1.671087
0.872894
0.038781
0.174925
1.732059
0.445164
0.349196
1.384286
0.247252
1.728009
0.218029
1.483329
0.929354
0.681922
0.073238
0.072050
0.751340
1.154119
0.806905
0.880706
1.033714
1.534029
1.385231
0.146344
1.651050
1.618562
1.485688
1.643656
0.702493
1.682022
1.485543
1.480550
0.358882
1.570839
1.368869
1.504673
1.222920
0.686519
0.244235
1.149094
0.693947
1.402589
0.157431
1.532168
0.681492
1.619236
1.475352
1.032650
1.392031
0.996034
1.484386
1.618071
1.146791
0.157345
0.960239
1.033089
0.068339
1.682567
0.743480
1.611976
0.089042
1.196225
0.060975
0.096568
0.190315
1.736291
1.624071
1.619266
1.618528
0.046338
0.620330
1.119636
1.134450
1.157831
0.468024
1.749759
1.485746
0.339195
1.033274
1.626491
0.532922
0.353185
0.048544
1.117318
1.485711
1.033222
1.730439
0.177448
0.682084
1.125597
1.185846
1.257917
0.271507
0.607466
1.034073
0.043228
0.718840
0.102404
0.473768
0.894148
1.253716
1.152813
0.791029
1.485731
1.486521
1.498488
0.105513
1.504570
0.281837
0.430631
1.399528
0.495295
0.382835
0.059451
0.899560
1.635737
0.204210
0.496373
1.682289
0.073565
0.370062
0.773511
1.385880
0.360537
1.754222
1.175516
0.244994
0.774412
0.039299
0.633919
1.023216
1.481246
0.617986
0.064065
1.514874
0.045274
0.185154
0.461245
1.477629
0.430730
1.486225
0.731228
1.033100
0.059151
0.044273
1.543488
1.381539
1.146986
1.732007
1.487301
0.057039
1.676938
0.617568
1.199161
1.033721
0.703929
1.681017
0.793538
0.579330
1.485621
0.149926
1.484456
0.882846
1.371526
1.587211
1.132887
1.618085
1.746885
0.984850
0.565950
0.914396
0.211685
1.704656
1.789990
1.204916
1.651646
1.486572
0.951855
1.665722
1.486152
0.425172
0.634705
0.901120
1.483626
1.726120
0.090272
0.136113
0.957285
0.403987
1.505694
1.755656
1.485702
1.484676
0.499095
1.690207
1.503646
0.278885
1.525549
1.471011
1.276591
1.384387
0.254761
0.046372
1.485655
1.703441
1.159632
0.390242
0.397202
0.298708
0.483760
1.485589
1.735852
1.483806
0.376295
1.486067
0.570609
1.485420
0.375100
0.405632
0.794536
0.253767
0.499014
0.088098
0.109157
1.499357
0.421227
0.102732
0.682158
0.142860
0.771723
0.258089
0.136436
0.876864
0.868304
1.462011
1.178092
1.030598
0.864458
0.814717
1.516418
0.636721
1.694934
1.384282
0.228034
1.730830
0.834477
1.129752
1.614849
0.367378
1.134324
0.082309
0.751681
0.482343
1.617528
1.483423
0.912573
0.509196
0.643612
1.731758
0.698247
0.074596
1.152935
0.559304
1.691988
1.488478
0.060131
1.035747
0.945603
0.120956
1.384059
0.090743
1.195641
1.487031
1.617746
1.680539
1.485573
1.486844
1.554869
1.485659
0.140405
0.472319
1.651526
1.485661
0.156826
0.956303
1.014456
0.212649
1.486036
0.072100
1.125239
0.229187
1.617135
1.108121
1.319270
0.316116
1.182239
1.487077
1.134360
0.684946
0.067460
1.619067
1.485662
0.107129
0.326418
0.669235
1.183069
0.718139
0.830747
0.178975
1.681572
0.988456
0.752906
0.594639
0.335513
0.095555
1.689434
1.134459
1.215503
1.721574
1.400129
0.566931
1.485492
0.049719
1.619229
0.550761
0.747937
0.126762
1.680449
0.647943
0.639104
1.485745
1.623391
1.682899
0.050981
1.592116
0.945030
1.622350
0.265339
0.106222
1.840589
0.950581
0.375827
0.738055
1.632952
1.620263
0.713384
0.918243
1.016036
0.086459
0.714172
1.311849
0.573765
0.374092
1.618170
1.362142
1.485494
1.532872
0.720503
0.423408
1.387100
0.743186
0.043773
0.486672
1.615332
0.317404
0.576888
0.057506
0.668147
1.742516
1.680761
1.172434
1.016500
0.128490
0.293283
0.724764
0.185230
0.514679
1.624807
0.891338
1.652671
0.672566
0.950362
0.344984
1.349665
0.947891
0.732173
0.043684
1.033166
0.037379
0.513702
0.046343
1.485241
0.245365
0.369916
1.582022
1.805761
0.624184
1.761686
0.055291
1.134444
0.892082
1.618585
0.045718
1.485498
1.485615
1.485673
0.127424
1.630966
1.485636
0.366148
0.416167
1.485778
0.886787
0.060109
0.909755
0.630796
1.480606
1.613608
1.194491
1.550691
0.242818
0.476621
0.955841
0.935966
1.176796
0.077529
0.263046
0.139526
0.046928
0.463449
1.615760
0.246870
1.712269
1.617785
0.064953
0.401985
1.493944
1.394217
0.904068
0.087534
1.134533
1.641793
0.159711
0.398391
1.486360
0.539471
1.029953
0.085383
1.098763
0.053376
1.113233
0.508256
0.101420
1.730682
1.483787
1.440729
1.660382
1.618249
1.044334
0.845738
0.159868
1.485673
0.517704
1.485727
1.032465
1.031566
0.474396
0.353833
1.384360
1.032600
0.075814
0.263693
1.485219
0.414334
0.072353
0.586116
1.482446
1.485750
1.267119
1.487188
1.483134
0.036305
1.034731
0.324629
1.031374
1.429535
0.045567
0.695744
1.755023
1.485420
0.198441
1.021676
0.674965
1.195503
1.485717
0.631839
1.616016
1.033734
0.792049
0.942033
0.953572
0.823248
0.084117
1.761124
1.835033
0.570754
1.670263
0.871896
0.201895
1.624798
1.165886
0.677564
0.379514
0.775197
0.068939
1.207987
0.517784
0.918238
1.560644
0.923531
0.561124
1.706310
1.681130
0.604067
0.066963
0.279846
0.185821
0.765751
1.094798
0.360110
0.953520
0.088013
0.883937
0.248225
1.579522
0.490057
0.099469
1.485498
0.428653
1.345203
0.060753
0.566178
0.184172
1.620156
0.860409
0.560538
0.060102
1.682062
0.932406
1.486153
1.132562
0.894818
0.119438
1.487224
0.378408
0.943406
0.865810
0.815286
1.176933
0.631246
0.120396
1.716430
0.235401
1.377480
0.336043
1.039162
0.517355
0.442852
1.613815
1.729975
1.713890
0.231344
1.485839
0.261080
0.733116
1.729881
1.684615
0.091662
1.226227
0.656092
0.893355
0.078945
0.202384
1.230959
0.196650
0.753930
1.617558
0.851874
1.413900
1.731594
0.292454
1.485632
0.651422
1.638840
1.712731
1.812881
1.234373
1.486769
0.097814
1.485687
0.217001
0.481483
0.083747
1.119191
1.180978
1.485665
0.841840
1.613409
1.487011
0.595729
0.395514
1.642009
1.155250
1.733305
0.299027
0.984333
1.486960
1.543786
1.154255
1.649877
1.126242
0.204583
0.134626
1.487808
1.146899
1.623444
1.485637
1.341523
0.321535
1.485684
0.380090
1.699597
1.289292
0.142944
1.485467
1.495108
0.490300
0.572979
1.383174
1.683039
1.485637
0.883139
0.219596
1.462591
0.189516
0.749767
0.440010
0.200780
0.203142
0.410785
1.049479
1.381889
1.032504
1.033016
1.540569
0.531244
1.487112
0.381537
1.032926
1.656446
1.033210
0.670812
0.157190
1.485743
1.149155
1.486572
0.908183
1.384936
0.124239
0.825902
1.682756
0.562486
0.672569
0.894172
1.465527
1.035567
0.147351
1.627051
0.063745
0.697019
0.608571
1.664371
1.084753
1.718160
0.512399
1.383885
1.133841
1.485434
0.896047
1.681197
1.452138
1.467568
1.070705
1.346903
0.546286
1.197768
1.485269
0.125169
1.012204
0.130457
1.734151
1.220971
0.717305
0.118661
1.036124
0.792831
1.485572
1.452398
1.346969
0.053215
1.131533
0.042738
0.377762
1.485691
0.888842
0.893892
1.485631
1.689632
1.520005
1.448931
1.025218
0.099474
0.192887
0.462993
0.507762
0.356380
1.485346
0.357459
0.115934
0.363892
1.612235
1.641009
0.098293
1.733434
0.687334
1.060090
1.485944
1.485905
1.684010
1.485703
1.386575
0.256984
0.881331
1.383818
0.050698
1.032424
0.497382
0.100605
1.033187
0.194719
0.853905
1.493640
0.977066
1.722527
0.610410
1.643566
1.677758
1.534696
0.108560
1.499366
0.638561
0.169172
0.680195
0.530980
1.136671
0.820645
0.937800
0.213868
1.721300
1.485392
0.909780
0.092723
0.808379
0.052886
1.485659
0.061340
0.283426
0.584299
1.485676
0.057500
1.514241
0.802675
1.061399
0.610247
0.664364
1.703041
1.032580
1.083402
1.094824
0.382947
0.344346
0.681657
1.573980
0.104679
0.835770
0.881412
1.485636
0.912796
1.485299
0.741335
0.046680
1.683760
1.732358
0.042819
0.272790
1.485661
0.568458
0.885199
0.890434
0.061001
1.338371
1.485658
0.360811
1.345127
0.090537
0.835340
0.510194
0.171512
0.138559
1.485727
1.487862
1.200242
0.929750
0.070803
0.752630
1.495958
0.071469
0.905128
1.485711
1.733361
0.861390
1.472591
1.616230
0.903650
0.602674
0.049068
0.161502
0.809829
1.201220
0.928996
0.310506
1.435711
1.679130
1.338271
0.640794
0.714722
0.859414
1.678297
0.253644
1.684765
0.756483
0.121198
0.051148
1.033390
1.656410
0.733897
0.049413
0.381732
1.487892
0.605393
1.612635
1.484181
0.045738
1.401320
0.902596
1.485638
0.107294
0.474924
0.894348
0.325894
0.096246
1.732208
0.852998
0.512452
0.938543
1.708671
0.087509
1.486008
0.535300
0.052506
1.612249
0.636122
1.859619
1.032473
0.137372
0.480450
0.257695
0.442038
0.164975
1.367730
1.656941
1.485677
1.529328
1.679045
0.890712
0.692481
1.049380
1.485878
0.248619
0.273243
1.033143
1.678415
0.528267
1.485661
0.293441
0.695858
0.529265
1.683638
1.485886
1.012939
0.666794
1.189968
0.073858
1.240951
0.907465
0.736075
0.279124
1.740173
0.134329
1.697819
0.879105
1.657531
1.733263
0.949693
1.479847
1.683556
1.456748
1.560742
1.486820
0.191709
1.211189
0.079496
1.682483
0.139974
0.347477
0.397860
1.497289
0.383911
1.485850
1.672762
1.083911
1.132573
1.193663
1.398230
0.341178
1.727822
1.682349
1.164341
1.485785
0.706604
0.132232
0.624582
1.182064
0.413709
1.679502
0.171088
1.728700
0.391584
0.503227
0.521419
1.214365
1.174216
1.484822
0.050379
0.882839
1.161698
0.740821
0.084981
0.808894
1.728631
0.313553
1.285628
1.618667
0.910617
0.365494
1.475970
1.004290
1.117249
0.136439
0.546433
0.165848
1.485347
0.952200
1.616193
0.601817
1.162361
0.467172
1.165487
0.132660
0.908165
0.493258
0.897121
0.531896
0.328985
0.726904
1.484206
0.874444
0.900521
0.293214
0.641994
0.458878
0.712335
1.485837
0.597903
1.033895
0.244817
0.086837
0.294086
1.127024
0.150955
0.244621
1.031415
0.887347
0.070621
0.754196
0.560856
1.132030
1.451305
0.094509
0.344692
1.548190
1.494720
0.916107
0.690332
1.743781
0.125663
0.692477
1.635513
0.158365
1.098697
0.150717
0.037229
0.940618
1.059822
0.698628
1.590838
1.141503
1.681109
1.485933
1.033713
0.550582
1.511052
0.077736
1.488082
0.330413
0.053853
1.381036
0.914379
0.053461
1.208729
1.601685
1.133378
1.486119
0.072424
1.482353
1.488819
0.670440
1.485443
1.500916
1.744752
1.382418
1.346242
1.732482
0.788152
1.485668
1.071630
0.304333
1.859878
1.485673
0.550491
1.628141
0.087544
1.540223
0.467396
0.334759
1.030508
0.704801
0.557676
1.487682
0.154558
1.133605
0.552664
0.244884
0.669163
0.525886
1.565939
1.497921
0.074098
0.648656
0.872296
1.672485
1.384397
0.477966
0.906325
1.870481
0.330849
1.437752
0.096820
0.571182
0.557933
1.191225
0.413189
0.310645
1.810946
1.843013
1.683199
0.624334
0.065351
1.617541
1.726435
0.086979
0.725245
0.513345
1.039462
0.904771
1.532987
1.021316
0.436800
0.809119
1.488330
1.682170
1.481769
0.909894
0.489986
1.485571
1.132917
1.032600
1.360730
0.872751
1.623654
1.710815
0.983033
0.499147
1.615779
1.487473
0.084182
1.385555
1.485674
1.526565
0.888898
0.889939
1.491309
1.485236
1.410871
0.622340
1.682019
1.490836
1.159936
1.384331
0.957018
0.940548
1.726749
0.659800
0.460266
0.590508
1.485714
0.294089
0.361382
1.124369
1.485615
1.485794
1.675509
1.488187
0.586632
0.705486
1.097970
1.701893
1.281565
1.485336
0.198325
1.485646
0.962137
1.486103
0.236459
1.681431
0.161353
0.056846
0.849668
1.674353
0.392236
0.209225
0.217711
0.917721
0.176639
0.416853
0.727113
0.780090
1.156106
1.181992
1.030856
0.253651
1.485615
1.439602
0.456416
1.339037
1.383860
0.497381
1.485880
1.712211
1.343466
0.053193
0.389339
0.515836
1.720712
0.070774
0.122672
0.459071
0.606153
1.165380
1.039948
0.167989
0.333215
1.488883
0.174543
0.794490
0.838009
1.227733
1.031741
0.691049
1.485553
0.603177
0.036447
1.151010
1.485659
1.138547
1.485248
1.170312
0.487152
1.180631
0.102210
0.480946
0.396756
0.547364
1.437866
0.917307
1.731128
1.485209
0.323471
0.060341
0.058074
1.485749
1.204376
1.134412
1.681331
1.159919
1.159206
0.346073
1.485704
1.270863
0.931371
1.255926
0.610338
1.370618
1.514845
1.184661
1.485736
1.548055
1.485969
1.485679
0.590104
0.370512
1.336685
1.615791
1.227720
1.030948
1.025229
0.121294
0.647274
1.484899
0.724577
0.237222
0.724509
0.532181
1.486115
0.492016
0.683409
0.883288
1.485772
1.485657
0.898004
0.683590
1.485374
1.680766
1.068506
1.164632
1.289916
0.438085
0.835307
1.698141
0.833925
1.486032
0.382514
1.485617
1.029000
1.079026
1.501474
0.454490
1.617220
1.485615
1.690705
0.838930
1.486013
1.268976
0.058236
0.046765
0.536834
1.486581
1.247521
0.249277
1.485507
1.620989
0.482411
1.449234
1.615295
0.956436
1.258178
1.485781
1.109232
1.384159
1.725667
1.011789
0.945541
1.032429
1.486757
0.190174
0.447871
0.150234
1.758568
1.485457
0.563542
1.728742
1.033164
0.050508
1.680630
0.899790
0.947317
1.724213
1.485675
1.485672
1.253749
0.637841
0.094128
0.887622
1.461557
0.154055
0.479472
1.524125
1.485556
0.616140
1.649943
1.485618
1.491900
0.493763
1.036008
0.682856
1.617665
1.730876
1.092484
0.956947
0.043395
0.615984
1.485678
1.226203
0.377063
0.781676
0.676880
0.850152
1.036324
1.485662
0.141301
0.129848
1.490744
1.038573
0.762342
0.660485
0.912667
0.734883
1.461479
0.266258
0.639741
0.221289
0.354737
0.501784
1.618882
1.668715
0.195455
0.731821
1.485668
1.489065
0.131849
1.484919
0.742478
1.161410
1.037504
1.487499
0.410209
0.911311
1.106369
0.053544
0.607067
0.205331
1.487356
0.476340
0.708047
1.732135
0.220518
1.203507
0.046371
0.682338
1.032223
0.568721
0.050407
0.121754
0.314920
1.485084
1.056351
1.512986
0.886088
1.485709
1.030706
1.679874
1.484029
1.035093
0.677810
1.468986
0.641551
0.324821
0.551407
1.384489
0.941696
0.366217
1.487839
0.089049
0.391379
0.956325
1.466803
1.625483
0.166651
0.434968
0.854436
1.209367
1.732564
1.060805
0.848066
1.033062
0.674742
0.833464
1.682958
0.489690
1.656440
1.486467
0.880284
0.888934
0.074264
1.853622
1.643281
1.487406
1.702467
1.642503
0.127532
0.120339
1.166284
0.190003
0.384719
0.439707
1.077858
1.214767
1.707456
0.218201
0.049360
1.678562
0.209751
0.869964
0.136279
0.087244
1.691717
1.218550
1.485646
0.414147
0.680031
0.081323
0.072927
1.122000
0.548594
1.485691
1.484608
0.450069
1.213125
0.991923
1.557608
0.428825
0.096698
0.053627
0.914860
0.690850
1.521871
1.848547
1.618346
1.485803
1.384030
1.681718
0.156884
1.485530
0.221344
0.531311
0.185635
1.485645
1.132491
1.030376
0.660316
1.485731
1.159765
0.191920
1.748300
1.134757
1.267107
0.923340
0.848782
0.064774
1.409554
1.257293
0.541017
0.798749
0.045462
0.053648
0.046670
1.471884
1.491290
0.536117
0.059854
1.100476
0.562327
1.624396
0.196013
1.485272
0.128753
0.724492
0.182725
1.134466
0.281358
0.349519
0.086184
1.459833
0.244470
1.505691
1.050070
1.153749
1.157779
1.132507
1.681721
0.481194
0.152047
0.677700
0.240183
0.872952
1.446792
0.145847
1.057220
0.729551
1.048292
1.777699
0.889315
0.198623
0.279223
0.564179
1.432476
0.947152
0.900882
0.046105
1.232838
1.498471
0.364151
0.371232
0.507860
1.717637
0.290229
0.145746
0.522480
0.946794
1.720363
0.597310
1.015209
0.190739
0.483684
1.033136
1.485593
0.297501
0.128380
0.449336
0.055664
0.123715
1.478229
0.825451
1.172108
1.646613
0.141721
0.276682
0.036417
0.137402
1.756676
1.250031
1.519977
0.588339
1.385397
1.494399
0.650472
1.647201
0.046561
0.342693
1.149652
0.865029
0.480257
1.485633
0.534688
0.885602
1.350153
1.052527
1.632147
0.898244
0.295023
1.678594
0.326113
1.485883
1.208159
1.617879
1.485680
0.892653
0.612688
0.856703
0.670535
1.484414
0.105953
1.729378
0.911894
1.029496
1.486255
1.507359
0.056663
0.049700
0.780350
1.287753
1.535218
1.485593
0.883997
0.363189
0.323178
1.116901
1.486562
0.368995
0.432400
0.176453
1.384138
0.390321
1.485526
0.054491
1.031644
0.141195
0.366557
0.899752
1.110960
0.784278
0.341857
0.588901
1.152172
0.390089
1.730193
1.485627
0.036133
0.079124
0.885760
0.155847
0.994752
1.346187
0.096052
1.033051
0.042172
0.585547
0.735118
1.033419
1.033617
0.059553
1.485657
0.711116
0.102659
1.485896
0.478489
0.121674
0.522737
0.458304
0.047822
0.069800
1.517137
1.426932
0.181888
1.485507
0.066501
1.687067
1.681681
0.404212
1.485401
0.065363
0.310985
0.381746
0.355110
1.679873
1.133101
0.595499
0.461018
0.444614
0.897053
1.624462
1.485655
0.718215
0.489674
0.104609
0.183138
0.765072
0.152390
1.680197
0.226043
0.501325
0.208245
1.584985
1.533747
1.033763
0.723559
0.441753
1.505050
1.488699
1.485956
1.261567
0.903893
0.578620
0.459489
0.134196
1.628329
1.483954
0.246962
1.034446
0.763258
0.671144
0.560363
0.079230
0.905728
0.887638
0.070341
1.033218
1.638819
0.741737
0.130731
1.682553
1.753258
0.169318
0.479789
0.803737
0.655473
0.175716
1.486066
0.305329
1.737547
0.345504
1.033894
1.485582
0.980752
0.039180
1.485763
0.324177
1.486794
0.843304
0.375004
0.694252
1.485674
0.223519
0.361294
1.499236
0.757191
0.095904
0.671195
1.681622
1.488577
0.574394
0.583947
1.485708
1.088768
1.485571
0.374273
1.569628
0.553010
1.051584
1.205159
0.227067
0.068285
1.294460
1.610271
1.083183
0.074187
0.369788
1.567889
0.909827
0.299275
0.074026
0.492380
1.052789
1.693812
0.606776
0.352879
1.616886
0.852035
1.257864
1.652596
0.257126
0.167463
1.062532
1.465062
1.555764
1.344846
0.501057
1.109371
0.720411
0.434166
1.485665
0.066473
1.485669
0.237822
1.209354
1.346209
0.408884
0.715128
1.033098
1.346415
1.485656
1.003308
0.874058
0.937268
1.475663
0.428566
0.888576
1.603481
0.416098
1.032709
0.083564
0.072254
0.103187
1.433417
0.937621
0.894663
0.865345
0.825603
1.485182
0.136179
1.658789
1.485228
1.491112
0.726617
1.384650
1.152710
1.763264
1.221073
1.485685
1.618279
1.151432
0.438463
0.249293
0.897786
0.145170
0.067657
0.522402
1.484397
0.153456
1.384165
0.964369
0.744245
0.744525
1.485159
0.442490
0.672821
1.226541
0.528891
1.471702
1.670048
1.879812
1.480970
0.062803
1.729914
0.276480
0.179215
1.617631
1.486726
1.485672
0.899002
1.227479
1.727455
0.199735
0.693438
0.128237
0.707438
1.500871
1.159506
0.984457
0.761465
1.664665
0.065689
0.382845
1.376339
1.032206
1.733446
0.418295
1.715751
0.709171
0.921144
1.220350
1.528572
1.485705
1.031011
1.700326
0.916065
1.033479
0.443125
0.895128
0.957379
1.486516
0.364800
1.485705
1.205013
0.223698
0.615435
1.348286
1.039109
1.337120
0.354349
1.392079
0.405882
1.116104
0.306818
0.855757
0.576372
0.099071
0.355598
0.644118
1.620541
0.459334
1.666412
0.576917
1.690544
0.100051
0.643382
0.056262
0.162438
1.516490
1.477375
0.389171
0.232199
1.487733
1.485669
0.977910
0.115549
0.239682
0.318361
1.653659
0.730706
1.682626
0.871316
0.904738
1.485943
0.583648
0.644947
0.045296
0.937690
0.302561
1.127615
1.483711
1.151722
0.639763
1.023586
1.586724
0.880845
0.231351
1.311734
0.718477
1.664911
1.486578
0.367970
0.209784
0.936103
0.154187
0.056373
0.086955
1.478503
1.485653
1.486520
0.586290
0.081642
0.771890
0.383188
0.867398
0.949308
0.150780
1.419391
1.200749
0.748142
1.759979
1.385277
0.143784
1.485703
0.055198
1.151108
0.844915
1.485647
0.856590
1.031930
0.615893
0.569593
0.049896
1.032719
0.718744
0.928081
0.048491
1.494106
1.677214
1.031851
1.036560
1.471475
0.067816
1.033430
1.600638
1.862121
0.264894
0.828888
1.194643
1.485640
0.060856
0.699806
0.165070
1.619262
1.485566
1.485665
0.654961
1.147192
0.624713
1.732767
0.137217
1.485538
0.896421
1.744964
0.563230
0.207069
1.491855
0.383539
0.199550
1.172953
0.039176
0.040987
0.130528
0.372214
0.134094
1.730142
0.357997
0.358183
0.752965
1.627982
0.679121
0.478476
0.695289
1.485191
1.348313
0.900057
1.486133
0.178800
0.044911
1.425275
0.922926
1.033962
0.070071
1.485264
0.700010
0.576649
0.517727
0.657591
1.637978
0.238720
0.955934
0.637907
0.049584
1.680643
1.457481
0.333415
0.211055
0.101587
0.327613
1.684132
0.120524
1.497707
0.282221
1.334783
0.574149
1.607413
1.031641
0.901540
0.346215
1.602503
0.218450
1.032941
0.833261
0.139401
1.617334
1.484487
0.344059
0.327485
1.485587
0.089108
1.824721
0.605524
1.485882
1.734843
1.188166
0.047230
1.485936
1.558163
1.032452
0.231481
0.351977
0.182387
0.113589
1.200980
1.202874
0.046650
1.485692
1.051114
0.615747
0.110861
1.504197
1.486626
0.734126
0.291872
1.500063
1.485689
1.032170
0.376787
0.072619
1.565531
0.479598
1.579627
1.032592
0.049987
0.118990
0.490913
0.953739
0.105166
0.755751
1.485614
1.452280
1.729407
0.221923
1.637880
1.694728
1.126072
1.224318
0.360970
0.391566
1.492477
1.764567
1.485664
1.681942
1.549805
0.781319
1.485044
0.698310
1.677105
0.480188
0.477993
1.485674
1.488421
0.907774
0.409520
1.489996
0.188842
1.152511
0.133373
1.614176
1.733059
1.485445
0.595111
0.100805
0.192569
1.485663
1.033223
1.606994
0.285176
1.035340
1.817608
0.881552
0.232235
0.038530
1.483807
1.034801
0.166059
0.709758
1.739514
1.596639
1.486062
1.485703
1.130692
0.607435
0.664589
0.038405
1.612118
0.110008
0.589196
0.039769
1.484699
1.007796
0.091559
0.947654
1.485691
1.486766
0.632930
0.920253
0.050468
0.512267
0.566920
0.049425
0.549702
1.485663
0.696638
0.561983
0.164228
1.485672
0.684057
0.728937
0.337043
1.483329
1.042567
0.786084
1.138118
0.886138
0.282503
0.162701
1.023771
0.073764
0.040319
1.485766
1.681944
1.538126
0.964234
0.701700
0.708347
0.672309
1.485414
0.309907
1.558414
1.806577
0.626449
0.437513
0.954060
1.486823
0.615622
1.000386
0.918486
1.040180
0.962103
1.361709
1.676542
0.363598
0.902941
0.722787
0.191749
0.908561
0.948904
0.649640
1.381943
0.139681
0.126897
0.435681
1.485652
1.026883
1.037884
1.150959
1.480100
1.618140
0.195088
1.622341
1.176488
1.042850
0.051396
1.243148
0.175206
1.251745
0.917620
0.297850
0.451841
0.727364
0.511818
1.221708
0.572357
0.509979
1.748572
1.041929
0.350309
0.903371
1.000460
0.275949
1.019490
1.634791
1.200700
0.251379
1.680265
0.069944
0.298432
1.680824
1.046734
1.134446
1.030950
0.088806
0.185483
1.037676
0.279946
1.596377
1.008785
0.473566
0.106841
0.677516
0.386998
0.303704
0.553077
0.919193
1.623960
1.752920
1.485785
0.047776
0.742918
1.144602
1.439908
1.682554
0.632270
0.961871
0.346558
1.485623
0.680876
0.874203
0.462094
1.485617
1.037067
0.349086
0.040493
0.154411
1.484147
0.506573
1.485483
1.683270
1.129535
0.201144
0.247649
0.975631
0.784163
0.069941
0.044253
1.632735
1.239085
1.611522
0.489976
1.037628
0.935068
0.285033
1.324408
0.296797
0.645132
0.116826
0.062679
0.313985
0.948894
0.083521
0.098835
0.489351
1.062839
0.908329
0.700213
0.992963
0.866479
0.252679
0.919661
1.133063
0.659076
0.127390
0.135650
1.339265
1.479419
0.669827
1.488262
0.953710
1.152395
1.485595
0.431342
1.484746
1.479622
1.485781
0.118584
0.524284
1.394212
0.450562
0.910561
1.485713
0.895998
1.020244
1.522568
0.688410
0.213216
0.489573
1.485679
0.132529
0.618072
0.623971
0.642147
1.684875
1.684500
1.261784
0.226864
0.104701
0.630298
0.716948
0.735688
0.944106
1.029531
0.054368
0.351404
0.901608
0.371139
0.120207
0.098680
1.464549
0.891976
1.302164
0.519856
1.485635
1.034712
0.977851
1.733688
0.723372
0.046284
1.648067
0.953935
1.520061
0.155437
1.484174
0.796500
1.562111
0.599190
0.896395
1.172035
0.896486
0.233876
1.616764
1.133911
0.064637
0.957413
1.681634
0.050816
1.339282
0.648595
1.147401
1.033672
1.180742
1.485464
1.134226
0.302274
1.346479
1.733149
0.083569
0.896470
0.404066
1.485349
1.490382
0.239155
0.042184
0.056927
1.033291
0.437913
0.247507
0.948658
0.316524
1.135849
1.614567
0.405516
0.553619
1.588032
0.045316
0.937566
1.671118
1.224174
1.044934
1.499166
1.060485
0.198732
0.685099
1.032998
0.928132
0.067445
0.050218
0.106951
1.733184
1.031991
0.606847
1.174408
1.047265
0.953320
0.082193
0.665945
1.383758
1.232494
1.039108
0.051853
1.664919
0.347910
0.270397
1.724874
1.040176
1.624398
0.895279
1.485700
0.860897
1.152904
0.245423
1.217873
0.657868
1.520632
0.905256
0.063735
0.085968
0.804454
0.059393
1.494520
0.307890
0.955484
0.100073
0.971976
1.484017
1.485659
0.104796
0.345692
1.715827
1.457937
1.485556
1.135002
1.053146
0.397569
1.041663
1.665745
0.038853
0.672490
1.036660
1.215722
0.121994
0.049030
1.037791
0.526800
1.041147
0.904432
0.162349
0.120233
0.874712
1.126467
0.845017
0.476735
1.590286
0.163975
0.705161
0.381494
1.485565
1.153715
0.116909
1.485740
1.502301
1.489794
1.483932
1.681887
1.681610
0.315261
0.469820
0.198097
1.022994
1.240193
0.967914
1.710714
1.486036
0.563695
1.181643
0.679498
1.742371
1.485636
1.663532
1.485658
1.485933
1.753294
0.472431
1.675886
1.720514
1.133219
0.585359
1.109137
1.384386
0.671839
1.425456
0.138972
1.720476
0.371312
1.033644
1.383723
1.032276
0.778233
0.430488
1.693227
0.271682
1.682131
0.897452
0.609244
1.167038
0.194643
1.485061
0.282720
0.042632
0.921767
1.384373
0.957289
0.646199
1.346881
0.158693
0.630313
0.081035
1.485818
1.389869
0.884510
0.563109
0.432523
1.585729
0.039367
1.387372
1.486421
0.449801
0.286155
0.258587
1.524045
1.489867
1.488103
0.469003
0.737099
0.125710
1.680524
1.485155
1.719101
0.537603
1.225367
0.955254
1.176496
1.345263
1.519466
0.073657
0.483253
1.485732
1.034272
0.767546
1.650838
1.057958
0.509520
0.239790
1.436944
1.679303
0.120040
0.131654
0.454838
1.724630
1.134428
0.100658
1.485674
0.433529
0.487868
1.543775
1.681898
0.999338
0.924540
1.485824
1.303318
0.903462
0.724556
1.588427
0.407358
1.031668
1.672155
0.100293
1.049099
1.485613
1.718525
0.320335
0.906438
0.488385
1.307038
1.033019
1.033070
1.485688
0.078287
0.109720
1.485761
0.996193
1.491199
0.667331
0.228549
1.491772
1.383637
0.484749
0.445678
0.632341
1.136041
1.196290
0.222164
0.960821
1.032928
1.485589
1.152473
1.491891
1.597817
1.484406
0.889256
0.904391
0.406287
1.732727
1.485374
1.692229
1.034280
0.048162
0.070550
0.884151
0.804238
1.490813
0.752286
1.483272
1.331348
0.454996
1.033294
0.877872
0.443139
1.155080
0.090549
0.987012
1.457749
0.928294
0.758469
1.484137
1.485661
1.647764
0.864376
0.219320
1.151506
1.473012
1.869289
0.036516
0.083431
0.216451
0.352056
1.382940
1.485781
0.514961
0.569386
0.951903
1.229510
0.038686
0.336039
1.485638
0.244306
0.427068
0.945325
0.076291
1.484899
0.713503
0.742118
0.880657
1.485547
0.052080
1.051016
1.011830
0.512672
1.047845
1.618432
0.091278
1.031753
1.157369
1.440696
1.210881
1.156981
1.485739
0.345319
0.197096
1.387359
0.109628
0.229932
0.438548
0.623246
1.616458
0.614701
1.682436
1.734689
0.214460
0.709700
1.518596
1.485749
0.421498
1.486279
1.487185
1.485585
0.479406
0.940407
0.149798
1.485187
1.383959
1.493004
1.395138
1.784103
0.067326
1.612796
0.106501
0.162910
0.740580
0.802016
0.644422
0.150773
0.040829
1.384625
1.487417
0.424642
1.135315
0.952437
0.829012
0.052849
1.489114
1.033303
1.485106
0.174016
1.494113
1.174465
0.134171
0.889571
1.025681
0.461823
0.614763
1.034958
0.079896
1.049591
1.032695
0.469262
1.485650
0.712148
1.486369
1.380416
0.725752
1.485822
1.671982
1.720344
0.507250
1.384899
1.021780
0.199635
0.217502
1.709847
1.680016
1.486952
0.937376
0.045370
1.032942
1.029478
1.628768
1.478480
1.026819
1.508516
0.728828
0.393380
0.952622
1.485697
0.634886
0.448276
1.389597
1.604385
0.933433
1.493353
1.190115
1.484491
0.265244
1.045287
1.757864
1.619188
1.034308
0.313180
0.044405
0.117732
1.485728
1.038355
1.485423
1.485652
1.248986
1.385662
0.056360
1.385906
0.473911
1.071322
1.485641
0.166268
1.485669
0.854292
1.485089
1.033668
1.516379
1.198880
1.188017
1.735978
1.484309
1.667478
0.369578
1.529538
0.419860
1.203532
1.483548
0.786697
1.049978
1.732595
0.311624
0.049034
1.438875
0.958204
0.648031
1.677473
0.959847
0.366309
0.601842
1.472408
0.090787
1.485715
0.756272
1.485624
0.654142
1.485496
0.289408
0.600517
0.658094
1.686092
1.709746
0.465179
0.197445
0.648314
0.952710
0.500362
1.404980
0.640202
1.645458
1.725128
0.504371
1.478206
1.384004
0.405414
0.116789
1.674763
1.485176
0.887020
1.617785
1.504578
1.384985
1.485774
1.393648
0.885307
1.492883
1.485666
0.311942
0.458590
0.369042
1.485776
0.567734
1.029749
1.740825
1.354387
1.485662
1.485692
0.396741
1.495277
1.487858
0.562828
0.985763
1.135680
0.567654
0.929351
0.521700
0.732065
1.681744
1.675309
0.427730
1.524354
0.887770
1.613827
0.083308
1.682245
1.493991
0.479847
0.372645
0.115616
1.647684
1.519031
0.118242
0.072511
0.097979
1.029578
0.522715
0.416969
1.666156
1.220767
1.486856
1.066730
0.433392
0.345403
0.708177
0.951339
0.593185
0.979212
1.033000
0.057440
0.723301
0.597003
0.391615
1.485693
1.011724
0.070246
1.485728
0.685231
0.734733
1.033072
1.732234
0.044693
1.151501
1.032242
1.681540
0.317089
0.208172
1.430542
0.047781
0.433125
0.873863
0.716228
1.622823
1.485563
1.170620
1.486261
0.491973
1.622576
1.253357
0.294843
1.485665
0.783634
0.080080
0.177199
0.926253
1.688056
1.485639
0.897835
1.685955
0.442683
0.463173
1.717232
1.022376
0.930717
1.485111
0.819166
1.469193
1.151077
0.447104
1.488997
1.152680
1.725500
0.080203
0.228594
0.101258
1.677727
1.486153
0.197379
0.273967
1.029681
0.556805
0.306493
0.066982
0.213036
1.019028
0.488745
0.698985
1.109281
0.896138
1.134778
1.485574
0.923647
1.419105
1.500509
1.539390
1.728415
0.169661
0.265703
1.485605
0.270908
1.217981
0.675221
1.622977
0.603981
0.515071
0.452370
1.033659
0.920288
0.096002
0.902878
1.222410
0.056967
1.485788
1.732825
0.881983
1.730343
0.226186
0.062253
0.210265
1.080922
1.032489
0.560136
0.127670
0.038497
1.616834
0.515021
1.235466
0.597176
0.664360
1.846077
1.034875
1.710067
0.494060
0.875060
1.480054
0.952157
0.947875
0.429120
0.037032
0.334247
0.898083
1.485651
0.544056
1.388601
1.619216
0.908799
1.628663
1.484957
0.939726
0.230585
1.618979
0.677393
1.485631
1.350633
0.167765
0.214103
1.614240
1.767357
0.951960
1.033014
1.486055
1.491575
1.134515
0.201689
1.464649
1.485860
0.071441
1.724265
1.738147
1.057165
0.905553
0.345478
0.594354
0.910116
0.086581
1.617860
1.659759
1.485657
0.833072
0.899803
0.772645
1.240153
1.482989
0.166777
1.493628
1.592209
1.205192
1.486458
0.062251
1.034647
0.762030
0.108968
1.485765
0.323318
1.483208
0.467639
0.277151
0.511606
0.159096
0.117155
0.088670
1.615290
1.055362
1.471573
1.485600
1.485686
0.432038
1.484370
1.686183
0.908770
0.125337
0.149098
1.733190
0.201466
0.124876
1.050822
0.057098
0.657286
1.034709
0.068876
0.044294
1.677448
0.809615
0.105283
0.899508
0.347853
0.353884
0.046995
1.483978
0.265139
1.491329
1.034281
1.485679
0.218712
0.164163
1.484470
0.425499
0.858294
1.108378
1.030939
0.753602
0.772494
1.593125
0.929217
1.031195
0.955960
0.480746
0.564798
1.522967
0.125820
0.854685
1.485700
0.083508
0.500260
0.510713
1.691772
0.111517
0.891188
1.667148
0.149173
1.646083
0.293399
1.671757
1.485744
0.395813
0.111211
1.551854
0.676223
0.518430
0.221668
1.660236
1.239331
1.033792
0.283478
1.133349
1.692880
0.900801
1.485767
1.402271
0.538471
0.437254
0.704314
0.511036
0.884964
0.450350
1.030488
0.160821
0.059048
1.133987
1.632150
0.284561
1.372868
0.046671
0.155473
0.698765
1.680740
1.536976
0.664364
1.426819
0.718691
0.087723
0.163459
0.875657
0.545931
1.219522
0.104533
1.346786
0.954700
1.625480
0.633722
0.229964
1.682113
1.523338
0.672136
0.078449
1.032525
0.793634
1.483341
1.681000
0.849532
1.151556
1.485599
0.765071
0.556713
0.896290
1.151865
1.038077
0.632198
1.485258
1.485603
0.047586
1.743004
0.425771
1.485250
1.133477
0.213984
1.728429
1.047339
1.485474
0.907108
0.501326
1.384355
1.485651
0.955501
0.043861
1.690478
0.040443
1.504720
1.485754
0.805404
0.170014
0.332026
1.351642
1.782406
1.485630
1.026560
0.597510
0.705405
1.687979
1.530249
0.077417
0.889236
0.064407
1.595895
1.526978
1.494261
1.153142
1.510541
1.487268
1.804267
0.820323
0.246793
1.485972
0.388938
0.209624
0.377851
0.209930
0.663927
0.533632
0.375198
1.165816
0.689970
0.108134
0.905763
1.480843
0.749381
1.133902
1.485648
0.101399
1.622392
1.035827
1.700100
1.684145
0.415007
0.413346
0.050835
0.130706
1.412227
1.546865
0.387558
1.153328
0.129259
1.135183
0.293543
0.404583
1.475976
1.490020
1.134164
1.681504
0.689393
0.070863
1.178286
1.485787
1.031933
1.490113
0.671628
0.418228
0.180773
0.658529
0.205354
1.486973
1.442139
0.236104
1.485672
0.580044
1.245162
0.064061
1.042001
1.657353
1.485571
0.121400
1.164851
0.096359
1.485578
0.758461
0.530982
0.147172
0.243207
1.485799
1.485856
1.703842
0.074964
0.444348
0.066755
1.485687
1.395999
1.587437
1.649935
0.223174
0.201346
0.954726
0.052593
0.927929
0.944006
1.484369
1.650997
0.374098
1.733920
0.729192
1.547728
0.219273
1.165486
0.915349
0.735219
0.838099
1.024839
0.939187
1.753353
1.628474
1.733122
0.193127
1.198914
1.034747
0.940839
1.481836
0.075918
1.485821
1.224981
0.190736
1.795116
0.048528
1.462971
0.990251
1.484596
0.353701
0.885206
1.504917
0.239897
0.133138
1.650566
1.485584
1.382503
0.065438
0.899960
0.899602
0.264817
1.729490
1.483692
1.693903
1.506867
0.207806
0.087074
0.811390
0.657592
0.669793
0.444331
1.319124
0.222524
1.521397
0.319189
0.427255
0.140193
1.810875
0.995239
0.884346
1.034104
0.299994
1.827006
0.412349
0.712296
1.485650
0.212219
0.615690
0.603794
1.386647
0.075913
0.060756
1.152714
0.893199
0.149651
0.356271
1.484373
1.494685
1.033712
1.131398
1.037503
0.117200
1.582194
0.878168
1.020952
0.799246
1.485606
0.087419
0.589454
1.485647
1.551507
0.404319
0.110995
0.042838
1.316710
0.547189
0.199704
1.682860
1.346411
0.497047
0.473716
1.485670
0.192839
0.212854
1.100173
0.130111
1.484952
0.888233
1.659233
1.032561
1.218278
1.032540
0.961457
1.685386
1.421092
1.485834
0.891259
0.599061
0.132789
0.320859
1.031870
0.374093
1.519891
1.480742
0.973090
1.728774
1.670426
0.228984
0.496046
0.732183
1.029332
0.450912
1.485668
0.080650
1.498172
0.483554
1.485522
0.985733
1.159211
0.853824
0.066922
1.495424
1.345605
0.732962
0.940371
0.304857
0.114587
0.458428
0.425320
1.056438
0.069687
0.715139
1.617705
0.051560
0.040112
0.851716
1.366637
0.547923
0.475859
0.443439
0.927203
1.729947
0.202911
0.853043
1.699186
0.384907
1.488192
0.616364
1.485668
0.419105
0.588255
0.942404
1.486341
0.180553
1.229867
0.706595
0.396194
0.043406
1.193448
1.618771
1.681473
0.423987
1.772554
1.485564
0.090360
1.615205
0.358530
1.490729
0.897683
0.070907
1.650790
1.088712
1.032547
0.920264
1.134013
0.412969
0.672781
0.890944
0.903863
0.455890
1.725918
1.134151
1.493950
1.485631
1.475340
0.115258
1.485454
0.843672
0.624790
0.550891
1.485285
1.033986
0.069769
1.628979
1.523613
0.555957
1.071769
0.768369
0.559139
1.364027
0.514138
0.888247
1.547587
1.158665
1.486220
0.496127
0.088555
0.097314
0.110723
0.328665
1.032502
0.505610
0.691088
0.308332
1.481792
1.485624
1.485425
1.619876
0.446497
1.205297
1.346651
1.486277
1.520536
0.551380
1.628469
1.621755
0.650561
1.513674
1.682624
1.678924
1.126776
1.596444
1.125989
1.134781
1.734060
1.152371
1.565829
0.694951
1.031581
0.250735
1.042684
0.037382
1.134576
0.096012
1.029303
0.639606
0.840753
0.232656
0.670382
0.587852
1.501208
1.489476
1.485525
0.738687
0.562282
0.798952
1.485298
0.523041
0.074656
1.482419
1.495820
1.489838
0.976743
1.483564
1.568170
0.552634
0.084959
1.384589
1.771013
1.523811
0.958797
1.486202
0.231858
0.758663
0.611012
1.495014
1.467296
0.511327
0.073999
0.421006
0.430741
1.485653
0.064648
1.485408
1.482240
0.945404
1.741487
0.389956
0.355028
1.692208
0.686345
1.032961
1.865472
0.065764
1.736041
1.497101
1.679010
1.220836
0.054829
1.489027
1.468234
0.771890
0.041171
0.404228
0.350326
0.967432
0.703926
1.485426
1.057045
1.485351
0.047529
0.471214
1.486481
1.355054
0.073886
0.529207
0.591897
1.347031
0.188989
0.274193
1.468824
1.504296
0.327346
0.102758
0.377053
1.684919
0.071641
0.493495
0.474192
0.359986
0.622529
0.440133
1.485705
1.221888
1.731110
1.486127
0.716361
1.202261
0.772521
0.901466
0.542969
0.464556
1.681818
1.171240
0.218766
1.241970
0.103232
0.887990
0.651743
1.032646
1.490843
0.060012
1.663155
0.479292
0.384787
1.082927
0.202573
0.565439
0.665037
1.492067
1.258470
0.640887
0.623124
1.210093
1.485411
1.026653
0.918347
0.562348
0.820142
1.807190
0.533786
1.037192
1.225581
0.143374
0.522818
0.610065
0.769357
1.079631
0.534911
1.151572
1.485759
0.114596
1.487054
0.065389
0.127889
1.094677
1.485641
1.025802
0.235768
1.443872
1.618409
1.460841
0.379103
0.406373
0.129136
1.496164
1.684524
0.133299
1.267686
0.405097
0.159663
1.324930
0.469942
1.485623
0.752269
0.577211
0.466436
0.982929
1.371944
0.722438
1.485803
1.152093
0.428533
0.868496
0.716054
1.681277
0.853984
1.485602
1.423923
0.365084
1.617186
1.485634
0.711524
0.075287
0.972144
0.729563
0.502369
1.723474
1.642440
0.139402
1.682106
1.485715
0.081356
0.140762
1.849692
0.772349
0.466431
0.062958
1.728104
1.031469
1.171734
0.078970
1.484076
0.050381
1.617427
0.086930
0.749434
1.325773
0.846436
0.771722
0.692435
1.148647
1.202663
1.728869
0.280595
0.063315
1.384616
1.485641
1.485428
1.484819
0.957241
1.035591
0.050954
0.075231
0.934070
0.280477
1.730611
1.052097
0.607221
0.733914
0.307358
1.616431
0.366066
1.036015
0.919928
0.722182
0.333091
1.478507
0.094607
1.034829
0.931959
1.033135
1.133599
0.053939
0.727790
1.222422
1.476825
0.562227
1.029701
0.927746
1.384626
1.689228
0.068094
0.814342
1.485966
0.371501
0.155019
1.084472
0.187004
0.737478
1.484889
1.398658
0.851443
0.812086
1.614425
0.220639
0.665296
0.665089
0.883499
0.981997
1.729739
1.711640
0.136724
1.512057
1.286398
0.130092
1.362677
1.384878
1.681983
1.678462
0.304419
0.641260
0.855807
1.457905
1.787300
0.392660
1.509398
1.719485
1.680319
1.486976
0.782386
0.198722
0.809241
1.724030
1.246826
1.026568
0.837618
1.129241
0.571678
1.130345
0.454614
1.483577
0.130514
0.117903
0.416215
1.484349
1.346622
0.424719
0.491794
1.704240
0.495808
1.485392
1.217998
1.484448
1.582636
1.485647
1.190113
0.352153
0.322940
0.579910
1.199968
1.486530
0.082908
1.032466
1.681475
0.048691
1.485887
0.065622
0.598464
0.039102
0.932237
1.514550
0.141742
0.616071
0.824430
0.053320
1.728646
1.631872
1.485704
1.479698
1.485754
0.133444
0.609577
0.349560
1.135136
1.485666
0.955967
0.054816
1.485652
1.714911
0.072569
0.522109
1.688077
1.498135
1.477987
0.809247
1.488873
1.681575
0.042264
1.038708
1.031351
1.158542
1.677761
1.031005
1.633149
1.487260
0.907527
0.421602
0.051324
0.261085
1.620849
1.485660
1.142816
0.494835
1.039499
1.593987
0.530183
1.164937
1.681365
0.914237
1.025207
0.145028
1.607550
0.703229
0.037308
0.767073
0.067526
0.062843
1.714165
1.075426
1.485698
0.182180
1.032945
1.485646
1.676801
1.134769
0.118216
0.884091
1.083201
1.644006
0.183225
0.714004
0.689788
0.869730
0.259762
1.558496
1.614636
0.638556
0.053666
0.827500
1.384332
1.744007
0.931564
1.529363
0.055885
1.683262
1.650635
1.486223
1.649894
1.442541
0.736013
1.485574
1.485576
1.392172
0.053747
0.717213
1.486173
0.148167
1.483554
0.679251
1.761220
1.710751
1.621115
0.876851
1.661845
0.603294
0.492842
0.626980
1.680848
1.435882
0.734759
1.485599
0.782771
1.181524
1.485311
0.290919
0.857966
0.169115
1.033094
0.595602
0.869270
1.496826
0.930877
1.346795
1.194917
1.034033
1.009964
0.377617
0.249300
0.602290
1.467364
1.443291
1.487166
0.117547
0.969233
1.485707
0.070574
0.953048
1.400016
0.118743
1.493391
0.890356
0.532578
1.043600
0.514595
1.485655
0.327999
1.647563
0.484758
0.119205
1.481792
0.413246
1.031647
1.514108
1.044888
1.750497
0.229269
0.917135
1.489039
0.045467
0.527959
0.879477
1.670721
0.044407
0.724890
1.485133
0.383454
0.936758
1.159745
1.461805
1.697705
0.725931
1.032085
1.626639
1.483485
0.885789
1.033551
1.775777
0.875392
0.062059
1.489249
1.505714
1.517704
1.230736
0.048082
0.588528
1.338034
0.157990
0.851368
0.211251
0.101995
0.965117
1.485792
0.473107
0.463943
1.485680
1.689362
1.609571
1.731584
1.016937
0.116640
0.065186
0.211865
1.571130
1.485742
1.485631
1.491840
0.040942
1.529934
1.681389
0.698044
0.857962
0.710051
0.995081
0.609650
0.736616
1.485678
1.417637
0.679570
0.387378
1.732898
0.073627
1.580528
1.494419
1.347205
1.729066
1.486832
0.773770
1.532861
0.740429
1.485710
0.641621
0.078630
1.161929
1.484325
1.485581
0.636134
0.049661
1.453748
1.681239
0.499222
0.397005
1.678001
0.134056
1.485662
0.087907
0.318785
1.352026
1.436707
1.485790
1.033545
0.053572
1.045184
1.659776
1.196134
1.670372
1.485107
1.218277
0.966801
0.366528
0.071517
0.731580
0.455153
1.543104
0.242571
0.083506
0.133463
1.544030
1.487687
0.037696
0.942869
0.077080
1.691422
1.135871
0.111723
1.135222
0.473728
0.040800
0.955517
1.692028
0.501714
1.412135
1.473107
1.687392
1.150684
0.423648
1.574122
0.517811
1.489228
1.485618
1.486197
1.839098
1.715118
1.489055
0.833716
0.040330
1.223198
0.419482
0.268239
1.383953
1.153217
0.180009
0.418663
0.691698
0.478887
0.304084
0.167517
0.742015
0.144895
0.548260
0.373859
0.036291
0.694390
1.120959
1.485610
0.037277
1.347522
1.711825
1.681945
1.602944
0.584195
0.404346
1.089192
0.879774
1.231239
0.937347
1.485895
0.776976
0.957474
1.481439
1.485670
0.505362
0.924775
0.178021
0.953962
1.288838
1.134613
0.583741
1.746982
0.157408
0.157300
0.932214
0.528501
0.777538
1.485827
1.662062
1.485979
0.561772
1.486947
1.278421
1.486103
0.216348
1.069565
0.943715
0.109361
1.485680
1.484615
1.485314
1.618793
0.536813
1.346959
0.502106
0.445922
0.909167
0.239458
1.197163
1.479570
0.474941
0.153730
0.144450
0.615639
1.660097
0.735551
1.619179
1.485913
0.362678
0.169962
0.133042
0.749067
1.535864
1.485123
1.773571
1.750524
0.274949
0.963917
0.380776
1.031827
0.103831
1.691677
0.917889
1.485861
0.398989
0.514879
0.218020
0.609071
0.589213
1.485654
0.115214
1.484275
1.485724
0.332898
0.779871
1.485628
1.067908
1.245716
1.485818
1.685263
0.561981
0.506045
0.066554
0.535570
1.477350
0.155279
0.148198
1.486882
1.793811
1.485633
0.597162
1.735092
1.616163
1.033070
0.292294
0.720253
0.289583
1.383879
0.087668
0.456206
1.672538
1.743740
0.213776
0.609788
1.613985
0.365415
0.281520
0.360267
0.262380
1.485717
1.384027
0.641769
1.485634
0.093510
0.292734
0.371108
0.449991
0.877602
0.590939
0.367953
0.386956
1.021499
0.217308
0.136241
1.485502
0.367490
0.302295
0.280749
0.989533
1.506734
0.458274
0.341316
0.811554
1.485691
1.485654
0.893422
1.639895
0.427174
0.079477
1.485647
0.613437
1.485685
0.548337
0.369178
0.092674
1.567492
1.392712
1.732038
1.342816
0.885526
1.467044
1.485740
1.622031
0.956565
1.485768
0.611876
1.484802
0.594841
0.395391
1.204887
0.111957
0.425412
0.330065
0.181013
0.071197
1.732879
0.396301
0.621079
0.834229
0.493021
1.736166
1.304152
1.485566
1.390524
0.137271
0.303160
1.042673
1.033981
0.956057
0.423991
1.682155
0.856215
0.384130
0.933076
0.386231
0.699703
1.466049
1.491007
0.653764
1.484849
1.489091
1.484308
1.407227
0.360778
0.727216
1.617393
0.069547
0.953657
0.837052
0.395738
0.770707
0.108552
0.725102
1.452178
1.729931
0.725107
0.782616
0.416161
1.151205
1.282576
0.053817
0.606340
1.457390
1.485724
1.487015
0.909994
1.484626
1.495821
1.485663
0.876060
0.195208
1.730206
1.485630
1.481339
0.108384
1.032922
1.033169
1.716206
0.890696
1.486386
0.721368
1.668293
0.106501
0.395864
0.110866
0.615039
1.593177
1.032376
1.494682
1.346074
1.040792
0.101026
0.623351
1.318474
0.084755
0.132096
1.035495
1.493979
1.469667
0.187598
0.050855
1.099287
1.631473
0.597252
1.766459
0.900873
0.729883
1.485519
0.375700
0.734638
0.448290
0.554170
1.485722
1.610512
1.485618
1.485676
0.102905
0.084011
0.637199
1.528401
1.485723
0.093581
1.059781
0.845590
1.033459
0.744250
1.485909
0.076505
1.346695
0.355889
0.682177
1.504259
0.519390
1.028951
0.599578
1.485653
0.302779
0.052017
0.317604
1.706194
0.609241
1.484207
1.497567
0.857837
1.486833
0.186303
1.156230
0.058953
0.397088
0.177273
1.724852
1.485660
1.382510
1.338149
0.053364
0.236243
1.629976
0.454592
1.485657
1.369413
1.665709
0.928338
0.049667
0.404184
0.905346
1.549373
1.485478
0.697570
1.681274
1.384206
0.062438
1.487183
1.485407
1.033104
0.720208
0.485204
0.550889
0.780756
1.538694
0.051217
0.491527
0.342856
1.474126
1.032350
0.685768
1.346715
1.485582
1.484841
0.074684
0.037855
0.085642
1.133023
0.128266
0.596519
1.483661
0.536647
1.485683
0.602937
0.689790
1.485886
0.329422
1.032711
1.485849
1.044348
1.350394
1.485667
1.075317
0.482464
1.692109
1.597427
1.183475
0.948164
0.150361
1.033847
0.404496
0.716587
1.002448
1.158749
0.114346
0.223802
1.508313
1.786364
1.485694
0.071556
0.126880
1.383497
1.384188
1.485895
0.146043
0.507649
1.033218
1.576326
0.167758
0.216077
1.644068
0.077357
0.466552
1.057314
1.485687
1.617637
1.485228
1.151208
1.485624
0.066441
0.877195
0.840534
0.747482
1.472151
0.472587
0.765795
0.893291
1.033101
0.122389
1.191682
1.489012
0.621758
1.251396
1.485119
1.486055
0.228411
1.237166
1.617643
1.161986
1.150076
1.485659
0.184870
0.865159
1.220167
0.955334
0.873385
0.530499
1.150035
0.713844
0.974480
0.893061
1.485920
0.774490
1.253456
1.484884
1.047562
0.120554
1.101987
1.485663
0.259313
1.444067
0.056679
0.053494
1.485578
1.147942
1.495461
1.386120
0.224308
1.262324
0.745991
1.477558
0.364429
0.089917
0.187950
1.185770
0.547129
0.357622
0.899346
1.196384
0.589207
0.537093
0.502794
1.384625
1.022266
0.115356
1.681555
1.232671
1.483853
0.780816
1.473328
0.913990
0.275971
0.375070
0.880323
1.673522
1.731791
0.522035
0.645753
1.132223
1.486438
1.485606
1.343980
1.025685
0.078605
0.916927
0.929017
1.485703
0.585976
1.331703
1.574953
1.433326
1.485682
0.607037
1.609406
1.683966
0.061041
1.035915
1.384107
0.360810
0.054808
1.485868
0.331305
1.485492
0.887335
0.372156
0.800671
0.201485
0.696568
1.485467
1.484898
0.809267
1.485726
1.133860
1.546747
0.928640
1.493237
0.458036
1.734158
0.054488
1.387744
0.320099
1.472009
1.485670
0.946213
0.363154
0.652095
1.218556
1.485123
0.772421
1.016928
0.590055
1.728884
1.717926
1.451806
1.142224
1.491712
0.802460
0.327721
1.618596
1.482932
1.485644
1.608367
0.931944
0.385522
0.189195
1.602924
0.644921
0.182252
1.485689
0.580970
1.377271
0.040115
0.686014
1.627328
0.299190
0.044450
1.485907
1.485784
0.666050
0.244376
1.286214
0.418072
1.405002
0.489414
0.042671
0.847273
0.564647
1.041039
0.142539
0.503328
0.803958
1.485645
0.143669
0.127941
0.559973
1.179074
1.485559
1.493068
0.336616
0.459385
0.878494
0.218907
0.675701
1.484682
0.248350
1.317345
1.531091
1.304440
0.051229
1.033082
1.438075
0.269579
0.880820
0.043454
1.485689
0.657037
0.105690
0.872150
0.261665
1.485644
1.420783
1.269529
1.531217
0.715489
0.749847
0.217851
0.221926
1.031960
0.336488
1.860069
0.164045
1.668415
0.755154
0.153208
0.691652
0.174145
0.916897
0.926768
0.982421
0.358770
1.485569
1.153013
1.489525
0.668768
0.900004
0.196103
0.966169
1.623034
0.625805
0.765404
1.485293
1.485664
1.564832
1.684709
1.133080
1.485803
0.382086
1.705878
1.734638
0.171385
0.708737
1.363473
1.033816
0.331917
0.912680
1.485621
0.396165
1.726111
1.345587
1.485612
0.502988
0.108099
0.237087
1.450861
1.050622
0.144593
1.486429
0.074244
0.696428
1.681707
0.902775
0.273407
0.105164
0.650669
1.778449
0.313749
0.929905
0.080649
0.194227
0.091109
0.245150
0.563175
0.650202
1.146382
1.602800
0.900053
1.174019
1.680802
0.604341
1.162217
0.044420
0.485659
0.274472
1.216024
0.638351
0.908928
1.135208
1.539219
1.754932
1.617029
1.681951
1.485096
1.384394
0.234522
1.418524
0.454726
0.471742
1.052352
1.485672
1.216236
1.723061
0.696465
0.385181
1.351785
1.345722
0.904806
1.043355
0.674357
1.487795
1.465255
0.913871
1.384132
1.408202
0.148525
1.682344
0.493304
0.192354
1.479531
0.087532
0.061333
0.936822
1.735657
1.626647
0.258568
0.396517
1.495869
0.084545
0.584305
1.525646
0.316384
0.042485
1.731312
1.496869
0.081489
0.459932
1.486322
0.102916
0.117416
1.618062
1.485835
0.881841
0.225273
0.882823
1.175678
0.728299
0.544015
0.097697
1.488099
1.790936
1.681872
1.489913
0.055260
0.075144
0.680501
0.722422
0.255155
1.485883
0.902642
1.600796
1.484045
1.583232
1.481993
0.902291
1.495766
1.485665
0.273282
1.540404
1.031625
1.734062
1.499464
0.881866
0.704483
0.087364
0.940548
0.056988
1.132213
0.160978
1.489391
1.032738
1.131075
0.710643
0.283074
0.691707
0.269283
1.485368
0.429630
0.652581
0.154936
0.613953
1.213006
1.486566
1.855745
0.960662
0.269487
0.092235
1.036272
1.014882
0.049128
0.676645
1.485668
1.149240
0.908960
0.954455
0.270360
0.455003
0.766176
1.485673
0.710006
0.914523
1.677286
0.206107
0.564867
1.485663
1.570960
0.930455
1.490326
1.673747
1.486041
0.737698
0.901177
0.412273
0.039576
1.384167
1.488198
1.477305
1.672735
0.116870
1.404999
1.830579
1.384929
1.690778
0.591090
1.054270
0.776749
0.074746
1.489794
1.231544
0.787447
1.608017
0.178488
1.119956
1.484505
0.530618
0.291497
1.506201
1.504956
0.600790
0.433192
0.924260
0.225869
0.327588
1.032900
1.485536
1.110067
1.718964
0.038888
0.051069
0.854669
0.921581
1.485819
0.484643
0.496246
0.141050
0.525233
0.921278
1.158758
0.115237
0.433246
1.160415
1.492489
1.485712
0.160299
0.352108
0.068208
1.485682
1.040739
0.106197
1.181445
1.258429
0.476637
0.112602
1.618526
1.484394
0.919351
1.025832
1.308316
0.048302
0.079900
1.100256
1.011389
0.134562
0.628826
1.485679
1.735422
0.488770
0.088441
0.951009
1.482219
0.081495
0.041584
1.201429
1.033015
1.461748
1.132611
1.476193
1.482862
0.087830
1.484756
0.139160
1.114773
1.485428
1.733699
0.237038
0.471529
0.669114
0.371564
0.920367
1.484901
0.327630
1.382525
1.719660
0.891445
1.481687
0.929696
1.031850
0.578740
0.382906
1.114612
1.485651
1.151366
0.104868
1.726634
0.084887
0.080138
0.493551
0.700940
1.485683
0.644672
1.632970
0.472750
1.485689
1.484646
1.178819
0.464870
1.381451
1.260644
1.622035
1.479938
0.714597
1.485780
1.486374
1.485607
0.682769
0.793819
1.489285
0.636667
1.491352
0.472258
1.070381
1.488528
1.492309
1.620987
1.736994
0.510547
1.702814
1.537568
1.728350
0.444942
0.716274
0.429540
0.394345
1.032867
1.683407
1.680475
0.335741
0.156121
0.381436
1.034675
0.972306
0.323516
1.485858
0.083415
0.054615
0.197945
1.519688
1.063247
1.485683
0.107685
1.034418
0.151418
0.704154
1.599368
0.495939
1.134148
1.136045
0.444553
0.043694
0.094228
0.922857
0.348581
1.149190
0.313246
1.617413
1.485716
0.595964
0.522188
1.045527
1.225248
0.884014
1.025405
0.218721
1.662559
1.485663
0.719036
1.511681
1.423293
1.031133
1.684993
0.894373
0.840948
1.423385
0.536803
0.596879
0.294930
0.113300
1.733303
1.725742
1.617054
0.617215
1.134269
1.728478
0.626842
1.219482
1.755922
1.507079
0.885425
0.340123
0.908197
1.485742
1.000839
1.496241
1.485832
1.632581
0.453162
1.485704
0.216155
1.524496
0.250270
1.078238
1.162671
0.699573
0.111789
1.482433
0.448101
1.619162
0.922330
0.649209
0.546646
1.034391
0.068821
1.633838
0.388583
0.813677
0.714601
1.226499
0.943650
0.643985
0.208519
1.660391
0.159673
1.588823
0.707103
0.190560
1.491193
1.485630
1.033038
0.315226
0.138673
1.707517
1.134198
0.705926
0.387072
1.401018
1.615903
0.079180
1.476929
0.899559
0.778846
0.330087
0.218649
1.619935
1.485814
1.066357
1.485341
0.794960
1.640635
0.469965
0.047508
1.651361
1.758211
1.790529
1.238440
0.926609
1.639110
1.717632
1.668178
1.133706
0.072240
0.133049
0.657025
1.203403
1.757995
1.591331
1.693637
0.040785
1.022961
0.236171
1.681622
0.886225
0.895970
1.621141
1.267154
1.285633
1.489145
0.191147
0.131726
1.485667
0.135063
0.956905
1.008175
0.039722
1.032642
1.623184
0.316231
1.575394
1.491166
0.072343
1.083213
0.183547
1.136056
0.061085
1.680605
0.922669
0.637997
0.344469
1.646952
0.611180
0.070206
0.824314
0.558980
1.485191
1.278031
1.476180
0.473212
1.483603
0.037623
0.402176
0.113880
1.613114
0.788921
0.237570
0.274523
0.686235
0.851822
1.692787
0.854418
1.707684
1.078290
0.176954
1.177800
0.903482
0.213731
1.082096
0.191212
1.492026
1.485667
1.486479
1.769144
0.839671
0.099281
0.354236
0.332912
0.742317
1.681243
1.032313
1.133321
0.451832
0.913198
1.293175
0.571510
1.346297
0.955617
0.622623
0.498190
0.101590
1.436886
1.485778
1.629483
0.886734
1.435907
1.680302
0.890560
0.781032
1.485770
0.096682
0.436016
1.298983
1.544242
1.487027
1.509110
1.619250
0.951683
1.490127
0.053727
1.617725
1.491190
0.543856
1.233563
1.486500
0.055408
0.905938
0.160718
1.032949
0.169600
0.726772
1.485590
0.888036
0.163224
1.684269
0.161058
0.926668
0.078472
0.581712
1.232191
0.100747
1.485553
0.819109
0.808872
1.493202
1.135321
0.652465
1.343557
0.387613
1.490956
0.171018
1.485268
1.485668
0.910540
0.038965
0.135560
0.592716
1.574187
1.727985
1.618212
1.738709
1.631392
1.151131
0.419391
0.816334
0.434326
1.485627
1.422708
1.068631
1.589363
0.185654
1.482159
1.614844
0.363155
0.040627
0.315003
0.925443
1.468836
0.061358
0.110886
0.056658
1.533863
0.224324
0.468419
0.326442
0.712273
1.628682
1.485588
1.649648
1.253772
1.486151
0.668486
1.578344
0.523977
1.485615
0.136501
0.984394
0.171324
0.116168
1.590902
0.209948
0.488541
1.681888
1.490340
1.368937
0.046755
0.588257
1.355152
0.248178
1.677066
1.683314
1.485907
1.485655
0.430513
0.667656
1.655244
0.540519
1.034906
0.905959
0.113736
1.109771
0.223612
0.263844
0.319683
1.485747
0.144432
1.043915
0.243115
1.778881
0.329116
0.097201
0.674614
0.065483
0.666606
1.682507
0.877457
0.658534
1.485762
1.855862
1.619602
0.091858
1.033042
1.510260
1.120377
1.683718
1.615696
0.266553
0.474706
1.108863
0.178222
0.498475
0.159636
1.127428
0.102405
1.015864
0.713310
1.023680
0.506195
1.807513
1.152832
0.103215
0.501270
0.084917
0.786376
1.610530
0.593894
0.045160
0.068153
0.128382
0.692228
1.380401
1.033367
1.487477
1.713600
1.485506
0.612633
0.108220
1.485636
0.894881
0.127714
0.887887
0.652948
0.376654
1.299142
0.056740
0.048023
1.706068
0.086252
1.435340
0.546618
0.361096
1.738370
0.922549
0.081403
1.310021
0.629646
1.030807
1.486363
0.268102
0.335824
1.485671
0.909157
0.956364
0.520788
1.618132
0.949914
0.115675
1.033081
0.692260
0.067541
1.727572
1.083026
1.485703
0.555233
0.890075
1.485796
0.914774
0.865003
0.041371
0.296596
0.736555
1.500725
0.514853
1.635292
1.033177
1.351611
1.834408
1.443495
1.043972
0.905960
1.349041
0.895587
1.486014
0.784890
1.381052
0.041553
0.038940
0.148571
1.346474
1.618604
1.602818
1.396114
0.488160
1.485539
1.489998
1.054719
0.654946
1.485764
1.042139
0.075328
1.676805
1.030865
1.480323
0.990956
1.734988
1.152256
0.124037
1.241126
0.615218
0.274268
1.035152
1.033116
1.033066
0.048078
0.163377
1.485767
0.354383
0.417472
0.069098
1.487130
1.734339
1.482095
0.053184
1.485292
1.199848
0.263544
0.878602
1.634355
0.872438
1.485568
1.732540
0.519213
1.485643
0.701791
0.932565
1.618877
0.410099
0.959029
1.485555
1.508914
1.481445
1.608216
0.458452
0.951892
1.167829
1.484265
0.909387
0.104684
0.969227
0.629489
1.627665
1.182141
0.453102
0.199386
1.485688
1.264621
1.030194
0.085193
1.634474
0.511317
1.140168
1.601472
1.485694
0.255645
0.566155
0.961898
1.485623
1.477475
0.249854
1.680974
0.111729
1.490915
1.198920
0.468970
0.645076
0.236512
1.486470
0.220913
1.485990
1.783956
1.168491
0.068343
0.218630
1.618498
0.896745
1.485674
0.052690
0.267608
0.477929
0.942321
0.910709
1.605655
0.966689
0.733413
1.200729
0.049555
1.159487
0.140361
1.643601
1.384541
0.715616
1.384236
1.033440
1.116816
1.632013
1.622474
0.926766
0.583759
1.485640
0.331897
0.969663
1.485669
0.044974
1.485669
0.427475
1.622805
1.067508
1.211354
1.617944
1.327584
1.471894
1.671137
0.325887
0.331125
0.062682
0.530808
0.398701
0.900756
0.439840
0.658368
1.485626
0.065955
1.474375
0.402930
1.277232
1.717678
0.066099
1.485400
0.955166
1.175250
1.729504
1.486138
0.437840
1.673288
1.349266
0.080512
1.212831
0.299508
0.628091
0.426738
0.884668
0.089329
0.857062
0.494195
0.934696
0.309003
0.740068
0.816857
0.791608
0.241324
0.927718
0.493067
0.258642
0.451781
0.314226
1.620165
1.038548
0.886537
1.486678
0.888822
0.681722
1.731541
0.551322
1.376742
1.399300
0.921692
0.138076
0.093458
0.043802
0.052983
0.728952
0.946696
1.485493
1.531682
0.634217
0.646526
0.399365
1.477371
0.736567
0.276190
0.956751
1.138550
0.506695
1.761552
1.453333
1.037142
1.205953
0.069234
0.538872
0.542545
0.390817
0.933045
0.372225
0.712118
0.342290
1.618039
0.221713
0.446501
1.486066
1.482257
1.617430
1.066060
1.047693
0.693514
0.878935
1.621791
0.454347
1.484834
1.383502
0.886968
0.057760
0.047024
0.829353
0.213852
1.033214
0.104307
0.087703
1.485469
1.302289
1.134397
1.485676
0.538375
1.505462
0.340076
0.439266
1.732444
0.587818
0.206417
1.404130
0.903390
1.731760
1.735002
0.323439
1.485716
1.133871
1.730755
0.077893
0.863119
0.552488
0.103868
0.478743
1.174706
0.982554
1.033576
1.728882
0.629890
0.063295
0.083359
0.207872
0.487990
1.671690
0.423233
1.034385
1.621892
0.821914
0.063969
0.739476
1.732604
0.114962
1.473896
1.225120
0.481509
0.563056
1.388221
0.089335
0.650514
0.327820
0.061701
0.113284
0.467765
0.727006
0.041132
0.418191
1.620154
1.617822
1.189198
0.440223
1.824073
0.394646
0.466834
1.690849
0.413983
0.136924
0.300148
1.489747
1.365734
0.749255
1.485673
0.381532
0.960845
0.435804
0.522254
1.485700
0.676049
1.621885
0.214261
0.495410
0.413617
1.485533
0.608622
0.193899
0.075972
1.484424
0.860023
0.192878
0.158179
0.078748
0.739897
1.036901
1.035923
0.231553
0.121653
0.436571
0.045965
0.562792
1.588969
1.484259
1.037978
0.072723
0.074213
0.325584
0.203150
1.033048
1.513343
0.051670
0.370062
1.222729
1.033579
1.477167
1.485721
1.489058
1.682181
0.645666
1.485797
0.497560
1.485193
1.732940
0.907488
0.604005
1.383964
1.485738
0.379408
0.415889
1.682567
0.648408
1.484895
1.462294
0.715949
0.667194
0.624563
0.144160
0.048393
0.293304
0.064007
0.431071
0.217900
1.685884
0.086176
0.300613
1.484794
1.485439
0.186983
1.009814
0.153534
1.030884
0.435442
1.481255
1.488518
1.394352
0.891889
1.621612
0.776751
1.485998
0.730242
1.126508
0.300878
0.307202
0.076194
0.830885
0.736107
0.205838
0.221058
0.773781
1.346586
1.621770
0.609564
0.967306
0.807047
0.086789
1.624019
0.422156
0.606955
1.032569
0.589033
0.954739
1.485597
1.033310
1.153814
0.134946
0.463561
1.621403
1.152956
1.146873
1.622939
1.619800
1.485670
0.883318
1.682274
1.485673
0.239631
1.509262
0.800124
1.494110
0.095406
0.772934
1.039263
0.243813
0.827396
1.824422
0.332135
0.643327
0.891122
0.109544
1.461216
0.275624
0.155630
1.478066
0.041961
1.632166
1.034120
1.609634
1.507558
0.952111
1.485590
0.382757
0.920143
0.582346
1.719076
0.510795
1.484915
0.453570
1.485399
0.855127
1.241669
0.118913
1.244510
1.742826
0.111115
0.557559
0.463769
0.465121
1.485731
1.031014
0.107503
0.145300
1.813636
1.479463
0.456659
0.327597
0.544900
1.730428
0.955690
0.899913
1.780879
1.184407
0.470185
1.485691
0.072824
1.169622
1.734200
0.768367
1.296879
0.732414
0.140470
1.620790
1.525486
1.030176
1.485322
1.742906
1.486159
1.485624
1.603470
0.887465
1.618615
0.919138
1.456298
1.787098
1.485536
0.351982
1.375768
0.073697
1.384219
1.616541
0.295479
0.380927
1.486040
0.488167
0.460335
0.723882
1.518412
1.729712
1.485635
0.165371
0.403806
0.467906
0.862275
1.491023
0.775471
1.485543
0.372521
0.406049
0.553514
0.844892
1.203809
0.517960
1.735429
0.950771
0.661296
1.151699
0.181638
1.346443
1.513848
1.487085
1.134334
0.624196
1.345614
0.038379
1.113445
1.146046
1.464950
1.489727
0.566032
1.555174
0.946150
0.903177
1.239361
0.471451
0.921134
1.670898
1.549340
0.408305
0.415530
0.685332
1.664398
0.718421
0.530798
0.915423
1.033161
1.507585
1.032915
0.963546
1.027274
0.143711
0.896176
1.150688
1.346956
0.069373
1.658911
1.206640
1.485708
0.228310
0.589165
1.328439
1.678325
1.484317
0.492804
1.485674
0.159626
1.151981
0.428841
1.021115
0.857780
1.485658
1.032032
0.205822
1.692171
1.502210
1.624038
0.072405
1.033013
1.050673
0.252133
0.270380
0.216417
0.314653
1.682851
0.102393
1.236049
0.053549
0.310572
1.485658
0.851571
0.485133
1.503536
1.047883
1.575490
1.618261
0.149874
1.628891
1.037539
1.121703
0.042824
1.152084
0.740894
0.298669
1.074198
0.486940
1.601992
0.161542
0.962802
0.916558
0.096672
0.087265
1.133972
0.752776
1.587331
0.092637
1.031119
0.075019
0.615262
0.905297
1.032017
0.550172
1.619128
0.185158
0.921701
0.071672
1.485544
0.399528
1.486963
1.222251
1.042777
1.032230
1.728671
1.136072
1.473198
0.682334
1.734513
0.066363
0.755166
0.439020
1.011922
0.445704
0.329142
0.212239
1.196473
1.703972
1.485490
0.243139
1.546021
0.412044
1.209429
0.320903
1.475553
0.342771
1.524262
1.485715
1.032974
0.646980
1.033536
0.077616
0.077343
1.448133
0.044893
0.291949
1.681056
1.680765
0.140791
0.925171
1.034257
1.310363
1.410219
0.427132
0.096116
1.485995
0.723794
0.038280
0.232198
0.523273
0.107171
0.083166
0.075869
0.165424
0.449271
0.217226
0.359169
1.516367
1.443969
1.033950
0.903446
1.763083
1.214687
1.681900
0.089125
0.043017
0.606375
0.122432
0.724247
1.485667
1.485687
1.489334
0.460633
0.573484
0.941907
0.332833
1.047423
0.534704
0.899628
0.631445
0.249133
1.618232
1.681558
0.202452
0.919045
1.668647
0.314783
0.616843
1.486154
0.459690
1.019800
1.485680
0.651485
0.358076
0.127868
1.484044
0.705164
1.618227
1.734206
0.378455
1.075879
0.971306
0.047722
1.681521
1.485649
1.047695
1.628642
1.485686
1.639959
0.257302
1.486534
0.187558
1.680141
0.050641
1.486907
0.157938
0.917617
1.380737
1.346614
0.561913
0.380008
1.730872
0.214482
0.856733
0.952688
0.124458
1.735115
1.126803
1.732997
1.482864
0.260926
0.281031
1.619362
1.485262
0.378415
1.023623
0.551540
1.485658
1.486074
1.747551
0.557225
0.129152
1.033308
1.153423
0.234947
1.485668
0.128827
1.716781
1.485684
1.829371
1.681866
1.155283
0.923837
1.037394
0.707408
1.027441
0.088563
0.224510
0.404722
1.266447
0.194035
0.664178
0.904880
1.474047
1.130642
0.620249
1.486156
1.668834
0.175356
0.547140
0.899994
0.267102
1.484762
1.485730
1.529489
1.251349
0.956302
1.032061
1.485443
1.485807
1.025552
0.715119
1.494497
1.301482
1.664730
0.895131
0.739942
0.579064
0.223689
1.201334
0.693546
0.431262
1.484686
0.144425
0.767641
1.725152
0.615190
1.382990
0.323586
1.726089
1.490364
0.401464
1.616767
0.222722
0.393299
0.239025
0.248362
1.003948
0.794147
0.458577
0.489986
0.767055
0.152339
0.564487
1.485725
0.890887
0.914982
1.485993
0.037512
1.484633
1.738599
1.032341
1.615595
0.953231
1.505486
0.694906
0.046671
1.589279
0.600408
1.194767
1.721042
1.711055
1.681410
1.501277
1.674242
1.676769
0.656173
1.033909
0.887739
0.892788
1.665093
1.484980
0.653803
1.485672
0.355708
1.029830
0.551525
1.485694
0.881700
0.746993
0.491980
0.779485
1.681559
1.403069
1.440092
0.952720
0.917280
0.787487
1.690357
1.033491
1.481091
0.488275
0.105775
1.147040
1.042884
0.143430
1.035530
1.032943
1.040327
1.485733
1.484484
0.115584
1.719514
1.345363
1.266566
1.484181
1.488987
1.010350
0.133249
1.735613
1.485844
0.917817
0.957615
1.486679
1.574943
0.956319
0.047512
0.394499
0.110104
1.485675
1.003080
1.485445
1.170230
1.515818
1.338372
0.663425
1.485699
0.114815
0.469638
1.662108
1.464905
1.682354
0.720132
0.652149
0.312175
0.613719
0.266904
0.452072
1.485653
1.657424
1.135564
1.393688
0.045813
1.613617
1.724753
1.704642
0.878541
1.367559
1.485688
1.425062
0.390731
1.341977
0.078621
1.485907
1.037109
0.521073
0.859934
0.333667
1.481335
1.348174
1.784716
1.483420
1.482431
0.703163
1.614713
1.205131
0.152889
1.566978
1.495693
0.922193
0.628500
0.683210
0.421365
1.033091
1.486608
0.149030
1.136056
0.897000
1.506891
0.900939
0.448040
1.623832
1.033478
1.681163
0.838017
0.373678
1.108144
1.069674
1.700213
0.897079
0.078462
0.854191
0.653752
0.891564
0.446164
0.903591
1.626786
1.384517
1.484604
1.021995
0.373438
0.094017
1.151915
0.428255
0.499326
0.058151
0.437875
0.614410
1.072499
0.566014
1.485884
1.087935
1.136688
0.165471
1.134417
0.577529
1.486063
1.401631
1.745274
0.948801
0.606741
0.586256
1.318282
1.229031
1.485674
0.413059
1.348811
1.486466
1.735104
1.730235
1.485682
0.066022
0.902314
1.564026
0.442778
1.633621
1.363101
1.485016
1.487235
1.485671
1.681741
0.073315
0.902427
0.868501
1.329822
0.160031
1.340220
0.686538
1.590601
1.680885
1.486012
0.967688
1.729141
1.485662
1.059735
1.485672
0.641306
1.710877
1.396729
0.046175
0.891246
1.221050
0.521937
1.050808
0.523615
0.516079
1.148748
1.102942
0.192866
0.418992
1.702385
0.986646
1.496737
1.062312
0.390826
1.635227
0.058204
1.605090
1.677533
0.699034
1.084254
0.872524
1.485710
0.381106
0.044586
1.316208
1.094264
0.455470
1.484753
0.645495
1.134196
1.169766
0.069121
0.755323
0.546260
1.539140
1.682554
1.166001
0.769811
1.480655
0.700882
0.218904
0.930878
1.731619
1.487112
0.176133
1.732952
0.075035
0.957914
1.034278
1.493599
0.423930
1.457656
1.236906
0.898144
1.398255
1.485687
0.880750
1.492329
1.491111
0.931406
0.426155
1.483608
0.987947
1.119130
0.222952
1.151526
1.385598
0.502762
0.508835
1.485680
1.618274
0.150855
1.032666
0.848805
1.616704
1.463461
1.221577
1.039781
0.066108
1.485860
0.942221
0.649959
0.234409
0.655433
0.765127
1.717106
0.901432
1.670114
0.208821
1.134679
1.573198
0.043367
0.273828
1.485644
0.096511
1.154854
0.639709
0.432952
0.401763
1.485662
0.782071
0.885221
1.203332
1.487816
0.510235
1.346067
1.491604
0.337544
0.317921
1.045232
1.658968
0.489600
1.675125
1.486099
1.485229
0.169286
0.504252
1.485636
1.383489
0.428194
1.582572
0.369009
0.684066
1.568328
1.658824
1.134505
0.179173
0.909007
0.137811
0.087980
1.531120
0.071039
0.098771
1.544005
1.617632
1.486422
0.086854
0.111371
0.946054
0.499993
0.573084
0.165686
1.485294
0.881554
0.041798
1.028787
1.735126
1.744874
1.608106
1.680183
0.459260
0.846514
1.526232
1.152745
0.887730
1.572517
0.146240
1.531822
0.429646
1.153047
0.248736
1.259495
1.732219
0.628000
1.509043
1.300360
1.486414
1.682895
1.758592
1.157097
1.758250
1.623135
1.195174
1.481911
1.485777
0.053559
0.410302
1.103360
1.617228
1.598312
0.674672
1.485062
0.125854
1.086433
0.860347
0.577287
1.522391
1.388304
1.485824
1.485839
1.032368
0.091799
1.622105
1.681422
0.528243
0.167343
0.822516
0.928225
1.617225
1.488960
1.029119
1.223818
1.676539
1.032552
1.486300
1.490769
1.683395
0.973632
0.166457
1.408744
0.637919
1.631922
1.485430
1.344194
1.484794
1.485677
0.355781
1.132434
1.035145
0.102658
1.698761
1.619551
1.684182
1.593365
0.913388
1.733481
0.674345
0.469750
0.080407
1.334953
1.485741
1.616071
1.439670
1.383148
0.188929
1.681525
0.425001
1.128667
0.611329
1.489973
0.729041
0.204088
0.081874
0.091544
1.244017
0.840213
0.891870
1.480511
0.515406
1.134239
1.347276
0.964550
0.174078
0.966520
0.471510
1.567823
1.681254
1.648724
0.605407
1.485687
0.357779
0.208528
0.471745
0.820882
1.627734
0.059736
0.955751
0.086844
0.459983
1.035988
0.675006
1.485071
1.032455
1.337439
1.198493
1.146496
1.486545
0.656420
0.154867
1.547173
0.386760
1.033263
0.229403
0.810931
0.735384
1.677670
1.034972
0.330539
1.743974
0.448852
0.454378
1.626387
1.485595
1.488319
1.203597
1.130069
0.276558
0.216747
1.323272
0.680069
0.356535
0.098463
1.485747
1.680472
0.965710
0.722864
0.377310
1.135774
0.056332
1.304872
1.534787
1.382785
0.682935
0.564961
1.623488
0.711964
1.742854
0.402223
0.713238
0.769308
1.033064
0.756998
0.507073
1.484912
0.942009
1.685395
1.485241
1.153734
0.533490
1.722442
0.037399
0.360054
1.294655
1.619931
0.299451
1.213508
1.150301
0.243149
1.485447
1.345592
0.243472
0.635551
1.684419
1.308894
1.488758
0.762490
0.110230
0.916372
0.338665
0.682776
0.090373
0.543782
0.886017
1.730092
0.068425
1.021094
1.416393
0.888988
0.577940
1.191576
1.485541
1.485607
1.486082
0.203944
1.485671
0.908059
1.485839
0.458157
0.081275
0.819824
1.382976
1.141623
1.485665
1.393051
1.482941
1.487636
1.485683
0.143857
0.908179
0.898229
1.625919
0.718785
1.032749
0.305698
1.350148
1.466656
1.485245
1.134463
0.213513
0.470095
0.895807
0.592214
0.503920
1.342711
1.196192
0.057596
1.728657
1.194305
0.355931
0.862681
0.451910
0.348650
0.108367
0.454130
1.486144
0.755855
1.345341
1.622282
0.104448
0.068305
1.464978
1.207536
0.591854
1.380225
0.380389
0.343638
1.485567
1.642673
0.058448
1.447081
0.582538
1.320110
0.747383
1.616035
1.184555
0.437325
0.954928
0.266917
1.246299
0.488143
1.153459
1.485654
1.480733
1.621107
1.485676
0.176642
1.485669
0.543792
0.043924
1.817573
0.123823
0.281501
1.485459
0.170361
1.617894
1.648989
1.030283
0.208277
1.726434
0.111202
1.249157
0.110070
0.458740
1.346439
0.602346
1.723283
1.590220
1.485254
1.150742
0.115584
1.076507
0.133638
1.487096
1.153734
0.570773
1.681937
1.470716
1.485359
0.153414
1.102335
0.258583
1.025234
1.033230
1.475893
1.683119
0.731501
1.685576
1.207388
0.571030
0.890791
0.392514
1.726473
0.696199
0.051288
1.614701
0.986423
0.689183
0.662395
0.097129
1.157696
0.684501
1.370744
1.458113
0.161371
1.485854
1.028473
0.633773
0.082272
1.698082
1.366948
1.485711
0.350713
0.250363
0.127408
1.694245
1.485730
0.649437
1.785064
0.387244
0.106157
0.054876
0.056252
0.696934
1.486863
0.386137
0.109622
0.559607
0.516132
0.095679
1.580470
0.620666
0.258137
1.485692
1.485676
1.083618
1.381699
1.657821
1.585712
1.106318
1.485601
1.341604
1.485620
0.747491
1.485668
1.042996
