2.076876e-01 1.149829e-01
1.034611e-01 9.781437e-02
9.451987e-02 9.226689e-02
9.013284e-02 8.862369e-02
8.704095e-02 8.596199e-02
8.470325e-02 8.386335e-02
8.279153e-02 8.206598e-02
8.113263e-02 8.050844e-02
7.965479e-02 7.911485e-02
7.831672e-02 7.783276e-02
7.709596e-02 7.667205e-02
7.597104e-02 7.558730e-02
7.493684e-02 7.459777e-02
7.397851e-02 7.370005e-02
7.308607e-02 7.284585e-02
7.225404e-02 7.206118e-02
7.147824e-02 7.128804e-02
7.075361e-02 7.057320e-02
7.007848e-02 6.996171e-02
6.944439e-02 6.932125e-02
6.884530e-02 6.872800e-02
6.828362e-02 6.819726e-02
6.775588e-02 6.769055e-02
6.725917e-02 6.724725e-02
6.679291e-02 6.674873e-02
6.635308e-02 6.635264e-02
6.594072e-02 6.593658e-02
6.555144e-02 6.554767e-02
6.518329e-02 6.521788e-02
6.483612e-02 6.488436e-02
6.450624e-02 6.452357e-02
6.419225e-02 6.424950e-02
6.389418e-02 6.396293e-02
6.361080e-02 6.369570e-02
6.333971e-02 6.343357e-02
6.308107e-02 6.319652e-02
6.283225e-02 6.297109e-02
6.259368e-02 6.275468e-02
6.236513e-02 6.249246e-02
6.214666e-02 6.229218e-02
6.193622e-02 6.209568e-02
6.173241e-02 6.192635e-02
6.153888e-02 6.170418e-02
6.135225e-02 6.151361e-02
6.117202e-02 6.134793e-02
6.099963e-02 6.119651e-02
6.083447e-02 6.099496e-02
6.067409e-02 6.088334e-02
6.051980e-02 6.071793e-02
6.037239e-02 6.055935e-02
6.022890e-02 6.045278e-02
6.009070e-02 6.036839e-02
5.995725e-02 6.014561e-02
5.982906e-02 6.011002e-02
5.970526e-02 5.988171e-02
5.958666e-02 5.975300e-02
5.947176e-02 5.967215e-02
5.935961e-02 5.961071e-02
5.925270e-02 5.938460e-02
5.914822e-02 5.935715e-02
5.904839e-02 5.920101e-02
5.895110e-02 5.912275e-02
5.885660e-02 5.902094e-02
5.876595e-02 5.891697e-02
5.867681e-02 5.883819e-02
5.858976e-02 5.874743e-02
5.850560e-02 5.866073e-02
5.842389e-02 5.859772e-02
5.834426e-02 5.857166e-02
5.826644e-02 5.846329e-02
5.819072e-02 5.833921e-02
5.811636e-02 5.829986e-02
5.804083e-02 5.820351e-02
5.796406e-02 5.814586e-02
5.788606e-02 5.807777e-02
5.781187e-02 5.801072e-02
5.774347e-02 5.791548e-02
5.767908e-02 5.783884e-02
5.761774e-02 5.778339e-02
5.755838e-02 5.775570e-02
5.750001e-02 5.776087e-02
5.744301e-02 5.764284e-02
5.738622e-02 5.758389e-02
5.733223e-02 5.758183e-02
5.727871e-02 5.748483e-02
5.722611e-02 5.739921e-02
5.717429e-02 5.735804e-02
5.712458e-02 5.727923e-02
5.707604e-02 5.726394e-02
5.702721e-02 5.724267e-02
5.698180e-02 5.716676e-02
5.693497e-02 5.709291e-02
5.688897e-02 5.705069e-02
5.684543e-02 5.710946e-02
5.680144e-02 5.698079e-02
5.675790e-02 5.692082e-02
5.671692e-02 5.690369e-02
5.667510e-02 5.684327e-02
5.663423e-02 5.691276e-02
5.659442e-02 5.679673e-02
5.655564e-02 5.677841e-02
5.651670e-02 5.669953e-02
5.648006e-02 5.665315e-02
5.644220e-02 5.670087e-02
5.640463e-02 5.671435e-02
5.637116e-02 5.658790e-02
5.633526e-02 5.656723e-02
5.630074e-02 5.659024e-02
5.626683e-02 5.648198e-02
5.623409e-02 5.645081e-02
5.619956e-02 5.638872e-02
5.616822e-02 5.640680e-02
5.613596e-02 5.636071e-02
5.610368e-02 5.629525e-02
5.607365e-02 5.633200e-02
5.604324e-02 5.624621e-02
5.601361e-02 5.628432e-02
5.598412e-02 5.618988e-02
5.595482e-02 5.623012e-02
5.592653e-02 5.615316e-02
5.589870e-02 5.611914e-02
5.587027e-02 5.614443e-02
5.584264e-02 5.602774e-02
5.581675e-02 5.608561e-02
5.579001e-02 5.601805e-02
5.576412e-02 5.609911e-02
5.573803e-02 5.600609e-02
5.571254e-02 5.587864e-02
5.568758e-02 5.590948e-02
5.566261e-02 5.586841e-02
5.563883e-02 5.581480e-02
5.561498e-02 5.584418e-02
5.559027e-02 5.577179e-02
5.556847e-02 5.585331e-02
5.554454e-02 5.569823e-02
5.552243e-02 5.569608e-02
5.549925e-02 5.572340e-02
5.547754e-02 5.566466e-02
5.545571e-02 5.572695e-02
5.543487e-02 5.568900e-02
5.541370e-02 5.560487e-02
5.539218e-02 5.554338e-02
5.537167e-02 5.552548e-02
5.535098e-02 5.553418e-02
5.533203e-02 5.554921e-02
5.531117e-02 5.550279e-02
5.529201e-02 5.547211e-02
5.527176e-02 5.548171e-02
5.525283e-02 5.549949e-02
5.523263e-02 5.551725e-02
5.521435e-02 5.549383e-02
5.519542e-02 5.537699e-02
5.517894e-02 5.538447e-02
5.515979e-02 5.545315e-02
5.514115e-02 5.534022e-02
5.512455e-02 5.529801e-02
5.510543e-02 5.528792e-02
5.509002e-02 5.528637e-02
5.507175e-02 5.528238e-02
5.505502e-02 5.522631e-02
5.503841e-02 5.532806e-02
5.502192e-02 5.520260e-02
5.500522e-02 5.522888e-02
5.498946e-02 5.520238e-02
5.497297e-02 5.522374e-02
5.495707e-02 5.514084e-02
5.494129e-02 5.509322e-02
5.492477e-02 5.514516e-02
5.490941e-02 5.513140e-02
5.489405e-02 5.506332e-02
5.487918e-02 5.509207e-02
5.486437e-02 5.506558e-02
5.484873e-02 5.508396e-02
5.483398e-02 5.504735e-02
5.481975e-02 5.502234e-02
5.480385e-02 5.504460e-02
5.479073e-02 5.496706e-02
5.477703e-02 5.494380e-02
5.476181e-02 5.498070e-02
5.474788e-02 5.489947e-02
5.473393e-02 5.497299e-02
5.471961e-02 5.489838e-02
5.470647e-02 5.493634e-02
5.469264e-02 5.491364e-02
5.467957e-02 5.488944e-02
5.466629e-02 5.481284e-02
5.465317e-02 5.480497e-02
5.464087e-02 5.482859e-02
5.462640e-02 5.479150e-02
5.461410e-02 5.476799e-02
5.460045e-02 5.483326e-02
5.458831e-02 5.474743e-02
5.457590e-02 5.485853e-02
5.456320e-02 5.473470e-02
5.455087e-02 5.470182e-02
5.453801e-02 5.478631e-02
5.452589e-02 5.481957e-02
5.451362e-02 5.467755e-02
5.450247e-02 5.467995e-02
5.448972e-02 5.468391e-02
5.425568e-02 5.444030e-02
5.424481e-02 5.451281e-02
5.423458e-02 5.448042e-02
5.422414e-02 5.451942e-02
5.421297e-02 5.449831e-02
5.420297e-02 5.436703e-02
5.419322e-02 5.441440e-02
5.418368e-02 5.436333e-02
5.417444e-02 5.443153e-02
5.416302e-02 5.440035e-02
5.415394e-02 5.431584e-02
5.414383e-02 5.428516e-02
5.413417e-02 5.431806e-02
5.412352e-02 5.436222e-02
5.411533e-02 5.430405e-02
5.410484e-02 5.430779e-02
5.409627e-02 5.437260e-02
5.408607e-02 5.426619e-02
5.407717e-02 5.429920e-02
5.406704e-02 5.426433e-02
5.405874e-02 5.425350e-02
5.404962e-02 5.418502e-02
5.404036e-02 5.417785e-02
5.403086e-02 5.427871e-02
5.402174e-02 5.419256e-02
5.401257e-02 5.420333e-02
5.400343e-02 5.421621e-02
5.399520e-02 5.422427e-02
5.398674e-02 5.414980e-02
5.397722e-02 5.432422e-02
5.396851e-02 5.414514e-02
5.396080e-02 5.416216e-02
5.395155e-02 5.422641e-02
5.394100e-02 5.427441e-02
5.393350e-02 5.418578e-02
5.392512e-02 5.410495e-02
5.391686e-02 5.412432e-02
5.390708e-02 5.412991e-02
5.390040e-02 5.412639e-02
5.389122e-02 5.409529e-02
5.388226e-02 5.409837e-02
5.387391e-02 5.400840e-02
5.386592e-02 5.409308e-02
5.385787e-02 5.409190e-02
5.384959e-02 5.409346e-02
5.384158e-02 5.407016e-02
5.383283e-02 5.399390e-02
5.382550e-02 5.417297e-02
5.381701e-02 5.401435e-02
5.380947e-02 5.400458e-02
5.380124e-02 5.406192e-02
5.379298e-02 5.393705e-02
5.378558e-02 5.397858e-02
5.377733e-02 5.397378e-02
5.377043e-02 5.398230e-02
5.376190e-02 5.404307e-02
5.375478e-02 5.394357e-02
5.374602e-02 5.397786e-02
5.373765e-02 5.388786e-02
5.373126e-02 5.392299e-02
5.372416e-02 5.387902e-02
5.371611e-02 5.401654e-02
5.370774e-02 5.394272e-02
5.370030e-02 5.399562e-02
5.369380e-02 5.388256e-02
5.368597e-02 5.395733e-02
5.367767e-02 5.391887e-02
5.367010e-02 5.391740e-02
5.366308e-02 5.385225e-02
5.365568e-02 5.378288e-02
5.364759e-02 5.393053e-02
5.363965e-02 5.385479e-02
5.363292e-02 5.376233e-02
5.362702e-02 5.380215e-02
5.361961e-02 5.387497e-02
5.361272e-02 5.378555e-02
5.360439e-02 5.395398e-02
5.359803e-02 5.379227e-02
5.359177e-02 5.386040e-02
5.358454e-02 5.374846e-02
5.357669e-02 5.379627e-02
5.356977e-02 5.377987e-02
5.356211e-02 5.383499e-02
5.355653e-02 5.370234e-02
5.354828e-02 5.368650e-02
5.354214e-02 5.369975e-02
5.353474e-02 5.369680e-02
5.352879e-02 5.371351e-02
5.352184e-02 5.375838e-02
5.351520e-02 5.385292e-02
5.350835e-02 5.369992e-02
5.350123e-02 5.373681e-02
5.349441e-02 5.371404e-02
5.348874e-02 5.375621e-02
5.348163e-02 5.367474e-02
5.347499e-02 5.368519e-02
5.346816e-02 5.375716e-02
5.346232e-02 5.369441e-02
5.345594e-02 5.359133e-02
5.344924e-02 5.365577e-02
5.344160e-02 5.363189e-02
5.343625e-02 5.372546e-02
5.342961e-02 5.364071e-02
5.342337e-02 5.370377e-02
5.341680e-02 5.356326e-02
5.341023e-02 5.362201e-02
5.340326e-02 5.355660e-02
5.339789e-02 5.351974e-02
5.339231e-02 5.356306e-02
5.338529e-02 5.372917e-02
5.337964e-02 5.352291e-02
5.337268e-02 5.352335e-02
5.336641e-02 5.355579e-02
5.336030e-02 5.353258e-02
5.335469e-02 5.352974e-02
5.334785e-02 5.346513e-02
5.334330e-02 5.365837e-02
5.333579e-02 5.353278e-02
5.332975e-02 5.359697e-02
5.332439e-02 5.358479e-02
5.331792e-02 5.354553e-02
5.331198e-02 5.354526e-02
5.330561e-02 5.354878e-02
5.330079e-02 5.357414e-02
5.329416e-02 5.348756e-02
5.328733e-02 5.352262e-02
5.328108e-02 5.341986e-02
5.327584e-02 5.345578e-02
5.326977e-02 5.357096e-02
5.326510e-02 5.345381e-02
5.325938e-02 5.343067e-02
5.325336e-02 5.341557e-02
5.324797e-02 5.339171e-02
5.324264e-02 5.350194e-02
5.323539e-02 5.341901e-02
5.322998e-02 5.346178e-02
5.322537e-02 5.336188e-02
5.321868e-02 5.336403e-02
5.321335e-02 5.334461e-02
5.320741e-02 5.342637e-02
5.320129e-02 5.344075e-02
5.319652e-02 5.351300e-02
5.319066e-02 5.336272e-02
5.318405e-02 5.348751e-02
5.317949e-02 5.343062e-02
5.317355e-02 5.333063e-02
5.316914e-02 5.329651e-02
5.316312e-02 5.328051e-02
5.315822e-02 5.341140e-02
5.315199e-02 5.328887e-02
5.314801e-02 5.334182e-02
5.314189e-02 5.328099e-02
5.313589e-02 5.338952e-02
5.313026e-02 5.344460e-02
5.312446e-02 5.328616e-02
5.311979e-02 5.331622e-02
5.311550e-02 5.322820e-02
5.310783e-02 5.329797e-02
5.310523e-02 5.327058e-02
5.309755e-02 5.327104e-02
5.309307e-02 5.324046e-02
5.308815e-02 5.331103e-02
5.308318e-02 5.341337e-02
5.307825e-02 5.341985e-02
5.307304e-02 5.323296e-02
5.306773e-02 5.333984e-02
5.306214e-02 5.334365e-02
5.305642e-02 5.319878e-02
5.305189e-02 5.329707e-02
5.304670e-02 5.322866e-02
5.304093e-02 5.323785e-02
5.303637e-02 5.319813e-02
5.303245e-02 5.324050e-02
5.302543e-02 5.349516e-02
5.302128e-02 5.324968e-02
5.301690e-02 5.325041e-02
5.301167e-02 5.314897e-02
5.300632e-02 5.314308e-02
5.300097e-02 5.313714e-02
5.299524e-02 5.320747e-02
5.299154e-02 5.334755e-02
5.298640e-02 5.331450e-02
5.298208e-02 5.320466e-02
5.297677e-02 5.310617e-02
5.297160e-02 5.326830e-02
5.296617e-02 5.312135e-02
5.296182e-02 5.309406e-02
5.295656e-02 5.311166e-02
5.295212e-02 5.310368e-02
5.294739e-02 5.317079e-02
5.294232e-02 5.337840e-02
5.293859e-02 5.321274e-02
5.293379e-02 5.309404e-02
5.292931e-02 5.307240e-02
5.292333e-02 5.315726e-02
5.291971e-02 5.310134e-02
5.291381e-02 5.310474e-02
5.290938e-02 5.309899e-02
5.290491e-02 5.308111e-02
5.289969e-02 5.308615e-02
5.248171e-02 5.273244e-02
5.247775e-02 5.279842e-02
5.247301e-02 5.273052e-02
5.246926e-02 5.267886e-02
5.246620e-02 5.268002e-02
5.246242e-02 5.274332e-02
5.245845e-02 5.286387e-02
5.245534e-02 5.279662e-02
5.245193e-02 5.266049e-02
5.244739e-02 5.284232e-02
5.244569e-02 5.264967e-02
5.244100e-02 5.265281e-02
5.243808e-02 5.265150e-02
5.243464e-02 5.261768e-02
5.243093e-02 5.274602e-02
5.242789e-02 5.262781e-02
5.242332e-02 5.279755e-02
5.242032e-02 5.253884e-02
5.241646e-02 5.270667e-02
5.241305e-02 5.271244e-02
5.240831e-02 5.269591e-02
5.240645e-02 5.275976e-02
5.240227e-02 5.270845e-02
5.239915e-02 5.274764e-02
5.239504e-02 5.263262e-02
5.239183e-02 5.290081e-02
5.238835e-02 5.253919e-02
5.238639e-02 5.250881e-02
5.238215e-02 5.260465e-02
5.237804e-02 5.254276e-02
5.237534e-02 5.267194e-02
5.237208e-02 5.283108e-02
5.236831e-02 5.267168e-02
5.236497e-02 5.260345e-02
5.236179e-02 5.247971e-02
5.235712e-02 5.258761e-02
5.235433e-02 5.248416e-02
5.235127e-02 5.246043e-02
5.234760e-02 5.246368e-02
5.234400e-02 5.271852e-02
5.234074e-02 5.279793e-02
5.233708e-02 5.277383e-02
5.233472e-02 5.255578e-02
5.233039e-02 5.249505e-02
5.232709e-02 5.253323e-02
5.232458e-02 5.254587e-02
5.232099e-02 5.253026e-02
5.231687e-02 5.272294e-02
5.231421e-02 5.257476e-02
5.231104e-02 5.253072e-02
5.230868e-02 5.266136e-02
5.230388e-02 5.247588e-02
5.230108e-02 5.263266e-02
5.229876e-02 5.248547e-02
5.229451e-02 5.246504e-02
5.229148e-02 5.239984e-02
5.228966e-02 5.250411e-02
5.228463e-02 5.267316e-02
5.228163e-02 5.250958e-02
5.227958e-02 5.246391e-02
5.227549e-02 5.250852e-02
5.227260e-02 5.258729e-02
5.226968e-02 5.246907e-02
5.226506e-02 5.240245e-02
5.226254e-02 5.250906e-02
5.226018e-02 5.254602e-02
5.225607e-02 5.261429e-02
5.225435e-02 5.240864e-02
5.225046e-02 5.278974e-02
5.224739e-02 5.243695e-02
5.224500e-02 5.262013e-02
5.224031e-02 5.237897e-02
5.223743e-02 5.239806e-02
5.223423e-02 5.254229e-02
5.223198e-02 5.241130e-02
5.222867e-02 5.277760e-02
5.222394e-02 5.245205e-02
5.222141e-02 5.242181e-02
5.221889e-02 5.241728e-02
5.221549e-02 5.242244e-02
5.221261e-02 5.242340e-02
5.220975e-02 5.249695e-02
5.220618e-02 5.268048e-02
5.220322e-02 5.252599e-02
5.220019e-02 5.239017e-02
5.219790e-02 5.242296e-02
5.219468e-02 5.253787e-02
5.219161e-02 5.240035e-02
5.218901e-02 5.235562e-02
5.218602e-02 5.235873e-02
5.218252e-02 5.243358e-02
5.218048e-02 5.255638e-02
5.217705e-02 5.246467e-02
5.217446e-02 5.250205e-02
5.217066e-02 5.247838e-02
5.216751e-02 5.243080e-02
5.216467e-02 5.232743e-02
5.216096e-02 5.246222e-02
5.215974e-02 5.237193e-02
5.215459e-02 5.229459e-02
5.215270e-02 5.253801e-02
5.215048e-02 5.227255e-02
5.214700e-02 5.226387e-02
5.214376e-02 5.233656e-02
5.214128e-02 5.246329e-02
5.213849e-02 5.257661e-02
5.213571e-02 5.235956e-02
5.213191e-02 5.228892e-02
5.212887e-02 5.251214e-02
5.212731e-02 5.231890e-02
5.212537e-02 5.227658e-02
5.212238e-02 5.233628e-02
5.211742e-02 5.238902e-02
5.211499e-02 5.228887e-02
5.211386e-02 5.246726e-02
5.210954e-02 5.222319e-02
5.210660e-02 5.237502e-02
5.210493e-02 5.240727e-02
5.210097e-02 5.230682e-02
5.209953e-02 5.234311e-02
5.209523e-02 5.237576e-02
5.209332e-02 5.232716e-02
5.208963e-02 5.234145e-02
5.208704e-02 5.231216e-02
5.208301e-02 5.237383e-02
5.208203e-02 5.234254e-02
5.207734e-02 5.233981e-02
5.207676e-02 5.222556e-02
5.207254e-02 5.230575e-02
5.207078e-02 5.234234e-02
5.206835e-02 5.229109e-02
5.206375e-02 5.227481e-02
5.206213e-02 5.249607e-02
5.206011e-02 5.216511e-02
5.205728e-02 5.244668e-02
5.205399e-02 5.243723e-02
5.205122e-02 5.226185e-02
5.204811e-02 5.233145e-02
5.204616e-02 5.220842e-02
5.204284e-02 5.225085e-02
5.204136e-02 5.257910e-02
5.203809e-02 5.227196e-02
5.203403e-02 5.231240e-02
5.203366e-02 5.229008e-02
5.202912e-02 5.257446e-02
5.202789e-02 5.239057e-02
5.202490e-02 5.245959e-02
5.202132e-02 5.214744e-02
5.201938e-02 5.217739e-02
5.201702e-02 5.230543e-02
5.201243e-02 5.238080e-02
5.201177e-02 5.222407e-02
5.200816e-02 5.239155e-02
5.200566e-02 5.217565e-02
5.200351e-02 5.226217e-02
5.199968e-02 5.222802e-02
5.199743e-02 5.222188e-02
5.199523e-02 5.221870e-02
5.199295e-02 5.228757e-02
5.199115e-02 5.215613e-02
5.198933e-02 5.218109e-02
5.198501e-02 5.212676e-02
5.198294e-02 5.227017e-02
5.197981e-02 5.227544e-02
5.197724e-02 5.219271e-02
5.197582e-02 5.212009e-02
5.197270e-02 5.213504e-02
5.196871e-02 5.228992e-02
5.196682e-02 5.253468e-02
5.196653e-02 5.222888e-02
5.196217e-02 5.220096e-02
5.195966e-02 5.236220e-02
5.195696e-02 5.209307e-02
5.195468e-02 5.210390e-02
5.195232e-02 5.225354e-02
5.194998e-02 5.219891e-02
5.194757e-02 5.218692e-02
5.194435e-02 5.230825e-02
5.194166e-02 5.227911e-02
5.193810e-02 5.216332e-02
5.193607e-02 5.233066e-02
5.193419e-02 5.209408e-02
5.193137e-02 5.208232e-02
5.193037e-02 5.213950e-02
5.192699e-02 5.213987e-02
5.192479e-02 5.220639e-02
5.192162e-02 5.222905e-02
5.192059e-02 5.212339e-02
5.191771e-02 5.213139e-02
5.191367e-02 5.250976e-02
5.191278e-02 5.242401e-02
5.191072e-02 5.214953e-02
5.190895e-02 5.212697e-02
5.190471e-02 5.218451e-02
5.190401e-02 5.213719e-02
5.190152e-02 5.230178e-02
5.189825e-02 5.219518e-02
5.189546e-02 5.204709e-02
5.189089e-02 5.219415e-02
5.189122e-02 5.226670e-02
5.188855e-02 5.202287e-02
5.188577e-02 5.204310e-02
5.188344e-02 5.203351e-02
5.188102e-02 5.219115e-02
5.187944e-02 5.208640e-02
5.187585e-02 5.217249e-02
5.187452e-02 5.199319e-02
5.187147e-02 5.245492e-02
5.186940e-02 5.212137e-02
5.186738e-02 5.236838e-02
5.186536e-02 5.220783e-02
5.186257e-02 5.205887e-02
5.185946e-02 5.220029e-02
5.185810e-02 5.209735e-02
5.185558e-02 5.199831e-02
5.185418e-02 5.221055e-02
5.185137e-02 5.216138e-02
5.184886e-02 5.199438e-02
5.184685e-02 5.211906e-02
5.184328e-02 5.211050e-02
5.184130e-02 5.205072e-02
5.183910e-02 5.208938e-02
5.183711e-02 5.225373e-02
5.183377e-02 5.203471e-02
5.183182e-02 5.211030e-02
5.182986e-02 5.201805e-02
5.182723e-02 5.244609e-02
5.182491e-02 5.216599e-02
5.182423e-02 5.200891e-02
5.182111e-02 5.216866e-02
5.181930e-02 5.197545e-02
5.181537e-02 5.196630e-02
5.181240e-02 5.201103e-02
5.181286e-02 5.213335e-02
5.181038e-02 5.206514e-02
5.180852e-02 5.199518e-02
5.180626e-02 5.226800e-02
5.180243e-02 5.217617e-02
5.180046e-02 5.201238e-02
5.179853e-02 5.208049e-02
5.179707e-02 5.197343e-02
5.179332e-02 5.220707e-02
5.179234e-02 5.211318e-02
5.179108e-02 5.195091e-02
5.178755e-02 5.208634e-02
5.178564e-02 5.208272e-02
5.178253e-02 5.202655e-02
5.178125e-02 5.198220e-02
5.177754e-02 5.195661e-02
5.177600e-02 5.195103e-02
5.177395e-02 5.216351e-02
5.177262e-02 5.194643e-02
5.176997e-02 5.210620e-02
5.176802e-02 5.210489e-02
5.176553e-02 5.193017e-02
5.176463e-02 5.210571e-02
5.176115e-02 5.196273e-02
5.175808e-02 5.203191e-02
5.175716e-02 5.188019e-02
5.175586e-02 5.194090e-02
5.175315e-02 5.194546e-02
5.175016e-02 5.191318e-02
5.174874e-02 5.204193e-02
5.174638e-02 5.204506e-02
5.174255e-02 5.201048e-02
5.174319e-02 5.219562e-02
5.173958e-02 5.210331e-02
5.173852e-02 5.190430e-02
5.173535e-02 5.188272e-02
5.173296e-02 5.194688e-02
5.173130e-02 5.211464e-02
5.172831e-02 5.201818e-02
5.172727e-02 5.206366e-02
5.172568e-02 5.205581e-02
5.172289e-02 5.195644e-02
5.172056e-02 5.194702e-02
5.171864e-02 5.186358e-02
5.171650e-02 5.201608e-02
5.171435e-02 5.197566e-02
5.171287e-02 5.192152e-02
5.171023e-02 5.202715e-02
5.170881e-02 5.203273e-02
5.170727e-02 5.203875e-02
5.170473e-02 5.190773e-02
5.170239e-02 5.199693e-02
5.169974e-02 5.198298e-02
5.169847e-02 5.215954e-02
5.169594e-02 5.196968e-02
5.169270e-02 5.187585e-02
5.169198e-02 5.183504e-02
5.169119e-02 5.185844e-02
5.168621e-02 5.228000e-02
5.168465e-02 5.186207e-02
5.168465e-02 5.212004e-02
5.168139e-02 5.199764e-02
5.167922e-02 5.201547e-02
5.167842e-02 5.180405e-02
5.167546e-02 5.215192e-02
5.167292e-02 5.194860e-02
5.167070e-02 5.182541e-02
5.167060e-02 5.208148e-02
5.166642e-02 5.218127e-02
5.166394e-02 5.201906e-02
5.166333e-02 5.204619e-02
5.166289e-02 5.176875e-02
5.165966e-02 5.193046e-02
5.165716e-02 5.223186e-02
5.165484e-02 5.190355e-02
5.165443e-02 5.207248e-02
5.165049e-02 5.184120e-02
5.164932e-02 5.193757e-02
5.164736e-02 5.194142e-02
5.164575e-02 5.191411e-02
5.164254e-02 5.189026e-02
5.164149e-02 5.191982e-02
5.163822e-02 5.197111e-02
5.163636e-02 5.202969e-02
5.163519e-02 5.196834e-02
5.163241e-02 5.188174e-02
5.162975e-02 5.198109e-02
5.162833e-02 5.174730e-02
5.162614e-02 5.198821e-02
5.162654e-02 5.179888e-02
5.162412e-02 5.181933e-02
5.162224e-02 5.180615e-02
5.162092e-02 5.185621e-02
5.161742e-02 5.201018e-02
5.161595e-02 5.184535e-02
5.161358e-02 5.179622e-02
5.161151e-02 5.184285e-02
5.160930e-02 5.185305e-02
5.160680e-02 5.197753e-02
5.160539e-02 5.200600e-02
5.160601e-02 5.190644e-02
5.160173e-02 5.176422e-02
5.159977e-02 5.193700e-02
5.159856e-02 5.178723e-02
5.159578e-02 5.188962e-02
5.159457e-02 5.194170e-02
5.159261e-02 5.170306e-02
5.159050e-02 5.191498e-02
5.158766e-02 5.175843e-02
5.158582e-02 5.174040e-02
5.158464e-02 5.207111e-02
5.158150e-02 5.173624e-02
5.158055e-02 5.193982e-02
5.157922e-02 5.192460e-02
5.157629e-02 5.185950e-02
5.157511e-02 5.170390e-02
5.157180e-02 5.186577e-02
5.157100e-02 5.179680e-02
5.156957e-02 5.167984e-02
5.156638e-02 5.186887e-02
5.156613e-02 5.181237e-02
5.156229e-02 5.219868e-02
5.156085e-02 5.191126e-02
5.156041e-02 5.174863e-02
5.155781e-02 5.168318e-02
5.155463e-02 5.186417e-02
5.155311e-02 5.174785e-02
5.155108e-02 5.174712e-02
5.154897e-02 5.209583e-02
5.154804e-02 5.200976e-02
5.154558e-02 5.179828e-02
5.154398e-02 5.187068e-02
5.154185e-02 5.184298e-02
5.154061e-02 5.169660e-02
5.153873e-02 5.174413e-02
5.153798e-02 5.208467e-02
5.153532e-02 5.173557e-02
5.153258e-02 5.178946e-02
5.153043e-02 5.201137e-02
5.152814e-02 5.174418e-02
5.152777e-02 5.190974e-02
5.152630e-02 5.174381e-02
5.152372e-02 5.172939e-02
5.152347e-02 5.195629e-02
5.152063e-02 5.188456e-02
5.151831e-02 5.177435e-02
5.151762e-02 5.169081e-02
5.151450e-02 5.174532e-02
5.151217e-02 5.174545e-02
5.151126e-02 5.182297e-02
5.150817e-02 5.218536e-02
5.150715e-02 5.166830e-02
5.150459e-02 5.171387e-02
5.150321e-02 5.188994e-02
5.150222e-02 5.162307e-02
5.149922e-02 5.172874e-02
5.149703e-02 5.208170e-02
5.149619e-02 5.183856e-02
5.149404e-02 5.168691e-02
5.149177e-02 5.177137e-02
5.149158e-02 5.174125e-02
5.148816e-02 5.159383e-02
5.148604e-02 5.173467e-02
5.148563e-02 5.177469e-02
5.148315e-02 5.180860e-02
5.148229e-02 5.188613e-02
5.148063e-02 5.169498e-02
5.147902e-02 5.163575e-02
5.147741e-02 5.189042e-02
5.147390e-02 5.218507e-02
5.147351e-02 5.171053e-02
5.147153e-02 5.173004e-02
5.146849e-02 5.191729e-02
5.146517e-02 5.178629e-02
5.146451e-02 5.167043e-02
5.146438e-02 5.185280e-02
5.145960e-02 5.168752e-02
5.145850e-02 5.157831e-02
5.145776e-02 5.172767e-02
5.145588e-02 5.157129e-02
5.145210e-02 5.184305e-02
5.145227e-02 5.180272e-02
5.145178e-02 5.157868e-02
5.144888e-02 5.166656e-02
5.144679e-02 5.210839e-02
5.144607e-02 5.160410e-02
5.144442e-02 5.188853e-02
5.144097e-02 5.162031e-02
5.144188e-02 5.157403e-02
5.143969e-02 5.154381e-02
5.143672e-02 5.180455e-02
5.143382e-02 5.178450e-02
5.143358e-02 5.165560e-02
5.143239e-02 5.159095e-02
5.143075e-02 5.169569e-02
5.142832e-02 5.166814e-02
5.142672e-02 5.173085e-02
5.142472e-02 5.177048e-02
5.142298e-02 5.156839e-02
5.142173e-02 5.160604e-02
5.142076e-02 5.186767e-02
5.141752e-02 5.175487e-02
5.141768e-02 5.165121e-02
5.141618e-02 5.160976e-02
5.141349e-02 5.180791e-02
5.141134e-02 5.179500e-02
5.141009e-02 5.160469e-02
5.140810e-02 5.173893e-02
5.140927e-02 5.161737e-02
5.140323e-02 5.178479e-02
5.140297e-02 5.154749e-02
5.140129e-02 5.188148e-02
5.139890e-02 5.158059e-02
5.139869e-02 5.192881e-02
5.139579e-02 5.180760e-02
5.139495e-02 5.165507e-02
5.139286e-02 5.179042e-02
5.139292e-02 5.161693e-02
5.139027e-02 5.164259e-02
5.138838e-02 5.171720e-02
5.138575e-02 5.164699e-02
5.138421e-02 5.169982e-02
5.138225e-02 5.154447e-02
5.138088e-02 5.164560e-02
5.137982e-02 5.169142e-02
5.137770e-02 5.177518e-02
5.137768e-02 5.155626e-02
5.137402e-02 5.193363e-02
5.137262e-02 5.173431e-02
5.137039e-02 5.166336e-02
5.136988e-02 5.151276e-02
5.136762e-02 5.159875e-02
5.136722e-02 5.187678e-02
5.136476e-02 5.172601e-02
5.136345e-02 5.159707e-02
5.136165e-02 5.156304e-02
5.136061e-02 5.156346e-02
5.135938e-02 5.156676e-02
5.135596e-02 5.184100e-02
5.135527e-02 5.158225e-02
5.135304e-02 5.175021e-02
5.135189e-02 5.148897e-02
5.135041e-02 5.186534e-02
5.134971e-02 5.166051e-02
5.134726e-02 5.150398e-02
5.134559e-02 5.158351e-02
5.134426e-02 5.164688e-02
5.134185e-02 5.171688e-02
5.134169e-02 5.151056e-02
5.133871e-02 5.145420e-02
5.133761e-02 5.152106e-02
5.133649e-02 5.164183e-02
5.133569e-02 5.176441e-02
5.133341e-02 5.150901e-02
5.133140e-02 5.150532e-02
5.132960e-02 5.158250e-02
5.132726e-02 5.153979e-02
5.132689e-02 5.199566e-02
5.132448e-02 5.167657e-02
5.132297e-02 5.154237e-02
5.132278e-02 5.165080e-02
5.132089e-02 5.157619e-02
5.131893e-02 5.167091e-02
5.131756e-02 5.146108e-02
5.131623e-02 5.158839e-02
5.131429e-02 5.169127e-02
5.131232e-02 5.152145e-02
5.131264e-02 5.158202e-02
5.130815e-02 5.148887e-02
5.130715e-02 5.155312e-02
5.130724e-02 5.169327e-02
5.130543e-02 5.177640e-02
5.130574e-02 5.154775e-02
5.130339e-02 5.153808e-02
5.130146e-02 5.151270e-02
5.129884e-02 5.154750e-02
5.129753e-02 5.171573e-02
5.129676e-02 5.156915e-02
5.129449e-02 5.151813e-02
5.129495e-02 5.164735e-02
5.129271e-02 5.179354e-02
5.128954e-02 5.148473e-02
5.128910e-02 5.153044e-02
5.128739e-02 5.163377e-02
5.128478e-02 5.155134e-02
5.128557e-02 5.155821e-02
5.128120e-02 5.164296e-02
5.128110e-02 5.140207e-02
5.127952e-02 5.164956e-02
5.127933e-02 5.157569e-02
5.127580e-02 5.154629e-02
5.127464e-02 5.149657e-02
5.127549e-02 5.157512e-02
5.127325e-02 5.152107e-02
5.127166e-02 5.139340e-02
5.126912e-02 5.152740e-02
5.126774e-02 5.144470e-02
5.126597e-02 5.150089e-02
5.126679e-02 5.155653e-02
5.126457e-02 5.145612e-02
5.126279e-02 5.153249e-02
5.125955e-02 5.162181e-02
5.125885e-02 5.145496e-02
5.125669e-02 5.139745e-02
5.125735e-02 5.149375e-02
5.125448e-02 5.162679e-02
5.125344e-02 5.162049e-02
5.125152e-02 5.207994e-02
5.125092e-02 5.174195e-02
5.124916e-02 5.153078e-02
5.124816e-02 5.152965e-02
5.124622e-02 5.170036e-02
5.124538e-02 5.166600e-02
5.124437e-02 5.154378e-02
5.124214e-02 5.137483e-02
5.123989e-02 5.164913e-02
5.123978e-02 5.156132e-02
5.123714e-02 5.145723e-02
5.123701e-02 5.134728e-02
5.123573e-02 5.148121e-02
5.123476e-02 5.188433e-02
5.123348e-02 5.142989e-02
5.123145e-02 5.143500e-02
5.122923e-02 5.158579e-02
5.122813e-02 5.164648e-02
5.122713e-02 5.144804e-02
5.122563e-02 5.156948e-02
5.122388e-02 5.142777e-02
5.122198e-02 5.142464e-02
5.122129e-02 5.159327e-02
5.121932e-02 5.194606e-02
5.122015e-02 5.158827e-02
5.121699e-02 5.160053e-02
5.121582e-02 5.142587e-02
5.121406e-02 5.134786e-02
5.121450e-02 5.134719e-02
5.121124e-02 5.139746e-02
5.121154e-02 5.161586e-02
5.120988e-02 5.160863e-02
5.120886e-02 5.154040e-02
5.120711e-02 5.153625e-02
5.120470e-02 5.159610e-02
5.120306e-02 5.150764e-02
5.120180e-02 5.148173e-02
5.120164e-02 5.140094e-02
5.119963e-02 5.147268e-02
5.119856e-02 5.152081e-02
5.119581e-02 5.165283e-02
5.119518e-02 5.143130e-02
5.119286e-02 5.151569e-02
5.119138e-02 5.143035e-02
5.119175e-02 5.171115e-02
5.119010e-02 5.148224e-02
5.119005e-02 5.132981e-02
5.118772e-02 5.152843e-02
5.118704e-02 5.171722e-02
5.118523e-02 5.152951e-02
5.118299e-02 5.150920e-02
5.118323e-02 5.135736e-02
5.118033e-02 5.169192e-02
5.118008e-02 5.151399e-02
5.117938e-02 5.151078e-02
5.117744e-02 5.171079e-02
5.117450e-02 5.131948e-02
5.117478e-02 5.136762e-02
5.117345e-02 5.137936e-02
5.117163e-02 5.132412e-02
5.116992e-02 5.159383e-02
5.117023e-02 5.161033e-02
5.116912e-02 5.147382e-02
5.116613e-02 5.169723e-02
5.116547e-02 5.140434e-02
5.116411e-02 5.146346e-02
5.116233e-02 5.159603e-02
5.116164e-02 5.158453e-02
5.116010e-02 5.138752e-02
5.115848e-02 5.143159e-02
5.115714e-02 5.143544e-02
5.115674e-02 5.150898e-02
5.115433e-02 5.136011e-02
5.115495e-02 5.133382e-02
5.115351e-02 5.157897e-02
5.114963e-02 5.161242e-02
5.115088e-02 5.135270e-02
5.114825e-02 5.154606e-02
5.114759e-02 5.135533e-02
5.114706e-02 5.141321e-02
5.114559e-02 5.141135e-02
5.114407e-02 5.150123e-02
5.114167e-02 5.136761e-02
5.114078e-02 5.141225e-02
5.114093e-02 5.125299e-02
5.113776e-02 5.143954e-02
5.113805e-02 5.132087e-02
5.113783e-02 5.134985e-02
5.113513e-02 5.124717e-02
5.113467e-02 5.163633e-02
5.113301e-02 5.148797e-02
5.113282e-02 5.137842e-02
5.113016e-02 5.142575e-02
5.112918e-02 5.139942e-02
5.112868e-02 5.122972e-02
5.112460e-02 5.130644e-02
5.112500e-02 5.155249e-02
5.112446e-02 5.137484e-02
5.112285e-02 5.129726e-02
5.112157e-02 5.144189e-02
5.112163e-02 5.128406e-02
5.112023e-02 5.151121e-02
5.111816e-02 5.134438e-02
5.111616e-02 5.147507e-02
5.111528e-02 5.173078e-02
5.111395e-02 5.136804e-02
5.111338e-02 5.158275e-02
5.111172e-02 5.166370e-02
5.111187e-02 5.125740e-02
5.111001e-02 5.137264e-02
5.110866e-02 5.132171e-02
5.110849e-02 5.137831e-02
5.110766e-02 5.131193e-02
5.110563e-02 5.122156e-02
5.110300e-02 5.136983e-02
5.110377e-02 5.142977e-02
5.110209e-02 5.127521e-02
5.110174e-02 5.142112e-02
5.109828e-02 5.128560e-02
5.109757e-02 5.131013e-02
5.109725e-02 5.129482e-02
5.109518e-02 5.138358e-02
5.109411e-02 5.133028e-02
5.109381e-02 5.137972e-02
5.109261e-02 5.140355e-02
5.109179e-02 5.135063e-02
5.109143e-02 5.129465e-02
5.108904e-02 5.135298e-02
5.108920e-02 5.136169e-02
5.108671e-02 5.132122e-02
5.108460e-02 5.135205e-02
5.108497e-02 5.135875e-02
5.108308e-02 5.122757e-02
5.108242e-02 5.130584e-02
5.108123e-02 5.162345e-02
5.108002e-02 5.125496e-02
5.107761e-02 5.124961e-02
5.107578e-02 5.131093e-02
5.107735e-02 5.134283e-02
5.107605e-02 5.178768e-02
5.107324e-02 5.141740e-02
5.107303e-02 5.152430e-02
5.107135e-02 5.122047e-02
5.106986e-02 5.158627e-02
5.106956e-02 5.127758e-02
5.106745e-02 5.152164e-02
5.106795e-02 5.123030e-02
5.106622e-02 5.139823e-02
5.106436e-02 5.138959e-02
5.106440e-02 5.126440e-02
5.106324e-02 5.123064e-02
5.106098e-02 5.147751e-02
5.106175e-02 5.131130e-02
5.105879e-02 5.132961e-02
5.105861e-02 5.139853e-02
5.105793e-02 5.116552e-02
5.105609e-02 5.133159e-02
5.105496e-02 5.125552e-02
5.105467e-02 5.135353e-02
5.105263e-02 5.127057e-02
5.105121e-02 5.148874e-02
5.104985e-02 5.141898e-02
5.104979e-02 5.122855e-02
5.104870e-02 5.120804e-02
5.104654e-02 5.126685e-02
5.104737e-02 5.127229e-02
5.104519e-02 5.130780e-02
5.104363e-02 5.152568e-02
5.104204e-02 5.133734e-02
5.104150e-02 5.141229e-02
5.104134e-02 5.118332e-02
5.104065e-02 5.117968e-02
5.103942e-02 5.118045e-02
5.103849e-02 5.129019e-02
5.103667e-02 5.132295e-02
5.103511e-02 5.131870e-02
5.103557e-02 5.137511e-02
5.103243e-02 5.147337e-02
5.103167e-02 5.122614e-02
5.103216e-02 5.115995e-02
5.103018e-02 5.131395e-02
5.102893e-02 5.120770e-02
5.102755e-02 5.133700e-02
5.102768e-02 5.124065e-02
5.102614e-02 5.132051e-02
5.102468e-02 5.120847e-02
5.102332e-02 5.129275e-02
5.102338e-02 5.132559e-02
5.102174e-02 5.121803e-02
5.102140e-02 5.115939e-02
5.101855e-02 5.118740e-02
5.101830e-02 5.188356e-02
5.101790e-02 5.119396e-02
5.101547e-02 5.131178e-02
5.101670e-02 5.124195e-02
5.101550e-02 5.142646e-02
5.101418e-02 5.123042e-02
5.101385e-02 5.142464e-02
5.101153e-02 5.152998e-02
5.101081e-02 5.121883e-02
5.100878e-02 5.129593e-02
5.100833e-02 5.140729e-02
5.100688e-02 5.132207e-02
5.100600e-02 5.134157e-02
5.100429e-02 5.118515e-02
5.100503e-02 5.134269e-02
5.100200e-02 5.124163e-02
5.100221e-02 5.128075e-02
5.100295e-02 5.123385e-02
5.100085e-02 5.134940e-02
5.099923e-02 5.141133e-02
5.099647e-02 5.126099e-02
5.099722e-02 5.136811e-02
5.099516e-02 5.140726e-02
5.099625e-02 5.136160e-02
5.099502e-02 5.115293e-02
5.099430e-02 5.129152e-02
5.099325e-02 5.126693e-02
5.099300e-02 5.114429e-02
5.099006e-02 5.121899e-02
5.098999e-02 5.117181e-02
5.098872e-02 5.122134e-02
5.098690e-02 5.136394e-02
5.098655e-02 5.142021e-02
5.098543e-02 5.126336e-02
5.098544e-02 5.126130e-02
5.098366e-02 5.125972e-02
5.098231e-02 5.120171e-02
5.098166e-02 5.112656e-02
5.098148e-02 5.122183e-02
5.097997e-02 5.111412e-02
5.097870e-02 5.125824e-02
5.097674e-02 5.123810e-02
5.097698e-02 5.109088e-02
5.097522e-02 5.128743e-02
5.097390e-02 5.112274e-02
5.097435e-02 5.119442e-02
5.097260e-02 5.156962e-02
5.097138e-02 5.113180e-02
5.097123e-02 5.125932e-02
5.096915e-02 5.111312e-02
5.096835e-02 5.123965e-02
5.096879e-02 5.115821e-02
5.096795e-02 5.118987e-02
5.096518e-02 5.124026e-02
5.096490e-02 5.156997e-02
5.096547e-02 5.108685e-02
5.096261e-02 5.121554e-02
5.096224e-02 5.125437e-02
5.096088e-02 5.136459e-02
5.096107e-02 5.138688e-02
5.095954e-02 5.127339e-02
5.095953e-02 5.122656e-02
5.095825e-02 5.129429e-02
5.095637e-02 5.106471e-02
5.095534e-02 5.138162e-02
5.095574e-02 5.143489e-02
5.095193e-02 5.113432e-02
5.095219e-02 5.169001e-02
5.095323e-02 5.122673e-02
5.095044e-02 5.119291e-02
5.095131e-02 5.136609e-02
5.094907e-02 5.114996e-02
5.094834e-02 5.119454e-02
5.094779e-02 5.121338e-02
5.094747e-02 5.120526e-02
5.094506e-02 5.109295e-02
5.094572e-02 5.122654e-02
5.094372e-02 5.128741e-02
5.094423e-02 5.112216e-02
5.094082e-02 5.107800e-02
5.094080e-02 5.126001e-02
5.093909e-02 5.105696e-02
5.094021e-02 5.115646e-02
5.093725e-02 5.140174e-02
5.093823e-02 5.120551e-02
5.093703e-02 5.140348e-02
5.093676e-02 5.119557e-02
5.093480e-02 5.126760e-02
5.093394e-02 5.144923e-02
5.093247e-02 5.116220e-02
5.093238e-02 5.110520e-02
5.093074e-02 5.114308e-02
5.093007e-02 5.102707e-02
5.093012e-02 5.136851e-02
5.092706e-02 5.116512e-02
5.092826e-02 5.105133e-02
5.092591e-02 5.120201e-02
5.092569e-02 5.128857e-02
5.092565e-02 5.102950e-02
5.092382e-02 5.107739e-02
5.092293e-02 5.125381e-02
5.092060e-02 5.116991e-02
5.092087e-02 5.111162e-02
5.092063e-02 5.122226e-02
5.091935e-02 5.107855e-02
5.091847e-02 5.114177e-02
5.091687e-02 5.114842e-02
5.091716e-02 5.138091e-02
5.091520e-02 5.108135e-02
5.091500e-02 5.117238e-02
5.091647e-02 5.106434e-02
5.091332e-02 5.107620e-02
5.091412e-02 5.117546e-02
5.091305e-02 5.115600e-02
5.091076e-02 5.100996e-02
5.090953e-02 5.103298e-02
5.090923e-02 5.118805e-02
5.090921e-02 5.109900e-02
5.090997e-02 5.102350e-02
5.090712e-02 5.125923e-02
5.090571e-02 5.129292e-02
5.090525e-02 5.103265e-02
5.090481e-02 5.119149e-02
5.090484e-02 5.100466e-02
5.090337e-02 5.121699e-02
5.090271e-02 5.106358e-02
5.089935e-02 5.125275e-02
5.089995e-02 5.127276e-02
5.090079e-02 5.119091e-02
5.089701e-02 5.113087e-02
5.089652e-02 5.119024e-02
5.089715e-02 5.115420e-02
5.089605e-02 5.134491e-02
5.089538e-02 5.119145e-02
5.089540e-02 5.099869e-02
5.089228e-02 5.140851e-02
5.089209e-02 5.105720e-02
5.089155e-02 5.110172e-02
5.089125e-02 5.139189e-02
5.089093e-02 5.124633e-02
5.088997e-02 5.122582e-02
5.088919e-02 5.101047e-02
5.088787e-02 5.129110e-02
5.088717e-02 5.143455e-02
5.088532e-02 5.131984e-02
5.088441e-02 5.112399e-02
5.088537e-02 5.134153e-02
5.088290e-02 5.128608e-02
5.088375e-02 5.112273e-02
5.088153e-02 5.117457e-02
5.088104e-02 5.104895e-02
5.087957e-02 5.144214e-02
5.087896e-02 5.105623e-02
5.087778e-02 5.116343e-02
5.087805e-02 5.120093e-02
5.087597e-02 5.099200e-02
5.087580e-02 5.113599e-02
5.087564e-02 5.103067e-02
5.087407e-02 5.112261e-02
5.087457e-02 5.102997e-02
5.087281e-02 5.131180e-02
5.087126e-02 5.114395e-02
5.087089e-02 5.114791e-02
5.087009e-02 5.147104e-02
5.087030e-02 5.105488e-02
5.086837e-02 5.125950e-02
5.086686e-02 5.124450e-02
5.086844e-02 5.130134e-02
5.086624e-02 5.110061e-02
5.086710e-02 5.125437e-02
5.086720e-02 5.110886e-02
5.086350e-02 5.122274e-02
5.086299e-02 5.118809e-02
5.086204e-02 5.117819e-02
5.086189e-02 5.105671e-02
5.086144e-02 5.122253e-02
5.086049e-02 5.111842e-02
5.086017e-02 5.132258e-02
5.085906e-02 5.118972e-02
5.085791e-02 5.126909e-02
5.085604e-02 5.103464e-02
5.085631e-02 5.120700e-02
5.085784e-02 5.103639e-02
5.085610e-02 5.105460e-02
5.085419e-02 5.095604e-02
5.085261e-02 5.097340e-02
5.085336e-02 5.118273e-02
5.085408e-02 5.133340e-02
5.085071e-02 5.136201e-02
5.085009e-02 5.117713e-02
5.085073e-02 5.102590e-02
5.084851e-02 5.112313e-02
5.084805e-02 5.107965e-02
5.084962e-02 5.112852e-02
5.084885e-02 5.101973e-02
5.084644e-02 5.098282e-02
5.084605e-02 5.129761e-02
5.084447e-02 5.120220e-02
5.084405e-02 5.123884e-02
5.084443e-02 5.108364e-02
5.084337e-02 5.097607e-02
5.084124e-02 5.118271e-02
5.084074e-02 5.116397e-02
5.084164e-02 5.095280e-02
5.083784e-02 5.106872e-02
5.083917e-02 5.117358e-02
5.083736e-02 5.103996e-02
5.083738e-02 5.099269e-02
5.083644e-02 5.105958e-02
5.083638e-02 5.116867e-02
5.083521e-02 5.137855e-02
5.083493e-02 5.099438e-02
5.083325e-02 5.155767e-02
5.083372e-02 5.105041e-02
5.083076e-02 5.113167e-02
5.083117e-02 5.099260e-02
5.083097e-02 5.135421e-02
5.082967e-02 5.118664e-02
5.082779e-02 5.101626e-02
5.082874e-02 5.106396e-02
5.082877e-02 5.114298e-02
5.082688e-02 5.110132e-02
5.082523e-02 5.112658e-02
5.082565e-02 5.107064e-02
5.082460e-02 5.119944e-02
5.082388e-02 5.094769e-02
5.082260e-02 5.101653e-02
5.082249e-02 5.109264e-02
5.082230e-02 5.100581e-02
5.082105e-02 5.116242e-02
5.082080e-02 5.098919e-02
5.081950e-02 5.093202e-02
5.081747e-02 5.109854e-02
5.081854e-02 5.108183e-02
5.081659e-02 5.098863e-02
5.081825e-02 5.101081e-02
5.081712e-02 5.091093e-02
5.081528e-02 5.093405e-02
5.081447e-02 5.091474e-02
5.081424e-02 5.100104e-02
5.081234e-02 5.107427e-02
5.081258e-02 5.107975e-02
5.081172e-02 5.103171e-02
5.081175e-02 5.091273e-02
5.081106e-02 5.093652e-02
5.080989e-02 5.094885e-02
5.080849e-02 5.104295e-02
5.080931e-02 5.129061e-02
5.080820e-02 5.161597e-02
5.080713e-02 5.097074e-02
5.080681e-02 5.104110e-02
5.080640e-02 5.098375e-02
5.080568e-02 5.117625e-02
5.080297e-02 5.114989e-02
5.080453e-02 5.117532e-02
5.080343e-02 5.100209e-02
5.080303e-02 5.127288e-02
5.080268e-02 5.104007e-02
5.080204e-02 5.106166e-02
5.079877e-02 5.096864e-02
5.080036e-02 5.139260e-02
5.079943e-02 5.113258e-02
5.079909e-02 5.092413e-02
5.079837e-02 5.135867e-02
5.079749e-02 5.104853e-02
5.079602e-02 5.097195e-02
5.079463e-02 5.109556e-02
5.079474e-02 5.111491e-02
5.079528e-02 5.093062e-02
