7.964420e-02 4.668783e-02
8.840962e-03 1.906760e-02
5.397935e-03 1.385396e-02
4.234635e-03 1.084562e-02
3.568067e-03 9.399386e-03
3.108427e-03 8.352016e-03
2.741331e-03 7.544925e-03
2.437027e-03 6.852335e-03
2.175781e-03 6.463687e-03
1.943228e-03 5.956441e-03
1.738547e-03 5.596051e-03
1.555432e-03 5.159676e-03
1.392515e-03 4.784450e-03
1.250754e-03 4.408119e-03
1.126050e-03 4.116461e-03
1.020181e-03 3.781203e-03
9.302401e-04 3.519322e-03
8.546554e-04 3.373777e-03
7.907310e-04 3.193664e-03
7.359029e-04 3.103760e-03
6.863322e-04 2.971557e-03
6.435670e-04 2.887725e-03
6.054353e-04 2.757156e-03
5.710565e-04 2.648438e-03
5.391432e-04 2.597092e-03
5.123609e-04 2.522532e-03
4.885152e-04 2.433151e-03
4.674525e-04 2.350597e-03
4.486500e-04 2.280059e-03
4.315306e-04 2.233955e-03
4.155159e-04 2.184090e-03
4.020813e-04 2.112705e-03
3.899509e-04 2.097489e-03
3.798456e-04 2.086842e-03
3.706926e-04 2.063598e-03
3.624960e-04 2.081900e-03
3.552721e-04 2.064307e-03
3.488644e-04 2.091324e-03
3.427830e-04 2.079343e-03
3.365781e-04 2.114685e-03
3.311088e-04 2.104474e-03
3.265350e-04 2.170366e-03
3.213480e-04 2.181303e-03
3.170843e-04 2.134531e-03
3.133874e-04 2.245406e-03
3.091038e-04 2.175804e-03
3.055692e-04 2.209149e-03
3.023006e-04 2.183739e-03
2.988995e-04 2.253894e-03
2.956674e-04 2.306018e-03
2.929813e-04 2.276803e-03
2.904479e-04 2.255878e-03
2.874731e-04 2.324948e-03
2.851202e-04 2.325151e-03
2.827165e-04 2.454154e-03
2.803057e-04 2.411777e-03
2.779843e-04 2.390735e-03
2.757947e-04 2.421749e-03
2.734507e-04 2.436345e-03
2.713036e-04 2.418091e-03
2.693018e-04 2.458378e-03
2.676625e-04 2.508387e-03
2.658212e-04 2.537051e-03
2.640976e-04 2.499775e-03
2.623849e-04 2.503235e-03
2.600073e-04 2.610486e-03
2.583145e-04 2.463513e-03
2.565732e-04 2.443712e-03
2.550708e-04 2.500697e-03
2.531814e-04 2.379102e-03
2.514259e-04 2.403175e-03
2.497073e-04 2.380700e-03
2.481223e-04 2.438375e-03
2.462280e-04 2.391831e-03
2.444637e-04 2.371846e-03
2.427512e-04 2.393878e-03
2.410847e-04 2.307807e-03
2.394333e-04 2.246200e-03
2.379072e-04 2.275502e-03
2.359808e-04 2.227133e-03
2.341927e-04 2.132554e-03
2.324218e-04 2.002896e-03
2.310147e-04 2.021776e-03
2.293471e-04 1.941507e-03
2.274450e-04 1.816090e-03
2.259562e-04 1.739313e-03
2.243671e-04 1.679848e-03
2.231159e-04 1.645450e-03
2.210656e-04 1.588660e-03
2.193956e-04 1.488807e-03
2.178049e-04 1.426732e-03
2.164289e-04 1.393387e-03
2.148629e-04 1.363520e-03
2.135661e-04 1.336610e-03
2.119931e-04 1.307823e-03
2.107103e-04 1.254407e-03
2.095902e-04 1.263250e-03
2.079659e-04 1.244059e-03
2.069582e-04 1.257211e-03
2.056627e-04 1.258437e-03
2.043668e-04 1.220657e-03
2.029724e-04 1.231821e-03
2.017041e-04 1.235074e-03
2.005160e-04 1.238322e-03
1.996178e-04 1.266547e-03
1.985446e-04 1.310163e-03
1.973756e-04 1.326088e-03
1.963097e-04 1.364880e-03
1.949520e-04 1.337351e-03
1.943166e-04 1.328649e-03
1.933535e-04 1.342222e-03
1.923375e-04 1.416573e-03
1.913202e-04 1.429230e-03
1.901060e-04 1.429431e-03
1.894040e-04 1.429194e-03
1.883459e-04 1.443658e-03
1.872773e-04 1.496523e-03
1.864281e-04 1.457498e-03
1.849290e-04 1.450603e-03
1.842987e-04 1.441818e-03
1.833006e-04 1.439269e-03
1.818540e-04 1.425254e-03
1.810568e-04 1.402989e-03
1.800404e-04 1.423574e-03
1.788956e-04 1.366141e-03
1.777925e-04 1.388032e-03
1.766861e-04 1.431471e-03
1.756268e-04 1.359744e-03
1.743183e-04 1.321138e-03
1.727129e-04 1.327881e-03
1.717557e-04 1.310907e-03
1.700295e-04 1.412126e-03
1.689476e-04 1.335190e-03
1.676149e-04 1.255822e-03
1.661888e-04 1.297797e-03
1.646984e-04 1.319184e-03
1.637289e-04 1.209318e-03
1.621816e-04 1.230388e-03
1.607467e-04 1.195598e-03
1.596246e-04 1.208339e-03
1.585094e-04 1.175833e-03
1.572718e-04 1.217651e-03
1.560380e-04 1.107712e-03
1.548444e-04 1.360357e-03
1.530786e-04 1.076848e-03
1.518733e-04 9.900235e-04
1.510488e-04 9.810122e-04
1.490585e-04 9.202395e-04
1.476328e-04 8.656046e-04
1.465192e-04 7.936465e-04
1.449771e-04 7.722415e-04
1.430829e-04 1.034884e-03
1.414352e-04 8.324602e-04
1.405049e-04 7.688733e-04
1.389018e-04 7.232196e-04
1.374903e-04 7.587190e-04
1.371485e-04 7.261655e-04
1.359489e-04 6.878747e-04
1.347049e-04 6.933641e-04
1.342948e-04 7.076151e-04
1.333585e-04 6.810143e-04
1.327352e-04 6.607974e-04
1.322226e-04 6.635914e-04
1.314862e-04 6.438799e-04
1.303790e-04 6.475457e-04
1.293449e-04 6.395648e-04
1.288967e-04 6.141015e-04
1.278666e-04 5.954502e-04
1.276068e-04 6.282628e-04
1.257262e-04 5.616150e-04
1.246954e-04 5.666393e-04
1.241102e-04 5.964178e-04
1.224918e-04 5.391389e-04
1.210781e-04 5.791594e-04
1.188189e-04 5.435526e-04
1.173441e-04 5.709999e-04
1.155899e-04 5.624327e-04
1.144264e-04 5.713407e-04
1.129913e-04 5.339722e-04
1.121377e-04 5.332386e-04
1.111810e-04 5.892984e-04
1.095487e-04 5.493498e-04
1.086235e-04 5.632588e-04
1.074961e-04 5.678691e-04
1.068043e-04 5.605646e-04
1.073994e-04 7.816943e-04
1.064090e-04 6.307472e-04
1.038609e-04 5.156092e-04
1.032331e-04 4.741600e-04
1.015963e-04 4.764267e-04
1.011975e-04 5.303272e-04
9.926548e-05 4.735782e-04
9.903598e-05 5.112875e-04
9.841187e-05 5.060617e-04
9.688599e-05 5.029038e-04
9.584671e-05 5.179443e-04
9.482933e-05 5.027124e-04
9.403483e-05 4.586656e-04
9.302942e-05 5.028141e-04
9.258201e-05 4.866544e-04
9.124116e-05 4.557976e-04
9.050774e-05 4.566640e-04
8.967318e-05 4.038237e-04
8.878433e-05 4.433906e-04
8.807131e-05 4.491435e-04
8.820264e-05 3.888578e-04
8.622466e-05 4.238989e-04
8.659579e-05 4.196219e-04
8.499971e-05 4.439523e-04
8.385692e-05 4.165591e-04
8.327269e-05 4.300401e-04
8.352277e-05 3.838605e-04
8.200216e-05 3.878856e-04
8.286138e-05 3.938831e-04
8.168520e-05 3.456479e-04
8.020206e-05 3.661493e-04
7.947105e-05 3.280081e-04
7.896491e-05 3.875638e-04
7.838698e-05 3.530842e-04
7.759291e-05 3.641380e-04
7.713872e-05 3.711742e-04
7.634822e-05 4.336324e-04
7.643698e-05 3.476084e-04
8.501528e-05 3.707636e-04
7.694764e-05 3.575799e-04
7.458149e-05 3.274235e-04
7.418534e-05 3.146930e-04
7.363188e-05 3.186627e-04
7.336908e-05 3.208743e-04
2.608290e-04 3.310864e-04
8.256205e-05 3.119116e-04
7.338638e-05 3.056562e-04
7.205810e-05 3.341951e-04
7.125653e-05 3.036961e-04
7.089092e-05 2.952794e-04
7.038059e-05 2.962800e-04
6.980860e-05 2.987985e-04
1.150324e-04 7.431161e-04
7.587243e-05 3.070156e-04
6.888541e-05 2.951604e-04
3.199154e-04 4.371096e-04
7.688371e-05 2.971927e-04
7.149979e-05 2.882889e-04
6.848222e-05 2.849954e-04
6.716260e-05 2.964342e-04
6.605438e-05 2.842604e-04
6.700070e-05 2.837213e-04
9.564539e-05 3.057843e-04
6.532006e-05 2.746415e-04
6.423685e-05 2.736639e-04
6.357367e-05 2.730884e-04
6.309642e-05 2.785163e-04
7.171778e-05 2.874217e-04
6.286085e-05 2.763480e-04
6.192233e-05 2.729165e-04
6.151430e-05 2.695431e-04
6.110151e-05 2.741004e-04
6.067055e-05 2.761037e-04
6.031528e-05 2.660155e-04
6.003305e-05 2.666532e-04
5.958631e-05 2.646199e-04
5.925806e-05 2.696408e-04
5.902857e-05 2.752551e-04
5.875928e-05 2.601914e-04
5.829861e-05 2.556133e-04
5.809647e-05 2.533263e-04
1.349825e-04 2.548030e-04
5.761125e-05 2.561152e-04
5.707398e-05 2.756570e-04
5.678470e-05 2.527039e-04
5.651357e-05 2.726137e-04
5.606364e-05 2.584706e-04
5.581489e-05 2.528455e-04
5.550309e-05 2.965505e-04
5.509708e-05 2.591480e-04
5.488429e-05 2.593511e-04
5.432259e-05 2.875062e-04
5.399193e-05 2.497361e-04
5.346164e-05 2.595606e-04
5.299943e-05 2.677958e-04
5.249582e-05 2.835676e-04
5.205127e-05 2.843079e-04
5.152149e-05 2.693139e-04
5.123200e-05 2.581211e-04
5.074240e-05 2.507729e-04
5.038247e-05 2.755700e-04
4.989054e-05 2.528773e-04
4.956809e-05 2.706603e-04
4.911883e-05 2.772209e-04
4.901065e-05 2.744149e-04
4.879125e-05 2.662762e-04
4.924087e-05 2.468727e-04
4.825560e-05 2.972601e-04
4.847884e-05 2.752013e-04
1.420483e-04 2.895900e-04
5.221769e-04 1.068531e-03
2.137494e-04 5.331883e-04
2.136486e-04 3.639900e-04
7.127789e-05 2.447446e-04
6.239316e-05 2.814821e-04
5.456334e-05 2.073742e-04
5.497825e-05 2.105495e-04
4.910812e-05 2.116498e-04
5.036605e-05 2.182874e-04
5.576092e-05 2.313919e-04
5.704298e-05 2.200857e-04
4.694610e-05 2.043188e-04
4.661638e-05 2.055527e-04
6.086540e-05 4.796733e-04
9.737838e-05 2.891399e-04
4.907449e-05 2.308056e-04
1.748497e-04 1.485237e-03
7.341919e-05 2.170032e-04
4.921533e-05 2.113163e-04
4.609445e-05 2.044978e-04
4.541687e-05 2.011118e-04
4.473306e-05 2.016737e-04
4.610675e-05 2.053234e-04
4.871879e-05 2.290344e-04
2.974680e-04 2.754176e-04
1.009649e-04 2.619840e-04
4.982834e-05 2.208981e-04
4.944730e-05 2.263645e-04
8.702245e-05 2.361564e-04
5.215843e-05 2.331100e-04
4.934765e-05 2.228302e-04
7.147105e-05 2.524548e-04
5.075261e-05 2.218480e-04
1.004259e-03 3.254622e-04
6.369497e-05 2.022069e-04
4.853603e-05 1.979746e-04
4.594051e-05 1.949511e-04
4.460083e-05 1.921997e-04
4.370138e-05 1.825736e-04
4.305064e-05 1.826981e-04
6.504505e-05 2.427000e-04
5.552751e-05 2.871804e-04
8.875279e-05 2.302054e-04
2.308797e-04 2.228672e-04
1.026334e-04 8.080375e-04
6.149281e-05 2.286785e-04
4.988506e-05 2.115224e-04
4.875058e-05 2.553998e-04
5.068312e-05 2.154381e-04
5.496844e-05 2.062398e-04
7.214666e-05 2.454473e-04
5.108540e-05 2.039606e-04
4.767283e-05 1.864770e-04
4.746271e-05 1.958153e-04
4.596501e-05 1.927745e-04
7.953373e-05 1.853762e-04
4.669585e-05 1.856677e-04
4.566434e-05 1.875221e-04
4.715090e-05 1.961626e-04
5.165322e-05 1.925511e-04
4.532194e-05 1.801269e-04
4.544664e-05 1.783586e-04
4.553653e-05 1.784122e-04
4.642539e-05 1.779869e-04
4.474384e-05 1.720807e-04
4.385955e-05 1.737647e-04
4.340098e-05 1.723119e-04
4.281043e-05 1.739767e-04
4.262848e-05 1.679080e-04
9.343399e-04 2.828040e-03
1.668692e-04 2.228224e-04
4.841684e-05 1.588439e-04
3.595054e-04 3.388361e-04
5.722570e-05 1.804779e-04
4.386692e-05 1.549700e-04
4.089914e-05 1.568729e-04
4.280189e-05 1.458444e-04
3.924256e-05 1.603511e-04
4.385817e-05 1.681131e-04
6.819246e-05 1.515689e-04
3.805003e-05 1.379208e-04
3.944182e-05 1.467732e-04
3.675170e-05 1.380980e-04
3.621425e-05 1.370169e-04
3.741993e-05 1.462727e-04
2.183732e-03 2.085293e-03
1.773112e-04 3.153468e-04
6.916324e-05 2.365206e-04
5.990223e-05 2.477562e-04
1.463110e-04 2.129935e-04
2.017573e-04 2.262822e-04
5.438380e-05 1.755446e-04
7.497090e-04 2.158298e-04
5.733400e-04 1.964758e-04
2.059944e-04 1.844402e-04
4.604217e-05 1.674181e-04
4.363696e-05 1.615952e-04
4.195058e-05 1.576867e-04
4.101969e-05 1.564336e-04
4.794181e-05 1.784878e-04
4.676688e-05 1.779038e-04
4.734954e-05 2.069867e-04
1.673506e-03 2.544030e-03
2.564810e-04 5.509622e-04
1.437809e-04 3.719749e-04
1.048097e-04 2.712230e-04
6.842690e-05 2.065989e-04
5.814122e-05 1.815335e-04
1.457013e-04 1.924303e-04
5.043971e-05 1.954851e-04
5.022143e-05 1.784909e-04
8.760057e-05 1.931676e-04
8.513311e-05 1.678585e-04
5.603736e-05 1.794559e-04
4.357332e-05 1.565299e-04
4.184798e-05 1.502750e-04
4.858423e-04 2.132979e-04
4.345495e-05 1.535047e-04
4.062760e-05 1.681914e-04
7.082138e-04 2.159537e-04
4.479913e-05 1.541323e-04
4.059786e-05 1.406246e-04
4.306627e-05 1.476367e-04
3.913779e-05 1.419208e-04
5.006647e-05 1.725147e-04
6.121296e-04 3.683849e-04
5.814328e-05 1.627520e-04
4.289223e-05 1.423346e-04
5.189357e-05 1.430248e-04
5.396059e-05 1.717643e-04
3.676591e-04 1.805414e-04
4.451752e-05 1.459578e-04
4.512683e-05 1.522005e-04
1.264252e-04 3.813452e-04
8.909567e-05 2.087622e-04
5.410602e-05 1.634251e-04
8.148012e-05 1.647363e-04
4.471251e-05 1.676653e-04
4.199370e-05 1.518921e-04
8.116735e-04 2.382666e-04
4.954644e-05 1.654997e-04
9.467966e-05 3.026484e-04
7.394586e-05 1.627770e-04
1.172590e-04 1.728977e-04
5.102217e-05 1.600961e-04
5.288967e-05 1.608283e-04
8.070382e-05 3.119441e-04
6.542789e-05 1.914509e-04
8.500819e-05 2.115708e-04
5.096489e-05 1.496974e-04
4.352082e-05 1.432316e-04
7.211015e-05 1.770590e-04
4.773134e-05 1.516335e-04
4.254693e-05 1.449949e-04
6.577609e-05 1.566742e-04
4.229450e-05 1.590192e-04
4.139883e-05 1.503378e-04
4.310293e-05 1.803068e-04
5.086718e-05 1.475257e-04
4.372101e-05 1.432877e-04
4.175774e-05 1.440254e-04
4.250917e-05 1.475198e-04
4.094664e-05 1.539585e-04
4.017702e-05 1.700362e-04
4.131601e-05 1.886512e-04
8.981168e-05 1.956616e-04
4.303729e-05 1.603036e-04
4.262880e-05 1.625844e-04
4.448135e-05 1.701109e-04
4.995140e-05 1.616445e-04
7.808074e-05 1.505403e-04
4.270461e-05 1.544605e-04
7.942774e-05 1.468011e-04
4.108702e-05 1.635397e-04
4.148000e-05 1.738735e-04
4.460963e-05 1.574081e-04
4.144834e-05 1.645350e-04
3.941322e-05 1.496428e-04
3.928930e-05 1.610174e-04
3.788144e-05 1.555023e-04
3.785184e-05 1.800298e-04
4.014333e-05 1.505096e-04
3.831441e-05 1.502056e-04
5.354005e-05 1.598985e-04
3.888651e-05 2.765182e-04
3.939152e-05 1.449950e-04
3.937338e-05 1.671806e-04
3.789688e-05 1.459345e-04
3.903826e-05 1.967199e-04
3.942027e-05 1.545220e-04
4.631555e-05 1.516737e-04
7.110842e-05 1.490721e-04
3.768913e-05 1.600460e-04
4.166555e-05 1.833454e-04
4.277611e-05 1.688494e-04
4.563823e-05 1.892360e-04
5.193249e-05 1.973689e-04
5.373481e-05 1.605857e-04
4.825050e-05 1.779515e-04
4.659161e-05 1.761536e-04
4.014952e-05 1.436160e-04
3.988916e-05 1.502745e-04
3.947409e-05 1.517698e-04
1.824422e-04 1.680312e-04
4.034725e-05 1.367246e-04
4.090947e-05 1.508174e-04
3.999631e-05 1.704218e-04
4.446483e-05 1.675380e-04
4.580268e-05 1.562468e-04
4.387711e-05 2.150767e-04
1.105146e-04 1.931461e-04
4.737549e-05 1.784587e-04
4.145950e-05 1.535164e-04
4.123925e-05 1.335928e-04
4.201499e-05 1.445724e-04
4.286818e-05 2.182479e-04
4.032866e-05 1.579109e-04
3.923195e-05 2.147588e-04
4.147652e-05 1.381135e-04
4.199258e-05 1.475999e-04
4.284572e-05 3.240693e-04
5.031904e-05 1.504135e-04
3.867113e-05 1.418858e-04
3.803179e-05 1.687352e-04
3.890020e-05 1.481047e-04
3.896777e-05 1.616711e-04
4.046487e-05 1.695540e-04
3.988523e-05 1.624319e-04
4.219100e-05 1.517354e-04
5.843093e-05 1.536094e-04
4.005309e-05 1.330643e-04
4.052930e-05 1.422493e-04
4.109580e-05 1.306526e-04
3.987772e-05 1.493272e-04
3.835494e-05 1.952258e-04
4.025414e-05 1.386361e-04
3.799245e-05 1.405316e-04
3.664621e-05 1.568382e-04
3.664377e-05 1.349884e-04
3.665581e-05 1.569588e-04
3.883515e-05 1.444555e-04
3.870136e-05 1.322268e-04
3.830688e-05 2.856126e-04
3.666119e-05 1.179261e-04
3.758090e-05 1.236581e-04
3.832829e-05 1.189465e-04
3.704405e-05 1.214828e-04
3.508929e-05 1.318327e-04
3.660266e-05 1.670034e-04
3.708059e-05 1.994917e-04
3.661113e-05 1.335545e-04
3.506473e-05 1.369467e-04
9.381573e-05 1.388486e-04
3.010603e-04 3.216270e-04
4.908477e-05 3.087966e-04
4.020705e-05 1.288057e-04
3.542287e-05 1.293913e-04
3.559946e-05 1.309277e-04
3.682003e-05 1.185279e-04
3.556462e-05 1.395395e-04
3.462275e-05 1.103389e-04
3.372973e-05 1.072584e-04
3.331459e-05 1.109473e-04
3.488536e-05 1.116102e-04
3.424333e-05 1.065449e-04
3.359876e-05 1.166254e-04
3.424920e-05 1.185997e-04
3.328588e-05 1.713697e-04
3.331193e-05 1.158340e-04
3.352125e-05 1.113367e-04
8.172364e-05 1.176773e-04
3.392833e-05 1.899068e-04
3.480765e-05 1.747692e-04
3.604360e-05 1.690549e-04
3.876833e-05 1.082248e-04
3.439015e-05 1.135804e-04
3.303863e-05 2.221872e-04
3.340418e-05 1.332740e-04
3.356754e-05 1.239517e-04
3.436382e-05 1.194219e-04
3.777397e-05 1.505561e-04
3.459331e-05 1.027730e-04
3.318097e-05 1.073247e-04
3.271570e-05 1.169098e-04
3.365551e-05 1.039041e-04
3.322826e-05 1.279321e-04
3.381453e-05 9.292647e-05
3.330721e-05 1.063191e-04
3.171972e-05 1.038588e-04
3.185057e-05 1.274057e-04
3.155189e-05 9.704271e-05
3.156517e-05 9.440273e-05
3.063040e-05 1.290101e-04
3.114359e-05 1.198913e-04
3.100017e-05 1.241816e-04
3.172429e-05 1.149749e-04
3.257938e-05 9.379261e-05
3.173268e-05 8.775320e-05
3.170796e-05 9.606860e-05
3.400337e-05 9.801541e-05
3.119486e-05 1.374629e-04
3.073718e-05 1.224649e-04
3.236927e-05 9.680682e-05
3.126293e-05 1.077459e-04
3.133122e-05 1.029553e-04
3.096019e-05 9.484015e-05
3.127197e-05 1.049081e-04
3.072548e-05 8.659197e-05
3.028339e-05 9.010465e-05
2.963241e-05 8.775524e-05
3.013437e-05 9.938647e-05
2.952949e-05 8.991511e-05
3.026658e-05 8.492754e-05
2.970510e-05 8.804360e-05
2.921937e-05 8.889586e-05
2.961868e-05 9.049818e-05
3.083063e-05 1.049186e-04
3.063254e-05 1.048415e-04
3.093050e-05 1.826974e-04
2.965029e-05 9.747232e-05
2.925255e-05 1.103798e-04
2.881511e-05 9.799567e-05
2.874401e-05 9.304177e-05
2.949668e-05 1.940529e-04
2.987656e-05 1.065849e-04
2.906302e-05 9.945141e-05
2.905160e-05 1.114820e-04
2.963501e-05 1.255995e-04
2.988291e-05 9.155248e-05
2.920131e-05 1.013202e-04
2.528992e-04 4.229815e-03
7.327988e-03 9.092087e-03
2.700879e-04 2.719269e-04
4.579300e-05 1.371015e-04
3.678841e-05 1.504010e-04
3.464594e-05 1.114729e-04
3.227319e-05 1.065934e-04
3.210822e-05 1.063659e-04
1.416842e-04 4.397146e-04
1.338077e-04 1.449721e-04
3.785406e-05 1.166626e-04
3.333426e-05 1.115452e-04
3.205685e-05 9.676784e-05
3.101120e-05 9.632827e-05
3.000498e-05 9.842469e-05
3.096733e-05 9.390096e-05
2.987185e-05 9.589279e-05
2.909413e-05 9.134346e-05
2.992417e-05 9.433633e-05
2.927126e-05 9.008433e-05
3.800045e-05 1.686350e-04
6.864544e-05 1.354857e-04
3.184601e-05 9.754419e-05
3.002213e-05 9.277860e-05
3.074090e-05 9.215757e-05
8.094232e-05 1.067405e-04
3.020006e-05 9.180803e-05
2.876688e-05 8.362528e-05
2.805539e-05 8.150338e-05
2.819348e-05 9.208779e-05
2.776018e-05 8.064618e-05
2.746536e-05 7.876375e-05
2.701916e-05 7.908643e-05
2.722832e-05 8.048182e-05
2.705576e-05 8.916974e-05
2.795118e-05 7.843038e-05
2.720435e-05 7.601234e-05
2.660539e-05 8.094979e-05
2.635034e-05 7.558123e-05
2.620130e-05 8.477680e-05
2.583619e-05 9.063330e-05
2.573999e-05 1.075775e-04
2.570092e-05 7.692817e-05
2.579619e-05 7.057126e-05
2.555453e-05 7.728539e-05
2.514988e-05 6.761032e-05
2.520175e-05 9.517794e-05
2.474263e-05 8.676837e-05
2.484577e-05 9.627725e-05
2.473267e-05 6.881153e-05
2.525309e-05 1.212791e-04
2.780835e-05 1.481989e-04
2.452748e-05 6.519553e-05
2.454340e-05 6.879993e-05
2.427754e-05 6.502125e-05
2.376785e-05 6.608415e-05
2.294118e-05 6.236551e-05
2.264894e-05 6.650477e-05
2.251467e-05 6.101794e-05
2.228915e-05 6.309992e-05
2.267566e-05 6.243647e-05
2.475295e-05 7.227942e-05
2.269848e-05 6.436307e-05
2.252821e-05 6.126559e-05
2.251344e-05 6.143235e-05
2.220710e-05 6.282939e-05
2.200779e-05 6.111355e-05
2.192014e-05 6.054718e-05
6.985770e-05 6.379803e-05
2.197193e-05 5.992567e-05
2.183893e-05 5.658680e-05
2.147559e-05 5.885049e-05
2.141833e-05 5.782364e-05
2.184897e-05 5.956375e-05
2.155278e-05 5.746843e-05
2.145588e-05 6.181109e-05
2.120241e-05 5.896827e-05
2.116021e-05 5.567913e-05
2.099239e-05 5.686405e-05
2.089018e-05 5.521547e-05
2.078371e-05 5.658902e-05
2.065331e-05 5.384104e-05
2.049009e-05 5.502689e-05
2.035894e-05 5.525700e-05
2.032055e-05 5.359055e-05
2.014054e-05 5.270507e-05
2.013465e-05 5.338959e-05
1.998172e-05 5.715392e-05
2.006866e-05 5.456224e-05
2.000409e-05 5.335813e-05
1.991062e-05 5.442165e-05
1.987185e-05 5.439245e-05
2.000230e-05 5.198906e-05
1.943474e-05 5.465639e-05
1.946296e-05 5.263634e-05
1.931964e-05 5.165966e-05
1.931681e-05 5.158737e-05
1.926010e-05 5.085066e-05
1.925643e-05 5.080447e-05
1.917344e-05 5.222398e-05
1.907391e-05 5.019580e-05
1.901759e-05 5.148339e-05
1.893505e-05 5.046153e-05
1.883110e-05 4.977034e-05
1.876111e-05 4.985123e-05
1.867979e-05 5.295749e-05
1.861036e-05 5.031184e-05
1.856967e-05 4.950918e-05
1.837159e-05 4.992228e-05
1.842196e-05 4.901925e-05
1.834303e-05 4.926822e-05
1.827441e-05 4.858632e-05
1.820831e-05 4.880386e-05
1.870364e-05 4.835564e-05
1.806275e-05 4.902013e-05
1.802433e-05 4.964585e-05
1.790214e-05 5.003069e-05
1.790562e-05 4.825562e-05
1.781328e-05 4.795767e-05
1.774508e-05 4.784747e-05
1.770303e-05 4.727671e-05
1.761711e-05 4.801322e-05
1.760865e-05 4.803219e-05
1.754555e-05 4.796776e-05
1.745826e-05 4.790100e-05
1.745389e-05 4.755527e-05
1.737084e-05 4.815708e-05
1.731318e-05 4.937452e-05
1.723568e-05 4.815601e-05
1.721920e-05 4.709308e-05
1.716702e-05 4.873421e-05
1.710215e-05 4.735750e-05
2.908838e-05 4.810459e-05
1.751743e-05 4.633072e-05
4.638953e-05 4.917555e-05
1.720570e-05 4.696152e-05
1.708247e-05 4.637444e-05
2.242469e-05 6.155111e-05
2.194124e-05 5.469541e-05
1.732998e-05 4.803168e-05
1.719734e-05 5.454488e-05
1.736642e-05 4.817870e-05
1.688709e-05 4.633345e-05
1.676948e-05 4.666195e-05
1.675162e-05 4.778395e-05
1.669458e-05 4.532339e-05
1.668350e-05 4.539336e-05
1.654627e-05 4.464463e-05
1.657724e-05 4.523910e-05
1.660980e-05 4.657290e-05
1.711240e-05 4.662141e-05
1.654806e-05 4.617011e-05
1.635298e-05 4.520640e-05
1.631161e-05 4.573426e-05
1.622221e-05 4.482185e-05
1.622416e-05 4.616327e-05
1.620136e-05 4.481362e-05
1.606266e-05 5.204333e-05
1.692315e-05 4.677500e-05
1.620753e-05 4.485995e-05
1.644737e-05 4.971991e-05
1.622341e-05 4.518414e-05
1.598393e-05 4.424409e-05
1.590726e-05 4.383609e-05
1.588904e-05 4.570387e-05
1.590410e-05 4.403728e-05
1.588147e-05 4.399837e-05
1.580895e-05 4.289547e-05
1.569136e-05 4.454972e-05
1.676589e-05 7.946089e-05
1.730586e-05 4.645474e-05
1.852420e-04 1.804733e-04
2.584289e-05 7.694412e-05
1.986900e-05 4.984581e-05
1.695192e-05 4.847358e-05
1.671648e-05 4.687034e-05
1.716820e-05 5.780007e-05
2.362106e-05 5.932210e-05
1.728099e-05 5.274253e-05
1.665169e-05 4.682822e-05
1.654582e-05 4.666825e-05
1.643660e-05 4.573954e-05
1.857684e-05 4.888615e-05
2.071829e-05 1.470705e-04
1.973261e-05 5.155820e-05
1.753530e-05 4.836673e-05
1.723103e-05 4.653894e-05
1.696108e-05 4.740543e-05
1.687021e-05 4.684697e-05
1.672875e-05 4.782969e-05
2.069465e-05 8.531073e-05
2.301853e-05 5.973767e-05
1.797840e-05 4.889620e-05
1.752618e-05 4.849154e-05
1.929605e-05 5.967125e-05
1.879894e-05 5.294261e-05
1.765623e-05 4.836651e-05
1.743664e-05 7.607949e-05
2.000365e-05 7.491451e-05
1.970995e-05 6.447887e-05
1.842436e-05 5.268216e-05
1.755428e-05 4.697939e-05
1.751150e-05 4.640726e-05
1.803384e-05 5.125602e-05
1.817369e-05 4.880928e-05
1.713113e-05 4.682614e-05
1.691676e-05 4.526683e-05
1.666019e-05 4.597023e-05
1.665677e-05 4.526306e-05
1.642377e-05 4.444744e-05
1.631837e-05 4.508850e-05
1.625953e-05 4.397349e-05
1.611596e-05 4.414348e-05
1.585039e-05 4.241680e-05
1.610138e-05 4.333346e-05
1.596516e-05 4.326895e-05
1.582951e-05 4.307650e-05
1.597894e-05 4.350233e-05
1.586125e-05 4.234951e-05
1.534176e-05 4.168595e-05
1.549179e-05 4.336093e-05
1.552465e-05 4.253685e-05
1.542305e-05 4.136572e-05
1.535092e-05 4.148733e-05
1.520260e-05 4.089135e-05
1.522995e-05 4.334681e-05
1.512106e-05 4.264375e-05
1.492878e-05 4.171975e-05
1.515028e-05 4.029842e-05
1.500905e-05 4.206433e-05
1.525542e-05 4.178822e-05
1.506425e-05 4.098606e-05
1.491134e-05 3.992555e-05
1.561391e-05 4.113205e-05
1.456793e-05 4.008327e-05
1.478983e-05 4.099456e-05
1.474708e-05 4.051150e-05
1.517269e-05 3.959736e-05
1.451846e-05 3.936516e-05
1.466401e-05 3.924084e-05
1.467713e-05 4.025033e-05
1.525859e-05 3.928380e-05
1.444638e-05 4.093704e-05
1.429370e-05 4.055633e-05
1.433202e-05 4.003145e-05
1.481936e-05 3.979933e-05
1.445901e-05 3.916153e-05
1.511395e-05 3.939115e-05
1.474477e-05 3.887224e-05
1.461295e-05 3.845065e-05
1.455845e-05 5.163907e-05
2.030456e-05 4.404955e-05
1.527938e-05 4.047547e-05
1.504602e-05 3.887534e-05
1.526687e-05 3.976461e-05
1.487320e-05 3.807033e-05
1.494096e-05 3.855687e-05
1.479573e-05 3.830543e-05
1.507172e-05 3.784185e-05
1.744172e-05 5.185749e-05
2.118728e-05 5.682127e-05
1.569828e-05 3.949704e-05
1.943458e-05 7.254136e-05
2.450254e-05 2.027452e-04
3.738331e-05 9.241338e-04
1.015795e-04 5.728045e-05
1.980042e-05 5.047555e-05
1.896229e-05 5.704433e-05
1.809231e-05 4.417036e-05
1.735380e-05 4.398393e-05
1.621602e-05 3.983026e-05
1.510013e-05 3.826024e-05
1.481814e-05 3.801647e-05
1.472146e-05 3.722215e-05
1.453238e-05 3.901386e-05
1.444223e-05 3.776319e-05
1.431427e-05 3.728099e-05
1.424183e-05 3.673940e-05
1.420785e-05 3.680992e-05
1.411380e-05 3.592249e-05
1.407871e-05 3.605940e-05
1.405576e-05 3.539857e-05
1.394063e-05 3.548663e-05
1.390821e-05 3.485908e-05
1.386318e-05 3.527783e-05
1.380286e-05 3.502109e-05
1.375541e-05 3.545362e-05
1.367786e-05 3.547108e-05
1.382689e-05 3.651742e-05
1.364530e-05 3.512055e-05
1.362693e-05 3.638556e-05
1.356796e-05 3.537456e-05
1.354178e-05 3.457654e-05
1.348613e-05 3.557017e-05
1.352901e-05 3.529482e-05
1.343918e-05 3.571597e-05
1.342328e-05 3.458228e-05
1.336498e-05 3.482841e-05
1.334538e-05 3.434959e-05
1.331829e-05 3.440024e-05
1.328539e-05 3.485049e-05
1.325470e-05 3.411220e-05
1.323384e-05 3.392910e-05
1.319345e-05 3.443403e-05
1.315547e-05 3.389824e-05
1.314461e-05 3.409051e-05
1.311882e-05 3.371170e-05
1.308262e-05 3.444068e-05
1.305202e-05 3.444871e-05
1.305318e-05 3.426188e-05
1.301023e-05 3.445040e-05
1.297726e-05 3.351024e-05
1.295205e-05 3.431870e-05
1.318880e-05 3.457507e-05
1.290410e-05 3.422242e-05
1.286519e-05 3.425094e-05
1.285413e-05 3.391690e-05
1.301991e-05 3.389007e-05
1.296735e-05 3.414939e-05
1.279850e-05 3.370483e-05
1.275836e-05 3.383168e-05
1.293453e-05 3.336250e-05
1.290942e-05 3.374133e-05
1.285062e-05 3.394895e-05
1.267210e-05 3.298496e-05
1.263734e-05 3.406383e-05
1.264162e-05 3.319598e-05
1.261169e-05 3.398646e-05
1.291541e-05 3.325560e-05
1.254383e-05 3.298709e-05
1.254135e-05 3.301726e-05
1.253867e-05 3.335800e-05
1.274875e-05 3.378984e-05
1.249185e-05 3.287501e-05
1.283913e-05 3.278738e-05
1.244069e-05 3.338401e-05
1.241068e-05 3.273709e-05
1.239546e-05 3.336902e-05
1.238652e-05 3.236970e-05
1.235587e-05 3.339196e-05
1.244790e-05 3.352597e-05
1.231467e-05 3.331005e-05
1.229731e-05 3.197416e-05
1.227487e-05 3.354416e-05
1.261598e-05 3.253269e-05
1.223731e-05 3.272313e-05
1.222709e-05 3.254987e-05
1.220726e-05 3.176441e-05
1.243221e-05 3.254168e-05
1.241373e-05 3.204274e-05
1.215385e-05 3.193460e-05
1.212531e-05 3.196204e-05
1.226527e-05 3.197138e-05
1.210303e-05 3.248060e-05
1.221065e-05 3.214623e-05
1.226747e-05 3.174735e-05
1.225150e-05 3.712748e-05
1.223334e-05 3.218110e-05
1.199622e-05 3.186907e-05
1.197375e-05 3.205777e-05
1.196004e-05 3.188551e-05
1.195404e-05 3.121953e-05
1.192317e-05 3.192875e-05
1.190404e-05 3.126237e-05
1.205040e-05 3.125526e-05
1.225312e-05 3.269030e-05
1.183937e-05 3.087827e-05
1.183554e-05 3.152415e-05
1.206656e-05 3.116912e-05
1.180489e-05 3.081050e-05
1.177650e-05 3.125767e-05
1.178581e-05 3.223048e-05
1.200175e-05 3.072665e-05
1.220004e-05 3.287974e-05
1.211286e-05 3.137608e-05
