1.660590e-01 9.068102e-02
2.651924e-02 3.325362e-02
1.041050e-02 1.784703e-02
7.228341e-03 1.258302e-02
5.869214e-03 9.788143e-03
5.069731e-03 8.631790e-03
4.529952e-03 7.594920e-03
4.129855e-03 6.890755e-03
3.814803e-03 6.289127e-03
3.552095e-03 5.997155e-03
3.330198e-03 5.684991e-03
3.132578e-03 5.394225e-03
2.963135e-03 5.240401e-03
2.812961e-03 4.941761e-03
2.674415e-03 4.863741e-03
2.547001e-03 4.584784e-03
2.425467e-03 4.454602e-03
2.310785e-03 4.302228e-03
2.204307e-03 4.132388e-03
2.102179e-03 3.980285e-03
2.004551e-03 3.856460e-03
1.913808e-03 3.623284e-03
1.830191e-03 3.586556e-03
1.750442e-03 3.460407e-03
1.672211e-03 3.359563e-03
1.595189e-03 3.203905e-03
1.519651e-03 3.160141e-03
1.448384e-03 2.958503e-03
1.380176e-03 2.828406e-03
1.316000e-03 2.682325e-03
1.258849e-03 2.584582e-03
1.207193e-03 2.462581e-03
1.160652e-03 2.402534e-03
1.118440e-03 2.362054e-03
1.080056e-03 2.240342e-03
1.042821e-03 2.205206e-03
1.006343e-03 2.178009e-03
9.729831e-04 2.072180e-03
9.419066e-04 1.981414e-03
9.126138e-04 1.973917e-03
8.869494e-04 1.896783e-03
8.631101e-04 1.844765e-03
8.408464e-04 1.876025e-03
8.200170e-04 1.789518e-03
7.996337e-04 1.786921e-03
7.808396e-04 1.677850e-03
7.621921e-04 1.642540e-03
7.462836e-04 1.647371e-03
7.293809e-04 1.594658e-03
7.144716e-04 1.549348e-03
6.995105e-04 1.527507e-03
6.865547e-04 1.493379e-03
6.723067e-04 1.501043e-03
6.596496e-04 1.468532e-03
6.471337e-04 1.454410e-03
6.347966e-04 1.395239e-03
6.232136e-04 1.370037e-03
6.120084e-04 1.342402e-03
6.013290e-04 1.370597e-03
5.911525e-04 1.328493e-03
5.804838e-04 1.305369e-03
5.710780e-04 1.280110e-03
5.622744e-04 1.252266e-03
5.532303e-04 1.241918e-03
5.442032e-04 1.239263e-03
5.362261e-04 1.210758e-03
5.280501e-04 1.202055e-03
5.200446e-04 1.187066e-03
5.127243e-04 1.174951e-03
5.054632e-04 1.163374e-03
4.988546e-04 1.149557e-03
4.923822e-04 1.141996e-03
4.860100e-04 1.138070e-03
4.791865e-04 1.132599e-03
4.734017e-04 1.110832e-03
4.680123e-04 1.086890e-03
4.623208e-04 1.093658e-03
4.571140e-04 1.078809e-03
4.520655e-04 1.091381e-03
4.471249e-04 1.069482e-03
4.422613e-04 1.050966e-03
4.382338e-04 1.051263e-03
4.333536e-04 1.064459e-03
4.288133e-04 1.054553e-03
4.247532e-04 1.038059e-03
4.208979e-04 1.069403e-03
4.171566e-04 1.042533e-03
4.130465e-04 1.044885e-03
4.096003e-04 1.032377e-03
4.060470e-04 1.041670e-03
4.023328e-04 1.040607e-03
3.994179e-04 1.038551e-03
3.959420e-04 1.032294e-03
3.928108e-04 1.045595e-03
3.897864e-04 1.036150e-03
3.865091e-04 1.034825e-03
3.834850e-04 1.046865e-03
3.809489e-04 1.033170e-03
3.782535e-04 1.026305e-03
3.754125e-04 1.048100e-03
3.727298e-04 1.014926e-03
3.700490e-04 1.017788e-03
3.676767e-04 1.016572e-03
3.653162e-04 1.014505e-03
3.623948e-04 1.006170e-03
3.601247e-04 9.961976e-04
3.577291e-04 9.958569e-04
3.555843e-04 9.869350e-04
3.531572e-04 9.607973e-04
3.507625e-04 9.737419e-04
3.487490e-04 9.483529e-04
3.467364e-04 9.559850e-04
3.446332e-04 9.388384e-04
3.426506e-04 9.218229e-04
3.403583e-04 9.126096e-04
3.383874e-04 9.030883e-04
3.364560e-04 8.811679e-04
3.345164e-04 8.818518e-04
3.327850e-04 8.597456e-04
3.308496e-04 8.674273e-04
3.292618e-04 8.429309e-04
3.273983e-04 8.433989e-04
3.253591e-04 8.174125e-04
3.239422e-04 8.150437e-04
3.222185e-04 8.044937e-04
3.204518e-04 7.915735e-04
3.187461e-04 7.800171e-04
3.172196e-04 7.641244e-04
3.155829e-04 7.586130e-04
3.141415e-04 7.621920e-04
3.124561e-04 7.543401e-04
3.107044e-04 7.331803e-04
3.093048e-04 7.403811e-04
3.078065e-04 7.261914e-04
3.061210e-04 7.235639e-04
3.046900e-04 7.113509e-04
3.030709e-04 7.134356e-04
3.020039e-04 6.990699e-04
3.002948e-04 6.971732e-04
2.989740e-04 6.843699e-04
2.976226e-04 6.875456e-04
2.964385e-04 6.814277e-04
2.947943e-04 7.037464e-04
2.936976e-04 6.773681e-04
2.919144e-04 6.848323e-04
2.905494e-04 6.693965e-04
2.893998e-04 6.577307e-04
2.882433e-04 6.496594e-04
2.866400e-04 6.650349e-04
2.854610e-04 6.476889e-04
2.839944e-04 6.461495e-04
2.828304e-04 6.379306e-04
2.816721e-04 6.321492e-04
2.801626e-04 6.426735e-04
2.786335e-04 6.375338e-04
2.776409e-04 6.337701e-04
2.764940e-04 6.271698e-04
2.750814e-04 6.345786e-04
2.739032e-04 6.381132e-04
2.726507e-04 6.342178e-04
2.712763e-04 6.435720e-04
2.700634e-04 6.228385e-04
2.687545e-04 6.359892e-04
2.673942e-04 6.164933e-04
2.661585e-04 6.063725e-04
2.651420e-04 6.037833e-04
2.640995e-04 6.019463e-04
2.628230e-04 5.983739e-04
2.613979e-04 5.905716e-04
2.605590e-04 5.950909e-04
2.594885e-04 5.939411e-04
2.583895e-04 5.854623e-04
2.570396e-04 5.911734e-04
2.561378e-04 5.824674e-04
2.549044e-04 5.734289e-04
2.538954e-04 5.868892e-04
2.529037e-04 5.713271e-04
2.517310e-04 5.649881e-04
2.506872e-04 5.606618e-04
2.501167e-04 5.678983e-04
2.488134e-04 5.654265e-04
2.478703e-04 5.599165e-04
2.471134e-04 5.537430e-04
2.460992e-04 5.529761e-04
2.452290e-04 5.599894e-04
2.443028e-04 5.587056e-04
2.434364e-04 5.532644e-04
2.424453e-04 5.587950e-04
2.415915e-04 5.496095e-04
2.408801e-04 5.423070e-04
2.397606e-04 5.443629e-04
2.390581e-04 5.387117e-04
2.382730e-04 5.441305e-04
2.374558e-04 5.352688e-04
2.365369e-04 5.301012e-04
2.355265e-04 5.396849e-04
2.348132e-04 5.193016e-04
2.340211e-04 5.257909e-04
2.335118e-04 5.262119e-04
2.324196e-04 5.254989e-04
