2.107850e-01 1.785310e-01
1.263260e-01 1.260120e-01
8.597175e-02 9.597722e-02
6.165971e-02 7.599418e-02
4.588502e-02 6.181285e-02
3.538183e-02 5.161831e-02
2.825026e-02 4.605444e-02
2.335472e-02 3.988917e-02
1.993761e-02 3.654131e-02
1.749994e-02 3.380334e-02
1.575436e-02 3.137081e-02
1.447298e-02 3.039257e-02
1.351378e-02 2.887362e-02
1.277782e-02 2.784520e-02
1.217405e-02 2.708266e-02
1.169833e-02 2.639053e-02
1.128848e-02 2.567611e-02
1.094983e-02 2.515381e-02
1.066805e-02 2.468815e-02
1.041761e-02 2.404103e-02
1.018964e-02 2.381215e-02
1.000016e-02 2.375331e-02
9.814446e-03 2.327804e-02
9.660973e-03 2.302346e-02
9.527883e-03 2.285255e-02
9.394480e-03 2.261903e-02
9.283953e-03 2.239531e-02
9.163702e-03 2.231479e-02
9.063225e-03 2.194022e-02
8.971868e-03 2.215391e-02
8.882089e-03 2.178413e-02
8.795525e-03 2.180045e-02
8.721082e-03 2.135944e-02
8.641828e-03 2.108578e-02
8.569788e-03 2.119486e-02
8.512375e-03 2.104450e-02
8.448217e-03 2.093323e-02
8.397021e-03 2.081478e-02
8.337686e-03 2.088164e-02
8.285049e-03 2.055155e-02
8.236023e-03 2.052780e-02
8.187025e-03 2.056072e-02
8.133449e-03 2.064146e-02
8.092396e-03 2.034484e-02
8.049624e-03 2.027419e-02
8.010735e-03 2.004775e-02
7.969313e-03 2.009809e-02
7.924887e-03 2.025713e-02
7.886588e-03 2.003103e-02
7.853882e-03 1.993609e-02
7.822572e-03 1.964884e-02
7.783324e-03 1.981426e-02
7.748204e-03 1.987912e-02
7.719694e-03 1.987169e-02
7.694130e-03 1.988621e-02
7.653346e-03 1.974256e-02
7.634926e-03 1.982054e-02
7.600244e-03 1.966666e-02
7.575997e-03 1.958068e-02
7.548760e-03 1.943862e-02
7.513358e-03 1.935852e-02
7.494092e-03 1.927536e-02
7.467850e-03 1.941015e-02
7.445346e-03 1.950507e-02
7.420300e-03 1.933583e-02
7.386176e-03 1.909188e-02
7.369284e-03 1.911545e-02
7.349290e-03 1.914106e-02
7.322065e-03 1.916255e-02
7.300534e-03 1.901559e-02
7.285731e-03 1.880581e-02
7.260981e-03 1.882872e-02
7.245965e-03 1.875147e-02
7.220676e-03 1.890671e-02
7.204228e-03 1.875874e-02
7.182474e-03 1.872800e-02
7.168771e-03 1.870133e-02
7.151965e-03 1.886753e-02
7.136583e-03 1.888111e-02
7.114135e-03 1.866592e-02
7.096112e-03 1.847961e-02
7.082515e-03 1.882037e-02
7.070201e-03 1.837334e-02
7.052217e-03 1.875051e-02
7.037294e-03 1.878594e-02
7.022400e-03 1.841179e-02
7.010945e-03 1.832598e-02
6.998663e-03 1.839123e-02
6.977004e-03 1.837968e-02
6.966671e-03 1.825755e-02
6.956083e-03 1.834936e-02
6.942412e-03 1.844404e-02
6.926439e-03 1.833300e-02
6.914566e-03 1.811658e-02
6.901776e-03 1.814879e-02
6.892266e-03 1.816095e-02
6.877879e-03 1.811811e-02
6.865251e-03 1.817823e-02
6.853888e-03 1.796291e-02
6.834965e-03 1.797754e-02
6.828027e-03 1.743617e-02
6.816059e-03 1.758760e-02
6.803444e-03 1.758337e-02
6.792082e-03 1.758213e-02
6.776588e-03 1.746646e-02
6.770613e-03 1.742794e-02
6.761330e-03 1.734645e-02
6.746899e-03 1.737558e-02
6.736816e-03 1.729488e-02
6.723379e-03 1.731892e-02
6.710137e-03 1.737047e-02
6.707249e-03 1.737980e-02
6.690630e-03 1.742237e-02
6.690217e-03 1.741654e-02
6.676084e-03 1.737769e-02
6.664131e-03 1.726643e-02
6.653784e-03 1.716407e-02
6.649681e-03 1.716973e-02
6.635428e-03 1.725846e-02
6.629221e-03 1.734254e-02
6.622508e-03 1.723672e-02
6.610338e-03 1.713907e-02
6.600601e-03 1.722448e-02
6.592159e-03 1.731983e-02
6.589631e-03 1.706160e-02
6.573252e-03 1.713646e-02
6.563140e-03 1.720020e-02
6.553275e-03 1.726846e-02
6.545361e-03 1.713610e-02
6.535280e-03 1.706740e-02
6.527281e-03 1.731272e-02
6.522568e-03 1.693559e-02
6.511360e-03 1.707064e-02
6.506424e-03 1.719372e-02
6.499834e-03 1.706618e-02
6.490684e-03 1.704488e-02
6.478324e-03 1.718004e-02
6.471656e-03 1.689393e-02
6.468882e-03 1.693557e-02
6.453906e-03 1.679657e-02
6.454123e-03 1.692405e-02
6.440623e-03 1.681213e-02
6.437113e-03 1.689178e-02
6.422796e-03 1.701162e-02
6.416917e-03 1.688788e-02
6.412159e-03 1.661388e-02
6.399607e-03 1.677422e-02
6.396059e-03 1.695872e-02
6.388867e-03 1.672607e-02
6.387205e-03 1.677415e-02
6.370408e-03 1.681077e-02
6.367444e-03 1.665263e-02
6.362822e-03 1.658454e-02
6.350700e-03 1.682435e-02
6.343711e-03 1.642670e-02
6.340502e-03 1.646192e-02
6.332789e-03 1.657317e-02
6.325260e-03 1.675027e-02
6.317118e-03 1.656634e-02
6.307615e-03 1.652002e-02
6.302931e-03 1.649738e-02
6.296934e-03 1.637764e-02
6.283930e-03 1.650237e-02
6.281878e-03 1.639907e-02
6.268997e-03 1.638906e-02
6.264732e-03 1.639170e-02
6.255957e-03 1.649795e-02
6.249462e-03 1.626488e-02
6.238676e-03 1.639784e-02
6.227741e-03 1.633455e-02
6.213763e-03 1.635217e-02
6.207302e-03 1.626292e-02
6.200407e-03 1.617860e-02
6.189717e-03 1.619919e-02
6.173627e-03 1.619170e-02
6.165932e-03 1.613259e-02
6.156365e-03 1.606616e-02
6.143499e-03 1.618073e-02
6.137559e-03 1.595584e-02
6.129190e-03 1.608296e-02
6.119225e-03 1.607371e-02
6.111882e-03 1.597715e-02
6.098457e-03 1.602956e-02
6.091498e-03 1.585541e-02
6.087754e-03 1.593068e-02
6.076102e-03 1.587183e-02
6.068409e-03 1.585891e-02
6.066958e-03 1.585644e-02
6.052271e-03 1.584117e-02
6.046995e-03 1.575870e-02
6.039784e-03 1.578681e-02
6.031070e-03 1.559316e-02
6.029204e-03 1.582161e-02
6.018683e-03 1.574024e-02
6.012069e-03 1.541684e-02
6.003322e-03 1.555575e-02
5.999812e-03 1.549926e-02
5.986043e-03 1.542320e-02
5.983859e-03 1.551399e-02
5.975167e-03 1.557649e-02
5.969269e-03 1.545838e-02
5.963998e-03 1.553896e-02
5.954451e-03 1.548262e-02
5.945923e-03 1.552705e-02
5.937990e-03 1.533973e-02
5.936553e-03 1.534621e-02
5.927130e-03 1.535876e-02
5.922510e-03 1.543787e-02
5.908673e-03 1.532414e-02
5.902390e-03 1.531890e-02
5.892899e-03 1.536261e-02
5.887431e-03 1.531466e-02
5.876339e-03 1.518420e-02
5.866566e-03 1.534849e-02
5.864170e-03 1.532796e-02
5.855229e-03 1.520019e-02
5.849162e-03 1.515465e-02
5.841611e-03 1.521623e-02
5.826099e-03 1.516140e-02
5.823467e-03 1.505294e-02
5.811855e-03 1.502886e-02
5.801599e-03 1.508163e-02
5.793495e-03 1.503635e-02
5.785406e-03 1.516615e-02
5.775298e-03 1.510291e-02
5.763723e-03 1.512429e-02
5.766966e-03 1.495536e-02
5.752692e-03 1.506997e-02
5.746957e-03 1.493038e-02
5.741381e-03 1.526673e-02
5.733946e-03 1.502663e-02
5.725697e-03 1.490531e-02
5.722416e-03 1.514475e-02
5.705299e-03 1.512782e-02
5.701885e-03 1.508673e-02
5.694326e-03 1.483510e-02
5.684075e-03 1.476250e-02
5.674623e-03 1.491658e-02
5.671352e-03 1.488790e-02
5.661605e-03 1.495009e-02
5.654338e-03 1.493739e-02
5.644966e-03 1.461902e-02
5.629807e-03 1.473140e-02
5.618975e-03 1.495537e-02
5.612052e-03 1.482099e-02
5.595969e-03 1.481781e-02
5.579893e-03 1.485574e-02
5.565896e-03 1.466055e-02
5.548535e-03 1.464197e-02
5.526308e-03 1.463413e-02
5.500508e-03 1.475563e-02
5.477940e-03 1.460153e-02
5.456616e-03 1.457253e-02
5.429266e-03 1.440902e-02
5.410499e-03 1.454307e-02
5.385567e-03 1.434951e-02
5.370928e-03 1.437340e-02
5.357212e-03 1.447896e-02
5.348105e-03 1.434403e-02
5.333090e-03 1.446044e-02
5.325077e-03 1.432240e-02
5.316153e-03 1.428854e-02
5.308492e-03 1.414629e-02
5.300297e-03 1.410227e-02
5.289718e-03 1.419581e-02
5.284582e-03 1.419918e-02
5.275201e-03 1.401979e-02
5.271353e-03 1.407098e-02
5.267156e-03 1.391990e-02
5.255726e-03 1.428870e-02
5.256569e-03 1.396274e-02
5.249774e-03 1.404889e-02
5.238004e-03 1.405900e-02
5.231826e-03 1.414130e-02
5.230338e-03 1.401282e-02
5.224092e-03 1.396902e-02
5.216620e-03 1.390170e-02
5.211233e-03 1.390188e-02
5.208058e-03 1.382733e-02
5.202484e-03 1.387894e-02
5.195256e-03 1.385688e-02
5.189598e-03 1.377995e-02
5.189153e-03 1.385545e-02
5.179599e-03 1.383413e-02
5.179903e-03 1.384802e-02
5.173170e-03 1.387566e-02
5.166624e-03 1.379893e-02
5.165212e-03 1.373914e-02
5.162331e-03 1.372647e-02
5.156338e-03 1.372367e-02
5.151671e-03 1.375694e-02
5.149692e-03 1.372085e-02
5.145535e-03 1.365655e-02
5.139897e-03 1.361679e-02
5.132278e-03 1.381314e-02
5.131190e-03 1.369160e-02
5.126752e-03 1.371414e-02
5.123254e-03 1.365234e-02
5.117162e-03 1.362616e-02
5.113505e-03 1.365574e-02
5.115160e-03 1.313918e-02
5.103167e-03 1.322072e-02
5.102751e-03 1.315436e-02
5.098264e-03 1.321369e-02
5.091487e-03 1.312254e-02
5.089572e-03 1.311943e-02
5.083710e-03 1.307725e-02
5.082086e-03 1.311301e-02
5.077523e-03 1.316946e-02
5.073431e-03 1.308815e-02
5.068976e-03 1.320164e-02
5.064878e-03 1.314682e-02
5.059085e-03 1.299877e-02
5.054330e-03 1.298501e-02
5.050967e-03 1.303627e-02
5.043394e-03 1.297062e-02
5.042926e-03 1.304375e-02
5.031812e-03 1.303547e-02
5.032772e-03 1.297738e-02
5.022924e-03 1.301055e-02
5.022874e-03 1.293217e-02
5.014941e-03 1.289809e-02
5.009767e-03 1.307427e-02
5.004095e-03 1.293447e-02
4.996809e-03 1.291658e-02
4.994544e-03 1.289300e-02
4.989808e-03 1.284709e-02
4.981367e-03 1.287520e-02
4.979203e-03 1.291791e-02
4.973441e-03 1.286054e-02
4.964800e-03 1.284099e-02
4.962892e-03 1.285965e-02
4.958394e-03 1.301989e-02
4.950905e-03 1.284876e-02
4.944505e-03 1.292292e-02
4.942197e-03 1.283036e-02
4.938243e-03 1.275679e-02
4.935581e-03 1.283626e-02
4.924963e-03 1.288860e-02
4.917215e-03 1.281826e-02
4.919885e-03 1.275500e-02
4.914232e-03 1.281809e-02
4.905393e-03 1.272400e-02
4.902903e-03 1.277606e-02
4.896316e-03 1.271607e-02
4.890524e-03 1.269758e-02
4.882245e-03 1.269041e-02
4.877314e-03 1.279993e-02
4.873501e-03 1.274724e-02
4.868218e-03 1.268018e-02
4.855602e-03 1.274582e-02
4.854680e-03 1.265809e-02
4.847091e-03 1.269551e-02
4.842292e-03 1.266696e-02
4.839665e-03 1.273194e-02
4.829624e-03 1.269848e-02
4.820448e-03 1.261677e-02
4.815388e-03 1.249964e-02
4.811191e-03 1.257213e-02
4.803147e-03 1.251008e-02
4.794813e-03 1.278686e-02
4.792863e-03 1.261902e-02
4.779916e-03 1.248913e-02
4.777863e-03 1.257732e-02
4.768015e-03 1.249320e-02
4.761617e-03 1.242141e-02
4.757887e-03 1.252807e-02
4.750003e-03 1.248621e-02
4.743811e-03 1.245197e-02
4.738795e-03 1.244065e-02
4.732858e-03 1.236002e-02
4.724951e-03 1.242380e-02
4.715300e-03 1.236301e-02
4.709961e-03 1.259761e-02
4.698971e-03 1.244232e-02
4.697041e-03 1.244269e-02
4.683792e-03 1.238121e-02
4.679904e-03 1.236789e-02
4.669185e-03 1.235615e-02
4.660143e-03 1.230314e-02
4.657801e-03 1.228569e-02
4.645577e-03 1.237902e-02
4.636022e-03 1.237298e-02
4.630294e-03 1.218188e-02
4.617529e-03 1.231544e-02
4.610219e-03 1.234057e-02
4.600436e-03 1.225385e-02
4.594086e-03 1.226273e-02
4.584389e-03 1.226456e-02
4.575189e-03 1.229446e-02
4.561466e-03 1.210626e-02
4.552582e-03 1.225414e-02
4.548643e-03 1.212940e-02
4.539466e-03 1.213917e-02
4.527894e-03 1.213483e-02
4.518388e-03 1.217769e-02
4.509406e-03 1.211060e-02
4.499718e-03 1.210878e-02
4.490038e-03 1.208321e-02
4.480986e-03 1.197431e-02
4.470840e-03 1.205768e-02
4.465780e-03 1.202454e-02
4.454607e-03 1.201905e-02
4.448053e-03 1.211350e-02
4.436191e-03 1.202597e-02
4.427826e-03 1.196911e-02
4.419247e-03 1.202363e-02
4.408460e-03 1.198583e-02
4.398918e-03 1.193935e-02
4.392998e-03 1.187341e-02
4.383627e-03 1.193842e-02
4.377521e-03 1.197741e-02
4.368465e-03 1.198090e-02
4.360486e-03 1.186041e-02
4.351494e-03 1.196080e-02
4.343855e-03 1.184613e-02
4.334524e-03 1.188339e-02
4.329077e-03 1.188585e-02
4.319911e-03 1.182438e-02
4.315789e-03 1.188656e-02
4.304466e-03 1.185226e-02
4.296717e-03 1.184422e-02
4.288912e-03 1.181341e-02
4.285527e-03 1.175534e-02
4.280093e-03 1.167523e-02
4.269784e-03 1.171631e-02
4.259759e-03 1.168405e-02
4.254012e-03 1.170439e-02
4.243315e-03 1.172513e-02
4.239580e-03 1.163990e-02
4.231734e-03 1.162918e-02
4.224470e-03 1.165315e-02
4.213853e-03 1.151876e-02
4.209306e-03 1.147529e-02
4.200679e-03 1.150855e-02
4.190622e-03 1.140233e-02
4.183684e-03 1.142878e-02
4.177401e-03 1.134440e-02
4.168806e-03 1.135764e-02
4.162393e-03 1.132701e-02
4.155412e-03 1.148332e-02
4.147465e-03 1.122911e-02
4.140146e-03 1.121881e-02
4.134179e-03 1.128835e-02
4.125419e-03 1.121880e-02
4.121166e-03 1.118383e-02
4.114279e-03 1.120871e-02
4.107689e-03 1.121176e-02
4.099348e-03 1.109690e-02
4.093001e-03 1.109197e-02
4.085664e-03 1.116499e-02
4.075408e-03 1.116531e-02
4.068999e-03 1.109090e-02
4.063357e-03 1.103326e-02
4.057185e-03 1.096637e-02
4.046425e-03 1.094122e-02
4.043484e-03 1.100044e-02
4.036987e-03 1.094099e-02
4.028350e-03 1.090248e-02
4.018849e-03 1.099954e-02
4.013649e-03 1.084060e-02
4.002876e-03 1.087183e-02
3.996416e-03 1.076327e-02
3.991045e-03 1.097938e-02
3.978629e-03 1.072678e-02
3.969469e-03 1.080391e-02
3.962094e-03 1.060542e-02
3.950841e-03 1.080516e-02
3.941902e-03 1.058853e-02
3.932715e-03 1.063701e-02
3.921698e-03 1.054256e-02
3.914189e-03 1.062202e-02
3.904044e-03 1.055024e-02
3.895283e-03 1.053736e-02
3.883940e-03 1.043964e-02
3.874156e-03 1.050802e-02
3.864206e-03 1.044589e-02
3.856835e-03 1.034543e-02
3.847354e-03 1.026705e-02
3.835817e-03 1.026306e-02
3.826301e-03 1.025902e-02
3.820860e-03 1.018212e-02
3.811142e-03 1.022776e-02
3.802606e-03 1.013680e-02
3.791521e-03 1.015020e-02
3.785249e-03 1.011446e-02
3.776889e-03 1.015699e-02
3.767532e-03 9.983707e-03
3.759279e-03 9.939523e-03
3.753352e-03 1.006991e-02
3.741096e-03 9.993954e-03
3.734700e-03 9.967834e-03
3.724603e-03 9.932272e-03
3.715770e-03 9.953481e-03
3.709095e-03 9.847487e-03
3.700754e-03 9.825357e-03
3.690675e-03 9.825537e-03
3.680944e-03 9.725291e-03
3.675073e-03 9.679348e-03
3.667726e-03 9.702478e-03
3.655093e-03 9.153747e-03
3.645324e-03 9.170522e-03
3.634151e-03 9.100927e-03
3.620664e-03 9.066039e-03
3.610243e-03 9.073671e-03
3.600962e-03 9.026649e-03
3.590985e-03 8.931007e-03
3.576462e-03 9.029411e-03
3.564432e-03 8.975079e-03
3.553134e-03 8.933542e-03
3.540375e-03 8.883828e-03
3.532395e-03 8.943454e-03
3.517813e-03 8.834619e-03
3.512700e-03 8.846123e-03
3.502650e-03 8.925822e-03
3.492268e-03 8.844007e-03
3.479670e-03 8.813361e-03
3.471448e-03 8.759310e-03
3.461114e-03 8.714029e-03
3.451895e-03 8.803721e-03
3.444855e-03 8.707847e-03
3.435317e-03 8.645521e-03
3.423459e-03 8.613611e-03
3.414724e-03 8.655010e-03
3.405946e-03 8.515831e-03
3.395709e-03 8.549386e-03
3.389223e-03 8.593831e-03
3.379690e-03 8.477980e-03
3.370054e-03 8.505418e-03
3.361458e-03 8.502044e-03
3.351781e-03 8.481213e-03
3.343185e-03 8.455894e-03
3.333578e-03 8.473434e-03
3.323547e-03 8.414082e-03
3.313566e-03 8.376166e-03
3.300751e-03 8.317153e-03
3.290440e-03 8.299709e-03
3.282565e-03 8.295058e-03
3.269954e-03 8.258736e-03
3.262953e-03 8.326120e-03
3.249274e-03 8.315667e-03
3.239401e-03 8.241581e-03
3.228463e-03 8.228024e-03
3.214705e-03 8.286083e-03
3.197128e-03 8.069249e-03
3.184648e-03 8.002350e-03
3.171052e-03 7.932134e-03
3.159131e-03 7.962082e-03
3.145771e-03 7.929047e-03
3.131341e-03 7.900002e-03
3.122302e-03 7.893628e-03
3.109640e-03 7.790012e-03
3.097225e-03 7.816524e-03
3.085287e-03 7.696058e-03
3.072930e-03 7.688475e-03
3.059337e-03 7.624159e-03
3.049821e-03 7.647571e-03
3.035812e-03 7.597330e-03
3.022781e-03 7.552985e-03
3.012001e-03 7.502153e-03
2.996206e-03 7.586481e-03
2.984480e-03 7.502136e-03
2.971255e-03 7.428817e-03
2.955190e-03 7.418831e-03
2.940264e-03 7.388493e-03
2.924675e-03 7.370959e-03
2.908659e-03 7.331706e-03
2.892016e-03 7.296591e-03
2.874247e-03 7.213632e-03
2.856478e-03 7.190225e-03
2.843031e-03 7.130887e-03
2.826565e-03 7.150811e-03
2.812230e-03 7.008318e-03
2.795941e-03 7.053877e-03
2.782303e-03 6.941340e-03
2.769880e-03 6.915500e-03
2.753198e-03 6.922690e-03
2.741823e-03 6.801009e-03
2.727918e-03 6.825011e-03
2.716889e-03 6.756614e-03
2.702746e-03 6.794619e-03
2.689075e-03 6.669946e-03
2.676943e-03 6.671705e-03
2.666024e-03 6.606155e-03
2.651483e-03 6.570278e-03
2.638182e-03 6.598784e-03
2.625530e-03 6.521801e-03
2.614370e-03 6.531626e-03
2.600353e-03 6.376814e-03
2.586930e-03 6.408383e-03
2.575121e-03 6.360706e-03
2.563618e-03 6.285763e-03
2.549492e-03 6.277290e-03
2.536749e-03 6.255605e-03
2.524218e-03 6.193043e-03
2.511389e-03 6.187468e-03
2.500323e-03 6.043493e-03
2.488952e-03 6.090656e-03
2.476879e-03 6.006950e-03
2.467918e-03 6.001222e-03
2.458101e-03 5.929073e-03
2.447582e-03 5.902884e-03
2.437910e-03 5.876768e-03
2.426909e-03 5.840244e-03
2.419749e-03 5.805065e-03
2.411353e-03 5.753987e-03
2.401967e-03 5.800053e-03
2.395347e-03 5.725878e-03
2.385925e-03 5.700557e-03
2.377110e-03 5.662940e-03
2.368692e-03 5.688250e-03
2.358643e-03 5.656659e-03
2.351676e-03 5.611256e-03
2.344172e-03 5.578458e-03
2.337990e-03 5.514554e-03
2.329937e-03 5.516222e-03
2.321884e-03 5.505612e-03
2.314731e-03 5.482457e-03
2.307868e-03 5.470136e-03
2.300190e-03 5.447412e-03
2.292513e-03 5.421216e-03
2.286084e-03 5.388372e-03
2.280640e-03 5.398711e-03
2.274175e-03 5.401028e-03
2.265490e-03 5.374879e-03
2.261575e-03 5.313517e-03
2.253649e-03 5.320974e-03
2.246159e-03 5.306757e-03
2.239688e-03 5.294270e-03
2.233184e-03 5.298372e-03
2.225302e-03 5.249353e-03
2.217683e-03 5.244079e-03
2.208335e-03 5.275888e-03
2.201539e-03 5.227287e-03
2.191304e-03 5.161607e-03
2.181599e-03 5.176445e-03
2.171523e-03 5.188532e-03
2.162392e-03 5.150189e-03
2.151734e-03 5.170561e-03
2.144493e-03 5.146283e-03
2.136047e-03 5.127828e-03
2.128570e-03 5.068680e-03
2.119244e-03 5.115419e-03
2.112647e-03 5.034287e-03
2.104223e-03 4.983101e-03
2.096091e-03 5.051505e-03
2.087628e-03 5.008670e-03
2.081368e-03 4.985540e-03
2.073176e-03 5.003823e-03
2.068406e-03 4.959177e-03
2.060469e-03 4.964959e-03
2.055776e-03 4.907963e-03
2.049396e-03 4.895029e-03
2.042465e-03 4.885253e-03
2.035166e-03 4.895324e-03
2.030912e-03 4.887019e-03
2.019531e-03 4.845840e-03
2.007630e-03 4.820455e-03
1.993006e-03 4.779494e-03
1.979918e-03 4.758342e-03
1.969049e-03 4.796897e-03
1.960130e-03 4.734156e-03
1.949396e-03 4.688237e-03
1.939605e-03 4.666635e-03
1.932767e-03 4.688472e-03
1.924196e-03 4.647264e-03
1.917513e-03 4.656985e-03
1.910987e-03 4.613212e-03
1.903763e-03 4.616794e-03
1.898291e-03 4.617432e-03
1.892661e-03 4.579186e-03
1.885955e-03 4.562002e-03
1.880388e-03 4.589747e-03
1.874784e-03 4.579635e-03
1.870143e-03 4.550415e-03
1.864503e-03 4.538538e-03
1.859692e-03 4.509062e-03
1.855490e-03 4.532140e-03
1.850370e-03 4.497233e-03
1.846207e-03 4.491350e-03
1.840998e-03 4.496105e-03
1.837211e-03 4.486685e-03
1.831750e-03 4.498605e-03
1.827829e-03 4.465451e-03
1.824693e-03 4.428920e-03
1.820947e-03 4.409297e-03
1.816327e-03 4.405738e-03
1.811904e-03 4.393830e-03
1.806870e-03 4.408448e-03
1.803327e-03 4.369173e-03
1.797751e-03 4.378914e-03
1.794628e-03 4.324537e-03
1.789681e-03 4.357858e-03
1.780359e-03 4.326117e-03
1.768623e-03 4.306089e-03
1.757584e-03 4.290345e-03
1.748724e-03 4.277128e-03
1.740828e-03 4.212313e-03
1.732566e-03 4.172359e-03
1.726204e-03 4.195176e-03
1.719600e-03 3.967542e-03
1.711490e-03 3.943111e-03
1.705896e-03 3.954453e-03
1.702296e-03 3.910884e-03
1.695071e-03 3.901657e-03
1.687263e-03 3.799482e-03
1.678688e-03 3.859124e-03
1.672337e-03 3.798240e-03
1.666466e-03 3.770922e-03
1.661103e-03 3.744287e-03
1.653517e-03 3.735542e-03
1.647652e-03 3.742543e-03
1.641340e-03 3.726868e-03
1.636642e-03 3.693039e-03
1.629502e-03 3.729877e-03
1.624201e-03 3.685035e-03
1.619352e-03 3.647807e-03
1.614806e-03 3.647427e-03
1.608940e-03 3.656975e-03
1.603003e-03 3.676454e-03
1.598281e-03 3.641690e-03
1.594079e-03 3.701230e-03
1.589164e-03 3.650662e-03
1.584422e-03 3.656103e-03
1.578493e-03 3.594596e-03
1.573473e-03 3.607192e-03
1.569158e-03 3.657882e-03
1.565241e-03 3.618896e-03
1.560770e-03 3.563854e-03
1.556606e-03 3.632629e-03
1.552099e-03 3.593912e-03
1.548491e-03 3.564621e-03
1.544638e-03 3.562418e-03
1.539408e-03 3.553673e-03
1.536243e-03 3.536769e-03
1.531483e-03 3.533849e-03
1.527581e-03 3.533384e-03
1.523626e-03 3.541022e-03
1.519504e-03 3.514617e-03
1.514639e-03 3.518892e-03
1.509696e-03 3.488213e-03
1.505985e-03 3.497441e-03
1.501946e-03 3.527282e-03
1.498821e-03 3.496873e-03
1.492814e-03 3.483671e-03
1.489276e-03 3.491476e-03
1.485644e-03 3.466508e-03
1.480351e-03 3.444061e-03
1.477113e-03 3.461808e-03
1.472597e-03 3.479804e-03
1.469046e-03 3.413951e-03
1.465020e-03 3.436635e-03
1.459930e-03 3.454821e-03
1.456086e-03 3.441894e-03
1.451929e-03 3.437424e-03
1.447647e-03 3.472951e-03
1.444314e-03 3.435001e-03
1.439374e-03 3.419523e-03
1.435252e-03 3.409591e-03
1.431070e-03 3.432222e-03
1.427599e-03 3.392358e-03
1.423543e-03 3.366521e-03
1.419107e-03 3.365895e-03
1.415230e-03 3.403620e-03
1.411580e-03 3.399556e-03
1.407285e-03 3.343730e-03
1.403680e-03 3.387440e-03
1.401112e-03 3.355680e-03
1.396134e-03 3.312013e-03
1.392255e-03 3.323596e-03
1.389824e-03 3.288212e-03
1.386805e-03 3.301730e-03
1.384036e-03 3.290879e-03
1.379584e-03 3.286613e-03
1.376936e-03 3.261184e-03
1.374386e-03 3.248413e-03
1.371312e-03 3.253495e-03
1.368092e-03 3.264375e-03
1.364937e-03 3.196533e-03
1.361782e-03 3.207130e-03
1.360664e-03 3.227268e-03
1.357595e-03 3.221747e-03
1.354590e-03 3.219644e-03
1.352430e-03 3.212228e-03
1.349334e-03 3.211631e-03
1.348096e-03 3.170796e-03
1.344394e-03 3.201140e-03
1.342120e-03 3.164360e-03
1.339349e-03 3.183151e-03
1.337565e-03 3.171179e-03
1.335363e-03 3.176219e-03
1.332156e-03 3.156621e-03
1.329966e-03 3.161233e-03
1.328386e-03 3.177572e-03
1.326036e-03 3.141991e-03
1.324272e-03 3.143228e-03
1.321423e-03 3.160307e-03
1.319626e-03 3.164853e-03
1.318037e-03 3.167531e-03
1.315598e-03 3.134494e-03
1.313891e-03 3.147566e-03
1.310577e-03 3.152778e-03
1.309020e-03 3.133515e-03
1.306504e-03 3.127741e-03
1.304337e-03 3.134015e-03
1.301236e-03 3.143130e-03
1.298946e-03 3.136632e-03
1.296465e-03 3.127293e-03
1.293770e-03 3.129211e-03
1.290537e-03 3.128226e-03
1.288642e-03 3.110128e-03
1.285113e-03 3.101194e-03
1.282184e-03 3.098069e-03
1.279729e-03 3.099282e-03
1.277747e-03 3.066573e-03
1.275390e-03 3.079614e-03
1.272307e-03 3.051421e-03
1.271306e-03 3.038803e-03
1.268252e-03 3.029596e-03
1.267231e-03 3.052814e-03
1.264358e-03 3.043757e-03
1.262424e-03 3.017613e-03
1.260385e-03 3.025647e-03
1.258710e-03 3.046286e-03
1.257068e-03 3.052598e-03
1.255264e-03 3.055526e-03
1.253611e-03 3.053851e-03
1.252556e-03 3.036101e-03
1.250708e-03 3.009320e-03
1.249165e-03 3.025936e-03
1.247028e-03 2.996682e-03
1.245081e-03 3.015397e-03
1.243788e-03 3.012205e-03
1.242549e-03 3.007947e-03
1.241246e-03 2.980168e-03
1.239545e-03 2.966646e-03
1.238650e-03 2.942194e-03
1.236742e-03 2.957548e-03
1.235200e-03 2.962414e-03
1.233680e-03 2.979101e-03
1.232601e-03 2.916216e-03
1.231737e-03 2.950698e-03
1.229990e-03 2.943143e-03
1.228297e-03 2.916173e-03
1.227235e-03 2.924988e-03
1.225646e-03 2.946238e-03
1.224296e-03 2.929007e-03
1.223128e-03 2.942818e-03
1.221928e-03 2.939352e-03
1.221632e-03 2.940549e-03
1.219728e-03 2.902250e-03
1.218717e-03 2.932078e-03
1.217705e-03 2.898623e-03
1.216494e-03 2.894724e-03
1.214940e-03 2.915873e-03
1.214653e-03 2.902764e-03
1.213107e-03 2.887047e-03
1.212134e-03 2.869041e-03
1.211993e-03 2.892910e-03
1.210930e-03 2.891603e-03
1.209142e-03 2.898248e-03
1.208993e-03 2.847085e-03
1.206478e-03 2.861579e-03
1.206240e-03 2.864312e-03
1.205172e-03 2.865158e-03
1.204938e-03 2.865359e-03
1.202861e-03 2.898351e-03
1.202114e-03 2.846897e-03
1.201655e-03 2.858156e-03
1.199468e-03 2.863172e-03
1.198908e-03 2.841824e-03
1.198201e-03 2.832122e-03
1.197369e-03 2.834149e-03
1.195972e-03 2.840561e-03
1.195625e-03 2.841490e-03
1.194625e-03 2.873627e-03
1.193625e-03 2.818001e-03
1.192060e-03 2.826918e-03
1.191308e-03 2.824317e-03
1.190536e-03 2.801504e-03
1.188933e-03 2.792776e-03
1.189090e-03 2.797028e-03
1.188488e-03 2.823859e-03
1.186762e-03 2.805958e-03
1.185132e-03 2.785255e-03
1.184461e-03 2.787289e-03
1.183891e-03 2.811775e-03
1.183156e-03 2.765284e-03
1.181800e-03 2.771279e-03
1.181235e-03 2.763120e-03
1.180532e-03 2.786810e-03
1.179622e-03 2.761897e-03
1.178311e-03 2.783376e-03
1.177441e-03 2.758789e-03
1.175890e-03 2.762401e-03
1.175101e-03 2.742891e-03
1.174281e-03 2.771699e-03
1.173891e-03 2.760688e-03
1.172082e-03 2.771176e-03
1.171712e-03 2.754410e-03
1.170897e-03 2.623975e-03
1.169331e-03 2.593749e-03
1.168492e-03 2.610138e-03
1.166721e-03 2.602433e-03
1.166073e-03 2.609937e-03
1.164241e-03 2.587898e-03
1.163361e-03 2.605180e-03
1.162701e-03 2.555928e-03
1.161877e-03 2.575244e-03
1.160071e-03 2.582049e-03
1.158409e-03 2.581025e-03
1.158611e-03 2.566842e-03
1.156633e-03 2.583615e-03
1.156163e-03 2.593186e-03
1.153654e-03 2.574518e-03
1.153495e-03 2.570242e-03
1.152482e-03 2.560746e-03
1.150816e-03 2.588841e-03
1.149589e-03 2.566294e-03
1.149492e-03 2.557074e-03
1.148298e-03 2.579454e-03
1.147971e-03 2.593632e-03
1.147740e-03 2.556990e-03
1.146110e-03 2.586865e-03
1.146678e-03 2.596708e-03
1.146053e-03 2.576054e-03
1.145204e-03 2.587147e-03
1.145302e-03 2.574953e-03
1.144426e-03 2.576634e-03
1.143689e-03 2.559149e-03
1.143457e-03 2.589338e-03
1.142626e-03 2.580826e-03
1.142853e-03 2.560654e-03
1.142091e-03 2.590063e-03
1.140841e-03 2.577617e-03
1.140065e-03 2.596897e-03
1.139026e-03 2.579964e-03
1.139006e-03 2.567997e-03
1.138227e-03 2.562519e-03
1.136668e-03 2.555325e-03
1.136819e-03 2.565147e-03
1.136079e-03 2.549685e-03
1.134880e-03 2.575362e-03
1.134264e-03 2.553495e-03
1.134226e-03 2.544462e-03
1.133756e-03 2.543923e-03
1.133928e-03 2.540537e-03
1.133320e-03 2.570036e-03
1.133125e-03 2.548965e-03
1.132680e-03 2.553790e-03
1.132922e-03 2.573631e-03
1.132150e-03 2.542307e-03
1.131463e-03 2.564276e-03
1.131858e-03 2.570478e-03
1.130701e-03 2.552799e-03
1.131038e-03 2.566298e-03
1.130937e-03 2.570805e-03
1.131290e-03 2.583954e-03
1.130797e-03 2.565826e-03
1.130672e-03 2.536565e-03
1.129225e-03 2.584068e-03
1.128499e-03 2.590191e-03
1.127767e-03 2.541716e-03
1.127347e-03 2.547987e-03
1.126005e-03 2.557562e-03
1.125271e-03 2.549270e-03
1.125366e-03 2.546495e-03
1.124996e-03 2.530509e-03
1.124226e-03 2.543664e-03
1.123961e-03 2.537085e-03
1.123315e-03 2.560754e-03
1.123190e-03 2.538067e-03
1.123379e-03 2.505758e-03
1.122950e-03 2.510520e-03
1.122217e-03 2.563737e-03
1.122663e-03 2.525550e-03
1.121376e-03 2.542900e-03
1.121752e-03 2.519745e-03
1.121916e-03 2.534567e-03
1.121467e-03 2.536692e-03
1.121735e-03 2.534658e-03
1.120786e-03 2.558162e-03
1.121406e-03 2.539252e-03
1.120963e-03 2.534909e-03
1.120757e-03 2.573063e-03
1.119802e-03 2.550790e-03
1.119006e-03 2.541630e-03
1.119157e-03 2.549509e-03
1.118634e-03 2.580301e-03
1.118480e-03 2.530434e-03
1.117954e-03 2.526975e-03
1.117225e-03 2.539670e-03
1.117021e-03 2.540196e-03
1.116413e-03 2.529584e-03
1.115873e-03 2.537443e-03
1.115764e-03 2.549842e-03
1.115325e-03 2.543672e-03
1.115486e-03 2.533726e-03
1.115361e-03 2.539435e-03
1.115190e-03 2.533536e-03
1.114249e-03 2.536619e-03
1.114626e-03 2.570030e-03
1.113754e-03 2.540840e-03
1.113345e-03 2.549801e-03
1.113492e-03 2.557391e-03
1.113174e-03 2.558624e-03
1.112269e-03 2.564103e-03
1.112188e-03 2.556431e-03
1.112230e-03 2.558090e-03
1.111836e-03 2.535079e-03
1.111014e-03 2.541806e-03
1.110376e-03 2.558572e-03
1.110374e-03 2.577792e-03
1.110574e-03 2.578860e-03
1.109680e-03 2.546154e-03
1.110181e-03 2.552541e-03
1.109815e-03 2.574217e-03
1.108820e-03 2.518367e-03
1.107939e-03 2.551130e-03
1.108595e-03 2.554149e-03
1.108709e-03 2.546637e-03
1.107454e-03 2.549309e-03
1.107330e-03 2.545575e-03
1.108010e-03 2.569972e-03
1.107096e-03 2.546058e-03
1.105919e-03 2.536335e-03
1.105232e-03 2.556558e-03
1.104870e-03 2.528453e-03
1.104608e-03 2.585523e-03
1.104593e-03 2.554414e-03
1.104608e-03 2.539311e-03
1.104758e-03 2.534365e-03
1.104386e-03 2.565510e-03
1.103850e-03 2.551275e-03
1.104487e-03 2.547443e-03
1.104577e-03 2.544369e-03
1.103620e-03 2.565212e-03
1.103747e-03 2.543044e-03
1.103414e-03 2.563536e-03
1.103472e-03 2.577153e-03
1.102788e-03 2.550951e-03
1.102568e-03 2.532708e-03
1.102388e-03 2.558569e-03
1.101392e-03 2.546834e-03
1.100604e-03 2.529138e-03
1.099243e-03 2.519792e-03
1.099737e-03 2.539623e-03
1.098489e-03 2.522911e-03
1.098614e-03 2.516421e-03
1.098796e-03 2.508446e-03
1.099125e-03 2.522408e-03
1.099281e-03 2.526470e-03
1.098949e-03 2.538271e-03
1.098582e-03 2.535733e-03
1.099515e-03 2.540108e-03
1.099120e-03 2.523224e-03
1.099055e-03 2.510632e-03
1.098748e-03 2.517110e-03
1.098324e-03 2.490462e-03
1.098289e-03 2.498322e-03
1.097094e-03 2.502696e-03
1.095816e-03 2.513421e-03
1.095720e-03 2.530827e-03
1.095526e-03 2.501387e-03
1.093286e-03 2.455495e-03
1.092904e-03 2.508691e-03
1.092791e-03 2.497338e-03
1.092851e-03 2.493045e-03
1.092662e-03 2.461973e-03
1.091891e-03 2.465464e-03
1.092263e-03 2.524991e-03
1.092319e-03 2.473670e-03
1.092884e-03 2.499773e-03
1.092222e-03 2.449756e-03
1.091531e-03 2.503307e-03
1.091868e-03 2.484394e-03
1.092684e-03 2.480016e-03
1.092324e-03 2.485795e-03
1.092048e-03 2.473582e-03
1.092172e-03 2.473851e-03
1.091912e-03 2.475187e-03
1.091793e-03 2.468587e-03
1.091434e-03 2.474691e-03
1.090167e-03 2.491861e-03
1.090771e-03 2.471470e-03
1.089089e-03 2.464489e-03
1.089048e-03 2.448151e-03
1.088494e-03 2.472136e-03
1.087628e-03 2.456346e-03
1.087310e-03 2.457528e-03
1.086921e-03 2.434582e-03
1.086770e-03 2.448832e-03
1.086443e-03 2.449971e-03
1.086864e-03 2.410038e-03
1.086270e-03 2.433350e-03
1.085907e-03 2.413759e-03
1.086855e-03 2.443487e-03
1.086526e-03 2.444872e-03
1.086639e-03 2.431706e-03
1.085713e-03 2.432133e-03
1.085590e-03 2.354511e-03
1.085619e-03 2.327688e-03
1.085332e-03 2.328992e-03
1.085301e-03 2.341510e-03
1.085294e-03 2.347191e-03
1.084603e-03 2.329029e-03
1.084544e-03 2.333496e-03
1.084402e-03 2.360342e-03
1.083120e-03 2.342042e-03
1.083036e-03 2.327996e-03
1.082281e-03 2.313178e-03
1.081664e-03 2.343359e-03
1.081385e-03 2.334644e-03
1.080810e-03 2.315178e-03
1.080820e-03 2.344569e-03
1.080631e-03 2.316781e-03
1.080644e-03 2.315553e-03
1.080804e-03 2.348015e-03
1.080010e-03 2.337941e-03
1.080626e-03 2.320615e-03
1.080761e-03 2.333115e-03
1.081097e-03 2.343505e-03
1.080289e-03 2.348104e-03
1.079433e-03 2.360648e-03
1.079134e-03 2.354313e-03
1.079290e-03 2.346710e-03
1.077494e-03 2.338566e-03
1.076432e-03 2.341777e-03
1.075856e-03 2.325669e-03
1.075827e-03 2.315896e-03
1.075145e-03 2.297706e-03
1.075005e-03 2.324518e-03
1.075262e-03 2.322349e-03
1.074890e-03 2.304941e-03
1.075668e-03 2.320592e-03
1.074555e-03 2.362208e-03
1.074733e-03 2.342648e-03
1.075795e-03 2.328197e-03
1.075214e-03 2.342103e-03
1.075355e-03 2.326275e-03
1.074999e-03 2.338243e-03
1.073879e-03 2.340209e-03
1.074455e-03 2.342924e-03
1.073848e-03 2.316195e-03
1.073439e-03 2.341071e-03
1.073405e-03 2.322169e-03
1.072603e-03 2.316538e-03
1.070923e-03 2.320383e-03
1.071237e-03 2.333261e-03
1.069383e-03 2.341623e-03
1.068565e-03 2.304682e-03
1.068770e-03 2.307014e-03
1.068663e-03 2.324448e-03
1.068330e-03 2.330007e-03
1.068425e-03 2.298131e-03
1.068477e-03 2.315844e-03
1.068817e-03 2.296309e-03
1.068756e-03 2.319212e-03
1.069052e-03 2.343755e-03
1.069082e-03 2.325277e-03
1.069145e-03 2.353465e-03
1.070446e-03 2.347189e-03
1.070937e-03 2.358329e-03
1.071358e-03 2.328301e-03
1.071337e-03 2.337010e-03
1.070059e-03 2.341959e-03
1.069887e-03 2.300368e-03
1.068960e-03 2.324882e-03
1.067910e-03 2.328100e-03
1.067494e-03 2.304516e-03
1.067057e-03 2.325437e-03
1.067484e-03 2.360084e-03
1.066914e-03 2.318504e-03
1.067046e-03 2.326173e-03
1.066054e-03 2.308539e-03
1.066260e-03 2.366329e-03
1.064934e-03 2.335148e-03
1.065062e-03 2.325416e-03
1.064521e-03 2.333423e-03
1.064007e-03 2.311279e-03
1.062553e-03 2.278924e-03
1.061842e-03 2.303768e-03
1.061544e-03 2.337473e-03
1.061853e-03 2.285218e-03
1.061683e-03 2.299899e-03
1.062225e-03 2.310745e-03
1.062144e-03 2.304724e-03
1.062635e-03 2.277820e-03
1.063160e-03 2.309901e-03
1.063541e-03 2.305223e-03
1.064814e-03 2.312117e-03
1.066537e-03 2.348675e-03
1.066377e-03 2.349843e-03
1.066097e-03 2.315632e-03
1.061859e-03 2.311226e-03
1.058056e-03 2.288445e-03
1.055016e-03 2.284410e-03
1.054547e-03 2.286757e-03
1.054341e-03 2.298075e-03
1.055422e-03 2.281261e-03
1.054247e-03 2.283796e-03
1.054857e-03 2.269290e-03
1.054188e-03 2.310944e-03
1.054724e-03 2.286490e-03
1.053673e-03 2.288782e-03
1.054703e-03 2.276517e-03
1.054137e-03 2.289495e-03
1.053477e-03 2.290103e-03
1.053231e-03 2.288930e-03
1.052115e-03 2.262457e-03
1.052516e-03 2.264364e-03
1.052317e-03 2.301871e-03
1.052816e-03 2.271913e-03
1.052094e-03 2.316108e-03
1.051639e-03 2.287518e-03
1.051526e-03 2.267794e-03
1.050350e-03 2.285850e-03
1.050955e-03 2.255869e-03
1.051170e-03 2.265830e-03
1.050757e-03 2.251250e-03
1.050956e-03 2.298460e-03
1.050399e-03 2.287316e-03
1.050747e-03 2.260233e-03
1.050463e-03 2.296906e-03
1.049834e-03 2.282185e-03
1.049799e-03 2.293474e-03
1.049176e-03 2.273060e-03
1.049696e-03 2.296491e-03
1.049054e-03 2.302963e-03
1.048824e-03 2.300372e-03
1.048741e-03 2.287090e-03
1.049162e-03 2.298083e-03
1.049087e-03 2.280597e-03
1.049236e-03 2.284088e-03
1.049753e-03 2.289408e-03
1.049555e-03 2.276550e-03
1.050385e-03 2.309886e-03
1.050963e-03 2.293889e-03
1.050830e-03 2.289116e-03
1.051693e-03 2.294011e-03
1.053081e-03 2.294816e-03
1.054158e-03 2.321242e-03
1.056077e-03 2.345492e-03
1.057041e-03 2.323077e-03
1.058181e-03 2.316361e-03
1.056648e-03 2.330735e-03
1.052376e-03 2.348049e-03
1.046116e-03 2.329460e-03
1.042508e-03 2.317673e-03
1.042246e-03 2.289347e-03
1.042977e-03 2.280300e-03
1.042991e-03 2.276009e-03
1.043648e-03 2.278662e-03
1.043563e-03 2.254013e-03
1.043679e-03 2.240116e-03
1.044693e-03 2.248293e-03
1.043999e-03 2.261550e-03
1.044164e-03 2.248179e-03
1.043812e-03 2.260741e-03
1.043289e-03 2.251949e-03
1.041673e-03 2.282800e-03
1.042350e-03 2.251503e-03
1.041934e-03 2.220076e-03
1.040930e-03 2.249040e-03
1.041029e-03 2.241876e-03
1.040964e-03 2.238096e-03
1.038972e-03 2.215878e-03
1.038555e-03 2.211945e-03
1.038296e-03 2.242822e-03
1.038663e-03 2.199458e-03
1.039075e-03 2.238591e-03
1.039472e-03 2.221264e-03
1.040038e-03 2.238420e-03
1.039604e-03 2.250624e-03
1.040092e-03 2.240980e-03
1.039979e-03 2.233665e-03
1.039978e-03 2.246559e-03
1.039859e-03 2.246935e-03
1.038472e-03 2.248881e-03
1.037680e-03 2.259869e-03
1.038244e-03 2.241207e-03
1.038328e-03 2.243893e-03
1.039125e-03 2.265900e-03
1.038412e-03 2.240244e-03
1.039349e-03 2.240696e-03
1.039613e-03 2.243826e-03
1.038833e-03 2.277207e-03
1.037563e-03 2.267437e-03
1.037234e-03 2.241814e-03
1.037322e-03 2.246080e-03
1.038848e-03 2.228889e-03
1.039147e-03 2.236969e-03
1.039371e-03 2.248153e-03
1.039919e-03 2.252123e-03
1.039604e-03 2.253235e-03
1.040094e-03 2.239881e-03
1.039793e-03 2.269522e-03
1.039424e-03 2.251220e-03
1.037423e-03 2.256702e-03
1.035705e-03 2.243537e-03
1.035957e-03 2.180134e-03
1.035190e-03 2.172508e-03
1.035373e-03 2.160433e-03
1.033989e-03 2.146763e-03
1.034252e-03 2.140641e-03
1.034462e-03 2.155964e-03
1.033756e-03 2.134169e-03
1.033658e-03 2.129627e-03
1.033431e-03 2.121830e-03
1.032388e-03 2.141190e-03
1.032200e-03 2.141773e-03
1.032816e-03 2.148266e-03
1.032908e-03 2.130021e-03
1.032536e-03 2.137768e-03
1.032680e-03 2.166845e-03
1.032815e-03 2.164959e-03
1.032048e-03 2.140162e-03
1.031635e-03 2.156458e-03
1.030489e-03 2.132829e-03
1.031064e-03 2.162288e-03
1.031266e-03 2.142603e-03
1.031629e-03 2.145781e-03
1.031520e-03 2.145713e-03
1.030834e-03 2.143590e-03
1.030485e-03 2.139404e-03
1.030634e-03 2.170294e-03
1.029667e-03 2.152746e-03
1.030196e-03 2.140131e-03
1.029379e-03 2.164509e-03
1.028885e-03 2.144292e-03
1.028495e-03 2.142150e-03
1.028312e-03 2.155047e-03
1.028828e-03 2.149807e-03
1.028506e-03 2.123618e-03
1.028274e-03 2.173710e-03
1.027535e-03 2.149967e-03
1.027949e-03 2.133065e-03
1.027005e-03 2.131342e-03
1.026283e-03 2.119286e-03
1.026060e-03 2.138246e-03
1.027108e-03 2.141122e-03
1.026312e-03 2.146043e-03
1.026279e-03 2.147837e-03
1.026730e-03 2.145393e-03
1.026116e-03 2.134742e-03
1.025326e-03 2.143468e-03
1.026062e-03 2.132932e-03
1.024651e-03 2.118525e-03
1.025094e-03 2.134609e-03
1.025014e-03 2.123780e-03
1.024957e-03 2.124407e-03
1.024644e-03 2.132615e-03
1.024464e-03 2.138085e-03
1.023447e-03 2.174740e-03
1.023725e-03 2.172891e-03
1.022798e-03 2.145878e-03
1.023030e-03 2.178396e-03
1.023398e-03 2.136967e-03
1.023132e-03 2.144616e-03
1.022777e-03 2.111754e-03
1.022612e-03 2.125235e-03
1.022278e-03 2.111240e-03
1.022135e-03 2.136518e-03
1.021514e-03 2.126679e-03
1.021306e-03 2.134189e-03
1.021581e-03 2.139089e-03
1.021489e-03 2.157986e-03
1.021633e-03 2.120891e-03
1.020403e-03 2.148565e-03
1.021012e-03 2.159594e-03
1.019974e-03 2.173567e-03
1.019674e-03 2.133772e-03
1.019197e-03 2.131802e-03
1.019386e-03 2.116253e-03
1.020140e-03 2.125746e-03
1.020241e-03 2.125018e-03
1.020116e-03 2.119714e-03
1.020330e-03 2.123429e-03
1.020157e-03 2.123600e-03
1.019007e-03 2.128182e-03
1.018281e-03 2.144642e-03
1.018067e-03 2.127316e-03
1.017969e-03 2.136951e-03
1.018039e-03 2.146221e-03
1.017626e-03 2.150255e-03
1.018376e-03 2.128863e-03
1.017901e-03 2.111121e-03
1.017111e-03 2.121924e-03
1.017355e-03 2.116826e-03
1.017505e-03 2.137656e-03
1.016670e-03 2.151022e-03
1.016784e-03 2.112611e-03
1.016555e-03 2.164973e-03
1.016542e-03 2.132453e-03
1.016769e-03 2.148759e-03
1.017405e-03 2.144593e-03
1.017073e-03 2.140919e-03
1.017223e-03 2.146878e-03
1.017317e-03 2.124692e-03
1.015906e-03 2.151294e-03
1.015843e-03 2.155658e-03
1.016280e-03 2.137315e-03
1.015427e-03 2.142134e-03
1.015303e-03 2.135784e-03
1.015215e-03 2.140098e-03
1.015253e-03 2.133681e-03
1.014367e-03 2.136453e-03
1.013915e-03 2.127727e-03
1.013962e-03 2.134601e-03
1.014048e-03 2.152353e-03
1.013849e-03 2.173699e-03
1.013158e-03 2.146412e-03
1.012360e-03 2.155011e-03
1.012715e-03 2.173574e-03
1.013027e-03 2.172758e-03
1.012675e-03 2.170576e-03
1.011878e-03 2.165965e-03
1.012008e-03 2.136997e-03
1.010737e-03 2.162931e-03
1.009286e-03 2.136982e-03
1.008961e-03 2.132747e-03
1.008561e-03 2.140295e-03
1.007943e-03 2.188888e-03
1.007130e-03 2.152149e-03
1.007274e-03 2.132643e-03
1.006599e-03 2.154414e-03
1.005022e-03 2.183070e-03
1.004108e-03 2.142031e-03
1.003431e-03 2.162622e-03
1.003140e-03 2.152359e-03
1.002500e-03 2.133266e-03
1.002706e-03 2.141388e-03
1.001991e-03 2.142224e-03
1.001516e-03 2.170067e-03
1.001838e-03 2.145589e-03
1.001022e-03 2.161904e-03
1.001681e-03 2.152553e-03
9.998771e-04 2.154243e-03
9.987929e-04 2.145931e-03
9.987000e-04 2.136386e-03
9.983573e-04 2.121400e-03
9.978431e-04 2.138725e-03
9.973764e-04 2.116837e-03
9.974394e-04 2.142451e-03
9.973524e-04 2.135251e-03
9.969967e-04 2.116074e-03
9.973481e-04 2.148884e-03
9.970425e-04 2.119257e-03
9.960968e-04 2.133403e-03
9.964614e-04 2.102942e-03
9.965391e-04 2.120783e-03
9.961675e-04 2.127930e-03
9.964409e-04 2.125505e-03
9.960402e-04 2.126790e-03
9.950561e-04 2.128138e-03
9.949655e-04 2.106120e-03
9.957347e-04 2.083972e-03
9.957622e-04 2.120938e-03
9.946944e-04 2.118763e-03
9.951430e-04 2.103854e-03
9.940617e-04 2.104561e-03
9.930377e-04 2.108802e-03
9.924523e-04 2.100671e-03
9.925948e-04 2.122677e-03
9.928477e-04 2.126683e-03
9.921024e-04 2.080933e-03
9.924988e-04 2.100399e-03
9.913187e-04 2.115882e-03
9.914187e-04 2.094069e-03
9.899923e-04 2.113782e-03
9.898836e-04 2.106501e-03
9.899303e-04 2.106945e-03
9.900445e-04 2.117772e-03
9.898295e-04 2.112976e-03
9.895383e-04 2.100654e-03
9.890358e-04 2.148279e-03
9.892242e-04 2.111676e-03
9.886840e-04 2.092147e-03
9.880465e-04 2.095312e-03
9.879748e-04 2.071622e-03
9.874692e-04 2.084388e-03
9.878537e-04 2.082768e-03
9.871579e-04 2.077419e-03
9.872664e-04 2.090566e-03
9.873754e-04 2.104396e-03
9.866524e-04 2.091547e-03
9.863028e-04 2.113561e-03
9.865506e-04 2.089235e-03
9.858017e-04 2.086043e-03
9.856162e-04 2.070117e-03
9.850654e-04 2.086568e-03
9.855330e-04 2.068016e-03
9.853298e-04 2.063711e-03
9.859990e-04 2.078251e-03
9.848750e-04 2.089341e-03
9.857895e-04 2.048071e-03
9.852379e-04 2.076395e-03
9.849564e-04 2.067327e-03
9.842513e-04 2.047051e-03
9.835649e-04 2.089851e-03
9.840367e-04 2.031962e-03
9.829358e-04 2.006294e-03
9.833072e-04 2.023301e-03
9.838937e-04 2.023354e-03
9.830346e-04 2.014712e-03
9.831092e-04 2.014162e-03
9.818284e-04 2.023408e-03
9.819013e-04 2.019828e-03
9.820366e-04 2.019798e-03
9.812567e-04 2.014441e-03
9.816530e-04 1.989164e-03
9.814352e-04 2.032214e-03
9.815227e-04 2.022835e-03
9.812494e-04 2.032200e-03
9.810165e-04 2.012573e-03
9.805058e-04 2.013554e-03
9.804594e-04 2.013217e-03
9.798760e-04 2.005684e-03
9.801053e-04 2.022250e-03
9.800087e-04 2.044218e-03
9.797979e-04 2.018295e-03
9.792970e-04 2.037461e-03
9.798673e-04 2.023808e-03
9.793994e-04 2.036726e-03
9.798705e-04 2.038650e-03
9.798651e-04 2.028235e-03
9.789396e-04 2.023484e-03
9.785293e-04 2.029300e-03
9.782608e-04 2.030726e-03
9.783243e-04 2.033816e-03
9.776626e-04 2.029619e-03
9.777528e-04 2.013488e-03
9.788615e-04 2.012890e-03
9.779463e-04 2.027589e-03
9.782789e-04 2.003862e-03
9.777517e-04 2.032701e-03
9.771101e-04 2.029715e-03
9.771545e-04 2.034406e-03
9.768410e-04 2.033205e-03
9.767605e-04 2.029912e-03
9.762105e-04 2.016537e-03
9.766065e-04 2.029043e-03
9.766443e-04 2.043930e-03
9.772474e-04 1.999309e-03
9.763711e-04 2.044437e-03
9.762412e-04 2.022420e-03
9.762917e-04 2.046114e-03
9.751602e-04 2.048165e-03
9.756350e-04 2.026034e-03
9.755321e-04 2.047809e-03
9.751667e-04 2.039644e-03
9.751990e-04 2.025366e-03
9.751036e-04 2.071584e-03
9.754672e-04 2.034863e-03
9.746095e-04 2.029353e-03
9.742523e-04 2.028215e-03
9.745782e-04 2.017122e-03
9.736268e-04 2.028590e-03
9.739198e-04 2.020525e-03
9.735594e-04 2.044250e-03
9.740252e-04 2.040481e-03
9.741486e-04 2.011041e-03
9.738758e-04 2.039630e-03
9.734402e-04 2.033896e-03
9.730465e-04 2.039055e-03
9.723383e-04 2.026174e-03
9.726068e-04 2.011499e-03
9.716336e-04 2.037837e-03
9.723621e-04 2.037363e-03
9.727042e-04 2.010104e-03
9.723874e-04 2.043410e-03
9.729080e-04 2.030739e-03
9.730774e-04 2.011373e-03
9.729891e-04 2.027568e-03
9.727639e-04 2.013549e-03
9.726831e-04 2.023683e-03
9.719769e-04 2.028096e-03
9.716803e-04 2.033850e-03
9.712850e-04 2.025145e-03
9.711388e-04 2.042403e-03
9.718157e-04 2.019718e-03
9.720584e-04 2.062067e-03
9.715606e-04 2.028625e-03
9.713354e-04 2.045834e-03
9.709784e-04 2.057160e-03
9.708893e-04 2.050524e-03
9.703987e-04 2.041202e-03
9.705077e-04 2.068540e-03
9.703972e-04 2.054521e-03
9.703138e-04 2.035513e-03
9.704628e-04 2.026046e-03
9.707254e-04 2.026168e-03
9.705084e-04 2.058433e-03
9.703120e-04 2.037727e-03
9.704017e-04 2.064738e-03
9.701276e-04 2.040979e-03
9.695401e-04 2.053391e-03
9.693830e-04 2.072633e-03
9.691356e-04 2.055288e-03
9.692475e-04 2.074996e-03
9.683549e-04 2.041960e-03
9.689536e-04 2.022601e-03
9.682742e-04 2.033509e-03
9.687415e-04 2.019994e-03
9.689748e-04 2.041349e-03
9.685987e-04 2.059112e-03
9.688307e-04 2.060576e-03
9.689569e-04 2.042604e-03
9.687249e-04 2.062451e-03
9.684355e-04 2.065933e-03
9.686787e-04 2.053946e-03
9.682001e-04 2.053363e-03
9.686693e-04 2.043728e-03
9.681883e-04 2.054584e-03
9.684300e-04 2.049253e-03
9.689829e-04 2.061907e-03
9.686477e-04 2.067625e-03
9.683496e-04 2.082809e-03
9.680262e-04 2.054780e-03
9.676057e-04 2.056743e-03
9.672557e-04 2.051904e-03
9.672999e-04 2.073578e-03
9.676561e-04 2.065826e-03
9.680258e-04 2.088807e-03
9.674123e-04 2.043534e-03
9.668601e-04 2.032211e-03
9.672402e-04 2.035908e-03
9.665541e-04 2.050262e-03
9.670044e-04 2.057017e-03
9.665118e-04 2.049086e-03
9.665209e-04 2.057459e-03
9.657410e-04 2.026721e-03
9.665468e-04 2.057698e-03
9.669081e-04 2.031381e-03
9.660590e-04 2.038736e-03
9.663811e-04 2.024588e-03
9.661455e-04 2.044831e-03
9.666811e-04 2.058310e-03
9.662141e-04 2.040705e-03
9.658824e-04 2.025983e-03
9.659701e-04 2.045063e-03
9.652834e-04 2.035206e-03
9.649544e-04 2.054955e-03
9.649846e-04 2.041398e-03
9.650540e-04 2.043274e-03
9.652472e-04 2.040218e-03
9.652396e-04 2.038505e-03
9.650518e-04 2.051916e-03
9.651765e-04 2.024140e-03
9.651156e-04 2.053541e-03
9.652164e-04 2.027815e-03
9.652646e-04 2.037717e-03
9.651544e-04 2.042797e-03
9.657438e-04 2.029737e-03
9.657978e-04 2.034484e-03
9.658182e-04 2.029721e-03
9.646945e-04 2.032938e-03
9.650812e-04 2.018269e-03
9.656430e-04 2.022032e-03
9.652028e-04 2.001779e-03
9.655897e-04 2.043949e-03
9.656532e-04 2.039790e-03
9.652626e-04 2.020437e-03
9.644703e-04 2.010494e-03
9.644356e-04 2.029140e-03
9.639299e-04 1.997851e-03
9.642346e-04 1.993695e-03
9.643442e-04 1.999749e-03
9.644559e-04 2.029867e-03
9.641518e-04 2.002343e-03
9.640163e-04 2.005410e-03
9.639905e-04 1.992167e-03
9.632445e-04 2.003683e-03
9.634579e-04 2.013189e-03
9.634502e-04 2.011561e-03
9.629913e-04 1.991473e-03
9.631059e-04 2.005169e-03
9.638658e-04 1.996757e-03
9.630511e-04 2.003095e-03
9.630938e-04 2.016937e-03
9.635443e-04 1.999922e-03
9.634997e-04 1.993950e-03
9.630431e-04 2.024415e-03
9.634171e-04 2.017908e-03
9.629675e-04 2.005618e-03
9.624355e-04 2.006283e-03
9.622027e-04 2.028818e-03
9.624417e-04 1.994704e-03
9.627583e-04 2.026227e-03
9.630062e-04 1.993383e-03
9.621515e-04 2.008283e-03
9.630627e-04 2.024265e-03
9.631307e-04 2.002415e-03
9.626196e-04 2.015962e-03
9.620970e-04 2.006582e-03
9.624011e-04 2.011923e-03
9.621831e-04 1.992952e-03
9.625278e-04 2.009431e-03
9.621082e-04 1.999614e-03
9.614089e-04 1.989186e-03
