3.371326e-01 2.741259e-01
2.561924e-01 2.506841e-01
2.379845e-01 2.356500e-01
2.237698e-01 2.226173e-01
2.111630e-01 2.109000e-01
1.997331e-01 2.002197e-01
1.893014e-01 1.904525e-01
1.797538e-01 1.814943e-01
1.709796e-01 1.732706e-01
1.628917e-01 1.657130e-01
1.554198e-01 1.586596e-01
1.484749e-01 1.521338e-01
1.420277e-01 1.460880e-01
1.360103e-01 1.404059e-01
1.303852e-01 1.351014e-01
1.251054e-01 1.301397e-01
1.201562e-01 1.254497e-01
1.154814e-01 1.210451e-01
1.110743e-01 1.168640e-01
1.068949e-01 1.129137e-01
1.029406e-01 1.091676e-01
9.918451e-02 1.056089e-01
9.561373e-02 1.022125e-01
9.221315e-02 9.898074e-02
8.896585e-02 9.589081e-02
8.587217e-02 9.292989e-02
8.291501e-02 9.010595e-02
8.008929e-02 8.739370e-02
7.738620e-02 8.477641e-02
7.479074e-02 8.232190e-02
7.231297e-02 7.992272e-02
6.993360e-02 7.764095e-02
6.764404e-02 7.542005e-02
6.545605e-02 7.327864e-02
6.335365e-02 7.125014e-02
6.132106e-02 6.932712e-02
5.938412e-02 6.741106e-02
5.751967e-02 6.558686e-02
5.572522e-02 6.380840e-02
5.399754e-02 6.212484e-02
5.233571e-02 6.050703e-02
5.073464e-02 5.894493e-02
4.919262e-02 5.738051e-02
4.771063e-02 5.594130e-02
4.628750e-02 5.453457e-02
4.490986e-02 5.317398e-02
4.358488e-02 5.183379e-02
4.231393e-02 5.056209e-02
4.108868e-02 4.930625e-02
3.990874e-02 4.812807e-02
3.877324e-02 4.695770e-02
3.767441e-02 4.591620e-02
3.662562e-02 4.478906e-02
3.560926e-02 4.380009e-02
3.463657e-02 4.281459e-02
3.370156e-02 4.181490e-02
3.279530e-02 4.089713e-02
3.192497e-02 4.000800e-02
3.108706e-02 3.912248e-02
3.028231e-02 3.828212e-02
2.950612e-02 3.749403e-02
2.876539e-02 3.672378e-02
2.804803e-02 3.595698e-02
2.735867e-02 3.523265e-02
2.669661e-02 3.455985e-02
2.606367e-02 3.385988e-02
2.544643e-02 3.319803e-02
2.485914e-02 3.256275e-02
2.429114e-02 3.200392e-02
2.374625e-02 3.141971e-02
2.322618e-02 3.086636e-02
2.272269e-02 3.029018e-02
2.223990e-02 2.978819e-02
2.177035e-02 2.929176e-02
2.132521e-02 2.881315e-02
2.089223e-02 2.835293e-02
2.048231e-02 2.789809e-02
2.008351e-02 2.747110e-02
1.969706e-02 2.705272e-02
1.933334e-02 2.667176e-02
1.897870e-02 2.626704e-02
1.863713e-02 2.588854e-02
1.831157e-02 2.552171e-02
1.799648e-02 2.519412e-02
1.769156e-02 2.483589e-02
1.739732e-02 2.452364e-02
1.711776e-02 2.418284e-02
1.684051e-02 2.391284e-02
1.658261e-02 2.359069e-02
1.633096e-02 2.334588e-02
1.608741e-02 2.308177e-02
1.585513e-02 2.281025e-02
1.563229e-02 2.253809e-02
1.541117e-02 2.229743e-02
1.520304e-02 2.207224e-02
1.500014e-02 2.185750e-02
1.480554e-02 2.157688e-02
1.461752e-02 2.139089e-02
1.443364e-02 2.123096e-02
1.425768e-02 2.097143e-02
1.408801e-02 2.077974e-02
1.392216e-02 2.059402e-02
1.376344e-02 2.040696e-02
1.360897e-02 2.021712e-02
1.345954e-02 2.007821e-02
1.331369e-02 1.992220e-02
1.317723e-02 1.973427e-02
1.303941e-02 1.963064e-02
1.290711e-02 1.943542e-02
1.278239e-02 1.927683e-02
1.265868e-02 1.915568e-02
1.254207e-02 1.901998e-02
1.242290e-02 1.887643e-02
1.231090e-02 1.874069e-02
1.220084e-02 1.861430e-02
1.209453e-02 1.849558e-02
1.199189e-02 1.836894e-02
1.188990e-02 1.820827e-02
1.179129e-02 1.813257e-02
1.169686e-02 1.803432e-02
1.160521e-02 1.791468e-02
1.151447e-02 1.775284e-02
1.142788e-02 1.768041e-02
1.134385e-02 1.754038e-02
1.126042e-02 1.747105e-02
1.118142e-02 1.737157e-02
1.110013e-02 1.729832e-02
1.102158e-02 1.715246e-02
1.095005e-02 1.707955e-02
1.087553e-02 1.704058e-02
1.080285e-02 1.696231e-02
1.073638e-02 1.687730e-02
1.066444e-02 1.679782e-02
1.060430e-02 1.667665e-02
1.053882e-02 1.661022e-02
1.047280e-02 1.657524e-02
1.041185e-02 1.646742e-02
1.035331e-02 1.637031e-02
1.029311e-02 1.630230e-02
1.023686e-02 1.623608e-02
1.017786e-02 1.618994e-02
1.012426e-02 1.610218e-02
1.006910e-02 1.605830e-02
1.002118e-02 1.599997e-02
9.965881e-03 1.592280e-02
9.917257e-03 1.585387e-02
9.868005e-03 1.580386e-02
9.819180e-03 1.571210e-02
9.769821e-03 1.562008e-02
9.724423e-03 1.559808e-02
9.680627e-03 1.555419e-02
9.633305e-03 1.550429e-02
9.593294e-03 1.544137e-02
9.547138e-03 1.537204e-02
9.504695e-03 1.536644e-02
9.463668e-03 1.529580e-02
9.423574e-03 1.521796e-02
9.384339e-03 1.519245e-02
9.344887e-03 1.515372e-02
9.305976e-03 1.509479e-02
9.269770e-03 1.505612e-02
9.232458e-03 1.500791e-02
9.196007e-03 1.494023e-02
9.162189e-03 1.488905e-02
9.127247e-03 1.487019e-02
9.094000e-03 1.487091e-02
9.059118e-03 1.473142e-02
9.027237e-03 1.468996e-02
8.994775e-03 1.474884e-02
8.963876e-03 1.463399e-02
8.930680e-03 1.460851e-02
8.899633e-03 1.458413e-02
8.869101e-03 1.457431e-02
8.842456e-03 1.449787e-02
8.810526e-03 1.445092e-02
8.782757e-03 1.444280e-02
8.750662e-03 1.437125e-02
8.725124e-03 1.433555e-02
8.697597e-03 1.428975e-02
8.670456e-03 1.428294e-02
8.644301e-03 1.420260e-02
8.621230e-03 1.416447e-02
8.592628e-03 1.419051e-02
8.567625e-03 1.416325e-02
8.544806e-03 1.410505e-02
8.518842e-03 1.407327e-02
8.496272e-03 1.405825e-02
8.472092e-03 1.399278e-02
8.448120e-03 1.390762e-02
8.426233e-03 1.395093e-02
8.402339e-03 1.389694e-02
8.377764e-03 1.387329e-02
8.356611e-03 1.389398e-02
8.335827e-03 1.383565e-02
8.315152e-03 1.377969e-02
8.294215e-03 1.376308e-02
8.276167e-03 1.375191e-02
8.252995e-03 1.369985e-02
8.230661e-03 1.374822e-02
8.213970e-03 1.366746e-02
8.192853e-03 1.363279e-02
8.174964e-03 1.361452e-02
8.151802e-03 1.362174e-02
8.136407e-03 1.355731e-02
8.117704e-03 1.357845e-02
8.102838e-03 1.351118e-02
8.081790e-03 1.349350e-02
8.063912e-03 1.347225e-02
8.046237e-03 1.346886e-02
8.028619e-03 1.344141e-02
8.013593e-03 1.340099e-02
7.994082e-03 1.336710e-02
7.981369e-03 1.339547e-02
7.962320e-03 1.338548e-02
7.945750e-03 1.332246e-02
7.931072e-03 1.333369e-02
7.913638e-03 1.329844e-02
7.901329e-03 1.325347e-02
7.883904e-03 1.323704e-02
7.870619e-03 1.326673e-02
7.852179e-03 1.325378e-02
7.841830e-03 1.321769e-02
7.824921e-03 1.327370e-02
7.811757e-03 1.317288e-02
7.797934e-03 1.318927e-02
7.783113e-03 1.311990e-02
7.770246e-03 1.316505e-02
7.755009e-03 1.317174e-02
7.743626e-03 1.313156e-02
7.727877e-03 1.309317e-02
7.715292e-03 1.305032e-02
7.704495e-03 1.305584e-02
7.689288e-03 1.303869e-02
7.676897e-03 1.302840e-02
7.665847e-03 1.305300e-02
7.652431e-03 1.305664e-02
7.640866e-03 1.300373e-02
7.628762e-03 1.303876e-02
7.617586e-03 1.295131e-02
7.605264e-03 1.297399e-02
7.595119e-03 1.300199e-02
7.583639e-03 1.296376e-02
7.573892e-03 1.297498e-02
7.558269e-03 1.291438e-02
7.548592e-03 1.297746e-02
7.537927e-03 1.299196e-02
7.528229e-03 1.295503e-02
7.518646e-03 1.290984e-02
7.507794e-03 1.287062e-02
7.496146e-03 1.287054e-02
7.486960e-03 1.291492e-02
7.473859e-03 1.284717e-02
7.463463e-03 1.287303e-02
7.455202e-03 1.287978e-02
7.445619e-03 1.279468e-02
7.432738e-03 1.278885e-02
7.425965e-03 1.278197e-02
7.417459e-03 1.277241e-02
7.407179e-03 1.277315e-02
7.398014e-03 1.273281e-02
7.388121e-03 1.277386e-02
7.378143e-03 1.278523e-02
7.368448e-03 1.270635e-02
7.358733e-03 1.275841e-02
7.353051e-03 1.273597e-02
7.344428e-03 1.269814e-02
7.334308e-03 1.273099e-02
7.325883e-03 1.271324e-02
7.315961e-03 1.265795e-02
7.308263e-03 1.266633e-02
7.301918e-03 1.264296e-02
7.290451e-03 1.269141e-02
7.287111e-03 1.258399e-02
7.274951e-03 1.263343e-02
7.268133e-03 1.262535e-02
7.260788e-03 1.261334e-02
7.250409e-03 1.261215e-02
7.244400e-03 1.260051e-02
7.237901e-03 1.259463e-02
7.230739e-03 1.253019e-02
7.222158e-03 1.250159e-02
7.215103e-03 1.253258e-02
7.206908e-03 1.257164e-02
7.198204e-03 1.249487e-02
7.191056e-03 1.247053e-02
7.187226e-03 1.247512e-02
7.178505e-03 1.249118e-02
7.169507e-03 1.245298e-02
7.164939e-03 1.242442e-02
7.156385e-03 1.241991e-02
7.149420e-03 1.246146e-02
7.141180e-03 1.241152e-02
7.136067e-03 1.238010e-02
7.128029e-03 1.239937e-02
7.122862e-03 1.237942e-02
7.119017e-03 1.237876e-02
7.110931e-03 1.237344e-02
7.101965e-03 1.240313e-02
7.098384e-03 1.233732e-02
7.091688e-03 1.231398e-02
7.082694e-03 1.235341e-02
7.075195e-03 1.235241e-02
7.072146e-03 1.232054e-02
7.065442e-03 1.232388e-02
7.058631e-03 1.233771e-02
7.052704e-03 1.226669e-02
7.047871e-03 1.228889e-02
7.042036e-03 1.227641e-02
7.037175e-03 1.228044e-02
7.030167e-03 1.223440e-02
7.023525e-03 1.222243e-02
7.021208e-03 1.224020e-02
7.009981e-03 1.227033e-02
7.004476e-03 1.221162e-02
6.999531e-03 1.226337e-02
6.994746e-03 1.219593e-02
6.989594e-03 1.219846e-02
6.985011e-03 1.216626e-02
6.979351e-03 1.218716e-02
6.972004e-03 1.216746e-02
6.967639e-03 1.216397e-02
6.962729e-03 1.215395e-02
6.958423e-03 1.217687e-02
6.953412e-03 1.218363e-02
6.948433e-03 1.213308e-02
6.942939e-03 1.215306e-02
6.935704e-03 1.215591e-02
6.931930e-03 1.214746e-02
6.927948e-03 1.209770e-02
6.920419e-03 1.213815e-02
6.915426e-03 1.210803e-02
6.912122e-03 1.212945e-02
6.904331e-03 1.210908e-02
6.902721e-03 1.207146e-02
6.897288e-03 1.210502e-02
6.893580e-03 1.211916e-02
6.886635e-03 1.210452e-02
6.882758e-03 1.211593e-02
6.876615e-03 1.208437e-02
6.872539e-03 1.207619e-02
6.867089e-03 1.208251e-02
6.863193e-03 1.208228e-02
6.859970e-03 1.208292e-02
6.857024e-03 1.203613e-02
6.850736e-03 1.206067e-02
6.846800e-03 1.207286e-02
6.842717e-03 1.201842e-02
6.838282e-03 1.202941e-02
6.833113e-03 1.209118e-02
6.830135e-03 1.205970e-02
6.826462e-03 1.201362e-02
6.819943e-03 1.203239e-02
6.815191e-03 1.203308e-02
6.813439e-03 1.200747e-02
6.807318e-03 1.196286e-02
6.803911e-03 1.197280e-02
6.798969e-03 1.198046e-02
6.796620e-03 1.199296e-02
6.790662e-03 1.201965e-02
6.787118e-03 1.198176e-02
6.782702e-03 1.201674e-02
6.776361e-03 1.195332e-02
6.773918e-03 1.194839e-02
6.770419e-03 1.196625e-02
6.765946e-03 1.194159e-02
6.765211e-03 1.199407e-02
6.760748e-03 1.193329e-02
6.752391e-03 1.194653e-02
6.752151e-03 1.194435e-02
6.745014e-03 1.193406e-02
6.742870e-03 1.193802e-02
6.737148e-03 1.191122e-02
6.735801e-03 1.192370e-02
6.732485e-03 1.191682e-02
6.727535e-03 1.189504e-02
6.724504e-03 1.185991e-02
6.720882e-03 1.191642e-02
6.719807e-03 1.190798e-02
6.714208e-03 1.189700e-02
6.708529e-03 1.184559e-02
6.708511e-03 1.184816e-02
6.701880e-03 1.189164e-02
6.700077e-03 1.182338e-02
6.696863e-03 1.184701e-02
6.694497e-03 1.183067e-02
6.688717e-03 1.184563e-02
6.683708e-03 1.179219e-02
6.682542e-03 1.181242e-02
6.678838e-03 1.180008e-02
6.675580e-03 1.177064e-02
6.669775e-03 1.179196e-02
6.667133e-03 1.178035e-02
6.664914e-03 1.177326e-02
6.660426e-03 1.177143e-02
6.658160e-03 1.180681e-02
6.655066e-03 1.172679e-02
6.650507e-03 1.173391e-02
6.648716e-03 1.173185e-02
6.644364e-03 1.174262e-02
6.640444e-03 1.172951e-02
6.639407e-03 1.170254e-02
6.632123e-03 1.170530e-02
6.630620e-03 1.170373e-02
6.631288e-03 1.168550e-02
6.621556e-03 1.167866e-02
6.622812e-03 1.168700e-02
6.619323e-03 1.162534e-02
6.614609e-03 1.167950e-02
6.612640e-03 1.162185e-02
6.609402e-03 1.166272e-02
6.606981e-03 1.162053e-02
6.602840e-03 1.159889e-02
6.598790e-03 1.161499e-02
6.596718e-03 1.163133e-02
6.595014e-03 1.160060e-02
6.591593e-03 1.160445e-02
6.587496e-03 1.155667e-02
6.585420e-03 1.155568e-02
6.581701e-03 1.153338e-02
6.579646e-03 1.152611e-02
6.573731e-03 1.151547e-02
6.574179e-03 1.154539e-02
6.569071e-03 1.154387e-02
6.566831e-03 1.151390e-02
6.561101e-03 1.155546e-02
6.561249e-03 1.150172e-02
6.559364e-03 1.154973e-02
6.554499e-03 1.148781e-02
6.551859e-03 1.148107e-02
6.548547e-03 1.149357e-02
6.548484e-03 1.147584e-02
6.544393e-03 1.146374e-02
6.540724e-03 1.151903e-02
6.540260e-03 1.145489e-02
6.537436e-03 1.144173e-02
6.533710e-03 1.138660e-02
6.530925e-03 1.139935e-02
6.528700e-03 1.141516e-02
6.524908e-03 1.143156e-02
6.520895e-03 1.144163e-02
6.516630e-03 1.147235e-02
6.516832e-03 1.142300e-02
6.514568e-03 1.138917e-02
6.513528e-03 1.140164e-02
6.508740e-03 1.137325e-02
6.506934e-03 1.138378e-02
6.502274e-03 1.137499e-02
6.500564e-03 1.137859e-02
6.498849e-03 1.139158e-02
6.495857e-03 1.135501e-02
6.494203e-03 1.136304e-02
6.489588e-03 1.139809e-02
6.487394e-03 1.135981e-02
6.484588e-03 1.135652e-02
6.482644e-03 1.131355e-02
6.478373e-03 1.130615e-02
6.475295e-03 1.136983e-02
6.474333e-03 1.130128e-02
6.471755e-03 1.129744e-02
6.468542e-03 1.128720e-02
6.468032e-03 1.124154e-02
6.465470e-03 1.128660e-02
6.462663e-03 1.126991e-02
6.459504e-03 1.121766e-02
6.458042e-03 1.129209e-02
6.453968e-03 1.129650e-02
6.451783e-03 1.126950e-02
6.452131e-03 1.133392e-02
6.446026e-03 1.128364e-02
6.447110e-03 1.127033e-02
6.441671e-03 1.126485e-02
6.440748e-03 1.127546e-02
6.438947e-03 1.124955e-02
6.435653e-03 1.125996e-02
6.433400e-03 1.125187e-02
6.431657e-03 1.126955e-02
6.429426e-03 1.125744e-02
6.426585e-03 1.122912e-02
6.426367e-03 1.126263e-02
6.423679e-03 1.128353e-02
6.418512e-03 1.121784e-02
6.418779e-03 1.128336e-02
6.414561e-03 1.126285e-02
6.412926e-03 1.120319e-02
6.409308e-03 1.126003e-02
6.411424e-03 1.119249e-02
6.406591e-03 1.120178e-02
6.404053e-03 1.125133e-02
6.401757e-03 1.123856e-02
6.399731e-03 1.116861e-02
6.399608e-03 1.119595e-02
6.394125e-03 1.117374e-02
6.393216e-03 1.117437e-02
6.391206e-03 1.118778e-02
6.387302e-03 1.117564e-02
6.386766e-03 1.117206e-02
6.384214e-03 1.113225e-02
6.383190e-03 1.118015e-02
6.378879e-03 1.119255e-02
6.378088e-03 1.112273e-02
6.375683e-03 1.066648e-02
6.370610e-03 1.067924e-02
6.370951e-03 1.063285e-02
6.370812e-03 1.067659e-02
6.365316e-03 1.064284e-02
6.363957e-03 1.062777e-02
6.363788e-03 1.061481e-02
6.358620e-03 1.060584e-02
6.360125e-03 1.060511e-02
6.356819e-03 1.062179e-02
6.354355e-03 1.059882e-02
6.352884e-03 1.062723e-02
6.350650e-03 1.064323e-02
6.347326e-03 1.061480e-02
6.347091e-03 1.060185e-02
6.346288e-03 1.059339e-02
6.342619e-03 1.060418e-02
6.337720e-03 1.060174e-02
6.337867e-03 1.063691e-02
6.336605e-03 1.062754e-02
6.333711e-03 1.060689e-02
6.329573e-03 1.059178e-02
6.330101e-03 1.059684e-02
6.326966e-03 1.062531e-02
6.326198e-03 1.062829e-02
6.324984e-03 1.058034e-02
6.321579e-03 1.059292e-02
6.321295e-03 1.058728e-02
6.316862e-03 1.059499e-02
6.317194e-03 1.061515e-02
6.314460e-03 1.057642e-02
6.313766e-03 1.060764e-02
6.312335e-03 1.059082e-02
6.309128e-03 1.061990e-02
6.306548e-03 1.058910e-02
6.306554e-03 1.059631e-02
6.305003e-03 1.058114e-02
6.302039e-03 1.060624e-02
6.300502e-03 1.057014e-02
6.297920e-03 1.062186e-02
6.298436e-03 1.061624e-02
6.294786e-03 1.060118e-02
6.295671e-03 1.057414e-02
6.290224e-03 1.054972e-02
6.288936e-03 1.059959e-02
6.286774e-03 1.057345e-02
6.287646e-03 1.060110e-02
6.282969e-03 1.060902e-02
6.279940e-03 1.061264e-02
6.279727e-03 1.058962e-02
6.277966e-03 1.058968e-02
6.276901e-03 1.061448e-02
6.273922e-03 1.060533e-02
6.273701e-03 1.058986e-02
6.271338e-03 1.060208e-02
6.271366e-03 1.064307e-02
6.270266e-03 1.060501e-02
6.267539e-03 1.062290e-02
6.265037e-03 1.058139e-02
6.265803e-03 1.059716e-02
6.259536e-03 1.059249e-02
6.259331e-03 1.057225e-02
6.260050e-03 1.062130e-02
6.255136e-03 1.057947e-02
6.255333e-03 1.058654e-02
6.253915e-03 1.061079e-02
6.249473e-03 1.055351e-02
6.248772e-03 1.055480e-02
6.249938e-03 1.061428e-02
6.246293e-03 1.055561e-02
6.245064e-03 1.056884e-02
6.243294e-03 1.054570e-02
6.239642e-03 1.058328e-02
6.236276e-03 1.052088e-02
6.238655e-03 1.055370e-02
6.236631e-03 1.055226e-02
6.235053e-03 1.056452e-02
6.234114e-03 1.055911e-02
6.230882e-03 1.054273e-02
6.232500e-03 1.053820e-02
6.228055e-03 1.055529e-02
6.225998e-03 1.051665e-02
6.225907e-03 1.056927e-02
6.224730e-03 1.052900e-02
6.221278e-03 1.056653e-02
6.219269e-03 1.055134e-02
6.221299e-03 1.055654e-02
6.218209e-03 1.054063e-02
6.215132e-03 1.055640e-02
6.216506e-03 1.050494e-02
6.212546e-03 1.053607e-02
6.213028e-03 1.050476e-02
6.209437e-03 1.057847e-02
6.208373e-03 1.053757e-02
6.207317e-03 1.056123e-02
6.205775e-03 1.058289e-02
6.205592e-03 1.055375e-02
6.203157e-03 1.054324e-02
6.201251e-03 1.057801e-02
6.200785e-03 1.055803e-02
6.197501e-03 1.052811e-02
6.199554e-03 1.055197e-02
6.194809e-03 1.055120e-02
6.192561e-03 1.055607e-02
6.193178e-03 1.053436e-02
6.190389e-03 1.058376e-02
6.189757e-03 1.053865e-02
6.186316e-03 1.056139e-02
6.184295e-03 1.053367e-02
6.185933e-03 1.054127e-02
6.184348e-03 1.053706e-02
6.181961e-03 1.054930e-02
6.178194e-03 1.058649e-02
6.180864e-03 1.058429e-02
6.178424e-03 1.053754e-02
6.176384e-03 1.055098e-02
6.174595e-03 1.053780e-02
6.175014e-03 1.054473e-02
6.173725e-03 1.055854e-02
6.170979e-03 1.054790e-02
6.169972e-03 1.055009e-02
6.167841e-03 1.051873e-02
6.165972e-03 1.054946e-02
6.168152e-03 1.051775e-02
6.164165e-03 1.052220e-02
6.162014e-03 1.053957e-02
6.161817e-03 1.055522e-02
6.159498e-03 1.056326e-02
6.157462e-03 1.055661e-02
6.156592e-03 1.054667e-02
6.155194e-03 1.052576e-02
6.153114e-03 1.057857e-02
6.154847e-03 1.054345e-02
6.152305e-03 1.052732e-02
6.151422e-03 1.058470e-02
6.149905e-03 1.054343e-02
6.146788e-03 1.058809e-02
6.145494e-03 1.054270e-02
6.143864e-03 1.055086e-02
6.143117e-03 1.054412e-02
6.143404e-03 1.054858e-02
6.139993e-03 1.050620e-02
6.139881e-03 1.052754e-02
6.137839e-03 1.055537e-02
6.136285e-03 1.054742e-02
6.135080e-03 1.053251e-02
6.133316e-03 1.052346e-02
6.131873e-03 1.055242e-02
6.131966e-03 1.053575e-02
6.129310e-03 1.054690e-02
6.130216e-03 1.054062e-02
6.127699e-03 1.053601e-02
6.129569e-03 1.050118e-02
6.125035e-03 1.055050e-02
6.123977e-03 1.048676e-02
6.123271e-03 1.049954e-02
6.122090e-03 1.049329e-02
6.119493e-03 1.049910e-02
6.119374e-03 1.051469e-02
6.116651e-03 1.050191e-02
6.116605e-03 1.051667e-02
6.114596e-03 1.057988e-02
6.114144e-03 1.052655e-02
6.111741e-03 1.054309e-02
6.113236e-03 1.051287e-02
6.110546e-03 1.049215e-02
6.109313e-03 1.047946e-02
6.106545e-03 1.048937e-02
6.108521e-03 1.046328e-02
6.106660e-03 1.043418e-02
6.106990e-03 1.048552e-02
6.102390e-03 1.047513e-02
6.102543e-03 1.049400e-02
6.100846e-03 1.044249e-02
6.101366e-03 1.044313e-02
6.097269e-03 1.044736e-02
6.094857e-03 1.044920e-02
6.098041e-03 1.046366e-02
6.098149e-03 1.044816e-02
6.093676e-03 1.046300e-02
6.094185e-03 1.045428e-02
6.092663e-03 1.043022e-02
6.092788e-03 1.038550e-02
6.089521e-03 1.048188e-02
6.089123e-03 1.046779e-02
6.088197e-03 1.041722e-02
6.086907e-03 1.042638e-02
6.086833e-03 1.035720e-02
6.082683e-03 1.044141e-02
6.081765e-03 1.045459e-02
6.083494e-03 1.040562e-02
6.079474e-03 1.036328e-02
6.077786e-03 1.037848e-02
6.082576e-03 1.036153e-02
6.076740e-03 1.035691e-02
6.078682e-03 1.041819e-02
6.074608e-03 1.038260e-02
6.072342e-03 1.039272e-02
6.072771e-03 1.035191e-02
6.071059e-03 1.038586e-02
6.070788e-03 1.037327e-02
6.071079e-03 1.036962e-02
6.070179e-03 1.036601e-02
6.068053e-03 1.035999e-02
6.064727e-03 1.035643e-02
6.067267e-03 1.039218e-02
6.064354e-03 1.033139e-02
6.064208e-03 1.034592e-02
6.062808e-03 1.036015e-02
6.063045e-03 1.034840e-02
6.060890e-03 1.036346e-02
6.060648e-03 1.032899e-02
6.059704e-03 1.034223e-02
6.055534e-03 1.036358e-02
6.057958e-03 1.030449e-02
6.055735e-03 1.035233e-02
6.053028e-03 1.037397e-02
6.052721e-03 1.036689e-02
6.051899e-03 1.039802e-02
6.048366e-03 1.032931e-02
6.050282e-03 1.035446e-02
6.047437e-03 1.031209e-02
6.047077e-03 1.038915e-02
6.044412e-03 1.032794e-02
6.045422e-03 1.030789e-02
6.043364e-03 1.039647e-02
6.044386e-03 1.037641e-02
6.042059e-03 1.035447e-02
6.039844e-03 1.028763e-02
6.040812e-03 1.034608e-02
6.041106e-03 1.039289e-02
6.039434e-03 1.033595e-02
6.038623e-03 1.031188e-02
6.035626e-03 1.039746e-02
6.033903e-03 1.036797e-02
6.034777e-03 1.031455e-02
6.036038e-03 1.032584e-02
6.033642e-03 1.033234e-02
6.033132e-03 1.034228e-02
6.032923e-03 1.033462e-02
6.030753e-03 1.034950e-02
6.026907e-03 1.038533e-02
6.027289e-03 1.037347e-02
6.028440e-03 1.033846e-02
6.025427e-03 1.037732e-02
6.027168e-03 1.037717e-02
6.021500e-03 1.037760e-02
6.022436e-03 1.034944e-02
6.023719e-03 1.035820e-02
6.020249e-03 1.034490e-02
6.019521e-03 1.033093e-02
6.018588e-03 1.039686e-02
6.016498e-03 1.036229e-02
6.016565e-03 1.036662e-02
6.018389e-03 1.033317e-02
6.014514e-03 1.036339e-02
6.013229e-03 1.037729e-02
6.012395e-03 1.038587e-02
6.010800e-03 1.034039e-02
6.012412e-03 1.036146e-02
6.013784e-03 1.037385e-02
6.011963e-03 1.040124e-02
6.008279e-03 1.040712e-02
6.007691e-03 1.038186e-02
6.007189e-03 1.037803e-02
6.006941e-03 1.039798e-02
6.004404e-03 1.033741e-02
6.005860e-03 1.044297e-02
6.002613e-03 1.038614e-02
5.999349e-03 1.035140e-02
6.001339e-03 1.036165e-02
5.998628e-03 1.034631e-02
5.999562e-03 1.036787e-02
5.996727e-03 1.037983e-02
5.995381e-03 1.035408e-02
5.996694e-03 1.032989e-02
5.998483e-03 1.031970e-02
5.996233e-03 1.032255e-02
5.990186e-03 1.037012e-02
5.995162e-03 1.030469e-02
5.994925e-03 1.032443e-02
5.993249e-03 1.033843e-02
5.992178e-03 1.034970e-02
5.989663e-03 1.031869e-02
5.991807e-03 1.033838e-02
5.990116e-03 1.033006e-02
5.986025e-03 1.034748e-02
5.985477e-03 1.038996e-02
5.985557e-03 1.031538e-02
5.985853e-03 1.030217e-02
5.984252e-03 1.032310e-02
5.984171e-03 1.029607e-02
5.981900e-03 1.031552e-02
5.981843e-03 1.033559e-02
5.982483e-03 1.032461e-02
5.979902e-03 1.028262e-02
5.981182e-03 1.026666e-02
5.978868e-03 1.033358e-02
5.977293e-03 1.022336e-02
5.975984e-03 1.027873e-02
5.975753e-03 1.029212e-02
5.976965e-03 1.029945e-02
5.972735e-03 1.029464e-02
5.973931e-03 1.023999e-02
5.973070e-03 1.029347e-02
5.971932e-03 1.028760e-02
5.970990e-03 1.025743e-02
5.967948e-03 1.025272e-02
5.966771e-03 1.029193e-02
5.968252e-03 1.024654e-02
5.965755e-03 1.027627e-02
5.967239e-03 1.022532e-02
5.964786e-03 1.026082e-02
5.965754e-03 1.023295e-02
5.966060e-03 1.024703e-02
5.963094e-03 1.022097e-02
5.961695e-03 1.026063e-02
5.962666e-03 1.024669e-02
5.962197e-03 1.020704e-02
5.959628e-03 1.023324e-02
5.961147e-03 1.027510e-02
5.957040e-03 1.027406e-02
5.961885e-03 1.023520e-02
5.956497e-03 1.029552e-02
5.956098e-03 1.028709e-02
5.954350e-03 1.024648e-02
5.956068e-03 1.026609e-02
5.954112e-03 1.026033e-02
5.952080e-03 1.024478e-02
5.953418e-03 1.024878e-02
5.950516e-03 1.023784e-02
5.951330e-03 1.028384e-02
5.952003e-03 1.024024e-02
5.947188e-03 1.031560e-02
5.946759e-03 1.027662e-02
5.947021e-03 1.026510e-02
5.947427e-03 1.025561e-02
5.948034e-03 1.025287e-02
5.945198e-03 1.027853e-02
5.943578e-03 1.032904e-02
5.943631e-03 1.030061e-02
5.942462e-03 1.025758e-02
5.942406e-03 1.024190e-02
5.942227e-03 1.026619e-02
5.940762e-03 1.031854e-02
5.939400e-03 1.032448e-02
5.938148e-03 1.028733e-02
5.939852e-03 1.031239e-02
5.937723e-03 1.029768e-02
5.935452e-03 1.027695e-02
5.934935e-03 1.026144e-02
5.935577e-03 1.028150e-02
5.933671e-03 1.024656e-02
5.934589e-03 1.029259e-02
5.932059e-03 1.031394e-02
5.934025e-03 1.024954e-02
5.929184e-03 1.028066e-02
5.930802e-03 1.032424e-02
5.930981e-03 1.031134e-02
5.927646e-03 1.028042e-02
5.927239e-03 1.028475e-02
5.926287e-03 1.025082e-02
5.923342e-03 1.032329e-02
5.926041e-03 1.030757e-02
5.926871e-03 1.026647e-02
5.923644e-03 1.030455e-02
5.923845e-03 1.027803e-02
5.920444e-03 1.028761e-02
5.921366e-03 1.025377e-02
5.920720e-03 1.027291e-02
5.922089e-03 1.028686e-02
5.920049e-03 1.027496e-02
5.918360e-03 1.027442e-02
5.917851e-03 1.027820e-02
5.915544e-03 1.031698e-02
5.916856e-03 1.033095e-02
5.914805e-03 1.031973e-02
5.918324e-03 1.031655e-02
5.914109e-03 1.026320e-02
5.912561e-03 1.027803e-02
5.912466e-03 1.030483e-02
5.912182e-03 1.031742e-02
5.910344e-03 1.028414e-02
5.909646e-03 1.028318e-02
5.910000e-03 1.026866e-02
5.911566e-03 1.036687e-02
5.906886e-03 1.028353e-02
5.908564e-03 1.030383e-02
5.907326e-03 1.029816e-02
5.907305e-03 1.028767e-02
5.904767e-03 1.029629e-02
5.906938e-03 1.032336e-02
5.903564e-03 1.031397e-02
5.901978e-03 1.023834e-02
5.900862e-03 1.027256e-02
5.903664e-03 1.029955e-02
5.902952e-03 1.032124e-02
5.902128e-03 1.028051e-02
5.900884e-03 1.024000e-02
5.899477e-03 1.025045e-02
5.898347e-03 1.030901e-02
5.897971e-03 1.027874e-02
5.897719e-03 1.026834e-02
5.897509e-03 1.027313e-02
5.895910e-03 1.024264e-02
5.894996e-03 1.025188e-02
5.892432e-03 1.028892e-02
5.894474e-03 1.025569e-02
5.894724e-03 1.025424e-02
5.890795e-03 1.028652e-02
5.892416e-03 1.027883e-02
5.891657e-03 1.028263e-02
5.892386e-03 1.024460e-02
5.890856e-03 1.028113e-02
5.887498e-03 1.025368e-02
5.888482e-03 1.024703e-02
5.885213e-03 1.024889e-02
5.887581e-03 1.025019e-02
5.886420e-03 1.026622e-02
5.887773e-03 1.019837e-02
5.883791e-03 1.026593e-02
5.884237e-03 1.023260e-02
5.881967e-03 1.025813e-02
5.880562e-03 1.020783e-02
5.880325e-03 1.020921e-02
5.880343e-03 1.025990e-02
5.879549e-03 1.024971e-02
5.879503e-03 1.026308e-02
5.879377e-03 1.022480e-02
5.877307e-03 1.026760e-02
5.877414e-03 1.024638e-02
5.875810e-03 1.022909e-02
5.875470e-03 1.024823e-02
5.878773e-03 1.022698e-02
5.872848e-03 1.018720e-02
5.875119e-03 1.022553e-02
5.874922e-03 1.022947e-02
5.872345e-03 1.022230e-02
5.872677e-03 1.023205e-02
5.871012e-03 1.022668e-02
5.869319e-03 1.025998e-02
5.869801e-03 1.024200e-02
5.871299e-03 1.022454e-02
5.871273e-03 1.022457e-02
5.869932e-03 1.023894e-02
5.871116e-03 1.024838e-02
5.866538e-03 1.022919e-02
5.865833e-03 1.019172e-02
5.865713e-03 1.021826e-02
5.864754e-03 1.020188e-02
5.862896e-03 1.022579e-02
5.863348e-03 1.024890e-02
5.862592e-03 1.024512e-02
5.861600e-03 1.026396e-02
5.859820e-03 1.020736e-02
5.860375e-03 1.020285e-02
5.861805e-03 1.020225e-02
5.857852e-03 1.022522e-02
5.859972e-03 1.024347e-02
5.856931e-03 1.024558e-02
5.858678e-03 1.024498e-02
5.856648e-03 1.025007e-02
5.858125e-03 1.024971e-02
5.855583e-03 1.021206e-02
5.854442e-03 1.026137e-02
5.853865e-03 1.019865e-02
5.852671e-03 1.027335e-02
5.852047e-03 1.024790e-02
5.853884e-03 1.020827e-02
5.850811e-03 1.023298e-02
5.848449e-03 1.029156e-02
5.849700e-03 1.024716e-02
5.851009e-03 1.024187e-02
5.848949e-03 1.022627e-02
5.849025e-03 1.020604e-02
5.848346e-03 1.024847e-02
5.848387e-03 1.021771e-02
5.846700e-03 1.020518e-02
5.846150e-03 1.019349e-02
5.844445e-03 1.023175e-02
5.846523e-03 1.019018e-02
5.843275e-03 1.025340e-02
5.844528e-03 1.023405e-02
5.844131e-03 1.026146e-02
5.841590e-03 1.018125e-02
5.841925e-03 1.026716e-02
5.839230e-03 1.026599e-02
5.839018e-03 1.024595e-02
5.839249e-03 1.021559e-02
5.836354e-03 1.024979e-02
5.838264e-03 1.024904e-02
5.837943e-03 1.022845e-02
5.838234e-03 1.020111e-02
5.838636e-03 1.024052e-02
5.836229e-03 1.022949e-02
5.834349e-03 1.022699e-02
5.834650e-03 1.026902e-02
5.833045e-03 1.023788e-02
5.833242e-03 1.019831e-02
5.832997e-03 1.024625e-02
5.832566e-03 1.024913e-02
5.831597e-03 1.025165e-02
5.830517e-03 1.024438e-02
5.830730e-03 1.025277e-02
5.829880e-03 1.026986e-02
5.830406e-03 1.019723e-02
5.830915e-03 1.021294e-02
5.830023e-03 1.024430e-02
5.826218e-03 1.021417e-02
5.827461e-03 1.022474e-02
5.826494e-03 1.022380e-02
5.824596e-03 1.025601e-02
5.826468e-03 1.016481e-02
5.826140e-03 1.019007e-02
5.823498e-03 1.022773e-02
5.821676e-03 1.021837e-02
5.823984e-03 1.022639e-02
5.823024e-03 1.025949e-02
5.823323e-03 1.021507e-02
5.820053e-03 1.022320e-02
5.820777e-03 1.020209e-02
5.821412e-03 1.017859e-02
5.821223e-03 1.024071e-02
5.820176e-03 1.017926e-02
5.818985e-03 1.022268e-02
5.818907e-03 1.019460e-02
5.816952e-03 1.022192e-02
5.815794e-03 1.025068e-02
5.817113e-03 1.021091e-02
5.812417e-03 1.014468e-02
5.816023e-03 1.020855e-02
5.817883e-03 1.015585e-02
5.815064e-03 1.015481e-02
5.812593e-03 1.016775e-02
5.812272e-03 1.020456e-02
5.810572e-03 1.017945e-02
5.812762e-03 1.017994e-02
5.810399e-03 1.016505e-02
5.810493e-03 1.019529e-02
5.809639e-03 1.015719e-02
5.809104e-03 1.017705e-02
5.809990e-03 1.016143e-02
5.808469e-03 1.018380e-02
5.809458e-03 1.023402e-02
5.807192e-03 1.017070e-02
5.808114e-03 1.016794e-02
5.806616e-03 1.023586e-02
5.805397e-03 1.016236e-02
5.807012e-03 1.016081e-02
5.805098e-03 1.013815e-02
5.804704e-03 1.016135e-02
5.804285e-03 1.020112e-02
5.803398e-03 1.017001e-02
5.801946e-03 1.016623e-02
5.801575e-03 1.023828e-02
5.800494e-03 1.014911e-02
5.800883e-03 1.014806e-02
5.799588e-03 1.016247e-02
5.801621e-03 1.017109e-02
5.801502e-03 1.013389e-02
5.800602e-03 1.014049e-02
5.797866e-03 1.015594e-02
5.796956e-03 1.017736e-02
5.798320e-03 1.011507e-02
5.797529e-03 1.014877e-02
5.796191e-03 1.014419e-02
5.794834e-03 1.014891e-02
5.793641e-03 1.014617e-02
5.796822e-03 1.013308e-02
5.794550e-03 1.011766e-02
5.792330e-03 1.018347e-02
5.795439e-03 1.016082e-02
5.793500e-03 1.014899e-02
5.793721e-03 1.013556e-02
5.792088e-03 1.013426e-02
5.792176e-03 1.017974e-02
5.790105e-03 1.019614e-02
5.791276e-03 1.014128e-02
5.789531e-03 1.018065e-02
5.789180e-03 1.018138e-02
5.790655e-03 1.016997e-02
5.787494e-03 1.014675e-02
5.789322e-03 1.012170e-02
5.788827e-03 1.010613e-02
5.788605e-03 1.019512e-02
5.787865e-03 1.018978e-02
5.788589e-03 1.015106e-02
5.785780e-03 1.012780e-02
5.783564e-03 1.014905e-02
5.785533e-03 1.016510e-02
5.785596e-03 1.016191e-02
5.785900e-03 1.014359e-02
5.783484e-03 1.015441e-02
5.781344e-03 1.015476e-02
5.783672e-03 1.012822e-02
5.784187e-03 1.015114e-02
5.782084e-03 1.016258e-02
5.782298e-03 1.015668e-02
5.780227e-03 1.018429e-02
5.779212e-03 1.014676e-02
5.780844e-03 1.014348e-02
5.778703e-03 1.018949e-02
5.781135e-03 1.014105e-02
5.777961e-03 1.013778e-02
5.779914e-03 1.020741e-02
5.774926e-03 1.013141e-02
5.777769e-03 1.015661e-02
5.775767e-03 1.015578e-02
5.778757e-03 1.014098e-02
5.777674e-03 1.017318e-02
5.774638e-03 1.015265e-02
5.775258e-03 1.014603e-02
5.777299e-03 1.014068e-02
5.776176e-03 1.012643e-02
5.773018e-03 1.015389e-02
5.773401e-03 1.014508e-02
5.775100e-03 1.016458e-02
5.772000e-03 1.015241e-02
5.771667e-03 1.014945e-02
5.773476e-03 1.015887e-02
5.772401e-03 1.010338e-02
5.771007e-03 1.015621e-02
5.769829e-03 1.013705e-02
5.770181e-03 1.007733e-02
5.770549e-03 1.013711e-02
5.769951e-03 1.012194e-02
5.768533e-03 1.013994e-02
5.769426e-03 1.007513e-02
5.767139e-03 1.015397e-02
5.767654e-03 1.018037e-02
5.767819e-03 1.012230e-02
5.766134e-03 1.012316e-02
5.766404e-03 1.010581e-02
5.766054e-03 1.010681e-02
5.765348e-03 1.009734e-02
5.763476e-03 1.009263e-02
5.767015e-03 1.007829e-02
5.765457e-03 1.011025e-02
5.761702e-03 1.009383e-02
5.760883e-03 1.012744e-02
5.764261e-03 1.011462e-02
5.762436e-03 1.020677e-02
5.762647e-03 1.017451e-02
5.762339e-03 1.012408e-02
5.762903e-03 1.012654e-02
5.761461e-03 1.009998e-02
5.760709e-03 1.010075e-02
5.761775e-03 1.010081e-02
5.760632e-03 1.016068e-02
5.757780e-03 1.012411e-02
5.761384e-03 1.013417e-02
5.758098e-03 1.011543e-02
5.761327e-03 1.010045e-02
5.758552e-03 1.008464e-02
5.756962e-03 1.009617e-02
5.757561e-03 1.011168e-02
5.756692e-03 1.007446e-02
5.756995e-03 1.010220e-02
5.756482e-03 1.005250e-02
5.757818e-03 1.009421e-02
5.755291e-03 1.010628e-02
5.755007e-03 1.014172e-02
5.756040e-03 1.011030e-02
5.756871e-03 1.007795e-02
5.755731e-03 1.016258e-02
5.754748e-03 1.009008e-02
5.754198e-03 1.012099e-02
5.752690e-03 1.017699e-02
5.753844e-03 1.010060e-02
5.753046e-03 1.009843e-02
5.752744e-03 1.013023e-02
5.754212e-03 1.007822e-02
5.752521e-03 1.008261e-02
5.750567e-03 1.010655e-02
5.752337e-03 1.009746e-02
5.750444e-03 1.008503e-02
5.751136e-03 1.010354e-02
5.749807e-03 1.007649e-02
5.749619e-03 1.010967e-02
5.750852e-03 1.011228e-02
5.748220e-03 1.006657e-02
5.749147e-03 1.010912e-02
5.749774e-03 1.011167e-02
5.746332e-03 1.015194e-02
5.745149e-03 1.015250e-02
5.747843e-03 1.012654e-02
5.744748e-03 1.013602e-02
5.744878e-03 1.008523e-02
5.745851e-03 1.011335e-02
5.746440e-03 1.007062e-02
5.746749e-03 1.012162e-02
5.747068e-03 1.013348e-02
5.743787e-03 1.013712e-02
5.744281e-03 1.011143e-02
5.745285e-03 1.014176e-02
5.744625e-03 1.008460e-02
5.742736e-03 1.013230e-02
5.744244e-03 1.008061e-02
5.743355e-03 1.008535e-02
5.743299e-03 1.009101e-02
5.742407e-03 1.011408e-02
5.741509e-03 1.011957e-02
5.743754e-03 1.012065e-02
5.742511e-03 1.009873e-02
5.741377e-03 1.013393e-02
5.739135e-03 1.011162e-02
5.740470e-03 1.009166e-02
5.740459e-03 1.014101e-02
5.739035e-03 1.009771e-02
5.740877e-03 1.009513e-02
5.740519e-03 1.007541e-02
5.738595e-03 1.011983e-02
5.738734e-03 1.010013e-02
5.737600e-03 1.008534e-02
5.739606e-03 1.010406e-02
5.739635e-03 1.007047e-02
5.739262e-03 1.005302e-02
5.741262e-03 1.010202e-02
5.736320e-03 1.008348e-02
5.739351e-03 1.005403e-02
5.737144e-03 1.009800e-02
5.734971e-03 1.008637e-02
5.733576e-03 1.010583e-02
5.735192e-03 1.010202e-02
5.735151e-03 1.008358e-02
5.735400e-03 1.004668e-02
5.734137e-03 1.004224e-02
5.731956e-03 1.006664e-02
5.735583e-03 1.002125e-02
5.735244e-03 1.005354e-02
5.733706e-03 1.008360e-02
5.735144e-03 1.004598e-02
5.731913e-03 1.001753e-02
5.732514e-03 1.007595e-02
5.733847e-03 1.008794e-02
5.731174e-03 1.009769e-02
5.729348e-03 1.003415e-02
5.729371e-03 1.009199e-02
5.731244e-03 1.003830e-02
5.727926e-03 1.003447e-02
5.730626e-03 1.005087e-02
5.734611e-03 1.003514e-02
5.728927e-03 1.008054e-02
5.729347e-03 1.005667e-02
5.727943e-03 1.003881e-02
5.728124e-03 1.002305e-02
5.727724e-03 1.010978e-02
5.728760e-03 1.005340e-02
5.726908e-03 1.004351e-02
5.726404e-03 1.003468e-02
5.728316e-03 1.010209e-02
5.727716e-03 1.003327e-02
5.724895e-03 1.009077e-02
5.727443e-03 1.003187e-02
5.728187e-03 1.005266e-02
5.723867e-03 1.003327e-02
5.723735e-03 1.001427e-02
5.725773e-03 9.999582e-03
5.725259e-03 1.004570e-02
5.726592e-03 1.000731e-02
5.723306e-03 1.004027e-02
5.724750e-03 9.995050e-03
5.723332e-03 1.004037e-02
5.721564e-03 1.005925e-02
5.723705e-03 1.003365e-02
5.722484e-03 1.005160e-02
5.725931e-03 1.000391e-02
5.721443e-03 1.002042e-02
5.722425e-03 1.005342e-02
5.721099e-03 1.000740e-02
5.720746e-03 1.002886e-02
5.721815e-03 1.001176e-02
5.718877e-03 1.002634e-02
5.722037e-03 1.000840e-02
5.722159e-03 9.989252e-03
5.719105e-03 1.001160e-02
5.719366e-03 1.006713e-02
5.719625e-03 9.988599e-03
5.720242e-03 1.003730e-02
5.718813e-03 1.001249e-02
5.716673e-03 9.981318e-03
5.718496e-03 9.998824e-03
5.721518e-03 9.994166e-03
5.718998e-03 9.997409e-03
5.718543e-03 9.971109e-03
5.718236e-03 1.003369e-02
5.718360e-03 9.991674e-03
5.719395e-03 9.972191e-03
5.717204e-03 9.970989e-03
5.715795e-03 9.979819e-03
5.716969e-03 9.985659e-03
5.714165e-03 9.997780e-03
5.717059e-03 9.996119e-03
5.713381e-03 9.974531e-03
5.714659e-03 1.000223e-02
5.714667e-03 1.000020e-02
5.712434e-03 9.949971e-03
5.714496e-03 9.939409e-03
5.714566e-03 9.955974e-03
5.714044e-03 9.977060e-03
5.712477e-03 9.998263e-03
5.712687e-03 9.956566e-03
5.710347e-03 9.939499e-03
5.713014e-03 9.970182e-03
5.711538e-03 9.927965e-03
5.712972e-03 9.978600e-03
5.712904e-03 9.963212e-03
5.710691e-03 9.977015e-03
5.711050e-03 9.942483e-03
5.710559e-03 9.914640e-03
5.711543e-03 9.961635e-03
5.711267e-03 9.922907e-03
5.709715e-03 9.958884e-03
5.709322e-03 9.956309e-03
5.707844e-03 9.933406e-03
5.710162e-03 9.954130e-03
5.710527e-03 9.953435e-03
5.709564e-03 9.974919e-03
5.710272e-03 9.961901e-03
5.706877e-03 9.938848e-03
5.706245e-03 9.998966e-03
5.709803e-03 9.946491e-03
5.707890e-03 9.931628e-03
5.707516e-03 9.954555e-03
5.708314e-03 9.968462e-03
5.708004e-03 9.967150e-03
5.705937e-03 9.918475e-03
5.709292e-03 9.947975e-03
5.705099e-03 9.968655e-03
5.702988e-03 9.984078e-03
5.707096e-03 9.979829e-03
5.705921e-03 9.943194e-03
5.704063e-03 9.996631e-03
5.706329e-03 1.001307e-02
5.703383e-03 9.985702e-03
5.704903e-03 9.991468e-03
5.703702e-03 1.002561e-02
5.703830e-03 1.000347e-02
5.703940e-03 9.973162e-03
5.701378e-03 9.967498e-03
5.703217e-03 9.972342e-03
5.699615e-03 9.989442e-03
5.701091e-03 9.976402e-03
5.702723e-03 1.000309e-02
5.702358e-03 9.996201e-03
5.700006e-03 9.987411e-03
5.701281e-03 1.003033e-02
5.704375e-03 9.994935e-03
5.702356e-03 1.001295e-02
5.700064e-03 1.002739e-02
5.700477e-03 9.978659e-03
5.698896e-03 9.996676e-03
5.699484e-03 1.003244e-02
5.699262e-03 1.003260e-02
5.699318e-03 1.001202e-02
5.700154e-03 1.002534e-02
5.697822e-03 9.990384e-03
5.697257e-03 1.004189e-02
5.697636e-03 1.004196e-02
5.697806e-03 1.003126e-02
5.698140e-03 1.003376e-02
5.698071e-03 1.007035e-02
5.696519e-03 1.004230e-02
5.698327e-03 1.004333e-02
5.696778e-03 1.001775e-02
5.695407e-03 1.003457e-02
5.694982e-03 9.972095e-03
5.697685e-03 1.005875e-02
5.697650e-03 1.000180e-02
5.696364e-03 1.007032e-02
5.695296e-03 1.003361e-02
5.694861e-03 1.007247e-02
5.693016e-03 1.004229e-02
5.691924e-03 1.005646e-02
5.694453e-03 1.003094e-02
5.693585e-03 1.005018e-02
5.693183e-03 1.003195e-02
5.692849e-03 1.006837e-02
5.693544e-03 1.004008e-02
5.692333e-03 1.004104e-02
5.693170e-03 1.001159e-02
5.691698e-03 1.002015e-02
5.690287e-03 1.005593e-02
5.691490e-03 1.003958e-02
5.690887e-03 1.006332e-02
5.691025e-03 1.004241e-02
5.691015e-03 1.003136e-02
5.691417e-03 1.004204e-02
5.691749e-03 1.005994e-02
5.690151e-03 1.005953e-02
5.690664e-03 1.003719e-02
5.687932e-03 1.005961e-02
5.687765e-03 1.008553e-02
5.691641e-03 1.006275e-02
5.688561e-03 1.006891e-02
5.690597e-03 1.005447e-02
5.685574e-03 1.003331e-02
5.689118e-03 1.002671e-02
5.688318e-03 1.003796e-02
5.688262e-03 1.008402e-02
5.686113e-03 1.003274e-02
5.687882e-03 1.003253e-02
5.686016e-03 1.004548e-02
5.685056e-03 1.005853e-02
5.686073e-03 1.006013e-02
5.687539e-03 1.001555e-02
5.686617e-03 1.003857e-02
5.685003e-03 1.008252e-02
5.686899e-03 1.002517e-02
5.685591e-03 1.000867e-02
5.688715e-03 1.000789e-02
5.682801e-03 9.996944e-03
5.684273e-03 1.002859e-02
5.685134e-03 1.001503e-02
5.684364e-03 9.987806e-03
5.684802e-03 9.989848e-03
5.684700e-03 9.988933e-03
5.684147e-03 1.001256e-02
5.683538e-03 9.995566e-03
5.683859e-03 9.990219e-03
5.683556e-03 1.002200e-02
5.682055e-03 1.002916e-02
5.682956e-03 9.995123e-03
5.684002e-03 9.973902e-03
5.681628e-03 9.984613e-03
5.682117e-03 9.976793e-03
5.682120e-03 9.958336e-03
5.680758e-03 9.987072e-03
5.683179e-03 9.998006e-03
5.681359e-03 9.935351e-03
5.680207e-03 9.921358e-03
5.681001e-03 9.972372e-03
5.680231e-03 9.972786e-03
5.678714e-03 9.984917e-03
5.678823e-03 9.960434e-03
5.678654e-03 9.962071e-03
5.680496e-03 9.989944e-03
5.678918e-03 9.915481e-03
5.677782e-03 9.956578e-03
5.677767e-03 9.949212e-03
5.677400e-03 9.961697e-03
5.678597e-03 9.955207e-03
5.678160e-03 9.920460e-03
5.676704e-03 9.968869e-03
5.675636e-03 9.965221e-03
5.677476e-03 9.900469e-03
5.677135e-03 9.958965e-03
5.675140e-03 9.946185e-03
5.675521e-03 9.924059e-03
5.675661e-03 9.938271e-03
5.675709e-03 9.979165e-03
5.674155e-03 9.929561e-03
5.677094e-03 9.922255e-03
5.676043e-03 9.951633e-03
5.673245e-03 9.962237e-03
5.674769e-03 9.943586e-03
5.673321e-03 9.903912e-03
5.673971e-03 9.938398e-03
5.672655e-03 9.941823e-03
5.674792e-03 9.903626e-03
5.674378e-03 9.920344e-03
5.675675e-03 9.967573e-03
5.671768e-03 9.941928e-03
5.673000e-03 9.954906e-03
5.671316e-03 9.945427e-03
5.671621e-03 9.919342e-03
5.674941e-03 9.934860e-03
5.672581e-03 9.976513e-03
5.671804e-03 9.946769e-03
5.670473e-03 9.920679e-03
5.670211e-03 9.952252e-03
5.670707e-03 9.940222e-03
5.670931e-03 9.927554e-03
5.671949e-03 9.947189e-03
5.671702e-03 9.960099e-03
5.672202e-03 9.941329e-03
5.668892e-03 9.977416e-03
5.670458e-03 9.967754e-03
5.670545e-03 9.926114e-03
5.669124e-03 9.950771e-03
5.669816e-03 9.946905e-03
5.669341e-03 9.927495e-03
5.667561e-03 9.904170e-03
5.668803e-03 9.982855e-03
5.666661e-03 9.923248e-03
5.667930e-03 1.002094e-02
5.667686e-03 9.938177e-03
5.668038e-03 9.988738e-03
5.665503e-03 9.928657e-03
5.668892e-03 9.973306e-03
5.667470e-03 9.957821e-03
5.666662e-03 9.976431e-03
5.669061e-03 1.000233e-02
5.667647e-03 9.985527e-03
5.663252e-03 9.982043e-03
5.667728e-03 9.965283e-03
5.666800e-03 9.983938e-03
5.665375e-03 9.951448e-03
5.663720e-03 9.984559e-03
5.663146e-03 9.983306e-03
5.664514e-03 9.980910e-03
5.664802e-03 9.997218e-03
5.662534e-03 9.978482e-03
5.663972e-03 1.000069e-02
5.664286e-03 9.973265e-03
5.663355e-03 1.002403e-02
5.660687e-03 9.985093e-03
5.663600e-03 9.967253e-03
5.661019e-03 9.953777e-03
5.661378e-03 9.989212e-03
5.660112e-03 1.002500e-02
5.662428e-03 9.968188e-03
5.662120e-03 9.964466e-03
5.661644e-03 9.974922e-03
5.661226e-03 1.001535e-02
5.658578e-03 9.988049e-03
5.660222e-03 1.000147e-02
5.660353e-03 9.971837e-03
5.658647e-03 9.978698e-03
5.659495e-03 9.983403e-03
5.662553e-03 1.000977e-02
5.660088e-03 9.990442e-03
5.660177e-03 1.003027e-02
5.659031e-03 1.001986e-02
5.658441e-03 9.994025e-03
5.658031e-03 9.965184e-03
5.657262e-03 1.006482e-02
5.657846e-03 9.983006e-03
5.658552e-03 1.000238e-02
5.658946e-03 9.984414e-03
5.659313e-03 9.975649e-03
5.657608e-03 9.973842e-03
5.656546e-03 1.002897e-02
5.657740e-03 1.001822e-02
5.657192e-03 1.001629e-02
5.655641e-03 9.974289e-03
5.656015e-03 9.983850e-03
5.655444e-03 9.988532e-03
5.655263e-03 9.984277e-03
5.656564e-03 1.002998e-02
5.654886e-03 1.002317e-02
5.655055e-03 1.000768e-02
5.655324e-03 1.003621e-02
5.654620e-03 1.002454e-02
5.655395e-03 1.004309e-02
5.656388e-03 1.002115e-02
5.654281e-03 1.003043e-02
5.652016e-03 1.004039e-02
5.654404e-03 1.004406e-02
5.654737e-03 1.000628e-02
5.652617e-03 9.996929e-03
5.654856e-03 1.001258e-02
5.654334e-03 1.006586e-02
5.655084e-03 1.000852e-02
5.652102e-03 1.004206e-02
5.653347e-03 1.002679e-02
5.653417e-03 1.001265e-02
5.654107e-03 1.004335e-02
5.650223e-03 1.007519e-02
5.651946e-03 1.004608e-02
5.649285e-03 1.006722e-02
5.654272e-03 1.005310e-02
5.651265e-03 1.004492e-02
5.651156e-03 1.004351e-02
5.650763e-03 1.002230e-02
5.651701e-03 1.004475e-02
5.649892e-03 1.004969e-02
5.648559e-03 1.001873e-02
5.649178e-03 1.004151e-02
5.649962e-03 1.003416e-02
5.650484e-03 1.001069e-02
5.650348e-03 1.003706e-02
5.648984e-03 1.003338e-02
5.647979e-03 1.006547e-02
5.647625e-03 1.008036e-02
5.646851e-03 1.000784e-02
5.646909e-03 1.005262e-02
5.646668e-03 1.008426e-02
5.647813e-03 1.003690e-02
5.645073e-03 1.002568e-02
5.649592e-03 1.002270e-02
5.645674e-03 1.003474e-02
5.645559e-03 1.004766e-02
5.646432e-03 1.004848e-02
5.646869e-03 1.001382e-02
5.645480e-03 1.002458e-02
5.644513e-03 1.002881e-02
5.645838e-03 9.984419e-03
5.646273e-03 1.004590e-02
5.643534e-03 9.965015e-03
5.643298e-03 9.996634e-03
5.643140e-03 1.002131e-02
5.642738e-03 1.005379e-02
5.641032e-03 9.981526e-03
5.643294e-03 1.002019e-02
5.643060e-03 9.982305e-03
5.641755e-03 1.004259e-02
5.644770e-03 9.984388e-03
5.644634e-03 9.977201e-03
5.643948e-03 9.952198e-03
5.645130e-03 9.971923e-03
5.643510e-03 9.963492e-03
5.642807e-03 9.963329e-03
5.644838e-03 9.970096e-03
5.641138e-03 9.960643e-03
5.641543e-03 9.976452e-03
5.641540e-03 9.894025e-03
5.641764e-03 9.986436e-03
5.642626e-03 9.994984e-03
5.640482e-03 9.935984e-03
5.639420e-03 9.991045e-03
5.640479e-03 9.926111e-03
5.638279e-03 9.958150e-03
5.638896e-03 9.966030e-03
5.638505e-03 9.990695e-03
5.637910e-03 9.953208e-03
5.638366e-03 9.938983e-03
5.639083e-03 9.931121e-03
5.639495e-03 9.957821e-03
5.638161e-03 9.918419e-03
5.639121e-03 9.949927e-03
5.639071e-03 9.948297e-03
5.636108e-03 9.891948e-03
5.636458e-03 9.924100e-03
5.639902e-03 9.893057e-03
5.637902e-03 9.928298e-03
5.637147e-03 9.903890e-03
5.635661e-03 9.917891e-03
5.637632e-03 9.932260e-03
5.637869e-03 9.944987e-03
5.636521e-03 9.941570e-03
5.636765e-03 9.930301e-03
5.635246e-03 9.910675e-03
5.635617e-03 9.873711e-03
5.636871e-03 9.926633e-03
5.635392e-03 9.898034e-03
5.634412e-03 9.932949e-03
5.637139e-03 9.891686e-03
5.633101e-03 9.908596e-03
5.634526e-03 9.879733e-03
5.633668e-03 9.919027e-03
5.634087e-03 9.895201e-03
5.632838e-03 9.900125e-03
5.634703e-03 9.837572e-03
5.631141e-03 9.910924e-03
5.632159e-03 9.898231e-03
5.632055e-03 9.892642e-03
5.633636e-03 9.825149e-03
5.631315e-03 9.897523e-03
5.631191e-03 9.879106e-03
5.632871e-03 9.897089e-03
5.632588e-03 9.868918e-03
5.632348e-03 9.914761e-03
5.630091e-03 9.894614e-03
5.632490e-03 9.848901e-03
5.631206e-03 9.845281e-03
5.631133e-03 9.865114e-03
5.631318e-03 9.863704e-03
5.627381e-03 9.841797e-03
5.627321e-03 9.875906e-03
5.630194e-03 9.852633e-03
5.627573e-03 9.862818e-03
5.631386e-03 9.865131e-03
5.627739e-03 9.875741e-03
5.629337e-03 9.862878e-03
5.628945e-03 9.881416e-03
5.629697e-03 9.810425e-03
5.626351e-03 9.852740e-03
5.628330e-03 9.852285e-03
5.627288e-03 9.867282e-03
5.629876e-03 9.837618e-03
5.628084e-03 9.820807e-03
5.626681e-03 9.816704e-03
5.628024e-03 9.875299e-03
5.626973e-03 9.861518e-03
5.628269e-03 9.824837e-03
5.626391e-03 9.827993e-03
5.627204e-03 9.859158e-03
5.627707e-03 9.828925e-03
5.625112e-03 9.858063e-03
5.626830e-03 9.859880e-03
5.626088e-03 9.875427e-03
5.623457e-03 9.870391e-03
5.624991e-03 9.857284e-03
5.626297e-03 9.866837e-03
5.626670e-03 9.834788e-03
5.624769e-03 9.851245e-03
5.624559e-03 9.830813e-03
5.623499e-03 9.824179e-03
5.622525e-03 9.800585e-03
5.622559e-03 9.818329e-03
5.621055e-03 9.821868e-03
5.623560e-03 9.798909e-03
5.620096e-03 9.816636e-03
5.620995e-03 9.822543e-03
5.622134e-03 9.841899e-03
5.622226e-03 9.866908e-03
5.622700e-03 9.833212e-03
5.622925e-03 9.802185e-03
5.619611e-03 9.855208e-03
5.621017e-03 9.835931e-03
5.618723e-03 9.839987e-03
5.620856e-03 9.823563e-03
5.620545e-03 9.859747e-03
5.620992e-03 9.826258e-03
5.621513e-03 9.814062e-03
5.619270e-03 9.885108e-03
5.621349e-03 9.834544e-03
5.617753e-03 9.862630e-03
5.618767e-03 9.835291e-03
5.619003e-03 9.827260e-03
5.619346e-03 9.846149e-03
5.619797e-03 9.876445e-03
5.618534e-03 9.868989e-03
5.620240e-03 9.871873e-03
5.618209e-03 9.888082e-03
5.620940e-03 9.829385e-03
5.616309e-03 9.857368e-03
5.616533e-03 9.895337e-03
5.615725e-03 9.868514e-03
5.616538e-03 9.854537e-03
5.619256e-03 9.915453e-03
5.616869e-03 9.885296e-03
5.617147e-03 9.904938e-03
5.617575e-03 9.923848e-03
5.616435e-03 9.899003e-03
5.616163e-03 9.918572e-03
5.615311e-03 9.922156e-03
5.617380e-03 9.917078e-03
5.615598e-03 9.875843e-03
5.615400e-03 9.908906e-03
5.614264e-03 9.921239e-03
5.614879e-03 9.899914e-03
5.615075e-03 9.910568e-03
5.615383e-03 9.927606e-03
5.612918e-03 9.930798e-03
5.612827e-03 9.946169e-03
5.615319e-03 9.913750e-03
5.612000e-03 9.906618e-03
5.614288e-03 9.910133e-03
5.614280e-03 9.905404e-03
5.611220e-03 9.929923e-03
5.610177e-03 9.923826e-03
5.612846e-03 9.899830e-03
5.611215e-03 9.949280e-03
5.612703e-03 9.908419e-03
5.611531e-03 9.930733e-03
5.612645e-03 9.908419e-03
5.610270e-03 9.921922e-03
5.611057e-03 9.910262e-03
5.611930e-03 9.930659e-03
5.613476e-03 9.928952e-03
5.609864e-03 9.905886e-03
5.610049e-03 9.904828e-03
5.609576e-03 9.895704e-03
5.609216e-03 9.959516e-03
5.611395e-03 9.901127e-03
5.609774e-03 9.914327e-03
5.609919e-03 9.921225e-03
5.609808e-03 9.907062e-03
5.609468e-03 9.911348e-03
5.611284e-03 9.905517e-03
5.609690e-03 9.894964e-03
5.608802e-03 9.897141e-03
5.607396e-03 9.898782e-03
5.608447e-03 9.917560e-03
5.610088e-03 9.891913e-03
5.609409e-03 9.891268e-03
5.607370e-03 9.930740e-03
5.606912e-03 9.957731e-03
5.607779e-03 9.900268e-03
5.606030e-03 9.936616e-03
5.607547e-03 9.908799e-03
5.608329e-03 9.856891e-03
5.607631e-03 9.872231e-03
5.607433e-03 9.886854e-03
5.606518e-03 9.883819e-03
5.606935e-03 9.905515e-03
5.605257e-03 9.876314e-03
5.606501e-03 9.909780e-03
5.607276e-03 9.890878e-03
5.607550e-03 9.880714e-03
5.609734e-03 9.874827e-03
5.606087e-03 9.895375e-03
5.605624e-03 9.876003e-03
5.606568e-03 9.918841e-03
5.603908e-03 9.923190e-03
5.604908e-03 9.859098e-03
5.604366e-03 9.868949e-03
5.603442e-03 9.888363e-03
5.605045e-03 9.881844e-03
5.605415e-03 9.866882e-03
5.605079e-03 9.875304e-03
5.603365e-03 9.893367e-03
5.603490e-03 9.852528e-03
5.602443e-03 9.870638e-03
5.604300e-03 9.909674e-03
5.602779e-03 9.874615e-03
5.602528e-03 9.881647e-03
5.600866e-03 9.842422e-03
5.603359e-03 9.870079e-03
5.603509e-03 9.867617e-03
5.604489e-03 9.837007e-03
5.602250e-03 9.881316e-03
5.601905e-03 9.879634e-03
5.601478e-03 9.844751e-03
5.600796e-03 9.882776e-03
5.602566e-03 9.869862e-03
5.601973e-03 9.855737e-03
5.600851e-03 9.879430e-03
5.600596e-03 9.870788e-03
5.601499e-03 9.840985e-03
5.601258e-03 9.876935e-03
5.601509e-03 9.917477e-03
5.602111e-03 9.869604e-03
5.600938e-03 9.876368e-03
5.601983e-03 9.878715e-03
5.600779e-03 9.881807e-03
5.599237e-03 9.913799e-03
5.598679e-03 9.901899e-03
5.600137e-03 9.890381e-03
5.597850e-03 9.909062e-03
5.597115e-03 9.903952e-03
5.600042e-03 9.923016e-03
5.597956e-03 9.930263e-03
5.597256e-03 9.924580e-03
5.599118e-03 9.879944e-03
5.598914e-03 9.885146e-03
5.597062e-03 9.892697e-03
5.598816e-03 9.887108e-03
5.601774e-03 9.901722e-03
5.597342e-03 9.897822e-03
5.597625e-03 9.875192e-03
5.595890e-03 9.909794e-03
5.597992e-03 9.914287e-03
5.596144e-03 9.886302e-03
5.596860e-03 9.948237e-03
5.597569e-03 9.940096e-03
5.596819e-03 9.958461e-03
5.597401e-03 9.955515e-03
5.594612e-03 9.933791e-03
5.596441e-03 9.926551e-03
5.595962e-03 9.922774e-03
5.597671e-03 9.911095e-03
5.595532e-03 9.939483e-03
5.593577e-03 9.956476e-03
5.596796e-03 9.942455e-03
5.594254e-03 9.961286e-03
5.593800e-03 9.951130e-03
5.594734e-03 9.971300e-03
5.593618e-03 9.967013e-03
5.593900e-03 9.927374e-03
5.592955e-03 9.975372e-03
5.594864e-03 9.906285e-03
5.592770e-03 9.931028e-03
5.593731e-03 9.937676e-03
5.592725e-03 9.973201e-03
5.592112e-03 1.002569e-02
5.594631e-03 9.962357e-03
5.590712e-03 9.987660e-03
5.592777e-03 9.943558e-03
5.595293e-03 9.978307e-03
5.592119e-03 1.000485e-02
5.591863e-03 9.987405e-03
5.591404e-03 1.000354e-02
5.591741e-03 1.000467e-02
5.593407e-03 9.980578e-03
5.592997e-03 1.000896e-02
5.592614e-03 9.972174e-03
5.592044e-03 1.001014e-02
5.593249e-03 9.958161e-03
5.590637e-03 1.000992e-02
5.592147e-03 9.960227e-03
5.591008e-03 1.001413e-02
5.591449e-03 9.973551e-03
5.588423e-03 1.000527e-02
5.589747e-03 9.994651e-03
5.592592e-03 9.969721e-03
5.591953e-03 9.991637e-03
5.588954e-03 1.002047e-02
5.588695e-03 1.001101e-02
5.589699e-03 1.000930e-02
5.589565e-03 1.001058e-02
5.589784e-03 9.964316e-03
5.589443e-03 9.998160e-03
5.587761e-03 1.000406e-02
5.590946e-03 1.002768e-02
5.588537e-03 1.002665e-02
5.590890e-03 9.994588e-03
5.588689e-03 9.978273e-03
5.587818e-03 9.983264e-03
5.589275e-03 9.977999e-03
5.591229e-03 9.990581e-03
5.588158e-03 9.974897e-03
5.586328e-03 1.000435e-02
5.589041e-03 1.001946e-02
5.586040e-03 1.005285e-02
5.589332e-03 1.000206e-02
5.589869e-03 1.000817e-02
5.585069e-03 9.993689e-03
5.584576e-03 9.968422e-03
5.585302e-03 1.003124e-02
5.585487e-03 9.984826e-03
5.586325e-03 9.965594e-03
5.584741e-03 9.988547e-03
5.586066e-03 9.997980e-03
5.586169e-03 9.959181e-03
5.586020e-03 9.981496e-03
5.585428e-03 9.996270e-03
5.587290e-03 1.000660e-02
5.585408e-03 1.001737e-02
5.586759e-03 9.955121e-03
5.585011e-03 9.976811e-03
5.585476e-03 1.000774e-02
5.583621e-03 9.957474e-03
5.585066e-03 9.996730e-03
5.587756e-03 9.976905e-03
5.584408e-03 9.999466e-03
5.585587e-03 1.001726e-02
5.584603e-03 9.956470e-03
5.582289e-03 9.986548e-03
5.587392e-03 9.982782e-03
5.585033e-03 9.993919e-03
5.582866e-03 9.973658e-03
5.585667e-03 9.980589e-03
5.582745e-03 1.000401e-02
5.583285e-03 9.985675e-03
5.582869e-03 1.000667e-02
5.583824e-03 9.963744e-03
5.583962e-03 9.998418e-03
5.584053e-03 9.972833e-03
5.581612e-03 9.997871e-03
5.581494e-03 1.001489e-02
5.580938e-03 9.967747e-03
5.583354e-03 9.979816e-03
5.580798e-03 1.001234e-02
5.582249e-03 1.000139e-02
5.582156e-03 9.968571e-03
5.582566e-03 9.998009e-03
5.580462e-03 9.978778e-03
5.580611e-03 1.000961e-02
5.582627e-03 1.002991e-02
5.579997e-03 1.001668e-02
5.581661e-03 9.953947e-03
5.581508e-03 9.976313e-03
5.580028e-03 9.987472e-03
5.578271e-03 9.972027e-03
5.579782e-03 9.920834e-03
5.581812e-03 9.970763e-03
5.581361e-03 9.973605e-03
5.582067e-03 9.987757e-03
5.580533e-03 1.001576e-02
5.580306e-03 9.944144e-03
5.578743e-03 9.947610e-03
5.579524e-03 1.000102e-02
5.578699e-03 9.946568e-03
5.581659e-03 9.964850e-03
5.579567e-03 9.985739e-03
5.578207e-03 9.986612e-03
5.578853e-03 9.963810e-03
5.581353e-03 9.930232e-03
5.578273e-03 9.950476e-03
5.578953e-03 9.947819e-03
5.576772e-03 9.945637e-03
5.579145e-03 9.915663e-03
5.579413e-03 9.927807e-03
5.578291e-03 9.918488e-03
5.580497e-03 9.898012e-03
5.576477e-03 9.931950e-03
5.576722e-03 9.918872e-03
5.577718e-03 9.956575e-03
5.579076e-03 9.951537e-03
5.576868e-03 9.949300e-03
5.575221e-03 9.966769e-03
5.576774e-03 9.947126e-03
5.577939e-03 9.953924e-03
5.574015e-03 9.953593e-03
5.577231e-03 9.936967e-03
5.577328e-03 9.909820e-03
5.575298e-03 9.921177e-03
5.578374e-03 9.950990e-03
5.577552e-03 9.914866e-03
5.576409e-03 9.892213e-03
5.578200e-03 9.908579e-03
5.576209e-03 9.899673e-03
5.575262e-03 9.889943e-03
5.575921e-03 9.929054e-03
5.574221e-03 9.905598e-03
5.574929e-03 9.852326e-03
5.574195e-03 9.931397e-03
5.574432e-03 9.889096e-03
5.577574e-03 9.881256e-03
5.576542e-03 9.838410e-03
5.574319e-03 9.866574e-03
5.575114e-03 9.930234e-03
5.573168e-03 9.888303e-03
5.577693e-03 9.894280e-03
5.576391e-03 9.892127e-03
5.574884e-03 9.919303e-03
5.575738e-03 9.933697e-03
