5.361907e-01 4.744600e-01
4.288327e-01 3.990204e-01
3.718968e-01 3.566256e-01
3.385531e-01 3.304058e-01
3.173144e-01 3.129732e-01
3.029757e-01 3.008103e-01
2.928234e-01 2.919085e-01
2.852920e-01 2.851505e-01
2.794891e-01 2.798227e-01
2.748399e-01 2.755115e-01
2.709953e-01 2.719146e-01
2.677229e-01 2.688072e-01
2.648546e-01 2.660819e-01
2.622868e-01 2.636365e-01
2.599569e-01 2.613818e-01
2.577830e-01 2.593005e-01
2.557468e-01 2.573278e-01
2.538220e-01 2.554748e-01
2.519800e-01 2.537029e-01
2.502034e-01 2.519775e-01
2.484917e-01 2.503061e-01
2.468222e-01 2.487111e-01
2.452013e-01 2.471229e-01
2.436098e-01 2.455830e-01
2.420540e-01 2.440775e-01
2.405252e-01 2.426073e-01
2.390279e-01 2.411500e-01
2.375483e-01 2.397105e-01
2.360890e-01 2.382966e-01
2.346544e-01 2.369003e-01
2.332390e-01 2.355412e-01
2.318375e-01 2.341813e-01
2.304558e-01 2.328358e-01
2.290909e-01 2.315135e-01
2.277368e-01 2.302004e-01
2.264015e-01 2.289026e-01
2.250815e-01 2.276204e-01
2.237724e-01 2.263474e-01
2.224808e-01 2.250931e-01
2.211961e-01 2.238362e-01
2.199270e-01 2.226016e-01
2.186735e-01 2.213825e-01
2.174344e-01 2.201809e-01
2.161973e-01 2.189860e-01
2.149810e-01 2.177897e-01
2.137743e-01 2.166149e-01
2.125798e-01 2.154583e-01
2.113925e-01 2.142849e-01
2.102220e-01 2.131620e-01
2.090579e-01 2.120179e-01
2.079096e-01 2.108848e-01
2.067658e-01 2.097773e-01
2.056344e-01 2.086788e-01
2.045180e-01 2.075828e-01
2.034057e-01 2.065044e-01
2.023099e-01 2.054392e-01
2.012159e-01 2.043664e-01
2.001409e-01 2.033119e-01
1.990678e-01 2.022570e-01
1.980101e-01 2.012281e-01
1.969616e-01 2.002026e-01
1.959152e-01 1.991767e-01
1.948855e-01 1.981644e-01
1.938615e-01 1.971696e-01
1.928488e-01 1.961774e-01
1.918441e-01 1.951891e-01
1.908484e-01 1.942152e-01
1.898572e-01 1.932528e-01
1.888836e-01 1.922962e-01
1.879074e-01 1.913436e-01
1.869483e-01 1.904023e-01
1.859948e-01 1.894550e-01
1.850474e-01 1.885319e-01
1.841121e-01 1.876051e-01
1.831774e-01 1.867052e-01
1.822562e-01 1.858072e-01
1.813431e-01 1.849023e-01
1.804336e-01 1.840051e-01
1.795376e-01 1.831282e-01
1.786456e-01 1.822502e-01
1.777558e-01 1.813763e-01
1.768848e-01 1.805225e-01
1.760111e-01 1.796790e-01
1.751516e-01 1.788178e-01
1.742934e-01 1.779847e-01
1.734473e-01 1.771411e-01
1.726060e-01 1.763194e-01
1.717679e-01 1.755021e-01
1.709397e-01 1.746909e-01
1.701182e-01 1.738878e-01
1.693054e-01 1.730778e-01
1.684913e-01 1.722845e-01
1.676933e-01 1.714881e-01
1.668957e-01 1.707126e-01
1.661057e-01 1.699366e-01
1.653232e-01 1.691688e-01
1.645458e-01 1.684039e-01
1.637728e-01 1.676423e-01
1.630084e-01 1.668936e-01
1.622498e-01 1.661475e-01
1.614942e-01 1.654019e-01
1.607484e-01 1.646699e-01
1.600037e-01 1.639324e-01
1.592702e-01 1.632147e-01
1.585340e-01 1.624943e-01
1.578137e-01 1.617841e-01
1.570931e-01 1.610763e-01
1.563758e-01 1.603725e-01
1.556669e-01 1.596863e-01
1.549621e-01 1.589814e-01
1.542625e-01 1.582991e-01
1.535748e-01 1.576199e-01
1.528805e-01 1.569389e-01
1.521955e-01 1.562643e-01
1.515197e-01 1.555966e-01
1.508443e-01 1.549313e-01
1.501785e-01 1.542814e-01
1.495104e-01 1.536323e-01
1.488552e-01 1.529795e-01
1.481981e-01 1.523361e-01
1.475504e-01 1.516980e-01
1.469029e-01 1.510640e-01
1.462611e-01 1.504164e-01
1.456243e-01 1.498046e-01
1.449950e-01 1.491814e-01
1.443651e-01 1.485744e-01
1.437427e-01 1.479487e-01
1.431269e-01 1.473453e-01
1.425079e-01 1.467396e-01
1.418984e-01 1.461413e-01
1.412945e-01 1.455393e-01
1.406892e-01 1.449475e-01
1.400910e-01 1.443688e-01
1.394991e-01 1.437763e-01
1.389062e-01 1.431987e-01
1.383210e-01 1.426174e-01
1.377392e-01 1.420533e-01
1.371578e-01 1.414818e-01
1.365877e-01 1.409130e-01
1.360141e-01 1.403568e-01
1.354468e-01 1.397958e-01
1.348828e-01 1.392379e-01
1.343242e-01 1.386896e-01
1.337671e-01 1.381403e-01
1.332117e-01 1.375947e-01
1.326681e-01 1.370685e-01
1.321194e-01 1.365275e-01
1.315772e-01 1.359893e-01
1.310398e-01 1.354654e-01
1.305038e-01 1.349305e-01
1.299722e-01 1.344158e-01
1.294436e-01 1.338933e-01
1.289168e-01 1.333754e-01
1.283975e-01 1.328688e-01
1.278763e-01 1.323548e-01
1.273627e-01 1.318493e-01
1.268497e-01 1.313434e-01
1.263405e-01 1.308465e-01
1.258341e-01 1.303447e-01
1.253306e-01 1.298493e-01
1.248298e-01 1.293640e-01
1.243340e-01 1.288707e-01
1.238443e-01 1.283770e-01
1.233453e-01 1.279021e-01
1.228612e-01 1.274176e-01
1.223788e-01 1.269401e-01
1.218916e-01 1.264669e-01
1.214131e-01 1.259956e-01
1.209390e-01 1.255293e-01
1.204634e-01 1.250593e-01
1.199937e-01 1.245969e-01
1.195242e-01 1.241400e-01
1.190590e-01 1.236795e-01
1.185973e-01 1.232286e-01
1.181362e-01 1.227737e-01
1.176783e-01 1.223249e-01
1.172247e-01 1.218803e-01
1.167718e-01 1.214245e-01
1.163232e-01 1.209870e-01
1.158742e-01 1.205474e-01
1.154303e-01 1.201158e-01
1.149874e-01 1.196744e-01
1.145500e-01 1.192385e-01
1.141091e-01 1.188151e-01
1.136777e-01 1.183798e-01
1.132433e-01 1.179635e-01
1.128152e-01 1.175398e-01
1.123869e-01 1.171188e-01
1.119619e-01 1.167034e-01
1.115367e-01 1.162925e-01
1.111225e-01 1.158647e-01
1.107001e-01 1.154517e-01
1.102850e-01 1.150426e-01
1.098689e-01 1.146371e-01
1.094596e-01 1.142351e-01
1.090516e-01 1.138192e-01
1.086440e-01 1.134352e-01
1.082379e-01 1.130320e-01
1.078363e-01 1.126386e-01
1.074373e-01 1.122463e-01
1.070339e-01 1.117351e-01
1.066407e-01 1.113337e-01
1.062446e-01 1.109414e-01
1.058542e-01 1.105545e-01
1.054636e-01 1.101672e-01
1.050753e-01 1.097803e-01
1.046898e-01 1.094034e-01
1.043043e-01 1.090259e-01
1.039263e-01 1.086493e-01
1.035434e-01 1.082766e-01
1.031644e-01 1.079079e-01
1.027893e-01 1.075343e-01
1.024170e-01 1.071615e-01
1.020420e-01 1.067989e-01
1.016711e-01 1.064301e-01
1.013055e-01 1.060699e-01
1.009352e-01 1.057014e-01
1.005759e-01 1.053510e-01
1.002092e-01 1.049954e-01
9.984960e-02 1.046304e-01
9.948979e-02 1.042831e-01
9.913310e-02 1.039354e-01
9.877697e-02 1.035833e-01
9.842336e-02 1.032292e-01
9.807149e-02 1.028887e-01
9.772437e-02 1.025482e-01
9.737040e-02 1.022046e-01
9.702574e-02 1.018525e-01
9.668192e-02 1.015156e-01
9.633671e-02 1.011830e-01
9.599463e-02 1.008420e-01
9.565613e-02 1.005061e-01
9.531402e-02 1.001724e-01
9.498266e-02 9.983932e-02
9.464634e-02 9.951308e-02
9.431332e-02 9.918381e-02
9.397679e-02 9.885327e-02
9.364930e-02 9.853104e-02
9.331978e-02 9.820625e-02
9.299394e-02 9.788481e-02
9.266727e-02 9.756049e-02
9.234228e-02 9.723720e-02
9.202128e-02 9.692651e-02
9.170048e-02 9.660948e-02
9.138056e-02 9.629555e-02
9.106183e-02 9.598329e-02
9.074722e-02 9.567589e-02
9.042934e-02 9.536202e-02
9.011646e-02 9.504987e-02
8.980425e-02 9.473559e-02
8.949474e-02 9.443131e-02
8.918450e-02 9.412823e-02
8.887770e-02 9.382563e-02
8.857222e-02 9.351674e-02
8.826793e-02 9.322593e-02
8.796176e-02 9.291980e-02
8.766246e-02 9.262155e-02
8.735927e-02 9.232910e-02
8.706163e-02 9.203398e-02
8.676298e-02 9.173937e-02
8.646860e-02 9.144604e-02
8.617084e-02 9.114958e-02
8.588082e-02 9.086477e-02
8.558334e-02 9.057588e-02
8.529777e-02 9.028386e-02
8.500481e-02 9.000256e-02
8.471790e-02 8.971506e-02
8.442686e-02 8.942896e-02
8.414430e-02 8.915200e-02
8.386074e-02 8.887638e-02
8.357469e-02 8.859475e-02
8.329302e-02 8.831306e-02
8.301280e-02 8.803300e-02
8.273234e-02 8.776347e-02
8.245549e-02 8.748431e-02
8.217633e-02 8.720843e-02
8.190153e-02 8.693403e-02
8.162512e-02 8.666979e-02
8.135379e-02 8.640102e-02
8.108166e-02 8.613046e-02
8.080926e-02 8.585606e-02
8.053930e-02 8.559344e-02
8.027015e-02 8.532570e-02
8.000437e-02 8.506142e-02
7.973732e-02 8.480565e-02
7.947149e-02 8.454210e-02
7.920641e-02 8.427065e-02
7.894551e-02 8.401714e-02
7.868178e-02 8.376128e-02
7.842293e-02 8.349569e-02
7.816112e-02 8.324288e-02
7.790526e-02 8.298023e-02
7.764760e-02 8.272841e-02
7.739067e-02 8.248042e-02
7.713408e-02 8.222338e-02
7.688282e-02 8.197732e-02
7.662732e-02 8.172219e-02
7.637662e-02 8.147047e-02
7.612638e-02 8.122359e-02
7.587528e-02 8.098053e-02
7.562718e-02 8.073494e-02
7.537851e-02 8.048637e-02
7.513413e-02 8.024575e-02
7.488561e-02 7.999628e-02
7.464471e-02 7.975430e-02
7.439859e-02 7.951176e-02
7.415779e-02 7.927403e-02
7.391529e-02 7.903418e-02
7.367535e-02 7.880095e-02
7.343767e-02 7.856011e-02
7.319670e-02 7.832638e-02
7.296231e-02 7.808444e-02
7.272652e-02 7.785116e-02
7.248755e-02 7.761479e-02
7.225594e-02 7.738768e-02
7.202034e-02 7.715673e-02
7.178693e-02 7.692315e-02
7.155776e-02 7.669747e-02
7.132852e-02 7.646895e-02
7.109495e-02 7.623893e-02
7.087118e-02 7.600997e-02
7.064015e-02 7.578257e-02
7.041366e-02 7.556294e-02
7.018935e-02 7.533849e-02
6.996400e-02 7.511133e-02
6.974103e-02 7.488923e-02
6.951614e-02 7.466474e-02
6.929554e-02 7.445167e-02
6.907323e-02 7.423174e-02
6.885500e-02 7.401672e-02
6.863440e-02 7.378903e-02
6.841381e-02 7.357775e-02
6.819871e-02 7.336158e-02
6.798196e-02 7.314469e-02
6.776409e-02 7.293064e-02
6.755125e-02 7.271720e-02
6.733683e-02 7.250414e-02
6.712136e-02 7.229112e-02
6.690965e-02 7.208505e-02
6.669949e-02 7.187082e-02
6.648727e-02 7.166672e-02
6.627804e-02 7.144738e-02
6.606778e-02 7.124376e-02
6.586090e-02 7.103483e-02
6.565317e-02 7.083084e-02
6.544614e-02 7.062416e-02
6.524159e-02 7.041339e-02
6.503682e-02 7.021322e-02
6.483119e-02 7.001312e-02
6.462828e-02 6.981013e-02
6.442871e-02 6.960545e-02
6.422598e-02 6.940420e-02
6.402267e-02 6.920482e-02
6.382453e-02 6.900988e-02
6.362654e-02 6.880526e-02
6.342661e-02 6.860268e-02
6.322854e-02 6.841368e-02
6.303403e-02 6.821543e-02
6.283736e-02 6.801961e-02
6.264015e-02 6.782207e-02
6.244600e-02 6.762626e-02
6.225392e-02 6.743304e-02
6.206038e-02 6.724345e-02
6.186795e-02 6.705173e-02
6.167550e-02 6.685729e-02
6.148522e-02 6.667462e-02
6.129854e-02 6.648062e-02
6.110564e-02 6.629707e-02
6.091957e-02 6.610201e-02
6.073012e-02 6.591372e-02
6.054353e-02 6.572837e-02
6.035905e-02 6.554402e-02
6.017130e-02 6.535286e-02
5.998953e-02 6.516877e-02
5.980429e-02 6.498493e-02
5.962020e-02 6.480543e-02
5.943772e-02 6.462311e-02
5.925530e-02 6.444064e-02
5.907561e-02 6.425604e-02
5.889548e-02 6.407625e-02
5.871453e-02 6.389809e-02
5.853519e-02 6.372180e-02
5.835899e-02 6.353987e-02
5.817878e-02 6.336577e-02
5.800413e-02 6.318459e-02
5.782652e-02 6.301287e-02
5.765043e-02 6.282999e-02
5.747640e-02 6.265516e-02
5.730216e-02 6.248065e-02
5.712715e-02 6.230968e-02
5.695694e-02 6.213681e-02
5.678365e-02 6.195891e-02
5.661152e-02 6.179099e-02
5.644149e-02 6.162120e-02
5.627266e-02 6.144742e-02
5.610135e-02 6.128093e-02
5.593197e-02 6.109838e-02
5.576508e-02 6.093872e-02
5.559708e-02 6.076710e-02
5.543161e-02 6.060166e-02
5.526088e-02 6.032827e-02
5.509701e-02 6.015271e-02
5.493272e-02 5.998381e-02
5.476758e-02 5.982136e-02
5.460314e-02 5.964878e-02
5.444228e-02 5.948501e-02
5.427917e-02 5.932385e-02
5.411749e-02 5.915620e-02
5.395643e-02 5.899826e-02
5.379308e-02 5.883705e-02
5.363549e-02 5.867490e-02
5.347644e-02 5.851182e-02
5.331675e-02 5.835285e-02
5.315997e-02 5.819176e-02
5.300126e-02 5.803302e-02
5.284353e-02 5.788014e-02
5.268936e-02 5.771836e-02
5.253316e-02 5.755992e-02
5.237733e-02 5.740288e-02
5.222436e-02 5.724817e-02
5.206819e-02 5.709275e-02
5.191668e-02 5.694137e-02
5.176210e-02 5.678506e-02
5.161147e-02 5.662969e-02
5.146041e-02 5.648078e-02
5.130927e-02 5.631938e-02
5.115751e-02 5.617133e-02
5.100956e-02 5.601817e-02
5.085722e-02 5.587530e-02
5.071114e-02 5.572208e-02
5.056208e-02 5.557805e-02
5.041308e-02 5.542518e-02
5.026850e-02 5.527749e-02
5.012083e-02 5.512665e-02
4.997444e-02 5.498197e-02
4.982986e-02 5.483659e-02
4.968522e-02 5.468516e-02
4.954202e-02 5.454072e-02
4.939562e-02 5.439514e-02
4.925353e-02 5.425513e-02
4.911186e-02 5.410122e-02
4.896888e-02 5.396045e-02
4.882755e-02 5.381824e-02
4.868734e-02 5.367942e-02
4.854611e-02 5.352857e-02
4.840806e-02 5.338772e-02
4.826588e-02 5.324350e-02
4.812809e-02 5.311018e-02
4.799116e-02 5.296957e-02
4.785314e-02 5.283376e-02
4.771424e-02 5.269255e-02
4.758025e-02 5.254904e-02
4.744060e-02 5.241150e-02
4.730638e-02 5.227474e-02
4.717191e-02 5.213368e-02
4.703711e-02 5.200051e-02
4.690245e-02 5.186184e-02
4.676976e-02 5.173115e-02
4.663711e-02 5.159268e-02
4.650254e-02 5.146034e-02
4.637142e-02 5.132053e-02
4.624103e-02 5.118599e-02
4.610922e-02 5.105932e-02
4.597721e-02 5.092638e-02
4.584945e-02 5.079729e-02
4.571860e-02 5.066272e-02
4.558913e-02 5.053159e-02
4.546174e-02 5.040014e-02
4.533344e-02 5.026953e-02
4.520467e-02 5.013915e-02
4.507982e-02 5.000991e-02
4.495197e-02 4.988189e-02
4.482629e-02 4.974833e-02
4.469978e-02 4.962317e-02
4.457447e-02 4.949073e-02
4.444948e-02 4.936588e-02
4.432629e-02 4.924100e-02
4.420284e-02 4.911704e-02
4.407897e-02 4.899290e-02
4.395542e-02 4.886408e-02
4.383444e-02 4.873143e-02
4.371149e-02 4.861460e-02
4.359032e-02 4.849406e-02
4.346773e-02 4.837342e-02
4.334841e-02 4.824783e-02
4.323012e-02 4.812232e-02
4.310878e-02 4.799574e-02
4.298885e-02 4.788041e-02
4.286996e-02 4.775761e-02
4.275198e-02 4.763487e-02
4.263454e-02 4.751403e-02
4.251868e-02 4.739021e-02
4.239939e-02 4.727703e-02
4.228412e-02 4.715673e-02
4.216620e-02 4.703647e-02
4.205149e-02 4.691775e-02
4.193668e-02 4.680249e-02
4.182157e-02 4.668317e-02
4.170757e-02 4.656359e-02
4.159325e-02 4.644788e-02
4.148147e-02 4.633380e-02
4.136609e-02 4.621848e-02
4.125432e-02 4.610372e-02
4.114257e-02 4.598551e-02
4.102976e-02 4.587723e-02
4.092094e-02 4.575560e-02
4.080775e-02 4.564610e-02
4.069802e-02 4.553110e-02
4.058808e-02 4.542065e-02
4.047757e-02 4.530774e-02
4.036878e-02 4.519676e-02
4.025970e-02 4.508190e-02
4.015164e-02 4.497665e-02
4.004419e-02 4.486462e-02
3.993596e-02 4.475182e-02
3.982993e-02 4.464152e-02
3.972153e-02 4.453057e-02
3.961733e-02 4.442098e-02
3.951058e-02 4.431557e-02
3.940250e-02 4.420672e-02
3.930053e-02 4.409730e-02
3.919464e-02 4.398839e-02
3.909006e-02 4.388208e-02
3.898568e-02 4.377500e-02
3.888227e-02 4.366870e-02
3.877911e-02 4.356250e-02
3.867717e-02 4.345608e-02
3.857367e-02 4.334967e-02
3.847170e-02 4.324802e-02
3.837026e-02 4.314125e-02
3.826990e-02 4.303474e-02
3.816773e-02 4.293645e-02
3.806728e-02 4.283245e-02
3.796760e-02 4.272529e-02
3.786826e-02 4.262518e-02
3.776900e-02 4.252088e-02
3.766870e-02 4.241791e-02
3.757011e-02 4.231424e-02
3.747331e-02 4.221337e-02
3.737478e-02 4.211652e-02
3.727747e-02 4.201579e-02
3.717992e-02 4.191711e-02
3.708279e-02 4.181338e-02
3.698716e-02 4.171301e-02
3.688965e-02 4.161571e-02
3.679535e-02 4.151639e-02
3.669946e-02 4.141487e-02
3.660412e-02 4.131694e-02
3.651084e-02 4.121677e-02
3.641624e-02 4.111928e-02
3.632172e-02 4.102117e-02
3.622810e-02 4.092706e-02
3.613471e-02 4.083266e-02
3.604333e-02 4.073401e-02
3.594937e-02 4.063447e-02
3.585918e-02 4.054158e-02
3.576588e-02 4.044719e-02
3.567458e-02 4.035308e-02
3.558402e-02 4.025215e-02
3.549276e-02 4.016311e-02
3.540255e-02 4.007136e-02
3.531256e-02 3.997695e-02
3.522179e-02 3.988438e-02
3.513393e-02 3.978907e-02
3.504475e-02 3.969852e-02
3.495525e-02 3.960602e-02
3.486711e-02 3.951610e-02
3.478013e-02 3.941733e-02
3.469180e-02 3.933084e-02
3.460236e-02 3.923709e-02
3.451730e-02 3.914650e-02
3.443079e-02 3.905574e-02
3.434366e-02 3.896575e-02
3.425848e-02 3.888204e-02
3.417134e-02 3.878537e-02
3.408661e-02 3.870148e-02
3.400140e-02 3.860569e-02
3.391779e-02 3.851858e-02
3.383138e-02 3.843342e-02
3.374897e-02 3.834120e-02
3.366472e-02 3.825516e-02
3.358027e-02 3.816948e-02
3.349699e-02 3.808368e-02
3.341511e-02 3.799502e-02
3.333142e-02 3.790880e-02
3.324937e-02 3.782708e-02
3.316825e-02 3.773874e-02
3.308620e-02 3.764816e-02
3.300552e-02 3.756738e-02
3.292360e-02 3.748559e-02
3.284359e-02 3.739915e-02
3.276194e-02 3.731667e-02
3.268333e-02 3.723050e-02
3.260312e-02 3.715006e-02
3.252256e-02 3.706113e-02
3.244371e-02 3.698157e-02
3.236602e-02 3.689808e-02
3.228582e-02 3.681424e-02
3.220872e-02 3.673304e-02
3.213017e-02 3.664724e-02
3.205273e-02 3.656660e-02
3.197600e-02 3.648646e-02
3.189842e-02 3.640564e-02
3.182153e-02 3.632658e-02
3.174421e-02 3.624449e-02
3.166890e-02 3.617014e-02
3.159144e-02 3.608314e-02
3.151767e-02 3.600463e-02
3.144194e-02 3.592752e-02
3.136704e-02 3.584657e-02
3.129107e-02 3.576819e-02
3.121729e-02 3.568711e-02
3.114330e-02 3.561000e-02
3.106870e-02 3.553269e-02
3.099472e-02 3.545691e-02
3.092097e-02 3.537930e-02
3.084826e-02 3.530162e-02
3.077543e-02 3.522884e-02
3.070175e-02 3.514636e-02
3.063151e-02 3.507213e-02
3.055773e-02 3.499511e-02
3.048604e-02 3.492039e-02
3.041541e-02 3.484307e-02
3.034263e-02 3.477163e-02
3.027342e-02 3.469833e-02
3.020137e-02 3.462283e-02
3.013074e-02 3.454669e-02
3.006096e-02 3.447117e-02
2.999003e-02 3.439925e-02
2.992111e-02 3.432474e-02
2.985194e-02 3.424890e-02
2.978225e-02 3.417580e-02
2.971338e-02 3.410838e-02
2.964469e-02 3.403204e-02
2.957584e-02 3.396388e-02
2.950822e-02 3.388947e-02
2.944052e-02 3.382266e-02
2.937269e-02 3.374611e-02
2.930592e-02 3.367528e-02
2.923871e-02 3.360565e-02
2.917132e-02 3.353843e-02
2.910565e-02 3.346610e-02
2.903778e-02 3.339432e-02
2.897165e-02 3.332572e-02
2.890658e-02 3.325646e-02
2.884175e-02 3.318308e-02
2.877556e-02 3.311259e-02
2.870917e-02 3.304489e-02
2.864643e-02 3.297486e-02
2.858065e-02 3.290937e-02
2.851612e-02 3.284357e-02
2.845176e-02 3.277442e-02
2.838903e-02 3.270577e-02
2.832344e-02 3.263903e-02
2.826148e-02 3.257153e-02
2.819852e-02 3.250607e-02
2.813530e-02 3.243846e-02
2.807229e-02 3.237472e-02
2.801078e-02 3.230853e-02
2.794725e-02 3.223928e-02
2.788521e-02 3.217469e-02
2.782399e-02 3.211136e-02
2.776222e-02 3.204420e-02
2.770110e-02 3.198089e-02
2.763949e-02 3.191769e-02
2.757960e-02 3.185478e-02
2.751809e-02 3.179178e-02
2.745809e-02 3.172819e-02
2.739768e-02 3.166592e-02
2.733690e-02 3.159846e-02
2.727842e-02 3.153418e-02
2.721901e-02 3.147184e-02
2.715826e-02 3.140850e-02
2.710087e-02 3.134410e-02
2.704042e-02 3.128663e-02
2.698294e-02 3.122429e-02
2.692329e-02 3.116524e-02
2.686623e-02 3.109570e-02
2.680802e-02 3.103921e-02
2.675142e-02 3.097609e-02
2.669290e-02 3.091652e-02
2.663446e-02 3.085800e-02
2.657791e-02 3.079548e-02
2.652102e-02 3.073467e-02
2.646591e-02 3.067706e-02
2.640777e-02 3.061525e-02
2.635157e-02 3.055593e-02
2.629544e-02 3.049740e-02
2.623983e-02 3.043678e-02
2.618413e-02 3.037959e-02
2.612846e-02 3.032121e-02
2.607379e-02 3.026276e-02
2.601829e-02 3.019991e-02
2.596368e-02 3.014503e-02
2.590898e-02 3.008361e-02
2.585526e-02 3.002731e-02
2.580072e-02 2.997346e-02
2.574589e-02 2.991151e-02
2.569374e-02 2.985694e-02
2.563808e-02 2.980310e-02
2.558664e-02 2.974316e-02
2.553257e-02 2.968482e-02
2.547941e-02 2.962903e-02
2.542654e-02 2.957362e-02
2.537345e-02 2.951760e-02
2.532247e-02 2.946041e-02
2.526857e-02 2.940761e-02
2.521735e-02 2.935043e-02
2.516602e-02 2.929563e-02
2.511407e-02 2.923645e-02
2.506342e-02 2.919069e-02
2.501058e-02 2.913155e-02
2.496113e-02 2.907829e-02
2.490896e-02 2.902044e-02
2.485909e-02 2.897039e-02
2.480896e-02 2.891315e-02
2.475765e-02 2.886004e-02
2.470836e-02 2.880056e-02
2.465803e-02 2.875707e-02
2.460798e-02 2.869910e-02
2.455892e-02 2.864557e-02
2.451075e-02 2.859123e-02
2.445954e-02 2.854350e-02
2.441213e-02 2.848788e-02
2.436297e-02 2.843420e-02
2.431229e-02 2.838333e-02
2.426628e-02 2.833253e-02
2.421773e-02 2.828177e-02
2.416875e-02 2.823378e-02
2.412043e-02 2.817942e-02
2.407335e-02 2.812889e-02
2.402629e-02 2.808325e-02
2.397819e-02 2.802753e-02
2.393051e-02 2.797864e-02
2.388479e-02 2.792662e-02
2.383745e-02 2.787691e-02
2.379030e-02 2.782715e-02
2.374402e-02 2.777077e-02
2.369868e-02 2.772611e-02
2.365199e-02 2.767979e-02
2.360475e-02 2.762744e-02
2.355979e-02 2.757841e-02
2.351459e-02 2.752611e-02
2.346862e-02 2.747633e-02
2.342388e-02 2.743474e-02
2.337753e-02 2.738573e-02
2.333251e-02 2.733252e-02
2.328837e-02 2.728589e-02
2.324353e-02 2.723843e-02
2.319911e-02 2.719377e-02
2.315500e-02 2.714205e-02
2.311087e-02 2.709520e-02
2.306724e-02 2.704579e-02
2.302231e-02 2.700200e-02
2.297970e-02 2.695492e-02
2.293508e-02 2.690535e-02
2.289321e-02 2.685923e-02
2.284829e-02 2.681257e-02
2.280709e-02 2.676600e-02
2.276322e-02 2.671984e-02
2.272118e-02 2.667251e-02
2.267700e-02 2.662644e-02
2.263545e-02 2.657648e-02
2.259404e-02 2.653166e-02
2.255055e-02 2.648642e-02
2.250891e-02 2.644834e-02
2.246831e-02 2.639934e-02
2.242575e-02 2.634937e-02
2.238446e-02 2.630777e-02
2.234331e-02 2.626608e-02
2.230198e-02 2.621667e-02
2.226064e-02 2.617348e-02
2.222085e-02 2.612451e-02
2.217987e-02 2.608545e-02
2.213899e-02 2.603656e-02
2.209885e-02 2.599664e-02
2.205845e-02 2.594979e-02
2.201794e-02 2.590796e-02
2.197816e-02 2.586941e-02
2.193773e-02 2.582482e-02
2.189892e-02 2.578087e-02
2.185952e-02 2.573676e-02
2.181952e-02 2.569301e-02
2.178097e-02 2.565508e-02
2.174162e-02 2.560478e-02
2.170263e-02 2.555875e-02
2.166349e-02 2.551928e-02
2.162446e-02 2.548399e-02
2.158719e-02 2.543488e-02
2.154808e-02 2.539489e-02
2.151089e-02 2.535548e-02
2.147223e-02 2.531018e-02
2.143352e-02 2.527058e-02
2.139623e-02 2.522580e-02
2.135859e-02 2.518565e-02
2.132081e-02 2.514113e-02
2.128354e-02 2.510410e-02
2.124583e-02 2.505814e-02
2.120905e-02 2.502212e-02
2.117259e-02 2.498426e-02
