6.134886e-02 5.075387e-02
1.483008e-02 3.150858e-02
9.868036e-03 2.511439e-02
8.256566e-03 2.139641e-02
7.458108e-03 1.952548e-02
6.965621e-03 1.801218e-02
6.599075e-03 1.705928e-02
6.302021e-03 1.651252e-02
6.033332e-03 1.578559e-02
5.796391e-03 1.563733e-02
5.574806e-03 1.573289e-02
5.295980e-03 1.486331e-02
5.103167e-03 1.428326e-02
4.960842e-03 1.421733e-02
4.839135e-03 1.392915e-02
4.735583e-03 1.354816e-02
4.645898e-03 1.355894e-02
4.557633e-03 1.339226e-02
4.479490e-03 1.314850e-02
4.402053e-03 1.298257e-02
4.328382e-03 1.278198e-02
4.255874e-03 1.287772e-02
4.182398e-03 1.267445e-02
4.115122e-03 1.263588e-02
4.032552e-03 1.249887e-02
3.947361e-03 1.228917e-02
3.883933e-03 1.237073e-02
3.828995e-03 1.221489e-02
3.776455e-03 1.213562e-02
3.738160e-03 1.207570e-02
3.697302e-03 1.191156e-02
3.655498e-03 1.187382e-02
3.621328e-03 1.183618e-02
3.584691e-03 1.181056e-02
3.553294e-03 1.172898e-02
3.521674e-03 1.169161e-02
3.490752e-03 1.145255e-02
3.461521e-03 1.152729e-02
3.439104e-03 1.145843e-02
3.407568e-03 1.126411e-02
3.383947e-03 1.138419e-02
3.357685e-03 1.152829e-02
3.338161e-03 1.127986e-02
3.312878e-03 1.114857e-02
3.291775e-03 1.122367e-02
3.268439e-03 1.106736e-02
3.250009e-03 1.123446e-02
3.230517e-03 1.090087e-02
3.209228e-03 1.086029e-02
3.186226e-03 1.096010e-02
3.169708e-03 1.107206e-02
3.148206e-03 1.092658e-02
3.132181e-03 1.087645e-02
3.118081e-03 1.109618e-02
3.098624e-03 1.067904e-02
3.077976e-03 1.084839e-02
3.067932e-03 1.070962e-02
3.049998e-03 1.050607e-02
3.029164e-03 1.064173e-02
3.011879e-03 1.057371e-02
2.996758e-03 1.062038e-02
2.978489e-03 1.047008e-02
2.957644e-03 1.033389e-02
2.930032e-03 1.024773e-02
2.907310e-03 1.024698e-02
2.883164e-03 1.008092e-02
2.864242e-03 1.004646e-02
2.842893e-03 9.938361e-03
2.823117e-03 9.875430e-03
2.805638e-03 1.001834e-02
2.786800e-03 9.800794e-03
2.769109e-03 9.725169e-03
2.753693e-03 9.796057e-03
2.731002e-03 9.809053e-03
2.711423e-03 9.722198e-03
2.692115e-03 9.564726e-03
2.670799e-03 9.559071e-03
2.651211e-03 9.351200e-03
2.632841e-03 9.279730e-03
2.613179e-03 9.287037e-03
2.590095e-03 9.150626e-03
2.573988e-03 9.012362e-03
2.555832e-03 8.868583e-03
2.543699e-03 8.965095e-03
2.526342e-03 8.804776e-03
2.515372e-03 8.771262e-03
2.502351e-03 8.869401e-03
2.491988e-03 8.603701e-03
2.482580e-03 8.607186e-03
2.467010e-03 8.527312e-03
2.456567e-03 8.341065e-03
2.444658e-03 8.525850e-03
2.429940e-03 8.301247e-03
2.419579e-03 8.231585e-03
2.409095e-03 8.359966e-03
2.393507e-03 8.069120e-03
2.379878e-03 8.344838e-03
2.362806e-03 8.101814e-03
2.342957e-03 8.138169e-03
2.331297e-03 7.827991e-03
2.313078e-03 7.910883e-03
2.301696e-03 7.917640e-03
2.290946e-03 7.947001e-03
2.281038e-03 7.915180e-03
2.269667e-03 7.732239e-03
2.259999e-03 7.941906e-03
2.249210e-03 7.764600e-03
2.238598e-03 7.486285e-03
2.226259e-03 7.524198e-03
2.216120e-03 7.609235e-03
2.207445e-03 7.489475e-03
2.193946e-03 7.328420e-03
2.178992e-03 7.345434e-03
2.170249e-03 7.137343e-03
2.161983e-03 7.145860e-03
2.145857e-03 7.206598e-03
2.134582e-03 7.009328e-03
2.119605e-03 6.988221e-03
2.104106e-03 6.985665e-03
2.085181e-03 6.826180e-03
2.070379e-03 6.662822e-03
2.053674e-03 6.526323e-03
2.038133e-03 6.559837e-03
2.023221e-03 6.452337e-03
2.009049e-03 6.411331e-03
1.992496e-03 6.306565e-03
1.979108e-03 6.338673e-03
1.962751e-03 6.340142e-03
1.955385e-03 6.316464e-03
1.942783e-03 6.358981e-03
1.934449e-03 6.225728e-03
1.920649e-03 6.095747e-03
1.905243e-03 6.139040e-03
1.886324e-03 5.973625e-03
1.826586e-03 5.730843e-03
1.783095e-03 5.615414e-03
1.763349e-03 5.680801e-03
1.748758e-03 5.577860e-03
1.734298e-03 5.469768e-03
1.722954e-03 5.491233e-03
1.714547e-03 5.439771e-03
1.703005e-03 5.299248e-03
1.695618e-03 5.404596e-03
1.686008e-03 5.389173e-03
1.677709e-03 5.435511e-03
1.668565e-03 5.334651e-03
1.663131e-03 5.410267e-03
1.654396e-03 5.234230e-03
1.645811e-03 5.307262e-03
1.633689e-03 5.242419e-03
1.612860e-03 5.239562e-03
1.600669e-03 5.007491e-03
1.592774e-03 5.067327e-03
1.584210e-03 4.999628e-03
1.578073e-03 4.986883e-03
1.574708e-03 4.953298e-03
1.564888e-03 4.986376e-03
1.561909e-03 4.948625e-03
1.555291e-03 4.968684e-03
1.547924e-03 4.869472e-03
1.536625e-03 4.796389e-03
1.513917e-03 4.823353e-03
1.499686e-03 4.828611e-03
1.492357e-03 4.779136e-03
1.484930e-03 4.660932e-03
1.481454e-03 4.810713e-03
1.476148e-03 4.826664e-03
1.467899e-03 4.717942e-03
1.465640e-03 4.778602e-03
1.459937e-03 4.714058e-03
1.458664e-03 4.615251e-03
1.452694e-03 4.603008e-03
1.449135e-03 4.631492e-03
1.443216e-03 4.595902e-03
1.437818e-03 4.675767e-03
1.433112e-03 4.620402e-03
1.430417e-03 4.693132e-03
1.426295e-03 4.667398e-03
1.419906e-03 4.561318e-03
1.416151e-03 4.510514e-03
1.410024e-03 4.453176e-03
1.399571e-03 4.322298e-03
1.390236e-03 4.362305e-03
1.381969e-03 4.224635e-03
1.378835e-03 4.342286e-03
1.371380e-03 4.204696e-03
1.366061e-03 4.318647e-03
1.361811e-03 4.132637e-03
1.352845e-03 4.213591e-03
1.348527e-03 4.165301e-03
1.342704e-03 4.252834e-03
1.334444e-03 4.130141e-03
1.331615e-03 4.158000e-03
1.326280e-03 4.163718e-03
1.322327e-03 4.181996e-03
1.316841e-03 4.309203e-03
1.316365e-03 4.207612e-03
1.311077e-03 4.107074e-03
1.306296e-03 4.219411e-03
1.301961e-03 4.112434e-03
1.298479e-03 3.931287e-03
1.295415e-03 3.940079e-03
1.290591e-03 3.925056e-03
1.287793e-03 3.744302e-03
1.280912e-03 3.716768e-03
1.277085e-03 3.720727e-03
1.272417e-03 3.749918e-03
1.266696e-03 3.634224e-03
1.263774e-03 3.602242e-03
1.257449e-03 3.707149e-03
1.250589e-03 3.625494e-03
1.246419e-03 3.705622e-03
1.240510e-03 3.557704e-03
1.236089e-03 3.612297e-03
1.233123e-03 3.580876e-03
1.231424e-03 3.656337e-03
1.226949e-03 3.639388e-03
1.226377e-03 3.707297e-03
1.222560e-03 3.709076e-03
1.221551e-03 3.712221e-03
1.216930e-03 3.713954e-03
1.216226e-03 3.632808e-03
1.214620e-03 3.636822e-03
1.213378e-03 3.600132e-03
1.209708e-03 3.617891e-03
1.208642e-03 3.526932e-03
1.203714e-03 3.571958e-03
1.203140e-03 3.619543e-03
1.200992e-03 3.628922e-03
1.195866e-03 3.610405e-03
1.196151e-03 3.632537e-03
1.191641e-03 3.528947e-03
1.191022e-03 3.547375e-03
1.188697e-03 3.589931e-03
1.185779e-03 3.597476e-03
1.185963e-03 3.715620e-03
1.183999e-03 3.994875e-03
1.181985e-03 3.765903e-03
1.180988e-03 3.710988e-03
1.177809e-03 3.759666e-03
1.176748e-03 3.667253e-03
1.174820e-03 3.778577e-03
1.173136e-03 3.766134e-03
1.171686e-03 3.645959e-03
1.171112e-03 3.656302e-03
1.168461e-03 3.619343e-03
1.167085e-03 3.554710e-03
1.163272e-03 3.570426e-03
1.161821e-03 3.543819e-03
1.161268e-03 3.595706e-03
1.157483e-03 3.372742e-03
1.155980e-03 3.460129e-03
1.152419e-03 3.614353e-03
1.151333e-03 3.547077e-03
1.148520e-03 3.579353e-03
1.145480e-03 3.444587e-03
1.143459e-03 3.507366e-03
1.141393e-03 3.482377e-03
1.139827e-03 3.658140e-03
1.138476e-03 3.635962e-03
1.138605e-03 3.459360e-03
1.136900e-03 3.447226e-03
1.133498e-03 3.585940e-03
1.129861e-03 3.442694e-03
1.129743e-03 3.498662e-03
1.122155e-03 3.375059e-03
1.121326e-03 3.384777e-03
1.118829e-03 3.406958e-03
1.117342e-03 3.415596e-03
1.115242e-03 3.331353e-03
1.112845e-03 3.405419e-03
1.112011e-03 3.439513e-03
1.110668e-03 3.393290e-03
1.109847e-03 3.349729e-03
1.107979e-03 3.426346e-03
1.106651e-03 3.395972e-03
1.104179e-03 3.345892e-03
1.105213e-03 3.481560e-03
1.104180e-03 3.292667e-03
1.102157e-03 3.334272e-03
1.100735e-03 3.332390e-03
1.097238e-03 3.264315e-03
1.096786e-03 3.272971e-03
1.095164e-03 3.353890e-03
1.091996e-03 3.404285e-03
1.093929e-03 3.245855e-03
1.091102e-03 3.340550e-03
1.089741e-03 3.303264e-03
1.088941e-03 3.317967e-03
1.086236e-03 3.251515e-03
1.085829e-03 3.198719e-03
1.081867e-03 3.186409e-03
1.079037e-03 3.211481e-03
1.077884e-03 3.215353e-03
1.073927e-03 3.114434e-03
1.069572e-03 3.227606e-03
1.065268e-03 3.090796e-03
1.064992e-03 3.130665e-03
1.062708e-03 3.172318e-03
1.059289e-03 3.102820e-03
1.053884e-03 3.214532e-03
1.053865e-03 3.105024e-03
1.053469e-03 3.109203e-03
1.053605e-03 3.236890e-03
1.051425e-03 3.164656e-03
1.050500e-03 3.234427e-03
1.047553e-03 3.114855e-03
1.042943e-03 3.117858e-03
1.041695e-03 3.018663e-03
1.039362e-03 3.072381e-03
1.039755e-03 3.118836e-03
1.037099e-03 3.018173e-03
1.035303e-03 2.945456e-03
1.034034e-03 3.039772e-03
1.034243e-03 3.116201e-03
1.031895e-03 3.041167e-03
1.031901e-03 3.034044e-03
1.029548e-03 2.953915e-03
1.030219e-03 3.037138e-03
1.029599e-03 2.960726e-03
1.028006e-03 3.000627e-03
1.026716e-03 3.033120e-03
1.025629e-03 3.073509e-03
1.025169e-03 3.092831e-03
1.023205e-03 2.952912e-03
1.023954e-03 3.062966e-03
1.021271e-03 2.968506e-03
1.020228e-03 2.906504e-03
1.021801e-03 2.994822e-03
1.018296e-03 2.922728e-03
1.017977e-03 2.985314e-03
1.017620e-03 2.891267e-03
1.016183e-03 3.007177e-03
1.015370e-03 2.969952e-03
1.015578e-03 2.984185e-03
1.012821e-03 3.006385e-03
1.012197e-03 2.951835e-03
1.012310e-03 3.002014e-03
1.010743e-03 3.011158e-03
1.008916e-03 2.965029e-03
1.008904e-03 3.047000e-03
1.009919e-03 3.068649e-03
1.009717e-03 3.104263e-03
1.009370e-03 3.117364e-03
1.007667e-03 3.072361e-03
1.007029e-03 3.024647e-03
1.004475e-03 3.089944e-03
1.003647e-03 3.026502e-03
1.000672e-03 2.950297e-03
1.001661e-03 2.899083e-03
9.996978e-04 2.887744e-03
1.000803e-03 2.926664e-03
9.979937e-04 2.913856e-03
9.970158e-04 2.928728e-03
9.986646e-04 2.890386e-03
9.971026e-04 2.923844e-03
9.931212e-04 2.885366e-03
9.943825e-04 2.896245e-03
9.929765e-04 2.831137e-03
9.938122e-04 2.817814e-03
9.912163e-04 2.856432e-03
9.914633e-04 2.830696e-03
9.911820e-04 2.824347e-03
9.885164e-04 2.787317e-03
9.877563e-04 2.836462e-03
9.845627e-04 2.757086e-03
9.855671e-04 2.855447e-03
9.855681e-04 2.824517e-03
9.847394e-04 2.829399e-03
9.842039e-04 2.742542e-03
9.823019e-04 2.766880e-03
9.816913e-04 2.728060e-03
9.803740e-04 2.811732e-03
9.809379e-04 2.786139e-03
9.786064e-04 2.762013e-03
9.776543e-04 2.859487e-03
9.776163e-04 2.836500e-03
9.762160e-04 2.762737e-03
9.769644e-04 2.871132e-03
9.756924e-04 2.760900e-03
9.755214e-04 2.805736e-03
9.743387e-04 2.789690e-03
9.727026e-04 2.838048e-03
9.727168e-04 2.716153e-03
9.721358e-04 2.752274e-03
9.711898e-04 2.785491e-03
9.689938e-04 2.713702e-03
9.700620e-04 2.772500e-03
9.706474e-04 2.749866e-03
9.679722e-04 2.774570e-03
9.676773e-04 2.836001e-03
9.689574e-04 2.754466e-03
9.667750e-04 2.728930e-03
9.653158e-04 2.757105e-03
9.646637e-04 2.749596e-03
9.641302e-04 2.739991e-03
9.660301e-04 2.807058e-03
9.643028e-04 2.740096e-03
9.627881e-04 2.745395e-03
9.637211e-04 2.729257e-03
9.629091e-04 2.569488e-03
9.629505e-04 2.639807e-03
9.625938e-04 2.584239e-03
9.599477e-04 2.654702e-03
9.614600e-04 2.535032e-03
9.595160e-04 2.662904e-03
9.607833e-04 2.601606e-03
9.596566e-04 2.674832e-03
9.601470e-04 2.637578e-03
9.598478e-04 2.720534e-03
9.595022e-04 2.727708e-03
9.607854e-04 2.701531e-03
9.607325e-04 2.696910e-03
9.600315e-04 2.879241e-03
9.594436e-04 2.722129e-03
9.574787e-04 2.670951e-03
9.573460e-04 2.702889e-03
9.557661e-04 2.653164e-03
9.542402e-04 2.667265e-03
9.524857e-04 2.593644e-03
9.529591e-04 2.620323e-03
9.520844e-04 2.530701e-03
9.520250e-04 2.558991e-03
9.520852e-04 2.571341e-03
9.516695e-04 2.590314e-03
9.501001e-04 2.658036e-03
9.508281e-04 2.713530e-03
9.495802e-04 2.601069e-03
9.495238e-04 2.543369e-03
9.487750e-04 2.550975e-03
9.459486e-04 2.587170e-03
9.473238e-04 2.587027e-03
9.473533e-04 2.534315e-03
9.454281e-04 2.602688e-03
9.448307e-04 2.737597e-03
9.439105e-04 2.546881e-03
9.454316e-04 2.547745e-03
9.450935e-04 2.632293e-03
9.440127e-04 2.577827e-03
9.424432e-04 2.571321e-03
9.418791e-04 2.668663e-03
9.444502e-04 2.591213e-03
9.454988e-04 2.601055e-03
9.403760e-04 2.558145e-03
9.412776e-04 2.609024e-03
9.408624e-04 2.598870e-03
9.412441e-04 2.751179e-03
9.397318e-04 2.564440e-03
9.379690e-04 2.631345e-03
9.400987e-04 2.654384e-03
9.391851e-04 2.666455e-03
9.361999e-04 2.697727e-03
9.373296e-04 2.691539e-03
9.384920e-04 2.625352e-03
9.367121e-04 2.603405e-03
9.363454e-04 2.567843e-03
9.367092e-04 2.623939e-03
9.370138e-04 2.640337e-03
9.353786e-04 2.582876e-03
9.368662e-04 2.695295e-03
9.339614e-04 2.664781e-03
9.327067e-04 2.634000e-03
9.322676e-04 2.613858e-03
9.330229e-04 2.713461e-03
9.334925e-04 2.651193e-03
9.312802e-04 2.682408e-03
9.339468e-04 2.737688e-03
9.305734e-04 2.811998e-03
9.306916e-04 2.739778e-03
9.327459e-04 2.813124e-03
9.340837e-04 2.871432e-03
9.362111e-04 2.754118e-03
9.355380e-04 2.675779e-03
9.356967e-04 2.796567e-03
9.343744e-04 2.763510e-03
9.336459e-04 2.670332e-03
9.304574e-04 2.708640e-03
9.323929e-04 2.694521e-03
9.296769e-04 2.568241e-03
9.305441e-04 2.598993e-03
9.311624e-04 2.618246e-03
9.291174e-04 2.517829e-03
9.295561e-04 2.621142e-03
9.271339e-04 2.560820e-03
9.271757e-04 2.596552e-03
9.275799e-04 2.549777e-03
9.273622e-04 2.572172e-03
9.264580e-04 2.494083e-03
9.278698e-04 2.518964e-03
9.250070e-04 2.737492e-03
9.257034e-04 2.554324e-03
9.255086e-04 2.628313e-03
9.237413e-04 2.568914e-03
9.243592e-04 2.520442e-03
9.230219e-04 2.552270e-03
9.233373e-04 2.513718e-03
9.219449e-04 2.495578e-03
9.226284e-04 2.539148e-03
9.225922e-04 2.506597e-03
9.230644e-04 2.548278e-03
9.226451e-04 2.649511e-03
9.226380e-04 2.574508e-03
9.236222e-04 2.526414e-03
9.204265e-04 2.554865e-03
9.214663e-04 2.604276e-03
9.201748e-04 2.537363e-03
9.213014e-04 2.574405e-03
9.194510e-04 2.584013e-03
9.192331e-04 2.608641e-03
9.201851e-04 2.566340e-03
9.188858e-04 2.575071e-03
9.189143e-04 2.570236e-03
9.175423e-04 2.592324e-03
9.184617e-04 2.506554e-03
9.167156e-04 2.506732e-03
9.164272e-04 2.607473e-03
9.181386e-04 2.533942e-03
9.156952e-04 2.538563e-03
9.169317e-04 2.624164e-03
9.166124e-04 2.608424e-03
9.147418e-04 2.540953e-03
9.162911e-04 2.671959e-03
9.162717e-04 2.644805e-03
9.145823e-04 2.573417e-03
9.149845e-04 2.600599e-03
9.138134e-04 2.734010e-03
9.149332e-04 2.762607e-03
9.145797e-04 2.721534e-03
9.165640e-04 2.779118e-03
9.167618e-04 2.860036e-03
9.171907e-04 2.955690e-03
9.213459e-04 2.926349e-03
9.194444e-04 2.840987e-03
9.201235e-04 2.953676e-03
9.193668e-04 2.808653e-03
9.177867e-04 2.710883e-03
9.177988e-04 2.630387e-03
9.171544e-04 2.653507e-03
9.157550e-04 2.794957e-03
9.166190e-04 2.690431e-03
9.166652e-04 2.700844e-03
9.157402e-04 2.620136e-03
9.159857e-04 2.638104e-03
9.151000e-04 2.635091e-03
9.142715e-04 2.655219e-03
9.141548e-04 2.612947e-03
9.151850e-04 2.622804e-03
9.143443e-04 2.703754e-03
9.128219e-04 2.606103e-03
9.116717e-04 2.610776e-03
9.113881e-04 2.539060e-03
9.101317e-04 2.537922e-03
9.092348e-04 2.680950e-03
9.082671e-04 2.494817e-03
9.089491e-04 2.573816e-03
9.098355e-04 2.496019e-03
9.079505e-04 2.502523e-03
9.080416e-04 2.525117e-03
9.067067e-04 2.556133e-03
9.069146e-04 2.534620e-03
9.053567e-04 2.632452e-03
9.058449e-04 2.529578e-03
9.050926e-04 2.571198e-03
9.038887e-04 2.648026e-03
9.055258e-04 2.640941e-03
9.044651e-04 2.663095e-03
9.035873e-04 2.707441e-03
9.061941e-04 2.753132e-03
9.082179e-04 2.868290e-03
9.121533e-04 2.918715e-03
9.130281e-04 2.870300e-03
9.110288e-04 2.844267e-03
9.086366e-04 2.614078e-03
9.065067e-04 2.651103e-03
9.038153e-04 2.713538e-03
9.071815e-04 2.591188e-03
9.044943e-04 2.567153e-03
9.036553e-04 2.564995e-03
9.036061e-04 2.551819e-03
9.047877e-04 2.526809e-03
9.037564e-04 2.531158e-03
9.022226e-04 2.571741e-03
9.031246e-04 2.525952e-03
9.037817e-04 2.465220e-03
9.030964e-04 2.524483e-03
9.034633e-04 2.556733e-03
9.032208e-04 2.466891e-03
9.028762e-04 2.522166e-03
9.023567e-04 2.505869e-03
9.032657e-04 2.465975e-03
9.017271e-04 2.564557e-03
9.029632e-04 2.579865e-03
9.027406e-04 2.515166e-03
9.016896e-04 2.496162e-03
9.013015e-04 2.568829e-03
8.990221e-04 2.465561e-03
9.013269e-04 2.449715e-03
9.007373e-04 2.398974e-03
9.003921e-04 2.532250e-03
8.997569e-04 2.461784e-03
8.983720e-04 2.340650e-03
8.986000e-04 2.532434e-03
8.990275e-04 2.427604e-03
8.983861e-04 2.406048e-03
8.976632e-04 2.364960e-03
8.982944e-04 2.442548e-03
8.970582e-04 2.394926e-03
8.968527e-04 2.393314e-03
8.964596e-04 2.453960e-03
8.968158e-04 2.470992e-03
8.949686e-04 2.592093e-03
8.952160e-04 2.520771e-03
8.965095e-04 2.682274e-03
8.994911e-04 2.690796e-03
9.009439e-04 2.693799e-03
9.019161e-04 2.617684e-03
9.005809e-04 2.484738e-03
8.984761e-04 2.460846e-03
8.985682e-04 2.479575e-03
8.983528e-04 2.474853e-03
8.957042e-04 2.352891e-03
8.966814e-04 2.376091e-03
8.965238e-04 2.386966e-03
8.966677e-04 2.428636e-03
8.969628e-04 2.446564e-03
8.956929e-04 2.357668e-03
8.971808e-04 2.418366e-03
8.949322e-04 2.395342e-03
8.968325e-04 2.432406e-03
8.973969e-04 2.395400e-03
8.971077e-04 2.345117e-03
8.964919e-04 2.520653e-03
8.963456e-04 2.415620e-03
8.945667e-04 2.355468e-03
8.956623e-04 2.431911e-03
8.951277e-04 2.472382e-03
8.930749e-04 2.385137e-03
8.941855e-04 2.455314e-03
8.932015e-04 2.489494e-03
8.920835e-04 2.582159e-03
8.907028e-04 2.501849e-03
8.912128e-04 2.595801e-03
8.912358e-04 2.582359e-03
8.927016e-04 2.653824e-03
8.961944e-04 2.673393e-03
8.954173e-04 2.652884e-03
8.966090e-04 2.559595e-03
8.925100e-04 2.464048e-03
8.940237e-04 2.537281e-03
8.920455e-04 2.487525e-03
8.898174e-04 2.398039e-03
8.899752e-04 2.443184e-03
8.900592e-04 2.479200e-03
8.899872e-04 2.464561e-03
8.888085e-04 2.419421e-03
8.893285e-04 2.384289e-03
8.889219e-04 2.558326e-03
8.887829e-04 2.420584e-03
8.904412e-04 2.343529e-03
8.893874e-04 2.394003e-03
8.898095e-04 2.349709e-03
8.890168e-04 2.392741e-03
8.873695e-04 2.342924e-03
8.871580e-04 2.309618e-03
8.867324e-04 2.388090e-03
8.860199e-04 2.324946e-03
8.854896e-04 2.395408e-03
8.845440e-04 2.447354e-03
8.849977e-04 2.481997e-03
8.832209e-04 2.472472e-03
8.852354e-04 2.445538e-03
8.830488e-04 2.543157e-03
8.827991e-04 2.541625e-03
8.829174e-04 2.588001e-03
8.827672e-04 2.615069e-03
8.827974e-04 2.592296e-03
8.851842e-04 2.723906e-03
8.851975e-04 2.807441e-03
8.890429e-04 2.910659e-03
8.903711e-04 2.759742e-03
8.877315e-04 2.553068e-03
8.857945e-04 2.558453e-03
8.829041e-04 2.485739e-03
8.826061e-04 2.493414e-03
8.808264e-04 2.485610e-03
8.818638e-04 2.497472e-03
8.818476e-04 2.439108e-03
8.817833e-04 2.439080e-03
8.816548e-04 2.440751e-03
8.830306e-04 2.420240e-03
8.802986e-04 2.481105e-03
8.822368e-04 2.373680e-03
8.824285e-04 2.388196e-03
8.826560e-04 2.448474e-03
8.819319e-04 2.416940e-03
8.790989e-04 2.349440e-03
8.788124e-04 2.443625e-03
8.793546e-04 2.368709e-03
8.790654e-04 2.421700e-03
8.790845e-04 2.405219e-03
8.795070e-04 2.555576e-03
8.790437e-04 2.502078e-03
8.782632e-04 2.601723e-03
8.766277e-04 2.433562e-03
8.758224e-04 2.474985e-03
8.764233e-04 2.558822e-03
8.764735e-04 2.544123e-03
8.776387e-04 2.655696e-03
8.798135e-04 2.854282e-03
8.818360e-04 2.769064e-03
8.826848e-04 2.742847e-03
8.826075e-04 2.606150e-03
8.786288e-04 2.508296e-03
8.787430e-04 2.401894e-03
8.786535e-04 2.453498e-03
8.743620e-04 2.480430e-03
8.749428e-04 2.409698e-03
8.742837e-04 2.415319e-03
8.728427e-04 2.406068e-03
8.751232e-04 2.416482e-03
8.738323e-04 2.362483e-03
8.738405e-04 2.449970e-03
8.734588e-04 2.437039e-03
8.741396e-04 2.405237e-03
8.737048e-04 2.352576e-03
8.732815e-04 2.390961e-03
8.733101e-04 2.437383e-03
8.726363e-04 2.351790e-03
8.719506e-04 2.369199e-03
8.733501e-04 2.409570e-03
8.705327e-04 2.456613e-03
8.690005e-04 2.434514e-03
8.701067e-04 2.451246e-03
8.709601e-04 2.544978e-03
8.722781e-04 2.587816e-03
8.725566e-04 2.566765e-03
8.740786e-04 2.599361e-03
8.734124e-04 2.493317e-03
8.724053e-04 2.497201e-03
8.700991e-04 2.337921e-03
8.695982e-04 2.346709e-03
8.691441e-04 2.453636e-03
8.686643e-04 2.410774e-03
8.679874e-04 2.348664e-03
8.676386e-04 2.313480e-03
8.697816e-04 2.369548e-03
8.683883e-04 2.410379e-03
8.676211e-04 2.439252e-03
8.683487e-04 2.393344e-03
8.665197e-04 2.384428e-03
8.651253e-04 2.347644e-03
8.661851e-04 2.399871e-03
8.659810e-04 2.359853e-03
8.651137e-04 2.407679e-03
8.635433e-04 2.425902e-03
8.624811e-04 2.470075e-03
8.631003e-04 2.609573e-03
8.650100e-04 2.606742e-03
8.675113e-04 2.647513e-03
8.685266e-04 2.705810e-03
8.682951e-04 2.545617e-03
8.663164e-04 2.447333e-03
8.647436e-04 2.501162e-03
8.625615e-04 2.348484e-03
8.610642e-04 2.292526e-03
8.601600e-04 2.375256e-03
8.607589e-04 2.364718e-03
8.601059e-04 2.319100e-03
8.622647e-04 2.348776e-03
8.595215e-04 2.320730e-03
8.585496e-04 2.283829e-03
8.602956e-04 2.341346e-03
8.606535e-04 2.248085e-03
8.602441e-04 2.293819e-03
8.601332e-04 2.262809e-03
8.605312e-04 2.307665e-03
8.577292e-04 2.376086e-03
8.584164e-04 2.273641e-03
8.582774e-04 2.307994e-03
8.548475e-04 2.347688e-03
8.567916e-04 2.431369e-03
8.561979e-04 2.352181e-03
8.546298e-04 2.364890e-03
8.544557e-04 2.365488e-03
8.533877e-04 2.417250e-03
8.537659e-04 2.428868e-03
8.543156e-04 2.407611e-03
8.551304e-04 2.483215e-03
8.563501e-04 2.633322e-03
8.573430e-04 2.623758e-03
8.584030e-04 2.596926e-03
8.589198e-04 2.604967e-03
8.572529e-04 2.566704e-03
8.565117e-04 2.407736e-03
8.546759e-04 2.458245e-03
8.547135e-04 2.384101e-03
8.543823e-04 2.329552e-03
8.524188e-04 2.325862e-03
8.530446e-04 2.304240e-03
8.540490e-04 2.273434e-03
