0.799687
0.754612
1.554044
0.243469
0.458986
1.883096
0.243469
1.584337
1.028146
0.602862
0.322818
1.844216
1.402724
0.149642
0.953223
1.013948
1.965532
0.322818
1.038888
1.699046
1.733008
1.139199
1.967196
0.855906
0.602862
1.361620
0.149642
1.483007
1.527986
1.342738
0.934692
1.225884
1.038888
0.602862
1.101515
1.013948
1.844216
1.673208
0.322818
0.756804
1.699046
0.503574
1.013948
1.450082
0.953222
0.502395
0.149642
1.225884
0.243469
1.527060
0.668453
1.844216
1.403317
1.139199
0.844084
0.668453
0.142588
0.243469
1.225884
0.920243
1.884646
0.406165
0.418434
0.458986
1.527060
0.149642
0.243469
0.594907
1.253582
0.149642
0.243469
1.770997
1.629491
0.104490
0.149642
0.473711
1.013948
1.253582
0.418434
1.672707
0.701282
1.038877
0.602862
1.844216
0.243469
1.013948
1.225884
1.922499
1.342738
0.149642
1.306502
0.418434
1.101515
1.922499
0.149726
0.047938
1.554044
0.934692
0.243469
0.418434
1.139199
0.701282
1.307413
0.361359
1.949544
0.543866
1.844226
1.922499
1.483007
1.361620
1.253582
0.503574
0.149642
1.735148
0.602862
1.101515
1.361620
1.402724
0.322818
1.844399
0.602864
1.402351
1.756686
0.668599
1.013998
1.044567
0.149642
0.668453
0.322818
0.149642
1.629491
1.225884
0.701282
1.420472
1.672896
1.307413
1.402724
0.602862
0.701282
1.168279
0.755715
0.418434
0.149642
1.101515
1.165045
0.855906
1.361620
0.237502
1.844215
0.322929
1.366950
0.498553
0.934692
1.884645
0.418434
0.934692
0.602862
1.758999
0.368981
0.047938
1.629491
0.243470
1.844409
1.554111
1.699047
0.052419
1.776266
1.922499
1.483007
0.503574
0.668455
1.101515
1.527060
0.602806
0.149642
0.855929
0.149642
1.884646
1.419834
1.672854
1.844216
1.746303
1.483007
1.342738
1.844216
0.844084
0.503574
1.367065
1.402724
0.701282
1.554044
0.669139
1.013948
1.225873
1.922499
1.841413
1.225884
1.699046
0.147279
1.844216
0.149642
1.922499
0.418434
1.307413
0.243469
0.243468
1.038888
1.208651
1.307422
0.589117
0.477955
1.884695
1.884646
0.418434
1.101515
1.013946
0.368982
0.149642
0.602862
0.668497
1.629491
0.799687
1.483007
0.701282
1.420472
0.368982
0.247894
1.554044
1.756708
1.756679
0.243469
1.733266
0.543540
0.503575
1.101515
0.418434
1.013948
0.149642
0.602862
0.243469
1.554043
1.629491
1.039015
1.757698
1.139199
1.139199
0.149642
0.754612
0.754612
0.322818
1.884646
0.368981
1.361619
0.799687
0.418434
0.668453
1.013948
1.483007
0.433748
1.342738
0.149642
0.701282
1.287536
1.287536
1.139199
0.701282
1.366950
1.014696
1.770709
1.629491
1.757506
1.168279
0.754612
1.756683
0.149642
0.754612
0.441487
1.225884
0.406050
1.253582
0.322818
0.322819
0.594907
1.922499
1.483007
1.629491
0.149642
0.934692
0.754612
0.959300
1.584337
1.483007
0.472985
0.243469
0.602862
0.817557
0.855906
0.754612
1.629491
0.583467
1.527060
1.139199
1.733328
1.584337
0.047938
0.602862
0.855898
0.243469
1.483007
0.920254
1.139442
1.342738
0.149647
1.527060
1.629491
1.758613
0.322888
0.855906
1.013948
0.543540
0.149642
1.733295
0.149642
0.149642
0.836415
0.418434
1.699046
0.503574
1.628250
0.243464
1.844216
1.734592
0.243469
1.168279
0.934692
1.884646
0.602862
1.844216
0.602862
1.225884
0.602862
0.594907
1.630024
1.756686
0.527251
0.322818
1.139199
1.756656
0.362091
0.920254
0.602862
1.013948
0.012480
0.473132
0.754612
1.168279
1.629491
1.922499
0.855906
0.668453
0.418434
0.855906
0.012480
1.101515
0.107267
1.844216
1.013948
0.243469
0.149642
0.243469
1.776192
0.920254
0.243467
0.149642
1.922499
0.602862
0.754612
1.629491
1.629491
0.047938
1.038888
0.668453
1.922499
1.288027
0.107267
1.699046
1.917443
1.483007
0.361416
0.959300
0.503574
0.418434
0.322818
1.342738
1.527060
1.629491
0.418434
1.361620
0.503574
1.420472
0.594808
1.342738
1.208651
1.139199
1.342738
1.038888
1.629491
0.855906
1.420468
0.701282
0.149642
1.965532
1.922518
0.418434
0.322803
0.923190
1.756686
0.149642
0.107267
1.733296
1.699046
1.526799
1.101515
1.013948
1.168279
0.503574
1.922499
0.594907
1.402724
0.418434
1.208651
1.225884
0.817557
1.208651
0.418434
1.584337
0.149642
0.799687
0.799687
0.726550
1.342738
1.629491
0.149642
1.253582
1.699046
0.322935
0.149642
0.754612
0.503574
0.701282
1.965532
1.922499
0.543347
1.733296
1.483007
0.149642
0.149642
1.629491
1.402724
1.629491
1.253582
1.922499
0.149642
0.149642
0.149642
0.602862
1.013948
1.101515
1.450082
1.756686
1.101515
0.149642
0.243469
0.855906
0.668453
1.584337
1.733296
0.322818
1.253582
1.527060
1.806327
0.602862
0.421096
0.149642
0.602862
0.855906
0.433748
1.139199
1.709188
1.699046
1.844216
1.101515
0.934692
1.420472
0.920254
0.322819
0.754612
0.701282
1.139199
0.322818
2.025108
0.963510
0.799687
1.756937
0.668453
1.629491
0.668453
0.473132
1.629491
0.855906
0.602862
1.342738
1.922499
1.756686
1.844216
1.013948
1.965532
1.101515
0.366837
0.602862
0.855906
0.959300
1.253582
0.855906
1.922499
1.884091
0.322818
1.699046
1.420472
1.844216
0.503574
1.945413
0.243469
1.307413
0.472518
0.107267
0.602862
1.733296
0.252534
1.307413
1.168279
1.287536
0.959300
0.855906
0.875191
1.776124
1.208651
0.243539
0.857948
0.149642
1.629491
1.101515
0.920254
1.225884
1.307413
1.139199
0.503574
0.602862
0.754612
0.875191
0.701282
0.920254
0.368981
0.047938
1.483007
1.208651
1.699046
0.817557
1.922499
1.013948
1.414625
0.047938
0.243469
1.483007
1.287536
1.307413
1.776128
1.584337
1.734938
1.483230
1.699046
1.584337
1.139199
0.418434
1.922499
1.756686
0.589176
1.965532
0.107267
1.965532
1.770354
0.406049
1.965532
0.799687
1.208651
2.009795
0.602862
0.322818
1.287536
0.503574
1.882933
0.149642
0.418434
1.101515
0.243469
0.149642
0.322818
1.013948
1.771010
0.959300
0.149642
0.418434
1.139199
1.756961
0.107267
0.543526
0.953222
0.602862
0.047938
0.362781
1.844216
1.699046
0.243469
0.875184
1.420472
0.322824
1.629491
1.361620
1.029037
0.668453
0.418434
0.418483
1.038888
1.527060
1.013948
0.149642
0.149642
1.272969
1.361620
1.775794
0.418434
1.844216
0.956251
0.754612
1.414629
0.149642
0.953024
0.503574
0.503574
0.149642
0.418434
1.287536
1.965532
0.322818
1.527060
0.602862
1.013948
0.322818
1.922499
0.668453
1.844216
0.701282
1.844216
1.483007
1.168279
1.361620
1.844216
0.149642
0.333201
0.149642
0.149642
0.406050
0.602862
0.855906
1.756737
0.149642
1.287421
0.418434
0.047938
1.884646
0.668453
1.922499
0.503574
1.225884
0.047938
1.629491
0.107266
1.965532
0.754612
1.922499
1.629491
1.768515
1.629491
1.101515
1.527060
1.208651
1.885703
0.799687
1.844216
1.366950
0.844084
1.483007
0.149642
0.322818
1.139199
1.672892
0.149642
1.287536
1.629491
0.503574
1.844532
0.959300
1.775986
0.243396
1.307413
1.342738
0.458986
0.754612
1.013948
1.922291
0.149642
1.756686
1.101515
1.671797
1.584337
0.959300
1.629491
1.402724
0.149644
1.965532
1.402724
1.771333
1.420472
0.149642
1.922500
1.013948
1.483007
1.923324
0.418434
1.307413
0.934692
1.527081
0.149642
1.699046
1.208651
1.527060
0.243306
1.844216
0.418434
1.402724
0.959300
0.473132
0.602862
0.844084
1.554044
1.168280
1.013948
1.678859
0.543540
0.406277
0.406050
0.584687
1.366950
0.503574
0.418434
1.483007
1.650813
1.361620
0.322818
0.322818
1.361620
0.503574
0.855906
1.844215
0.149642
0.407591
1.922499
0.503574
1.266583
1.922499
2.009976
0.243469
1.884646
1.139199
0.107586
0.934692
0.418434
1.483007
1.342738
0.149642
0.844084
0.243469
0.418434
1.417728
0.149642
1.361620
1.101515
1.844217
0.920254
0.149642
0.322818
0.503574
0.685029
0.875191
0.012480
0.149642
1.554044
0.149642
0.149642
1.629491
1.685918
0.503574
0.368982
0.473133
1.225884
1.527060
0.754612
0.361359
1.483007
0.322818
1.483007
1.629491
1.013971
0.934047
0.433749
0.149642
0.322818
0.875191
1.483007
0.149642
1.629492
1.699046
1.101515
1.366950
0.668453
1.101515
0.817557
0.322838
1.844216
1.699042
0.149642
1.554040
1.366950
0.322818
0.817557
1.101515
0.668453
1.101515
0.602862
0.602862
0.406042
0.602862
1.139199
0.322818
1.699046
1.844216
1.965532
0.754612
0.418434
0.875191
1.881474
0.433748
1.483021
1.733296
1.361620
1.307413
1.922499
0.920254
0.322818
0.322818
1.420447
0.817557
1.287536
0.503574
1.393620
1.527060
1.307413
0.418434
1.629491
1.462698
0.243469
0.594908
1.733296
1.420472
0.406050
0.602862
1.639045
0.500962
1.139194
0.503574
1.307413
0.594907
0.149642
0.799687
0.855906
0.418434
1.139199
0.107267
0.322818
0.855906
0.361571
0.106743
1.922500
0.418443
1.139199
1.420472
1.756664
1.921772
1.342738
1.139198
1.402724
0.668453
0.602862
0.322820
0.243469
1.253582
1.208651
1.584337
0.322818
0.543540
0.602862
1.828581
0.754612
1.922499
0.701282
0.243469
0.754612
1.361620
1.225884
1.342738
0.920254
1.759462
1.922499
1.629491
1.629491
0.934692
1.922500
0.602862
1.554044
0.361461
1.844216
1.208651
1.922499
0.754613
1.527060
1.366950
0.382191
1.844178
0.406057
0.418434
0.799687
0.418434
1.139199
1.420472
1.756356
0.602862
0.149642
0.959300
0.754612
0.361359
0.107267
1.922499
0.602862
0.149642
1.307413
1.013948
1.483007
0.322820
1.168279
1.483007
0.754612
0.543540
0.875191
1.208651
1.011023
1.554046
1.922511
1.918980
1.342738
0.418434
0.817557
0.323129
0.243469
0.149642
1.013948
1.733296
1.101515
1.101515
0.322818
0.754613
0.433735
0.322818
1.483007
1.844216
0.433747
0.934692
1.891198
0.543540
1.168279
1.922214
1.483007
0.473134
1.366950
1.139252
1.101515
1.772236
0.322818
0.602862
0.322819
0.602862
0.418434
0.799687
1.287536
0.149642
0.543540
0.418434
1.013948
0.149642
1.139199
1.139199
0.701282
0.711473
1.693999
1.758474
1.208651
0.920256
0.543540
1.776104
1.038890
0.418449
0.803264
1.831584
0.817557
0.472949
1.733298
0.543540
0.671877
1.420470
0.240694
0.701282
1.045458
1.699010
0.503574
0.107267
0.418434
0.047938
0.503574
0.668453
0.149642
0.149686
0.602862
1.629491
1.450082
0.503574
0.875191
0.799687
1.139199
1.771006
1.483007
0.855906
0.602862
1.844216
1.483007
0.322818
1.844216
1.013948
1.038888
0.543540
0.149642
0.364192
0.418434
0.047935
1.757631
1.584337
0.405771
0.875191
1.483007
0.353044
1.696440
1.101515
1.307407
0.844084
0.959300
0.418434
0.876360
0.107267
0.602879
0.418434
0.406050
0.107267
0.322818
0.701282
0.668443
0.418435
1.922499
0.853519
1.629493
1.414700
1.733296
0.418434
1.757207
0.543540
0.149642
0.405691
1.844216
1.547601
1.208651
0.844084
0.934692
0.543540
0.855906
1.038888
1.038888
1.922499
0.668453
0.243469
1.225884
1.629491
0.754612
0.107271
1.101513
0.755116
1.629493
1.775851
1.554044
0.149642
1.402724
0.754612
1.038888
1.922499
0.149642
1.922499
0.149642
0.783739
1.629491
0.322818
0.855906
0.602862
0.366798
0.503574
1.101515
0.543540
0.503574
1.342738
0.322818
1.527060
1.483007
1.287536
0.322818
0.920254
1.740043
1.922499
1.307413
0.875191
1.342738
0.503574
1.965233
1.771009
0.243469
0.243469
1.733296
1.101515
0.875191
0.503574
0.458986
1.483007
0.668453
0.149632
0.461579
1.195610
1.844216
0.243469
0.817557
0.602862
0.149642
0.418434
0.149642
0.149645
1.699046
0.934692
0.149642
1.420472
0.855906
1.584337
1.733298
1.307413
0.475206
1.366950
0.875191
0.817557
0.952444
0.503574
0.754612
0.754612
1.101515
1.414625
1.253582
0.855906
0.149642
0.763169
0.875191
0.602862
1.013948
0.406050
1.013948
1.527143
1.733296
1.483020
1.554044
0.701282
1.844215
1.884646
0.322818
0.149642
0.243471
1.776144
1.366950
1.101515
0.959300
1.629491
1.733296
0.149475
1.527060
0.503574
1.001242
0.149642
1.922499
1.402724
1.168279
0.418434
1.361620
1.420472
1.139199
1.342737
1.527060
1.101515
1.629491
0.602862
0.322818
0.243469
1.483007
1.403109
1.844216
0.406051
1.733296
1.342738
1.844216
1.225884
1.672897
1.554044
1.225884
1.101515
0.149642
0.243469
0.149642
1.584160
1.922499
1.884638
1.844216
0.047938
1.225884
0.503574
0.817557
1.307413
0.602862
0.668453
1.139199
1.554044
0.149642
0.602860
0.543540
1.755235
1.731755
1.101515
0.953222
0.840303
1.483007
1.629491
0.503574
1.629491
1.287536
1.922499
0.406050
0.149642
1.629491
1.038888
0.149642
0.149642
0.920254
0.543540
0.701282
0.107267
0.934692
1.139199
1.655376
1.225884
1.253582
0.934692
0.150127
0.754612
0.243469
1.038884
1.164392
0.754612
0.855906
1.922499
1.527060
0.418434
1.629491
0.701282
0.104292
0.543540
0.418434
1.584337
1.922499
0.149642
0.418434
0.668453
0.243469
1.038888
0.701282
1.449859
1.770968
0.602862
1.361620
1.771002
1.672899
0.701282
1.208651
0.458986
0.368981
0.243469
0.243469
0.855906
0.602862
0.920254
1.699046
1.733770
1.584337
0.243469
0.701282
0.602862
0.418434
0.433748
0.602862
0.149642
1.886142
0.543541
1.361620
0.668453
1.253582
0.754612
1.629510
1.421848
0.149642
1.584337
1.922499
1.342738
0.754612
0.934692
0.817539
1.629491
0.701282
0.406050
0.543540
1.922499
1.776117
0.959302
1.756686
1.366950
0.602862
1.101515
1.756686
1.013948
0.594907
0.855906
0.021088
0.602862
0.243469
1.922499
1.699046
0.243469
1.038888
1.922500
0.473132
0.322818
0.181052
1.208651
0.701282
0.406038
1.253582
1.844216
0.602862
1.013948
1.287536
0.243485
0.149641
0.543540
0.458986
0.243470
0.322819
0.701283
1.699046
1.139199
1.965532
0.418527
0.602862
1.287536
0.427464
0.602862
0.149642
1.590747
0.243469
0.243245
0.799687
0.418434
1.361620
1.629491
1.483007
0.983452
1.013948
1.584337
0.456189
0.543540
1.287536
1.965532
0.589179
0.701282
0.406050
1.139199
1.756686
0.855906
0.458986
0.047939
0.243469
1.844218
1.965529
1.756609
0.350543
1.225884
1.013948
1.164392
1.672897
0.801785
1.844216
0.322818
1.629491
1.101515
1.361620
1.965532
0.701282
0.817713
1.101515
1.527060
1.733078
1.361620
1.287536
0.817557
0.472265
1.884592
0.149642
0.956251
0.418376
1.756706
1.013948
0.149642
0.418450
0.594357
0.754612
1.756686
1.450081
1.699046
1.287536
0.602862
0.602862
1.922499
1.733296
0.934692
0.149642
1.733296
0.934692
0.543540
0.243381
0.668453
1.366950
1.844216
0.920254
0.418434
0.934692
1.168279
1.844216
0.668453
1.756692
1.629491
1.287536
0.418434
0.418434
1.699046
1.756649
1.402724
0.406048
1.673027
1.361620
1.168279
0.418434
1.733289
1.307413
0.855906
0.243469
0.149642
0.754612
0.855906
0.959300
1.629491
0.754612
1.699046
1.253582
0.149642
1.253582
1.884646
0.418434
0.322818
0.668452
1.307413
0.107267
1.450082
0.934692
0.959300
1.101515
0.754612
1.629491
1.450082
1.013948
0.602862
0.243469
1.965532
1.361620
0.458986
1.287533
1.483007
0.149642
0.920352
0.458998
0.503574
0.874421
1.187088
1.139199
0.149529
1.733294
0.602862
1.965532
0.799687
1.366950
1.253582
1.168279
1.483007
1.013948
0.322818
1.629491
1.366950
1.139199
0.503776
0.368041
1.013948
0.149642
0.875191
1.035618
1.629491
1.361504
1.629491
0.754612
1.294072
0.171618
1.038888
0.875104
0.322818
0.149642
1.016945
0.855906
1.208651
0.418434
0.701282
0.243109
1.922499
0.668453
0.458987
0.406050
0.668453
0.149642
0.799687
0.406050
1.234869
0.363174
0.368982
1.208651
0.754612
0.149642
1.527060
1.164407
0.602862
0.149642
1.013996
0.368981
0.855906
0.243469
1.629491
1.287536
0.149642
0.322818
0.250428
0.012480
0.418434
0.418434
1.287536
1.733333
0.322820
1.884646
0.243469
0.322818
0.817557
0.149642
1.101515
0.956251
1.013948
0.406050
0.543540
1.554044
0.368983
0.368982
0.243469
1.938332
1.400970
0.959300
0.460660
0.920254
1.139199
1.361620
1.884646
1.101515
0.149665
0.543540
1.629585
1.255591
1.692451
1.554044
1.456417
0.149642
0.418434
1.756686
1.629491
1.629491
1.253582
1.402724
0.754612
0.668453
0.855906
1.208617
0.243469
1.483007
1.307413
0.701283
1.483007
0.844084
0.322818
1.164392
0.817557
0.149642
1.827591
1.139199
1.139199
1.776109
1.922499
0.595236
1.483007
1.225884
0.149642
0.149642
0.589174
0.959300
0.418434
1.483007
1.922499
0.817557
1.527060
0.243469
1.101515
0.701282
1.844807
1.746261
1.844216
1.287536
1.168279
0.959300
1.038888
1.168279
0.959380
0.817557
1.402724
1.756685
1.420472
1.584337
0.589175
1.013948
0.243471
1.584337
0.934692
1.866235
1.733296
1.629491
0.406050
0.503574
1.903210
0.844084
0.926115
1.629491
1.922499
1.851670
0.243469
0.418434
0.322818
1.963868
1.307413
0.875119
1.965532
1.922499
1.629491
1.164392
0.149642
1.629491
0.920254
0.959240
1.843758
1.844216
0.149729
0.149642
1.844216
1.629491
1.699046
1.225884
0.149642
1.483007
1.527060
0.594907
0.921108
1.629491
1.420635
1.287536
0.149642
0.107267
0.048289
1.366888
0.799687
0.953223
1.101515
1.629491
1.225884
0.149642
0.817557
1.733297
0.418434
1.287536
0.149642
1.402724
1.139199
0.701282
1.699046
0.104365
1.699046
0.243469
0.602862
1.342738
0.701282
0.149642
1.483007
1.483007
0.543540
1.287536
1.584337
0.149642
1.844011
1.699046
0.504200
1.208651
0.149642
1.257864
0.503574
0.369959
0.953222
1.013948
0.980774
1.629491
0.476664
0.668453
1.402724
1.307587
1.342738
1.629491
0.757753
1.013948
0.668453
0.322635
0.953024
1.013948
1.307413
0.012480
0.471317
1.483007
0.543670
0.149648
1.483002
1.844216
1.965532
1.361620
0.418434
1.307413
1.307413
1.699046
1.629491
1.208651
0.934692
0.594887
0.326720
0.243469
1.013948
0.371684
0.920254
1.771006
0.855906
1.755911
0.855906
0.322818
0.473302
0.418434
1.483007
1.699482
1.168278
1.629491
1.361620
0.701282
0.701282
0.149642
1.164392
0.844084
1.629491
1.101515
1.483007
0.934692
1.038888
0.047938
1.482986
1.922504
0.149642
1.776119
0.361359
0.668453
0.368972
0.418434
1.287536
0.542594
0.754612
1.225884
1.629491
0.243469
1.771003
1.965532
1.402724
0.602862
0.418434
0.322818
1.255410
0.149642
1.139199
0.107267
1.554044
1.366950
1.554044
0.701282
0.418458
0.047937
1.855427
1.450001
1.844216
0.602862
1.733296
1.101515
0.322818
0.844084
1.584337
0.602862
1.554492
1.584337
0.361359
0.149643
0.243469
0.243469
0.149642
0.602862
0.602862
0.503574
0.243469
1.672908
0.149642
0.934692
1.629491
1.208651
1.101526
1.699046
1.366950
1.101515
1.287536
0.602862
0.817557
1.850679
0.458986
1.038888
0.149642
1.629491
1.677364
1.101515
1.287533
1.013948
1.922500
1.965532
1.307413
0.844084
1.694379
1.036293
0.418434
0.602862
1.450083
1.922499
1.554044
1.483007
1.225884
0.543540
0.322818
1.208651
0.149642
1.402724
1.366950
0.503574
0.047935
0.857381
1.013948
0.503574
0.754612
0.920254
0.418434
0.418434
0.754612
1.629491
1.038888
0.418434
0.701283
1.965532
0.149642
1.758773
1.254070
1.013948
0.323266
0.361356
1.101515
1.307413
1.168279
0.754612
1.225881
1.965532
0.817557
1.776173
1.483007
1.699046
0.149642
1.922499
0.875191
1.844216
1.367967
0.920254
0.602862
1.756712
0.855906
1.844217
0.417199
0.406050
1.884646
0.243470
1.253582
0.418434
1.287536
0.149642
1.768533
1.208651
1.482997
1.483007
1.629491
1.584337
0.107267
1.699046
0.149642
0.602862
1.101515
0.418434
1.965532
0.418434
1.922499
1.208651
0.602862
1.629491
0.503574
0.754612
0.543540
1.756686
1.361620
1.025059
1.414625
1.038889
0.473132
0.322818
1.733551
1.629491
0.322676
0.243469
0.149642
1.884638
0.503574
1.554043
0.701282
0.149642
0.418434
1.965532
0.107209
1.225884
1.168188
0.966771
0.701282
1.225884
1.629491
0.844084
0.503574
1.402724
0.701282
0.149642
0.503574
0.602862
0.503602
0.701282
0.543629
0.754612
0.473132
0.844084
0.754612
1.101515
0.243469
1.756686
0.855906
0.855906
0.322818
1.965532
1.884646
1.307413
0.472860
0.423942
0.603702
1.964178
0.243469
0.322818
1.884650
1.307413
1.225884
0.701282
0.953024
0.418434
0.149642
0.246907
1.342738
0.836415
0.855906
0.322818
1.361620
1.844216
1.884649
1.844216
0.149642
1.038888
0.149642
0.602862
1.699046
1.884653
0.503574
0.543540
1.629491
0.503574
0.602862
1.584337
1.629491
1.402724
1.361620
1.225884
0.602862
0.754612
1.038869
1.139199
1.699046
1.733296
1.844216
0.754612
0.149642
0.602862
1.629491
1.013948
1.013948
1.844216
0.799716
0.855906
1.225884
1.845143
1.629491
0.855906
0.323655
1.038888
1.554044
0.418434
0.427454
1.287536
1.365398
0.107267
1.013948
0.369144
0.602862
0.799687
1.965532
0.934692
0.379226
0.799687
0.473132
1.776119
1.225884
1.844216
0.799687
1.013948
0.322819
0.855906
0.953024
0.934692
1.844216
1.699046
0.920254
1.629491
0.983461
1.168279
0.799687
0.322818
1.307413
1.672895
0.852313
0.754612
1.366950
0.701282
1.168279
1.554044
1.101515
1.342738
1.402724
0.503574
0.243469
1.253582
1.013948
0.418434
1.922499
0.754612
1.764046
1.101515
0.602862
0.149642
1.699046
1.554044
1.342738
1.483007
0.961666
1.420472
1.733389
0.149642
0.149642
0.855906
1.844828
0.799687
0.107267
1.420472
0.458986
1.483007
1.770999
1.287536
0.754612
1.101515
1.776247
0.817557
1.101515
0.047938
1.013948
0.418434
1.139199
1.013948
1.361620
0.458986
1.584337
1.584337
1.922499
0.855906
0.012480
0.243469
1.922499
1.844216
0.418434
0.047938
0.855906
0.543540
0.322818
0.149642
1.629491
0.920220
1.361620
0.367258
1.366950
0.241346
1.844216
0.701282
1.101515
0.368982
0.322818
1.139199
1.629491
0.503574
1.844225
1.013948
1.756686
0.855352
0.844084
0.149642
0.243469
0.243469
1.253582
1.756662
0.322818
1.922505
1.844216
1.629491
1.884646
0.322818
1.584337
1.629491
0.602862
0.322818
1.922499
1.208651
1.307413
1.584337
0.406199
0.754612
1.965532
1.821076
1.922499
0.754612
0.418436
0.243469
1.672896
0.754627
0.754612
1.922499
0.844084
1.139199
0.473132
0.602862
0.855906
0.799687
1.402724
0.243469
0.799687
0.543541
1.366950
1.361620
1.483007
1.366950
0.844084
1.733333
1.922499
0.322819
0.418434
1.164392
1.366950
0.322818
0.602862
0.406050
0.458986
0.503574
1.101515
1.208651
1.884615
0.844084
1.965532
0.668453
1.139199
1.844216
1.699046
0.149642
1.584337
1.420472
0.149642
1.844217
1.225884
0.361358
0.418437
1.013948
0.418418
0.406050
1.366950
0.875191
0.503574
0.117822
0.406050
0.149642
0.243469
0.499665
0.322818
1.768294
1.420472
1.965532
0.543540
0.602862
1.699043
0.754612
1.629491
1.733350
0.799687
1.483007
0.406040
0.149642
1.629363
1.013948
1.771008
0.799687
1.366950
1.225884
1.922499
0.503574
0.589210
1.629491
0.959300
0.322818
0.406050
1.617406
1.629487
1.629491
1.629491
0.668453
1.884646
0.959300
1.483007
1.844216
0.754612
1.208651
1.629491
1.139200
0.543540
0.243469
0.149642
0.050537
1.038888
0.602862
1.776121
0.243469
0.243359
0.473424
0.854865
1.101515
1.527060
0.934692
0.418434
0.602862
1.922499
1.756685
1.884645
0.635996
1.756686
1.289550
0.594907
0.503574
0.243469
0.754612
0.754612
0.322818
0.920254
0.149642
0.149642
0.322818
0.754612
1.342738
1.554057
1.139199
0.920254
1.922499
1.013948
0.418434
1.844216
1.922499
0.149642
1.208651
0.934692
1.844216
0.418434
0.934692
0.956251
0.418434
0.107267
0.418434
0.602862
0.799687
0.934692
0.149642
1.101515
0.149642
0.668453
0.047938
1.013948
1.342733
0.844084
0.242809
0.149642
0.107285
0.149642
1.013945
0.701282
1.584337
1.424691
1.483007
1.554044
1.483007
1.168279
1.101515
0.322818
1.225884
1.013948
0.754612
1.101515
0.418434
1.342738
1.361620
0.473132
0.602862
0.503574
1.756686
0.048002
1.924320
1.402295
0.934692
1.527060
1.101515
0.856227
0.418434
0.920254
1.208651
1.139199
1.699046
0.855906
1.699045
0.668453
1.013948
1.101515
1.530499
0.701282
0.243469
1.922621
0.361359
0.149642
0.322818
1.733306
0.799687
1.756688
1.527060
0.920254
1.884807
0.953024
1.400654
1.014053
0.149642
0.543540
0.668453
1.101515
0.149680
1.168279
0.701282
0.149642
1.766363
0.149449
0.611896
0.322984
0.543540
1.632993
0.799687
1.208651
1.013948
1.101515
0.543540
0.844084
1.253582
0.361358
0.701282
1.307413
0.047938
0.844084
0.323010
0.149642
0.934692
0.473132
1.554002
1.366950
1.554055
0.959300
0.149642
0.149642
0.602862
1.402724
0.427464
1.013948
1.402724
1.483007
1.805641
0.754612
1.013948
1.699217
1.527060
0.149642
1.253582
0.503574
0.602862
0.503574
1.527060
1.629491
0.754612
1.584337
0.098696
0.243114
0.149642
0.396862
1.450082
0.602862
1.844216
0.473132
1.225884
0.418434
1.038888
0.602862
0.920249
0.799687
0.934692
0.149642
1.698288
0.473133
0.149642
1.287536
0.243469
0.149642
1.629491
0.481531
0.322818
0.243469
0.818872
1.845114
1.139199
0.322818
1.342648
0.243469
0.149642
1.013948
1.699504
0.243469
0.602862
1.554044
1.763481
1.629491
0.322818
0.668453
1.699026
0.252787
1.629369
1.965532
0.855906
0.855906
1.342738
1.844216
0.836415
0.047934
0.243469
1.965532
0.503574
0.418435
1.365899
0.322818
1.922499
0.358098
1.450082
0.934692
0.701282
0.149642
0.149642
0.817557
1.187088
0.817557
0.855906
1.101515
1.732641
1.364418
0.149642
1.844216
1.757422
1.584337
1.844216
0.783739
1.922499
1.483007
1.420472
0.418434
1.756686
1.342738
1.699046
1.287536
0.701282
0.368981
1.208766
0.701282
1.366950
0.284557
1.699054
0.701282
1.761864
1.413866
1.038888
1.366950
1.013948
1.420472
1.756686
1.225796
0.308885
0.959300
1.038925
0.149642
1.922499
0.754612
1.755960
0.149642
1.287494
0.115886
0.149642
0.322818
1.922499
1.776119
1.770762
1.756687
0.047938
0.701282
1.164392
1.208651
1.225884
0.503574
1.965532
1.584337
0.418434
1.101515
1.844197
0.594907
0.418434
0.147591
1.168279
1.584337
1.101515
1.922499
0.322821
0.701282
1.168279
1.253582
1.287548
0.330346
0.602862
1.101515
0.047938
0.754612
0.149642
0.503574
0.934692
1.287536
1.225884
0.799687
1.584337
1.629491
1.699045
0.149642
1.733296
0.357539
0.503574
1.366954
0.543540
0.418434
0.149642
0.920254
1.774297
0.243469
0.543540
1.844216
0.149642
0.418434
0.799687
1.361576
0.418434
1.965532
1.253582
0.322818
0.783739
0.012480
0.668453
1.013948
1.420472
0.602862
0.149642
1.699046
0.047938
0.243469
0.473132
1.403717
0.418434
1.629491
0.817557
1.101515
0.141067
0.149642
1.733296
1.361620
1.208651
1.965532
1.629491
0.107267
1.844216
0.602862
1.259221
1.101515
0.754612
1.881937
0.754612
0.602862
1.527060
0.243469
1.450082
0.875191
1.361620
1.756686
1.168279
1.756687
1.965532
1.013948
0.602862
0.920289
0.322819
1.884659
1.965532
1.253582
1.844214
1.629491
0.959300
1.844216
1.629491
0.433157
0.668453
0.920396
1.420472
1.923450
0.149642
0.243469
1.013948
0.418434
1.699046
1.965532
1.584337
1.483007
0.504610
1.884646
1.699046
0.368979
1.699046
1.402724
1.287536
1.361620
0.405958
0.047938
1.527060
1.922499
1.225884
0.418434
0.418434
0.368982
0.589022
1.527060
1.965532
1.420472
0.418434
1.629491
0.602862
1.483007
0.418434
0.418434
0.799689
0.322818
0.543540
0.149642
0.149642
1.699046
0.473136
0.149642
0.754612
0.243469
0.799687
0.322819
0.243469
0.855906
0.855906
1.402724
1.252502
1.038888
0.855906
0.817557
1.733295
0.701282
1.884637
1.361620
0.243469
1.922499
0.855906
1.168279
1.756686
0.406087
1.208651
0.149642
0.754612
0.543547
1.756686
1.450082
0.934692
0.543540
0.668453
1.922499
0.754612
0.149642
1.225884
0.602862
1.922499
1.629491
0.149642
1.101515
0.959300
0.243469
1.361620
0.149642
1.253585
1.629491
1.770682
1.922444
1.483007
1.629491
1.733296
1.553885
0.149642
0.503574
1.776018
1.554043
0.243469
0.959300
1.013948
0.322819
1.629491
0.149642
1.164392
0.406050
1.756686
1.164392
1.307413
0.361359
1.253582
1.629491
1.168279
0.754611
0.149642
1.771031
1.554038
0.240187
0.406052
0.701282
1.253582
0.754612
0.799687
0.243469
1.844296
1.013948
0.754612
0.668453
0.418434
0.149642
1.884646
1.208651
1.287536
1.922499
1.366950
0.602862
1.483309
0.107267
1.771006
0.602862
0.754612
0.149642
1.884699
0.686148
0.701242
1.584337
1.771017
1.884390
0.107266
1.744187
0.980753
1.776101
0.338940
0.149646
1.965532
1.013948
0.418434
0.754612
1.774862
1.780769
0.754612
0.934692
1.013948
0.149642
0.754612
1.307413
0.602862
0.418434
1.771006
1.361620
1.483007
1.733156
0.799687
0.473128
1.366950
0.754612
0.047938
0.473132
1.756686
0.322827
0.602862
0.149642
0.668453
1.948521
1.844216
1.253582
1.013948
0.149642
0.406050
0.799687
0.243469
0.594854
1.776176
0.920254
1.844216
0.701282
0.920254
0.418434
1.342738
0.959300
0.754612
0.107267
1.101515
0.042930
0.543554
0.084654
1.483007
0.322818
0.418434
1.733296
1.965532
0.668453
1.968688
0.107267
1.208651
0.920254
1.756686
0.047941
1.483007
1.527060
1.554044
0.246829
1.844188
1.527060
0.418434
0.503371
1.584337
0.855906
0.107269
0.934692
0.668453
1.420472
1.756686
1.253582
1.733296
0.322818
0.543540
1.013948
0.936591
1.253582
0.149642
0.322818
0.160393
0.107309
0.503574
1.756686
0.406050
1.922499
1.756686
0.149642
0.473320
1.672899
1.366950
0.934692
0.149642
1.208651
1.844211
0.243469
0.418434
1.629491
0.602862
1.013948
0.149642
1.139199
0.149642
1.164392
0.547628
0.149642
1.922499
1.445951
1.402724
1.834981
1.766519
1.139199
0.855906
0.243469
1.554044
0.594907
1.584337
1.038888
1.013948
0.543540
0.418434
1.361620
1.034801
0.149642
0.406050
1.483007
0.418434
0.149642
0.602862
1.420472
1.584338
1.291124
1.629491
1.450082
0.047938
1.101515
0.418995
1.013948
1.367458
0.047938
0.754612
1.922502
1.483007
0.243469
1.013948
0.702884
1.253582
1.584337
0.701275
1.756686
1.101515
0.844084
0.934692
0.953024
0.844084
0.149642
1.965532
1.965590
0.602862
1.844216
0.875191
0.322818
1.780961
1.225884
0.701282
0.418434
0.844084
0.149642
1.287536
0.543540
0.934692
1.733296
0.934692
0.602862
1.884613
1.884620
0.611921
0.149642
0.361359
0.154693
0.817557
1.164392
0.418434
1.013948
0.149642
0.920254
0.418377
1.733296
0.503575
0.149642
1.483007
0.418434
1.342738
0.149642
0.602851
0.243469
1.765296
0.855906
0.602862
0.110354
1.884692
0.934692
1.629491
1.168279
0.934692
0.149642
1.629491
0.458986
0.934692
0.855906
0.844084
1.253582
0.668453
0.243469
1.922499
0.361178
1.361601
0.418434
1.139199
0.543540
0.503574
1.756686
1.922499
1.921082
0.322818
1.629491
0.361725
0.754612
1.965532
1.922499
0.149642
1.287536
0.701282
0.920254
0.149642
0.243469
1.287536
0.322818
0.754612
1.756688
0.855906
1.366950
1.922499
0.345894
1.483008
0.701282
1.778627
1.922499
1.965532
1.287536
1.629491
0.149642
1.554044
0.243469
0.543540
0.149642
1.139208
1.253582
1.554043
0.817557
1.756686
1.629491
0.602862
0.473241
1.844216
1.225884
1.940879
0.406050
1.013948
1.629491
1.733296
1.225884
1.844216
1.168279
0.243469
0.243469
1.672884
1.208651
1.776119
1.527060
1.307416
0.361437
1.554044
0.418434
1.922499
1.307413
0.156837
1.483007
1.682324
0.503710
0.602862
1.361620
1.922255
1.527060
0.855906
0.322818
1.402724
0.322818
0.754612
0.458986
0.322818
0.322818
0.464945
1.139199
1.361620
1.024677
1.038888
1.733296
0.589174
1.629491
0.418434
1.038888
1.776247
1.101515
0.701282
0.317276
1.629491
1.208651
1.629491
0.934692
1.361620
0.149642
0.855906
1.844322
0.602862
0.701282
0.920254
1.402724
1.101515
0.243520
1.775797
0.149642
0.754612
0.602862
1.844216
1.139199
1.922499
0.594907
1.361620
1.208651
1.483007
0.920254
1.848897
1.402724
1.402724
1.139199
1.342738
0.602862
1.287536
1.483007
0.243469
1.013948
0.162873
1.965532
1.287536
0.754612
0.149642
1.101515
0.836415
1.483007
1.402724
1.342738
0.117597
1.168279
0.107267
0.418434
1.584294
0.920254
0.920254
1.527060
1.922499
1.699046
1.402724
1.013948
0.149642
0.322818
0.543540
0.543032
0.418434
1.483007
0.418434
0.243469
0.418434
1.756686
1.844215
0.149642
1.965532
0.701282
1.139199
1.629491
1.629491
1.884644
1.576121
1.366950
0.363742
0.875191
1.361620
0.149642
1.098817
0.602862
0.149642
1.101515
0.322818
0.817557
1.672899
1.013948
1.922499
0.668453
1.844216
1.844216
1.733296
0.243469
1.699046
0.668453
0.322807
0.754612
0.589174
1.208651
0.855906
0.920254
0.322818
1.922499
1.483007
0.953223
0.149642
0.855906
0.149284
1.527060
0.149642
0.343014
0.602862
1.554044
0.107267
1.699046
0.799687
1.139199
0.602862
0.701282
1.922499
1.013952
1.139219
1.139199
0.473111
0.406050
0.701794
1.733296
0.149642
0.844084
0.855906
1.527060
0.934323
1.483007
0.799687
0.047941
1.884638
1.922499
0.047938
0.406050
1.527060
0.602862
0.855906
0.934692
0.149642
1.342738
1.527061
0.418434
1.342738
0.149642
0.817557
0.543540
0.243469
0.243469
1.584337
1.629491
1.253582
0.953222
0.149642
0.754612
1.699038
0.149642
0.934691
1.554045
1.922922
0.836415
1.402984
1.756682
0.934692
0.668453
0.107267
0.243469
0.844084
1.253582
0.934692
0.418428
1.402724
1.844216
1.342738
0.701282
0.754612
0.855906
1.844216
0.404063
1.844230
0.799687
0.243469
0.107267
1.101515
1.844216
0.817557
0.149642
0.418434
1.667302
0.602862
1.756686
1.450082
0.107267
1.366950
0.920254
1.527060
0.149642
0.503574
0.934692
0.418229
0.149642
1.965532
0.855906
0.503574
0.959300
1.922052
0.149642
1.629491
0.594907
0.107267
1.766746
0.701282
2.009986
1.013956
0.322817
0.503574
0.322819
0.418535
0.243469
1.342803
1.844216
1.554044
1.699624
1.844216
0.920254
0.754612
1.139199
1.629491
0.363419
0.406050
1.101515
1.844216
0.602862
1.527060
0.406050
0.701282
0.594907
1.884645
1.629491
1.013948
0.701282
1.253582
0.149642
1.287536
0.920254
0.817557
0.406050
1.942455
0.149642
1.922499
0.875288
1.844216
1.922499
1.013948
1.420472
1.846331
1.402724
1.733296
1.629491
0.243470
1.253582
0.149642
1.884646
0.149642
0.418434
0.418434
1.672896
0.418434
1.584495
1.844216
1.168278
1.168279
1.253582
1.366950
0.418434
1.922499
1.884646
1.253582
1.584341
0.754612
0.243451
0.668453
1.225887
0.429426
1.844216
0.322818
1.922499
0.418434
0.543540
0.543547
1.287536
1.225884
1.450082
0.047938
0.920254
1.225884
0.783673
0.149642
0.844084
1.922499
0.406050
1.307413
1.770998
0.934692
0.418434
1.414613
1.013948
1.164392
0.202364
0.543557
0.243469
1.483007
0.934692
1.756686
0.602862
1.225884
0.503574
1.225884
0.243469
0.920254
0.503574
0.855906
0.543540
0.361359
0.783738
1.450082
0.855906
0.934692
0.405201
0.668453
0.473132
0.754612
1.596854
0.668453
1.101515
0.368982
0.149642
0.361033
1.208538
0.243469
0.322819
1.013948
0.855906
0.149642
0.799687
0.602862
1.168279
1.402724
0.149642
0.418434
1.734726
1.698981
0.920254
0.754612
1.965532
0.149642
0.754612
1.844184
0.149642
1.164392
0.243469
0.012480
0.983460
1.139199
0.701282
1.756686
1.208651
1.844216
1.629491
1.101515
0.594919
1.733296
0.149642
1.667121
0.418434
0.149642
1.361620
0.934692
0.107266
1.253582
1.756686
1.168279
1.629491
0.149642
1.442411
1.629491
0.701192
1.483007
1.699046
1.965532
1.361620
1.342738
1.965532
0.836415
1.554044
1.148884
0.405511
1.965532
1.554044
0.602862
1.844216
0.149642
1.732969
0.543532
0.418434
1.013948
0.701246
0.602862
1.629491
0.150683
1.208651
0.602862
0.322818
0.701282
0.544785
1.733296
1.699045
0.149642
0.701282
0.855906
1.844216
1.361620
0.503574
0.920254
1.965728
0.407211
1.402724
0.149642
0.602862
0.589178
1.253582
0.418828
0.383153
1.965532
1.965532
1.844249
0.602862
0.149642
1.760841
1.965532
0.149642
0.754612
0.543540
1.101753
0.920254
1.699046
1.013948
0.458986
0.844084
1.629491
1.884645
1.420472
0.920254
0.543540
1.527060
1.168279
1.038887
1.342738
0.855906
1.844216
1.884658
1.013948
0.551204
1.756686
1.629491
0.149642
1.361620
1.527060
1.706643
0.920254
0.855906
1.672896
1.483007
1.366950
0.668453
1.844216
1.629519
1.225884
1.361620
0.934692
0.934692
1.922617
0.701282
0.503574
0.602862
1.584337
0.322818
0.418434
1.168012
1.526617
1.629491
1.844216
1.629491
0.602862
0.754612
1.139199
1.884647
1.307413
1.483007
0.322818
1.527060
1.013948
1.629491
0.243469
1.844216
0.149642
0.149642
0.855906
1.844216
0.418434
0.243469
0.322818
0.934692
0.149666
0.502556
0.754612
0.817557
1.225884
1.253582
1.013948
0.323008
1.527060
1.366950
0.503574
1.342738
1.361620
0.543535
1.629491
1.922499
1.342738
0.149336
0.458986
0.543540
1.922499
0.149642
0.149642
0.503574
0.668453
1.225884
1.139199
0.243469
0.418434
1.629491
0.243469
0.844084
0.855753
1.287536
1.013948
0.701282
1.483007
0.667286
0.105115
1.225884
1.550865
1.208651
1.483007
1.253071
0.503574
1.253582
0.149642
0.543540
0.458986
0.602862
1.402724
0.959300
1.922499
1.483007
0.368982
0.149642
0.128055
1.584381
1.253582
1.208651
1.844216
1.225884
1.225884
0.418434
1.554044
1.307408
0.934692
1.287536
0.668453
1.361617
1.699046
1.253582
1.584337
1.733296
1.629491
1.584337
0.589174
0.418434
1.307413
1.756686
1.287536
1.101515
1.013948
0.149642
0.602862
1.483007
0.799687
0.368982
0.754612
0.543540
1.629491
0.543540
0.754612
0.855906
1.584337
1.527111
0.920046
0.668461
1.483007
1.844402
1.139199
1.225884
1.307413
0.503574
0.855906
1.884646
0.855906
1.629490
0.418434
1.527060
1.013948
1.139199
1.699046
0.503574
1.756701
1.527060
1.884646
0.844084
1.629491
1.307413
0.149642
0.149642
0.602862
1.629491
1.287536
0.406050
1.483007
1.844216
0.503574
1.402724
1.756686
0.953024
1.305501
1.629491
1.164392
1.361620
1.922499
1.013948
0.953223
1.038888
1.629491
0.243469
0.458986
0.243469
1.965532
1.483007
0.602862
1.965513
1.101515
0.047938
1.844216
0.920254
0.934692
1.922499
1.554044
1.554044
1.287536
0.701282
0.149642
0.934692
1.402724
0.243469
0.543540
1.699099
1.483007
0.602862
1.844216
1.527060
1.672896
0.594850
1.101515
0.701285
1.756697
1.922499
1.164392
1.013948
0.107267
0.668453
1.554044
1.287536
0.418434
0.754612
0.754612
0.855906
1.101515
1.531211
0.243469
0.149642
1.667749
1.101892
0.817567
0.701282
0.920254
0.799687
1.402724
0.361282
0.668453
0.322818
0.418434
0.543610
1.770845
1.844216
0.322818
0.799687
1.554044
1.672896
0.243469
1.483007
0.799687
1.225884
1.101515
1.629491
0.418434
0.920254
1.139199
0.149642
0.602862
0.322818
1.629491
0.543540
0.754612
1.922499
0.322819
1.253582
0.149642
0.701282
1.038886
0.602862
0.149642
0.188321
0.418434
1.483007
1.139199
1.699046
0.855906
1.584337
1.030257
1.922281
1.420485
1.101515
0.754612
1.402724
0.701278
0.418434
0.603524
1.361620
1.013948
0.461135
1.629491
0.149642
0.429851
0.959300
1.402724
1.776119
0.322262
0.502191
0.855906
1.287536
1.965532
1.139199
0.855906
1.096406
0.701299
0.855906
1.884646
0.543541
1.844216
1.629491
0.867242
0.920254
0.149642
1.965532
1.776186
1.629491
1.884646
1.844216
0.159619
0.243274
1.225884
0.322818
0.418434
0.503574
1.139199
1.287536
1.884646
0.324273
0.047938
1.844216
0.322818
0.855906
0.243469
0.149642
1.922499
1.287536
1.527060
0.418434
0.701282
0.149642
0.149642
1.164392
0.547279
1.562285
1.483001
0.503574
1.287536
1.013948
1.733296
0.473132
0.149642
0.107104
0.952444
0.754612
1.699046
1.965533
1.759359
1.585014
1.361620
1.884646
0.149642
1.483007
0.322818
0.543540
0.243469
1.527060
1.168279
1.013948
0.754612
1.584273
1.225884
0.322818
1.965532
1.208651
1.287546
0.953222
0.855906
0.149642
1.366950
1.307413
0.602862
0.817557
0.047938
0.109718
0.047945
1.402724
1.672896
0.602862
0.149642
1.168279
0.602862
1.844210
0.243469
1.483007
0.149642
0.754612
0.322818
1.208651
0.368981
0.418434
0.149642
1.402724
0.322818
1.699046
1.139199
1.225884
1.225884
1.168279
1.844216
0.543433
0.243502
0.701282
0.343126
0.851658
1.402724
0.243469
1.139199
0.754612
1.139199
1.965532
0.920254
0.243469
0.406050
0.602862
1.366950
0.986393
0.920254
0.107267
1.287536
1.699045
0.418434
0.418434
0.543540
1.922496
0.406379
0.149642
0.543540
1.013924
1.922274
0.668248
1.013948
0.322818
0.542636
1.101515
1.483007
0.406050
0.243469
0.503557
0.047942
0.243468
1.414628
0.844129
1.253581
1.844216
0.243469
0.322889
0.047938
0.243469
1.965532
1.287536
1.699046
0.668453
1.366950
1.672896
0.701282
1.844216
0.149642
0.418434
1.225884
0.855906
0.503677
1.527060
0.602862
0.855906
1.342738
1.139199
1.771067
0.934692
0.418432
1.844216
0.418434
1.629491
1.287536
1.756686
1.583880
0.920254
0.668453
0.844084
0.701282
1.450086
0.243469
1.922504
0.934692
1.013948
1.629491
1.699046
0.047938
0.149640
0.844084
1.307413
1.699046
1.483007
0.855906
0.418434
0.361359
1.164392
1.629491
0.418434
0.473132
0.316714
1.361620
0.418434
1.483007
0.149431
1.038888
0.243469
0.418434
0.920254
1.164392
0.844033
0.418434
0.652619
1.253582
0.418434
1.925870
1.527060
0.012480
0.149642
0.855906
0.243469
1.013948
1.342738
0.149642
1.038888
0.147402
0.602862
0.799076
1.101515
1.101515
0.149642
1.530264
0.754612
0.149642
1.629491
0.503574
0.149642
0.594907
0.503574
0.047938
0.149642
1.732246
1.384034
0.322818
1.483007
0.149642
1.884620
1.844216
0.418547
1.483007
0.149642
0.368982
0.458963
0.418434
1.884646
1.208651
0.701282
0.503574
0.503574
0.934692
1.776139
1.527060
0.783739
0.503580
0.149642
0.322574
0.817557
0.243474
1.877893
0.354442
0.543650
0.322497
1.733301
1.733296
1.101515
0.754612
0.473132
1.699046
1.629491
1.629491
1.287643
0.934692
0.602862
0.503574
0.243469
1.842531
1.450082
0.361402
1.101515
0.799687
0.701282
0.668453
0.149642
0.934692
0.862348
0.149642
1.101515
1.784993
0.799687
0.150263
1.922499
1.965532
0.244632
0.503574
0.855128
0.701282
0.243469
1.629491
0.418434
1.958874
0.418434
1.101515
1.483007
1.013948
0.047938
1.584932
0.418434
1.629491
0.855906
0.418434
0.754612
1.554044
0.322818
0.418434
1.699043
0.799687
0.149642
0.701282
1.884646
1.629492
0.602862
0.602862
1.584331
1.139775
1.483007
0.418434
1.756686
0.602862
1.139199
1.287501
0.322818
0.149642
1.307413
1.756686
1.139199
0.149642
0.418434
1.733296
0.934692
0.398853
0.149642
0.503671
1.139199
1.889252
0.668453
0.415721
1.756686
0.855906
1.307413
1.844216
0.322818
0.243469
1.139199
1.402724
1.733296
1.342738
0.543540
1.164392
0.789333
0.473132
1.550951
0.149642
1.554044
0.361630
1.287206
1.342738
0.473133
0.754612
1.101515
1.342738
1.548856
1.013948
0.844084
0.959300
1.402724
0.435693
0.920254
1.756685
0.418434
1.038764
0.149642
0.149642
0.151837
1.390015
0.983461
0.920254
0.844084
0.844084
1.483007
0.243469
1.844216
1.483007
1.672896
0.799687
1.361620
1.225884
1.965532
1.287536
1.554044
1.756709
1.208651
0.503538
0.322818
0.920254
0.243469
0.149642
0.593200
1.450082
0.237573
1.361620
1.013948
0.799687
0.799687
1.483007
0.473405
0.701282
1.287536
0.543540
1.402724
1.844216
2.009986
1.420472
0.149642
1.922499
0.323706
0.243469
1.756686
1.629491
1.554044
0.934692
1.287536
1.922499
0.243469
0.701282
0.149642
0.754612
1.699038
1.225884
0.959300
0.844084
1.844216
0.149642
0.418434
1.361618
1.038888
1.924372
0.471153
1.922499
0.754612
0.953222
1.287536
1.756686
1.584337
1.038888
1.922499
0.934692
1.101515
0.503574
0.920254
0.920254
1.629491
0.418434
1.584337
1.253582
0.322819
0.668453
1.342738
1.101516
1.307413
0.418434
1.366950
0.473132
1.164392
0.418434
0.855906
0.602862
0.149642
0.418434
0.701282
1.771837
0.503574
1.844216
0.602862
1.884646
0.243469
0.701282
0.149642
0.322818
1.717368
1.416149
0.418434
0.322818
1.672896
1.554044
1.013948
0.149642
0.322818
0.418434
1.844216
0.817557
1.884616
0.875207
0.855907
1.629491
0.602862
0.668453
0.149642
0.952419
0.322818
1.168279
1.441082
1.225884
0.668453
1.038888
1.733296
0.920252
0.322818
1.307413
0.754612
1.844216
1.629491
0.418434
0.243469
0.959300
0.243469
0.149642
0.149642
1.414625
1.527060
1.629491
0.668453
0.149642
0.815738
0.418434
0.855906
0.966771
0.243469
1.366950
1.253582
0.754612
1.965532
1.361620
0.149650
1.584337
0.149642
1.208651
0.855906
1.527060
0.855906
1.038888
0.668454
0.602862
0.107266
1.038888
0.754612
0.920254
0.149642
1.672897
1.844216
1.101492
1.101515
1.402724
0.149642
1.101515
1.756686
1.965533
0.322821
0.844084
1.253582
1.527060
0.149642
0.754232
0.317970
1.776119
1.526612
1.554044
0.668488
1.208651
0.668453
1.930929
0.243469
1.483007
0.855906
1.922499
0.602862
0.322818
1.674896
0.418434
0.322818
1.225884
0.047199
0.047938
0.243469
0.418434
0.243469
1.922499
0.418434
0.418434
0.817556
1.776120
0.701282
0.503628
0.701282
1.483007
1.342738
0.920254
1.629491
0.243469
0.047938
1.402724
0.934692
1.101515
0.149642
1.483007
0.754612
0.602862
0.589174
0.668453
1.844216
0.361586
0.952444
0.668453
0.107267
1.844216
1.402724
0.418434
0.322817
0.149642
0.418333
1.922499
0.243469
1.699046
0.368980
1.307413
0.602862
1.756686
1.101515
0.920254
0.418434
1.756686
0.243469
1.101515
0.836415
0.243469
1.756686
1.440331
0.418434
0.361369
1.483007
0.149642
1.965532
0.668453
1.629491
1.922499
1.253582
0.107266
1.629491
1.733296
1.038882
0.361359
0.418434
0.243469
0.149642
1.287158
1.253582
0.149642
1.554068
1.139199
0.602862
0.149642
1.699046
1.629491
0.817557
0.404607
1.672896
1.584072
1.101515
0.418434
0.149642
1.733295
0.503574
1.733424
1.038888
0.149642
0.149642
0.503574
0.959300
0.149642
0.817557
1.495135
1.402724
1.922499
0.322818
1.844216
1.884646
1.168279
1.287536
0.418434
0.418434
1.672902
1.965532
1.554039
1.884638
1.756113
0.836415
1.483007
0.754612
1.844216
0.543540
0.503574
1.554044
1.629491
0.953222
0.433748
1.629491
0.243469
1.208651
0.243469
1.756686
1.922499
1.483007
0.668453
0.149642
0.322819
1.553990
1.101515
1.756866
0.366193
1.101515
1.965532
0.920254
0.368741
0.047938
1.420472
1.101515
0.243469
0.809039
1.965532
1.733296
1.629491
1.584337
1.175487
0.667890
0.701282
0.047928
1.756686
0.149642
0.602862
0.047938
1.450079
1.013948
0.149642
0.959300
1.554044
1.629491
0.668453
0.920254
0.107267
0.602862
0.602862
0.047938
0.602862
1.527060
0.701283
0.602892
0.322818
1.554044
0.701282
0.754619
0.418434
1.420478
1.101515
0.807141
1.208651
0.875191
0.406007
0.243469
1.013948
0.149642
0.013984
1.584337
1.883839
1.699510
1.013948
0.754612
0.754612
0.701283
1.483007
0.366861
1.733279
1.965532
0.668453
0.503574
0.983461
1.629491
0.666361
1.013948
0.934692
1.101526
0.959300
1.342738
1.844216
0.418434
0.934692
0.754612
0.243469
0.934692
0.934692
0.701282
1.361620
0.243469
0.243469
0.473117
1.527060
1.013948
1.139199
1.225884
1.420472
1.763518
0.322818
1.776119
1.225884
1.139199
0.107266
1.287536
0.243469
1.287536
0.934692
0.406050
0.543540
0.755140
0.543540
1.287536
0.602862
0.600890
1.965532
1.129057
0.418436
0.920254
1.013948
0.406050
1.013948
1.844213
1.253582
0.368981
1.884531
0.149642
0.322819
1.844216
1.139199
1.208651
1.017239
0.149642
0.243469
1.139183
0.406050
1.734877
1.013948
0.542975
0.149642
0.668453
0.419132
0.406037
0.602862
0.953222
1.844216
1.965532
1.629490
0.107265
0.799687
1.208651
1.402724
1.922499
0.668453
0.959300
0.418434
1.527060
0.754612
0.875191
0.503574
1.527060
1.101515
0.418434
0.107266
0.243469
1.420472
0.543622
1.483007
1.883546
1.208650
0.322818
0.322818
0.983461
0.844084
0.149642
0.149642
1.776396
1.287536
1.770018
0.543540
1.101515
0.934692
0.406049
1.342738
0.406050
0.701282
0.149642
0.149642
0.418434
0.953220
0.149642
0.149642
0.543532
1.139199
0.920254
0.754612
0.959300
0.844084
0.322818
0.920254
1.208651
0.701282
0.243469
0.243461
1.307413
1.410158
0.701282
1.629491
0.886392
1.225883
1.527060
0.433748
1.450082
1.420472
1.619622
0.228514
0.589179
1.361620
0.503574
0.934692
1.584337
0.933824
1.038888
1.699046
0.754612
0.243469
0.473132
1.554044
0.230021
0.668453
0.668453
0.668453
1.922499
1.922499
1.307413
0.243536
0.149642
0.668453
0.754612
0.754612
0.953223
1.038888
0.107267
0.418434
0.934692
0.418434
0.149668
0.149642
1.402724
0.855906
1.307413
0.543540
1.527060
1.101515
1.013948
1.946729
0.754612
0.047938
1.844104
0.952889
1.699046
0.243474
1.450082
0.836430
1.733296
0.602862
0.855906
1.225884
0.911675
0.406038
1.756686
1.168279
0.149642
0.959300
1.844301
0.149642
1.307413
0.668453
1.187088
1.101515
1.253582
1.483007
1.164392
0.325332
1.342738
1.922499
0.149642
0.920254
0.432909
1.483007
1.629491
0.322818
0.048003
0.149642
1.101515
0.473140
0.361359
0.959300
0.418434
1.208651
1.756686
0.418434
0.602862
1.735175
0.047938
0.959300
1.844216
1.287536
1.139199
1.699046
1.139199
0.243469
0.754612
1.038888
0.920254
0.149642
0.047938
0.149642
1.922499
1.038939
0.668453
1.253582
1.139199
0.953222
0.149642
0.701282
1.361620
1.287536
1.139199
0.107267
1.844216
0.406025
0.322829
1.965532
1.139199
1.775938
0.920254
1.584337
0.844084
1.225884
0.322818
1.253767
0.701282
1.725579
0.920254
0.149477
0.149642
0.844084
0.149642
1.672908
0.404493
0.934692
0.149642
1.013948
1.450082
1.541500
0.149642
0.418434
1.922499
1.402724
1.483007
1.208651
1.139199
0.418434
1.139199
1.844216
0.047938
0.701282
1.101515
1.287536
0.149642
0.047938
1.139198
0.589407
1.101515
0.920254
0.243470
0.149642
0.855906
1.168279
0.855906
0.543540
1.739614
0.243469
0.754612
0.458981
1.483007
1.225884
0.243469
1.584337
1.699046
1.672896
1.450082
1.844216
1.844216
0.405914
0.503574
0.243469
1.013948
1.287536
1.013948
1.884646
1.629491
0.602862
1.253582
0.701282
1.965532
1.527060
1.844216
1.527729
1.629491
1.961126
0.503574
1.884646
1.884646
1.164392
0.603981
1.168279
1.361620
0.701282
1.402724
0.149642
1.922499
0.418434
1.101515
1.361620
1.038888
0.754612
0.503571
1.922499
0.325125
1.922495
0.920254
0.668453
1.225884
0.322818
1.483007
0.418434
0.047938
0.934692
1.361620
0.959300
0.701282
1.342738
0.243469
0.602862
0.149642
1.624796
1.366950
0.855906
0.602862
0.503574
1.737813
0.016300
1.366950
1.629491
0.503574
0.418434
0.398764
1.699047
1.630257
1.629491
0.503574
0.799687
0.243438
1.873925
1.483007
1.922499
0.543540
1.287536
0.959300
1.225887
1.342738
1.733296
0.149642
0.503574
1.584337
1.101515
0.799687
1.844214
1.139199
0.543540
0.322818
1.402724
1.844216
0.149642
0.149642
0.543540
1.922499
1.208651
0.149642
1.554044
0.458986
0.543540
1.699054
1.922499
1.013948
0.934692
1.629491
1.307413
0.952444
0.783739
1.733296
0.418434
1.038888
1.844216
0.149642
1.139199
1.483007
1.965245
0.406050
0.920254
0.543575
1.307413
1.101515
1.038888
1.584335
0.149642
0.149642
1.584337
1.013948
1.672896
0.701282
0.322818
1.651660
1.361620
0.503574
0.473132
0.602862
1.208651
1.253582
0.322818
1.013948
1.038888
1.483007
1.225883
1.672894
1.756679
1.450082
0.920254
0.920254
0.418436
1.922499
1.483007
1.922499
1.101515
0.047938
0.149642
0.920254
0.844084
1.673084
0.817528
1.420472
1.307413
0.473475
1.101515
0.855906
0.503574
1.225884
0.149642
1.013948
1.402724
1.013948
0.817557
1.430904
1.527060
1.843591
0.844084
0.322818
1.208651
1.402727
2.009986
0.012480
0.149642
0.323028
0.418434
1.361620
1.586545
0.543540
0.602862
0.953034
1.287536
0.047938
0.418434
1.527060
0.322818
0.472501
0.934692
0.149642
1.483007
0.754612
0.754612
0.855906
1.483007
0.149401
1.139199
1.013948
0.543540
1.139199
1.756691
0.150341
1.013948
1.225884
1.402718
1.287536
1.225884
1.584337
0.418434
0.243469
1.366950
0.149642
0.322819
0.473132
0.668453
1.756686
0.669412
1.922499
1.925630
0.243502
0.754612
1.699046
1.629467
0.418434
1.629491
1.629492
1.527060
0.543631
0.934692
0.243469
1.483007
1.361620
1.672896
1.366950
1.965532
0.149642
1.756686
0.149642
0.243469
0.754612
0.799687
0.602862
0.243469
0.047938
1.366932
1.629491
0.433758
1.208651
1.013948
0.855906
0.149642
1.629491
1.101515
1.483007
0.243469
1.672896
1.225884
0.243469
0.920254
1.013948
0.473132
0.701282
1.101515
0.149642
1.139199
1.101515
0.503574
1.527060
0.754612
1.629491
1.361620
0.817557
1.590147
1.844216
1.892410
0.543540
1.361620
1.038020
0.243469
0.322818
1.885045
1.844879
1.629491
0.959300
0.047938
1.038888
1.013948
1.844216
1.414618
1.013948
1.699046
0.799687
0.418434
0.959300
1.584337
0.668453
0.503574
1.366950
1.756615
0.953222
1.674530
1.253582
1.420645
0.368982
1.139199
1.965532
1.770654
1.101515
0.403768
0.073017
0.243469
1.584337
1.101515
1.483007
1.530824
1.287536
1.361620
0.149642
1.366950
0.527826
1.139256
1.553516
0.242229
1.554044
0.855906
1.483007
1.101515
1.699046
1.253582
1.253582
1.922499
1.450100
1.844216
0.418434
1.733296
0.418437
1.287536
1.450078
0.817557
1.139199
1.965531
0.418434
0.047938
1.402724
1.013948
0.701282
1.844216
1.013948
0.418434
0.602862
1.402724
0.149642
1.584337
0.817557
1.527060
0.701282
1.483007
0.322819
0.668453
0.701282
1.886989
1.884646
0.503574
0.249072
0.701282
0.953222
0.509903
1.366950
0.668453
1.844216
1.965526
0.589174
1.420472
1.361620
0.503574
0.150864
1.844216
1.483007
0.920254
1.757888
1.699046
1.366950
1.584339
1.366950
0.920254
1.672896
1.554044
0.418434
0.473132
0.418434
1.629483
0.602862
1.038888
1.930936
1.342738
1.553753
1.554044
0.418440
1.672899
1.629491
0.602862
1.013948
1.208651
0.602862
0.934692
0.602862
0.754612
1.884637
1.844216
0.436316
1.733296
0.875191
1.756672
0.149642
1.907232
1.672898
0.543540
0.418434
0.149642
1.844216
1.699046
0.149642
0.149642
0.149642
1.038888
0.602867
0.418434
1.844216
1.287536
1.629491
1.139199
0.473132
0.406050
0.701282
0.966771
0.602862
1.013948
1.101515
0.149642
0.754612
0.602862
0.418434
1.554217
1.013948
0.149642
1.584337
0.754612
0.799687
1.038916
1.922499
0.107267
1.208651
1.101515
1.844267
0.409875
0.322816
1.402724
0.047938
0.459741
0.855906
0.754612
1.771002
1.483007
1.253582
1.629491
0.543540
1.844216
1.287536
0.406025
1.527060
0.844084
0.149642
0.243474
0.966771
1.922499
1.527060
0.920254
1.884646
0.503344
0.503574
1.922499
1.013948
0.966097
1.483007
0.855906
1.402724
1.208651
0.468808
1.629491
1.225884
1.922500
0.149642
0.322818
0.149642
1.844216
1.629491
0.368045
0.343441
1.014202
0.602862
0.406032
0.107267
0.243469
1.013948
0.543540
0.754612
1.164392
0.875191
1.208651
1.483007
0.934692
1.366950
1.674614
1.699683
1.922499
0.216424
0.368982
1.483007
0.322818
1.287536
0.701256
1.776107
0.668453
0.543540
0.473132
1.101515
0.934692
0.149642
0.934692
1.287536
0.107282
1.629166
1.965532
0.855906
1.922499
0.322818
0.149642
0.322818
1.139199
1.038888
0.602862
0.149642
0.012499
1.756697
0.504679
1.287536
0.602991
0.701282
1.965532
1.101515
1.922495
0.543540
0.855906
1.420472
0.959300
0.934692
0.503574
0.012639
0.418434
0.920254
1.527060
0.602862
1.366753
1.770852
0.920254
1.776131
1.483007
0.985421
0.322818
1.757082
0.668453
1.527059
1.342738
0.313977
0.322818
1.756686
1.965532
0.959300
1.101225
1.629491
1.673047
1.208651
0.265763
1.402724
1.629463
0.149642
1.922499
1.922499
1.139199
0.934692
0.418434
0.602862
0.920254
0.149642
1.756686
1.844216
1.527060
0.844084
0.920254
0.799687
1.287536
1.420472
0.243469
1.672897
1.733296
1.253591
1.629491
0.149642
1.101515
0.844049
0.149642
1.584375
0.418434
1.420472
0.503574
0.322818
0.543540
0.149652
0.149642
0.149642
1.756686
1.139199
1.402896
1.527060
1.584300
0.473223
1.420472
1.867161
0.934692
0.149642
0.243469
1.922499
0.322818
0.149642
1.139199
0.149642
0.701282
1.101515
0.149642
0.149642
1.844216
0.855906
0.149642
0.920254
0.418434
0.418434
0.047938
1.449885
0.322819
1.672896
1.101515
1.554044
0.322818
0.243469
1.450082
0.418434
0.855906
1.164392
1.038887
0.799687
0.817557
1.733297
1.013948
1.013948
0.959300
0.503574
0.602862
1.699046
0.149642
0.855906
1.554044
0.149642
0.589008
0.594926
1.965528
0.149642
0.920254
1.844216
0.149642
1.844216
0.374784
1.844216
1.584337
0.418437
0.149644
1.733424
0.701282
0.543540
0.322819
1.844216
1.287536
1.101515
0.405843
1.187088
1.884646
0.920254
1.584337
1.366950
0.543540
0.503574
0.754612
0.602862
0.875191
0.503064
1.013953
0.243469
0.149642
1.208651
1.844216
0.322818
1.343675
0.107267
0.243469
0.754612
1.884525
1.733266
0.754612
1.366950
0.783739
0.149642
0.243469
0.855906
0.602862
1.254791
0.149642
1.342738
0.953024
1.771005
0.701282
0.322818
1.881954
1.699046
0.754612
0.149642
1.101515
0.844127
1.420476
1.884646
0.855906
1.208651
1.527060
0.799687
0.543540
0.855906
1.225884
1.101515
0.668453
1.483007
1.483007
0.047938
1.964287
0.458986
1.483007
1.168279
0.361308
1.933218
1.139199
1.483017
0.920254
0.503574
1.361620
1.527060
1.013948
0.149642
1.922499
0.012480
1.699046
1.584337
0.844084
0.253349
0.406155
1.342738
1.951734
1.527060
1.013948
0.602862
0.668454
1.884576
1.699525
0.149642
0.855906
0.149642
1.733296
1.702704
1.698785
1.225884
1.699046
1.629491
1.965532
0.799687
0.323066
1.629491
0.418434
0.322818
0.418434
0.306561
0.701282
0.543540
0.418434
1.225884
0.753253
0.149642
0.934692
1.420400
0.754612
1.205673
1.527060
0.149643
1.771006
1.101515
1.922499
1.879274
0.418434
0.470804
0.149642
0.243469
1.366950
1.733294
0.418434
1.225884
0.149642
1.208651
0.322819
0.418435
1.414625
1.672896
1.208651
1.884646
0.754612
0.149642
1.225884
1.584344
1.013949
1.672896
0.754612
0.433748
0.243469
0.668453
0.243469
1.629491
1.402724
0.322818
1.554044
0.602862
1.287536
0.149642
1.139199
1.844216
1.483007
0.149642
1.225884
0.149642
1.483007
0.817557
0.602862
0.243469
0.322819
1.629491
1.629491
1.922499
0.149642
0.498721
0.149642
1.584268
1.366950
1.733370
1.844062
0.322818
0.322819
0.952443
0.149642
0.934692
0.965356
1.450082
1.844216
0.418434
1.922499
0.754612
1.733296
0.322818
1.225884
0.953223
0.793876
0.855906
1.013948
0.956251
1.965532
1.771006
1.922499
0.243469
1.253582
1.101515
0.920254
1.420472
0.149642
1.585701
1.287536
0.322818
1.965532
0.149642
1.402724
1.013948
1.450082
0.418434
0.920254
1.699046
0.322818
0.155224
1.843787
1.554044
1.361620
0.149642
0.959299
0.920257
0.361364
1.922499
1.450082
1.884646
1.699046
0.322818
0.149642
0.817557
0.701282
0.701282
0.503574
1.307413
0.322818
1.733296
0.361359
0.433748
0.243466
1.965532
1.013948
0.920254
1.101515
0.406050
1.965532
0.458986
0.754613
1.527060
0.322818
0.668453
0.602862
1.361460
0.149642
0.107267
1.225884
0.920254
0.149642
0.418434
1.483007
1.699045
1.101515
1.208613
1.139199
0.149644
1.733296
0.855906
1.013948
0.799687
1.527060
0.149642
0.602862
1.527060
1.733296
0.418434
0.149642
0.049932
1.307413
0.594913
0.322818
1.922489
1.342738
0.543540
0.543540
1.554044
0.243469
0.322818
1.168279
0.149642
1.483007
0.920254
1.844216
1.013948
1.274519
1.013951
1.013948
1.884645
1.366956
1.629491
0.920254
0.668453
0.149642
0.418432
1.038888
0.473132
1.699056
1.420472
1.013948
1.922499
1.844216
0.361359
0.543540
0.754612
0.953024
0.503595
1.554044
0.149642
1.699046
0.577736
1.483007
1.013948
1.225884
0.855906
0.149642
1.699046
1.342738
0.817461
0.953223
0.406036
0.149642
0.473290
0.433720
1.139199
0.149642
0.754612
1.757807
0.149642
0.047938
0.855906
1.342854
0.589174
0.503574
0.503574
0.920254
1.922499
0.322818
0.844084
1.922498
0.418434
1.629491
0.604822
1.554044
0.433748
0.668453
0.934675
1.629491
0.243469
1.287536
0.754612
0.418434
0.047938
1.253582
1.771006
1.884645
0.473132
1.965532
1.483007
0.149642
1.756686
0.418434
1.672896
0.920254
0.149642
1.844178
1.139200
1.038888
0.959300
1.168279
0.418434
0.701282
0.920254
0.920254
0.503574
1.884646
1.208651
1.672897
1.527060
1.420472
0.149642
1.483007
0.855906
0.604541
0.602862
1.483007
1.101515
0.149642
1.771162
1.699046
0.602862
1.139199
0.799687
0.602699
1.361620
0.586621
0.920254
1.733296
1.225884
1.629491
0.503574
0.149642
0.149642
0.149642
0.406050
1.038888
0.594844
0.754612
0.322823
1.420472
1.527060
1.483007
1.764182
0.418434
1.287536
1.342738
1.629491
1.699046
0.602862
1.844216
1.770791
0.701282
1.733296
1.922499
1.861549
1.164392
1.756686
1.168279
1.208651
1.922499
1.225884
1.756686
0.701282
1.038888
0.418417
1.139199
0.012480
1.187088
0.149642
1.013948
0.668453
0.855906
0.324184
0.754612
0.602862
1.699045
1.629492
1.483007
0.754612
0.602862
0.855906
1.483007
0.588660
0.149642
1.420472
1.672896
1.672896
1.013948
1.450082
1.756686
0.594907
0.149642
1.361620
1.965532
1.699046
0.934692
1.629491
0.322818
0.799688
0.602862
1.699046
1.402724
0.602862
0.149642
0.470929
0.473136
1.554000
0.149642
1.483007
1.420472
0.959300
1.922819
0.418682
0.418434
1.965532
0.701282
1.038888
1.965532
0.149642
1.922499
1.699046
1.844216
1.287536
0.048759
1.629491
1.402724
0.844084
0.107266
0.418434
0.406050
1.013948
0.754612
1.483007
1.139199
1.483007
0.149642
0.503574
1.629491
1.342738
0.149642
0.602862
0.602862
1.342738
0.243469
0.322820
1.402724
1.699046
0.418373
0.149642
0.418434
1.922499
0.149642
0.543540
0.503574
0.418434
0.602862
0.473132
1.584337
1.287536
1.922499
1.629491
0.754612
1.253582
0.817557
0.920254
0.602862
0.503574
1.922499
1.225884
0.322818
1.287536
0.243221
0.920254
0.668453
1.101515
1.629491
0.149472
1.844216
0.503574
0.418434
1.139199
0.322818
0.594907
0.683150
1.672896
1.307413
0.668453
0.697928
1.253624
1.483007
0.959300
0.934692
0.602862
0.844084
1.965532
0.589295
1.139199
1.287536
0.149642
0.543540
0.668453
0.799775
1.139199
0.594907
1.225884
1.554044
0.149642
1.629491
0.149642
0.149642
1.168279
1.527060
1.013948
0.360936
1.402724
1.770978
1.402724
0.418434
0.418434
0.243468
1.672906
1.880934
0.243469
1.307413
0.458998
0.149642
1.307413
0.503571
1.483007
0.799687
0.602862
0.503574
1.013948
1.344286
0.754612
1.629491
1.225884
0.503574
0.855906
0.799687
1.922499
0.855906
1.527060
1.402724
0.418434
1.756688
1.527060
0.754612
0.149642
1.013948
0.799697
0.543540
1.922499
1.771006
0.243469
1.844216
1.584337
0.149642
0.161785
1.965532
0.799687
0.543540
0.149642
1.922499
1.014217
1.225884
0.149642
1.450082
0.052669
1.756710
0.149642
0.799687
1.307413
0.855906
0.836415
0.754612
1.208651
1.254401
1.922499
0.329760
0.149642
1.361620
1.527060
1.483007
1.482966
1.013948
1.101515
0.149642
0.149642
0.934692
0.364551
1.965531
1.139199
0.602862
0.799687
0.357645
1.763773
0.418434
1.101515
0.953222
0.754612
0.406050
1.414581
0.149642
1.101515
0.959300
1.101515
1.168279
0.149639
0.799687
1.307413
1.414625
0.602862
1.038888
0.934692
1.361620
1.922499
0.149455
0.836415
1.629491
0.418434
0.243469
1.145036
0.243469
0.754612
1.451351
1.366950
0.855906
0.817557
1.756686
0.322818
0.701282
0.668453
0.875191
1.013948
1.922499
1.918391
0.237075
1.699046
1.307413
0.236131
1.360580
1.361620
1.844265
1.844216
0.402173
0.701278
0.836415
1.402724
1.965532
0.418434
1.699046
1.922499
1.844216
1.629491
0.844084
0.243469
0.855906
1.922499
1.287536
1.013948
0.844084
1.168279
0.602862
1.168279
0.503574
1.437163
0.243469
0.243469
0.473132
1.450082
1.342738
0.418434
0.588573
1.922633
0.503574
1.483007
1.287536
1.450101
1.733296
1.527060
1.253582
0.418434
0.368927
0.602862
1.253582
1.629491
0.149642
1.038888
1.844216
0.107266
1.629491
0.149642
0.668286
0.047938
0.934692
1.699046
0.243469
0.701282
0.850044
0.149642
1.922499
1.844216
1.584337
1.414625
1.584337
0.243469
0.602862
0.418434
1.208651
1.554044
1.013948
0.149642
1.527060
1.965532
0.149642
0.585240
1.922498
1.699046
1.414623
0.855906
1.629491
1.844216
0.047938
1.139199
1.013948
1.225884
1.844216
1.013948
1.789070
1.629491
0.920254
0.418434
0.047947
0.322819
1.772191
1.554044
1.208651
0.503574
1.139199
1.733297
0.543540
1.225884
1.844216
0.934668
1.013948
0.243469
1.756686
0.754612
0.047938
0.817672
0.107300
0.149642
1.884646
1.139199
1.573589
0.243469
1.038888
1.527060
1.844216
1.208651
0.243466
0.875191
1.139199
1.844216
0.243469
0.754612
0.754612
0.855906
0.322866
1.733296
1.756686
0.668454
0.047938
0.799687
1.361620
1.965532
0.934692
1.699046
0.107267
1.884646
1.844185
1.629491
1.844216
1.400744
0.799687
1.527060
1.483007
1.366950
0.110411
0.754612
1.629491
0.322818
1.420472
0.701282
1.965532
1.922499
1.776119
0.855906
1.844216
0.668453
0.543541
0.668453
1.844216
1.402724
0.799687
1.483007
0.799687
1.253582
1.483007
0.406050
0.844084
0.243469
1.101515
0.602863
0.855906
1.699046
0.934692
1.342738
1.253582
1.101515
1.013948
0.418434
0.322819
0.668452
1.402724
1.402724
1.629491
0.153066
1.013948
1.584337
0.149642
0.934692
1.366950
0.149642
1.672896
0.920254
0.589169
1.139199
0.602862
1.527060
0.418434
1.844216
0.543540
0.149642
1.450082
0.418434
1.038888
1.699046
1.139199
1.965532
0.363596
0.934692
1.629491
0.047938
0.596588
0.844084
1.844233
0.047938
0.799687
1.483007
0.418434
0.953223
1.225884
1.402724
1.884646
0.799687
1.014098
1.776565
1.420472
0.855906
1.101515
1.965532
0.855906
0.149642
1.629491
1.699038
1.699046
1.287536
0.149642
0.668453
1.342616
0.243469
0.844084
0.322692
0.149642
0.959301
1.584337
0.503574
0.503574
1.554044
1.922499
1.756501
1.922499
1.013948
0.149643
0.149642
0.322818
1.733297
1.584337
1.527060
1.680267
0.047938
1.699046
1.844216
0.754612
0.855906
0.754612
1.013948
0.602862
0.799687
1.554044
1.400544
0.701282
0.418434
1.922499
0.149642
1.733296
1.672899
1.342738
1.922499
1.629491
0.817556
1.733296
0.817557
1.584337
0.602866
0.149642
1.225884
1.420478
1.483007
0.754612
0.047938
1.402724
1.844216
0.503574
0.418434
1.844216
0.243469
1.554044
0.149642
0.416368
1.342738
1.402724
1.584337
1.101515
0.149642
1.139199
1.844216
1.253582
1.844216
1.450125
1.287536
1.013948
0.418434
0.149642
0.754612
0.503574
1.733296
0.322818
0.149642
0.149642
1.733296
1.629491
0.013336
0.956251
0.149642
1.922499
1.208653
0.149791
1.187088
0.503574
0.047938
0.952444
1.965530
0.602862
1.366950
1.402724
1.844218
1.208651
0.418434
1.733296
0.543540
1.659557
1.527060
1.629491
1.965532
1.922499
1.629491
0.855906
0.047938
1.287536
0.433683
0.377820
1.361620
1.225884
0.243469
0.472161
0.754612
0.503574
0.406064
0.149642
0.799687
0.149642
0.602862
0.418434
0.012480
0.754612
1.164392
1.527060
0.012480
1.342738
1.922499
1.844216
1.756197
0.602862
0.418434
1.139199
0.855906
1.287536
1.013948
1.629491
0.799687
1.000879
1.420472
1.554042
0.594906
0.934692
0.322818
0.953024
1.307413
1.208651
0.602862
1.965532
0.154096
0.149642
0.956251
0.543540
0.817557
1.584337
1.844216
1.629491
0.602862
1.629491
1.307413
1.629491
0.322818
1.139199
0.959300
0.149642
1.554044
1.428568
1.483007
1.763993
0.589174
1.342738
0.543540
0.418434
0.920254
0.322819
1.253582
1.414626
0.503574
0.243469
0.243469
0.668453
1.844216
0.817557
1.775948
1.629491
0.418434
0.323437
0.243493
0.799687
1.708777
1.483007
1.965532
1.956960
0.334929
1.013948
0.418434
1.013948
0.149642
1.884646
0.920254
1.629491
0.418440
0.590753
0.322819
0.668453
0.602862
1.527060
0.151774
1.450082
1.584337
0.406069
0.817557
1.527060
1.139199
1.287536
1.629116
1.907369
0.602862
0.543539
0.149642
0.589174
1.414611
0.243469
0.243469
1.629491
1.965532
1.554044
0.602862
1.922602
1.756687
1.038888
0.322819
0.754612
0.322818
1.361620
0.149642
0.503574
1.844216
1.965531
0.322819
0.602862
1.756686
0.418434
0.361355
0.418434
0.368998
1.584337
1.361620
0.701282
1.527060
0.149642
0.402705
0.418434
0.473132
0.855906
0.602862
0.418434
0.418434
1.013948
0.322818
0.243469
1.483007
0.418434
0.406049
0.418434
1.013948
1.699046
0.503574
0.417028
0.844084
1.554047
1.527060
0.920254
1.844205
0.503574
0.149642
1.554044
0.668453
1.554044
0.602862
0.418434
0.149642
1.733296
1.366950
1.922499
1.308643
0.920254
1.402724
1.584337
1.844112
1.013948
1.629491
0.602862
1.483007
0.602862
0.433088
1.253582
0.149642
0.418906
0.418434
0.243469
0.149642
1.922499
0.473120
0.701243
0.846689
0.543540
1.922499
1.307413
1.483007
1.361620
0.243469
0.406004
1.139199
1.101515
0.983461
0.503574
1.884643
0.855906
0.418434
0.953739
0.427434
0.701282
1.402724
1.672896
0.668453
1.465943
1.629491
1.483007
1.366950
0.418434
0.754612
1.756715
0.107267
0.934692
0.855906
0.418434
0.844084
0.149642
0.754612
1.402724
1.922499
0.754612
0.754612
0.458986
1.208651
1.307413
0.111981
0.602862
1.402724
1.584337
1.629491
0.875191
1.483007
1.699045
1.554044
0.855906
0.322818
1.922659
1.527060
1.420472
0.149642
1.038885
1.101514
1.884646
0.920254
1.629491
0.754612
1.844216
0.149642
0.418434
0.149642
0.668453
1.755262
1.038888
1.672897
1.342738
1.139199
0.149642
0.668453
1.307413
0.149642
0.243469
1.101515
1.672950
1.402724
0.320247
0.148668
1.164392
1.771006
0.602862
1.922756
0.934692
0.754612
1.483007
0.418434
0.754612
0.473604
0.602862
1.584337
1.748990
1.527060
1.554044
0.149642
0.149642
0.668453
1.733295
1.584337
0.149642
1.139199
0.844084
1.101515
0.754612
1.629491
0.149642
1.342738
0.418434
0.701282
1.699017
0.543540
1.013948
0.602862
1.544312
0.406050
0.107267
0.427455
1.902323
0.668453
1.450068
1.693093
0.875191
1.629491
0.322818
1.225884
0.149642
0.418885
0.322818
1.922500
1.527060
1.361620
1.342738
0.107267
0.322818
1.774677
0.503574
1.527060
1.342738
1.844216
0.934692
0.149642
0.503574
0.934663
1.733296
1.483007
0.754612
1.872644
1.361620
0.149642
1.629491
1.483007
1.101515
0.754612
0.543540
0.589176
0.799687
1.699046
0.149642
0.543539
0.418434
1.402724
1.038888
0.754612
1.342738
1.483007
1.450083
0.149642
0.047938
0.149642
1.208648
0.243178
0.697882
1.420472
0.602862
1.554044
0.602862
0.754612
1.629491
0.418450
1.038888
1.629491
1.139199
1.342738
1.554044
1.139199
0.503578
1.883980
1.742575
1.253582
0.959300
0.243469
1.101515
0.418434
0.754612
1.013948
1.225884
0.149642
0.322818
1.699046
1.965532
1.584310
0.149642
0.150269
1.361620
1.361620
1.629491
0.243469
0.554884
1.101515
1.733296
0.243469
0.322818
1.771009
0.149642
0.473132
1.139199
1.554044
1.756687
1.483007
1.208651
1.483014
0.149642
0.920254
0.855906
0.836415
1.402724
0.503574
0.799687
0.920254
1.101515
0.149642
1.101515
1.629491
0.668453
1.287536
1.483007
1.629491
0.322818
1.287536
1.763737
1.225884
1.208651
1.554044
0.243477
0.855906
1.287536
1.013948
0.817556
0.503574
1.217768
0.754612
1.013948
0.920254
1.629491
0.817557
1.287536
1.450082
1.139199
0.243333
1.139206
1.527060
0.393768
1.402724
0.107267
0.149642
1.483007
1.208651
1.672897
1.361620
0.322818
1.288890
0.754612
1.450082
0.418434
0.149642
0.311886
1.253582
0.595045
0.418434
0.875191
1.253582
0.602862
0.602773
0.543540
1.361620
1.013948
0.149642
1.844216
1.287536
1.450082
0.844084
1.402724
0.920254
0.418377
0.418434
0.855906
1.844216
1.922499
0.602862
0.701282
1.168279
1.629491
1.527060
1.342738
1.038888
0.149642
0.934692
0.934692
1.584337
0.602862
1.307413
1.733296
1.366950
1.554044
0.602862
1.756688
1.922499
0.149642
1.101515
1.361620
0.418434
0.149642
1.629432
0.418434
1.483007
0.855906
0.418434
0.844084
0.322818
0.754612
1.483007
1.455532
0.844084
1.584337
1.208651
1.732940
0.934692
1.697507
0.473133
1.922500
0.149607
1.361620
0.359646
1.407024
1.554044
0.934692
0.418434
0.668453
1.287536
1.483007
0.817557
1.013948
0.602862
1.922499
1.922499
1.402724
1.101515
1.672921
0.799687
0.406041
1.770993
1.420472
1.554044
1.757000
0.934692
0.418434
0.322817
1.756665
0.701282
0.323101
1.554044
0.602862
1.342745
0.047938
0.701282
1.844216
0.322881
0.107267
1.629491
1.628667
0.668453
0.406050
1.307413
0.418480
1.361620
0.543540
0.048095
0.817439
0.600128
1.139199
0.220963
0.543540
0.844084
1.527060
0.149642
0.149642
0.602862
1.253582
1.483007
1.673124
0.418434
0.473132
0.920254
0.322818
0.700257
1.450082
0.322818
1.307413
1.699046
1.307413
0.047938
1.101515
1.402724
0.326677
0.855906
0.047938
1.554903
0.701282
0.149642
0.855906
0.406039
1.527060
1.400053
1.287536
1.731581
0.701282
0.799687
0.322818
0.368988
1.101515
0.410274
1.965532
0.243469
1.844216
0.817557
0.222568
0.754612
0.244759
0.934692
0.934692
1.013948
0.418434
1.483007
1.225884
1.699023
0.701282
0.855906
0.243469
0.959897
1.844214
0.668453
0.754612
1.483007
1.554044
1.733296
1.919215
1.208651
1.584486
0.456570
1.884646
1.922499
0.243469
0.754612
1.342738
1.101515
0.405273
0.920254
1.527060
0.418434
1.922499
1.342738
1.527060
0.543540
0.149642
0.322818
1.402724
1.101515
0.149642
1.629491
0.149642
0.754612
1.922499
0.934692
0.322818
0.149642
0.701282
1.965532
0.361359
0.934692
0.149642
0.322818
0.149671
0.322818
0.602862
0.668453
1.208651
1.756686
0.920254
1.225884
1.844216
0.602862
1.225884
0.084590
0.503574
0.322818
1.287536
0.668453
0.934692
1.208651
1.733296
1.965532
1.756686
1.848390
1.483007
1.361620
0.322754
1.366950
0.503574
0.503574
1.139199
1.554044
1.287536
1.922499
0.701282
0.418492
1.342738
1.342709
0.920254
1.139199
0.701282
1.629491
1.402724
0.934692
1.361620
1.366951
0.243469
1.922499
0.504255
0.322818
1.420472
0.149642
0.107267
0.959300
1.965532
1.777382
0.322818
0.418434
1.673003
0.149642
0.602862
1.724531
0.418434
0.107267
1.922499
1.673367
0.149642
0.503574
1.629491
0.149642
0.149642
1.767601
1.584431
0.855906
0.368982
0.855906
1.253582
0.799687
0.602862
0.149642
1.629491
1.965532
1.844223
1.672896
0.149642
0.149642
0.701282
0.754612
0.406047
1.629491
0.875191
1.735143
1.450082
1.733311
1.417050
0.934692
1.699046
1.527089
0.322818
1.733296
1.038888
1.922499
1.699046
0.855907
0.754612
0.149642
0.983685
0.149642
1.168279
0.243921
1.629491
1.038888
1.164392
0.754612
0.361359
0.754612
0.398481
1.483007
0.467661
0.701282
0.243469
0.668453
1.254970
1.629491
1.965532
1.013948
0.322818
0.149642
1.101515
1.013948
0.047938
0.701282
1.554044
1.222761
0.855906
0.959300
0.361327
0.473132
0.817557
1.554044
0.701282
0.934692
1.844216
0.322819
0.602862
1.554044
1.733618
0.936535
1.629491
1.844216
1.629491
0.799687
0.934692
0.418435
0.047930
1.361620
1.629491
1.420472
1.844216
0.149642
1.367280
1.965532
1.361620
1.922499
0.623709
1.139199
0.843211
0.149642
1.672896
1.287536
0.844084
1.756686
0.243469
1.164392
1.450082
0.543540
0.417830
1.699046
1.699046
0.668453
0.418435
0.959300
0.322818
0.418434
1.038888
1.527060
1.164392
1.884646
0.047938
0.106186
0.844084
0.934692
1.584337
0.503574
0.543540
0.243244
0.595132
0.952444
1.225884
0.149642
0.473132
1.225884
1.674710
1.584337
0.243469
0.418434
0.149642
1.554044
1.139199
0.149642
1.253582
1.287538
0.503574
0.243469
1.756686
1.420472
0.953222
1.038888
1.307413
0.149642
0.149642
1.168279
0.953024
0.243469
0.668453
1.554044
1.965532
0.503574
0.149642
0.953222
1.420472
0.149642
0.047938
1.253582
1.101515
1.402724
1.208651
1.403820
1.420472
0.149642
1.483007
0.243469
1.139199
1.483007
1.922593
0.322818
0.543061
0.701282
0.418434
0.934692
1.483007
0.418434
1.361620
1.922499
0.855906
1.420472
0.934692
1.013950
0.602862
0.418434
1.168279
1.527060
1.210184
0.243468
1.965518
0.149642
0.149642
0.503623
0.754612
1.554044
0.701282
1.776951
0.509425
1.554044
1.450082
1.253582
0.503574
1.342842
1.303502
1.770972
1.420472
0.763006
1.584339
1.629491
1.483007
0.754612
0.844084
1.629747
0.668453
1.673524
0.543527
1.139199
1.629491
1.672896
1.771007
1.922500
0.543540
1.922499
1.733296
1.922499
0.493929
0.754612
0.473132
0.418434
1.038887
1.922499
1.844216
0.406050
0.149642
0.418434
1.101515
1.013948
0.406110
1.629491
0.149642
0.047938
0.322818
1.699048
1.139199
1.584337
0.149642
1.101515
0.243469
0.754612
1.748165
0.503574
1.208651
1.208651
0.473166
0.047940
0.149642
0.956251
0.419028
1.208651
0.418434
1.756687
1.584337
0.602862
0.596449
1.139199
1.287536
0.875191
1.014661
0.243469
1.844215
1.554044
0.754612
1.699046
1.361620
1.101515
1.884176
0.934692
0.817557
1.402560
0.543540
0.602862
0.365785
0.149642
1.922499
1.922499
1.756686
0.668453
1.208651
1.922499
0.668453
1.287536
1.922499
1.699045
0.855906
0.418434
0.855906
1.584339
0.959300
1.674121
1.584398
1.831483
0.473132
1.584337
0.322818
1.733296
0.322818
1.139199
1.225884
0.754612
0.243469
1.420472
0.503574
1.756774
0.934692
0.701282
0.602862
1.101515
0.149642
1.844216
0.458924
0.799687
0.754612
1.287536
0.920318
0.701282
0.325173
1.844216
0.243469
1.733296
0.754612
0.243469
1.671736
1.527060
1.038888
0.406071
0.149642
1.920643
1.187069
0.754612
0.418434
1.366950
1.756686
0.149642
1.414625
0.934692
0.754612
0.406050
0.368930
1.771004
1.629491
1.139199
1.483007
0.844084
1.844216
0.503574
0.107267
1.844216
1.965532
1.965532
1.287536
0.934692
1.844216
1.922499
1.844216
1.208651
0.149642
0.243469
0.701282
1.253582
1.965521
1.733296
1.884654
0.047938
1.015217
0.368977
1.844216
0.875191
0.934692
1.770072
1.307413
1.307413
1.629491
0.322818
0.243469
1.554044
0.149642
1.013948
1.013948
0.047938
1.038888
1.771006
0.406050
1.733296
1.672896
0.149642
1.168279
0.322818
1.208651
0.149642
1.844216
0.957474
0.668453
0.418434
1.844216
0.668453
0.149642
0.855906
0.602862
1.483007
1.307413
1.414625
0.503574
1.420472
0.012481
0.419506
0.149642
1.756686
0.799688
0.322818
0.406043
0.701282
0.855906
1.922499
0.855906
1.888798
1.139199
0.322818
1.253582
0.926513
0.322818
1.139199
0.243469
1.672896
1.554044
1.629491
1.965532
0.855906
0.149642
0.418434
0.418434
0.754612
1.884646
1.038895
1.164395
0.473132
0.934692
1.307413
0.602862
1.342738
0.920254
0.701282
0.529395
0.149642
1.402724
1.584337
1.844216
0.920254
1.402724
1.844216
0.934692
0.817557
1.584337
0.149642
0.503574
1.307413
1.733296
1.629491
1.699046
1.757016
1.005974
1.672867
0.047938
1.756713
1.672897
0.602862
1.287536
1.629491
0.149642
0.920254
0.149658
1.038890
0.322828
0.799687
1.554044
0.920254
0.243493
1.884187
0.217914
0.959249
0.149642
0.602862
1.287536
0.149642
1.483007
0.844084
0.817557
1.672896
1.083724
0.668453
1.342738
0.473132
1.662607
0.243469
1.483007
1.554149
0.855906
0.047938
0.243469
0.602862
1.844216
1.922499
1.757473
1.965532
1.776127
1.223347
0.445552
0.836415
0.458980
1.483007
1.366950
1.139199
1.733296
0.243469
1.420472
1.756686
0.418434
0.100430
0.385642
0.934692
1.402724
0.107267
0.149642
0.049619
1.733296
0.322818
0.509278
0.418434
0.799687
1.844216
1.483007
1.844216
1.307413
1.629491
0.701282
1.733296
0.543540
1.554044
0.149643
1.013948
0.243469
0.149642
1.733296
0.322818
0.503574
1.884646
1.631321
1.342739
0.107538
0.603572
1.342738
0.322964
1.845556
1.884469
1.629491
1.554014
0.454713
0.701282
1.844216
0.602862
1.101515
0.934692
0.149642
1.168279
0.322818
0.361359
0.368982
1.584337
0.243469
1.139199
0.322818
1.965532
0.418434
0.149642
0.701282
0.149642
0.701282
1.884646
0.855906
0.701282
1.584337
1.965559
1.757216
0.149642
1.101515
1.699046
1.168279
1.922499
1.756686
0.322838
0.543539
1.168279
0.321903
0.543540
0.243469
1.187088
0.218140
1.013948
0.754612
1.025059
0.543540
1.965532
1.225884
0.149642
0.543540
0.149642
0.799687
1.775940
0.668453
0.107266
0.149642
0.149642
0.754561
1.361620
1.101515
1.629491
1.884789
1.483007
0.668425
0.149642
1.527060
0.851988
0.322818
0.920267
0.701282
0.418434
1.307413
0.107305
0.149642
1.965532
0.149642
1.402724
0.602862
0.418434
1.965532
0.953223
0.149642
1.307413
0.668453
1.014110
1.629491
0.369177
0.373596
1.554044
0.920254
0.959300
0.542382
1.756686
0.959300
0.149642
1.101515
0.754612
0.149642
1.922424
1.168051
1.584337
0.602862
0.920254
1.629491
0.934692
0.855906
0.047938
0.368357
0.754612
1.699046
0.602862
1.777097
1.101515
1.342738
1.965532
1.402724
1.139199
0.920254
1.342738
0.920254
1.629491
0.844084
1.361620
0.047938
0.012480
0.243469
1.342738
1.756686
1.756686
1.366950
0.522279
1.483007
1.672894
1.139199
0.701282
1.584337
1.139199
0.149642
1.844216
1.038888
1.420472
1.013948
1.922499
1.225884
0.243459
1.287536
0.668453
0.368983
1.101515
1.038888
1.101515
0.149642
0.243469
1.554044
0.418434
0.458978
0.149642
1.629491
1.922511
1.420472
0.149642
1.483007
1.253582
0.406015
0.855906
1.844216
0.855906
1.483007
1.922499
0.602862
1.527060
0.701296
0.920254
1.756729
0.425784
0.959300
1.483008
1.699046
1.420472
1.734020
0.503574
0.953222
1.253582
1.450082
0.920416
0.149642
1.013948
0.668454
1.771026
1.253582
0.473132
0.322818
1.554044
1.307413
1.013948
0.149642
1.844136
0.594956
1.225884
1.756684
1.584337
0.365860
0.602862
0.961666
1.527060
1.420470
0.322818
1.884596
0.149642
1.672896
1.253582
0.503574
0.701282
0.322818
1.629491
0.368887
1.629491
1.965532
1.253543
0.107558
0.322818
1.756694
0.920254
1.554044
0.047938
0.406050
0.543540
0.920509
0.856013
1.733296
0.983461
0.799687
1.225884
0.149642
1.225884
0.149642
1.844216
1.361620
0.754612
1.361620
1.101515
1.168279
1.844216
1.776110
0.953222
0.602862
1.483007
0.418434
0.980753
1.554044
0.047938
1.554044
0.503574
1.776074
1.139207
1.253582
1.756686
1.307413
1.403550
1.844216
0.406050
0.418434
0.149642
0.591398
0.433748
0.920254
0.503574
0.668453
1.527060
0.149642
1.402724
0.418434
1.307413
1.920106
0.149642
1.483007
1.013948
1.253582
1.965532
1.629491
0.458986
1.844216
1.342738
0.149642
1.287536
0.322819
0.602862
0.458986
0.920254
0.149642
0.850044
0.602861
0.920254
0.406050
0.754612
0.844084
0.844084
0.368982
0.953222
0.503574
0.368896
0.504576
0.418434
1.758131
1.139199
0.855919
1.629491
0.874740
0.754603
1.922499
0.602862
1.361620
1.366950
0.934692
0.149642
0.149642
0.107267
0.107267
0.799687
0.934692
1.483007
1.733296
0.668453
0.701282
0.418877
1.404061
0.817482
0.361259
1.013948
1.187088
0.592687
1.965532
1.402724
1.102517
1.253582
0.149642
0.602862
0.589174
0.418434
1.013948
0.418434
0.754612
0.418434
1.756689
0.322818
0.473139
1.629491
1.420694
1.767942
1.139199
1.139199
0.754576
0.855906
1.771006
0.471253
1.450082
1.361620
0.855906
0.149642
0.047938
0.844084
0.406050
1.101515
0.149642
0.149642
1.483007
1.307413
1.208651
1.554044
0.602862
1.699046
0.418434
0.503574
1.922499
0.602862
0.322818
1.366950
0.920254
1.922499
1.965532
0.361359
1.584337
1.208651
1.965532
0.149642
0.855906
0.602862
0.149642
0.543540
1.253582
1.013948
1.101515
1.922499
0.668453
0.107267
0.149642
0.243469
0.503575
1.844216
0.473646
1.101515
1.760935
0.855677
0.149642
0.778238
1.922499
0.149642
1.402724
1.287536
0.543540
0.602862
1.366950
0.149642
0.701277
0.418435
0.149642
0.243469
0.503574
0.754612
0.047938
0.473132
1.771006
1.756686
1.253582
0.434420
1.965532
0.418434
0.503574
1.884646
0.503574
0.243469
0.418513
1.672655
1.342738
0.799687
1.554044
0.418434
0.959300
0.503574
0.599374
1.584337
0.701416
1.771007
0.322818
0.602775
0.458986
1.483007
0.602862
0.322818
0.149642
1.450082
0.855906
0.243469
0.243469
0.149642
0.799687
1.101515
1.101515
0.368981
0.149642
0.419514
0.047938
0.602862
1.756686
1.450082
1.101515
0.149642
0.149642
0.416024
0.322819
1.038888
1.699046
0.112038
0.418434
1.287536
1.101515
1.414623
1.584337
1.629491
1.884649
0.668453
1.584337
0.503575
1.483007
1.922499
0.920254
0.668453
1.361620
1.620449
0.418434
0.418434
1.844216
0.602862
1.450083
1.402724
0.806501
0.701282
0.680666
0.243469
0.107266
0.323788
0.147109
0.503574
0.322818
1.922466
0.149642
0.418434
1.445292
1.483007
0.243469
1.013948
0.243469
1.038888
0.472761
1.420472
1.629491
1.366950
0.855906
1.771004
0.844084
1.629491
0.754612
1.168279
0.406049
0.406050
0.149642
0.855906
0.799687
0.322818
0.322818
0.799687
1.342738
1.836239
0.602862
1.013948
0.850044
0.149642
1.776119
0.503574
0.668450
1.038888
0.668453
1.013948
1.483007
1.101515
1.225884
0.275535
0.503574
1.773101
1.225884
1.208651
1.770999
1.761363
1.554044
0.920254
1.884646
1.554044
0.322818
1.699046
0.799687
1.672896
0.149642
0.817557
1.139139
0.322818
0.836415
1.965532
0.418434
0.668453
0.920235
0.149642
1.402724
0.360953
0.243469
1.420472
0.047941
1.844216
1.101515
1.756682
1.699046
0.953223
1.527060
0.418434
0.959300
0.603303
1.922499
0.503574
1.483007
0.472706
1.527060
0.855906
1.287536
0.149642
1.287536
1.965532
0.149642
0.602862
0.503574
0.473132
1.584337
1.013948
0.149642
0.243469
1.965532
1.420472
0.503574
0.418434
0.602862
1.922499
1.013948
0.934692
1.965532
1.287536
0.503574
1.554044
0.149642
1.225884
1.965529
0.844084
1.307413
0.754612
0.322819
1.775943
1.733295
1.013948
1.483007
1.922588
1.629491
1.483009
1.756683
0.855906
1.816854
0.934692
1.402724
1.965532
1.483007
0.418434
1.342738
0.149642
1.361620
1.756686
0.406030
0.418434
1.629491
0.503574
0.473132
0.754612
1.733011
1.922499
1.527060
0.243469
0.472211
0.503574
0.855906
1.672896
0.817557
1.483007
0.418434
0.418434
0.602862
0.844084
1.253582
0.544238
1.922521
0.966771
0.668453
1.208654
0.322818
1.342738
1.699049
1.629491
1.208651
0.668442
1.342738
0.047938
1.164392
1.208651
1.402724
1.629491
0.602862
1.733296
0.934692
0.920254
1.287536
0.503574
0.934692
1.844216
1.733296
0.418440
0.433747
0.701282
1.884645
0.754612
0.594907
0.934692
1.101515
1.699046
1.038888
1.013948
1.013948
0.243469
0.920254
1.208651
1.342738
0.149642
1.844325
1.253594
1.584337
0.322818
0.602862
1.307413
1.844216
1.450081
0.503574
1.528852
0.243469
1.225871
0.444787
1.013948
0.855906
1.554044
1.038888
0.322818
1.884646
1.699046
1.776116
0.149642
1.101515
1.139199
0.322818
0.418434
0.322818
0.322818
1.922499
0.149642
1.287536
0.149642
0.418434
1.527060
0.855906
0.503574
1.699046
1.139199
1.733296
1.756697
0.305793
1.844216
1.101515
1.164392
0.047938
1.220200
0.799720
0.361359
1.139199
0.503574
1.756531
0.243469
1.013948
0.920254
0.149642
0.149642
1.168279
0.799687
1.756078
0.149642
1.013948
0.149642
0.668453
0.934692
1.038888
0.595800
1.758130
0.322818
0.934692
0.149642
1.483007
0.418434
1.629491
1.287536
1.134574
1.014018
1.922499
1.208651
1.402724
0.701282
1.922499
0.149642
0.799687
0.503574
0.959300
0.503574
0.418434
0.322818
1.253582
1.884666
1.483007
0.406050
1.733287
0.418434
1.287536
0.418433
1.414592
0.418434
1.733296
1.584337
1.101515
0.701282
1.101515
0.149642
0.149642
1.402724
0.047938
0.323456
1.844217
1.844655
0.243469
0.934692
1.101515
1.307413
1.366950
0.473132
0.149642
1.629491
0.754612
0.047938
0.406050
0.602862
0.203708
0.149642
0.149642
0.322818
0.433748
0.322824
0.418434
1.733272
1.402724
1.101515
0.920254
1.965019
1.287536
1.844216
0.149642
0.047998
0.668453
0.243439
0.754612
1.554044
1.557387
1.629492
0.503574
0.602862
0.959300
0.418203
1.139199
0.602862
0.920254
0.668453
0.322818
1.756690
1.884644
0.322818
0.934692
1.844216
0.418434
0.602862
1.629491
0.473156
1.013948
1.554044
0.668453
0.418434
0.150225
1.450082
0.754612
1.757543
1.965495
0.418434
1.139200
0.959300
0.047957
1.844216
1.527060
1.139199
1.771022
1.554044
1.844216
0.377285
1.629491
0.243469
1.884646
0.107267
1.629491
0.149642
0.920254
1.342738
1.342738
0.602862
0.418434
1.922499
0.322818
0.855906
0.959673
0.243469
1.922499
1.168279
1.922499
1.420472
0.322818
0.418434
1.769657
1.483007
0.418434
1.013948
0.602862
1.527060
1.629491
1.922499
0.602862
0.149643
1.101515
1.225884
0.322818
1.554044
0.238927
1.922499
1.554044
1.965532
1.884630
1.225884
0.934692
1.101515
0.754612
1.038888
0.149642
0.322818
0.473132
1.307413
0.322818
0.754612
0.920254
1.402724
1.208651
0.701282
1.629491
1.844216
0.257530
0.602862
0.920254
0.322820
1.483007
1.584337
1.703947
1.307413
0.959300
1.101515
1.483007
1.629485
1.038888
0.754612
1.672896
1.307413
1.844216
0.920254
0.754612
0.602862
0.322818
1.287536
0.754612
0.458986
1.450082
0.243469
0.817557
1.922499
0.668453
1.361620
0.406050
1.922499
1.672896
0.473132
1.756686
0.322818
0.418434
0.322818
0.402108
1.013948
0.844084
0.459002
0.520725
0.799687
0.243459
0.602862
1.584337
0.934683
0.934692
1.604133
0.107267
1.483007
1.922499
1.013948
1.756686
0.959300
1.699046
0.754612
0.106526
1.756642
0.668399
1.253582
1.922498
1.922499
1.884301
1.699046
1.844216
1.844216
0.701282
1.101515
0.855906
0.855906
1.844216
1.483007
0.668453
1.554040
0.453073
1.013948
0.543540
1.584337
0.875191
0.799687
0.503574
0.799687
1.922499
1.366950
1.402724
0.953081
0.920254
0.844083
1.896622
1.101515
1.420472
0.543540
0.149642
1.225852
1.139199
0.243469
1.101515
1.039079
1.139199
1.629466
1.450082
0.149642
1.922499
1.342738
1.307413
1.450082
1.629491
1.038888
0.243469
1.922499
1.586026
0.855942
0.934692
1.629491
1.756634
0.962360
0.107267
0.418434
0.149642
1.554044
1.013948
1.483007
1.253582
1.699046
1.307413
0.701282
1.554044
0.149642
0.543540
1.844216
1.402724
1.884163
0.754612
0.668453
0.418424
0.602862
0.406050
0.473132
1.527060
1.844216
1.208651
1.366950
0.047938
1.756704
1.965507
1.922499
0.855906
1.361620
1.554047
1.366950
0.473122
1.307413
0.149642
1.629491
1.139199
0.589174
0.855906
0.418434
1.420472
1.342738
1.965532
1.450082
1.420472
0.754612
1.756686
1.253582
0.243469
1.733296
1.673102
0.959300
0.668453
0.754612
0.458986
1.101515
1.629491
0.243469
1.208651
0.920254
1.699046
0.920254
0.503574
1.792714
1.101515
1.844317
0.855906
0.418434
1.168279
1.139199
1.922210
0.920254
0.243469
0.836415
0.701282
0.920254
0.473132
0.920254
1.776117
1.361620
1.450082
1.038888
0.418434
0.149642
1.225884
0.503574
0.594897
0.149642
0.474607
0.667947
1.148897
0.602862
1.629491
1.168279
1.208651
0.243469
1.208651
0.602862
1.629491
1.366950
1.965143
0.934692
0.668453
0.602862
1.307413
1.287536
1.554044
0.418434
1.342738
1.629491
1.922572
1.922500
1.554044
0.107267
0.855906
1.733317
0.503574
1.844216
1.342738
1.483007
1.629491
1.554044
1.884646
0.149642
0.934692
0.855906
1.307413
0.243469
1.342738
0.754612
1.733299
1.884646
1.629491
1.013948
1.922499
1.554044
1.139202
1.554044
0.668453
1.922499
1.366950
0.107267
0.875191
1.287536
0.543540
1.139199
0.579271
0.543741
1.208651
1.164392
0.243469
0.473132
1.922498
1.013948
1.699046
1.139199
0.418434
1.844215
0.149642
1.748244
1.844216
0.754612
1.139199
0.866536
1.584337
0.418434
0.047938
1.307413
1.164018
0.503574
1.483007
0.668453
1.208651
1.253582
0.149642
0.817557
0.597297
1.733296
1.849509
1.226584
0.799687
1.420472
0.754612
0.322818
0.943704
1.940487
1.629491
0.322818
1.922499
0.149642
1.013937
1.101515
1.699046
0.456266
1.402724
1.287536
0.920254
1.366950
1.554044
0.855906
1.699046
1.672894
0.934692
0.503485
1.420472
1.013948
1.168279
0.322818
1.208651
1.366950
0.543540
0.543540
1.554052
1.758061
0.243469
1.038888
0.855906
1.756686
1.402724
1.287536
1.139199
0.149642
1.589182
0.953248
0.668453
0.368982
0.701282
0.799687
1.930499
0.855906
1.844216
0.322819
1.208651
1.733296
0.047938
0.322819
1.527062
0.149852
1.225884
0.701282
0.503574
0.433748
1.554043
0.817560
0.920254
1.253582
1.629491
0.543540
1.342413
1.629491
0.361368
0.406050
1.139199
1.844216
0.543539
1.844216
1.629491
1.483007
0.243429
0.503574
1.554044
1.342738
0.418434
1.756508
0.418434
0.701282
1.733318
1.789165
1.208651
0.243469
0.934692
0.243469
0.149642
1.699053
0.149642
0.149642
1.733247
1.756686
1.629491
0.149642
0.149642
0.952444
0.543540
0.602862
0.243469
1.483007
0.855906
0.047938
1.013948
1.922499
1.956642
1.756686
1.844216
0.503574
0.855906
1.733296
1.225884
0.920254
1.733296
0.166355
1.733219
0.458991
1.225884
0.322818
1.287536
1.922499
0.688023
1.699046
1.307413
1.629491
1.884646
1.965532
1.225884
1.965532
1.841798
1.253582
1.420472
1.584337
0.149642
0.458986
1.139199
1.756687
1.756686
0.754612
1.483007
0.149642
1.139199
0.855906
0.668453
1.733296
1.366950
1.584448
1.584681
1.013948
0.149642
1.771001
1.844216
0.589144
0.243469
0.855906
0.934692
1.756686
1.657614
1.013948
1.287536
1.844216
1.038888
1.629491
1.672896
1.920625
1.013948
0.243469
1.366950
0.668453
1.844069
1.483007
1.320313
1.483007
1.565575
0.418434
1.208651
1.101515
0.149642
1.922499
1.771003
1.884646
1.733300
0.934692
1.965131
0.668453
0.503574
0.149642
1.307413
1.584337
1.756686
1.402724
1.361620
0.243469
1.911154
0.458986
1.168279
0.668453
1.655487
0.754612
0.243469
0.149642
0.149642
1.287536
0.855906
0.855906
1.420472
0.602862
1.171023
1.342738
1.013948
0.322818
0.959300
0.543540
1.733296
1.922499
1.844216
0.602862
1.554044
0.418434
0.322776
0.503574
0.817962
1.776119
0.149642
1.013948
0.149644
0.503574
1.101515
0.701304
1.482909
1.038888
1.307413
1.287536
1.208651
1.629491
0.754612
0.243401
1.733296
0.418434
1.101515
0.322818
0.817557
0.754612
1.884700
1.101515
0.418434
1.922511
0.473132
0.543423
1.771009
1.483007
1.629491
1.253582
1.168279
0.322818
0.322819
1.307413
0.701282
0.418434
0.149670
1.622468
1.884646
1.013948
0.754612
0.418434
1.208651
0.149642
1.307413
1.717399
1.361620
0.728131
0.602862
1.844221
0.782684
1.922500
0.499924
0.754612
0.799687
1.038888
0.799687
0.602346
1.483007
0.953024
1.922499
1.483007
1.225884
0.602862
1.965429
0.047938
0.418434
1.307413
1.770986
0.404269
1.287536
1.208651
0.322818
1.483007
1.342738
0.323004
0.668453
1.884565
1.307413
1.629491
0.799687
0.243299
0.953223
0.418434
0.754612
0.149642
0.591686
0.855906
1.965532
0.149642
1.038888
1.366950
0.920254
0.602862
1.253582
1.483007
1.527060
1.629491
0.322819
1.554044
0.918868
1.629491
0.503574
0.149642
0.844084
1.361620
1.208651
1.554044
1.366950
1.420472
1.629491
1.554044
0.182540
0.920254
0.920254
1.844216
0.767617
1.038888
0.406050
1.361620
1.402724
1.483007
1.208651
0.244854
0.503574
0.882670
0.602862
0.546437
1.307413
1.287536
0.107267
1.965532
1.253582
0.418434
0.844084
0.503574
0.418434
0.149642
0.473132
1.629491
0.817557
1.342738
1.771005
0.149642
0.149642
1.402724
1.287536
0.602862
1.361606
0.418434
0.415585
1.483007
1.844216
0.134869
1.402724
0.668453
1.307413
0.799761
1.756686
1.253582
0.503574
0.959301
0.406044
1.287536
0.543540
1.225884
1.584337
1.420472
1.761666
1.554044
0.243470
1.554044
0.603388
0.050603
1.965533
0.237432
0.406032
1.483007
0.243469
1.756809
1.884646
1.034933
0.322818
1.951556
0.149642
1.287536
0.241831
0.503574
1.342738
0.669038
1.922499
1.756685
1.483007
1.225884
0.149643
1.168279
0.243469
1.629491
1.225884
0.602862
1.883607
1.403469
1.483007
0.243469
1.168279
0.322818
0.961666
1.101515
1.402724
1.844216
0.817557
1.922499
1.287536
0.602862
0.875191
0.418434
1.922499
0.754612
0.107009
1.756686
1.013611
0.722153
0.700949
0.149645
1.225884
0.754612
1.342738
1.402724
0.316975
1.629491
1.038888
0.668453
0.149642
1.884646
1.342738
1.584337
0.418434
0.368982
0.149656
1.922500
1.584468
0.701210
1.965532
0.418434
0.149649
0.047938
0.149642
0.701282
1.629491
0.418434
0.149642
0.602862
0.543540
0.149642
1.733296
0.602960
0.323147
1.584337
1.554044
1.168279
1.361620
1.844216
1.733296
1.167011
1.483007
1.307413
1.527047
0.799687
1.554044
1.139199
