0.809354
0.772344
1.576212
0.280292
0.539719
1.923062
0.325475
1.605024
1.052066
0.692789
0.385848
1.909844
1.417073
0.221435
0.972335
1.003106
1.984711
0.366492
1.075911
1.750529
1.788909
1.165521
2.006017
0.873627
0.715600
1.373042
0.288285
1.525965
1.554849
1.355742
0.970137
1.249047
1.087322
0.690031
1.091917
1.017470
1.863729
1.703224
0.361868
0.809525
1.760105
0.610102
1.032640
1.468443
0.983088
0.552319
0.236047
1.234623
0.326122
1.546064
0.723199
1.892502
1.434968
1.168242
0.854630
0.714573
0.197343
0.300504
1.241148
0.922336
1.937021
0.454347
0.503409
0.543281
1.552205
0.254300
0.332021
0.643637
1.276403
0.250606
0.324052
1.853608
1.675481
0.170934
0.203020
0.562816
1.046866
1.282813
0.517102
1.705601
0.726131
1.068341
0.669469
1.905725
0.304398
1.044161
1.246637
1.959917
1.331212
0.187225
1.308030
0.498419
1.153191
1.955847
0.294911
0.171079
1.581556
0.980705
0.316641
0.461650
1.155632
0.753905
1.314162
0.422952
1.979953
0.652871
1.931045
1.943174
1.491769
1.375351
1.274985
0.567063
0.237723
1.809210
0.687801
1.119359
1.352049
1.419483
0.354997
1.930018
0.650866
1.397477
1.818024
0.745000
1.060086
1.088720
0.210212
0.745039
0.380405
0.251563
1.633584
1.241682
0.754096
1.450204
1.723253
1.325795
1.424296
0.643950
0.770833
1.185469
0.856149
0.506910
0.209592
1.128188
1.191018
0.927291
1.369367
0.296039
1.882572
0.413343
1.377951
0.583208
0.952221
1.945685
0.459137
0.987851
0.682902
1.840481
0.412141
0.155713
1.633112
0.360536
1.935977
1.596028
1.782900
0.177572
1.860586
1.954667
1.499291
0.579909
0.716810
1.102963
1.542917
0.642381
0.222406
0.925340
0.262675
1.943479
1.432389
1.704220
1.894980
1.812579
1.495615
1.331160
1.881509
0.856537
0.595689
1.393811
1.411486
0.740734
1.562050
0.738577
1.055412
1.225459
1.976795
1.881381
1.246063
1.750788
0.189017
1.903766
0.204016
1.975501
0.501312
1.304983
0.340830
0.309192
1.072987
1.217269
1.330723
0.633396
0.572744
1.925354
1.944454
0.516789
1.162795
1.014624
0.415748
0.247646
0.662068
0.740810
1.632334
0.838406
1.504822
0.758988
1.449313
0.437448
0.315320
1.563514
1.843341
1.802273
0.306143
1.781717
0.607393
0.587356
1.110838
0.503012
1.053892
0.295222
0.694832
0.323635
1.555367
1.670024
1.090774
1.831022
1.156739
1.144872
0.270414
0.766696
0.803622
0.373679
1.937161
0.412677
1.379929
0.842501
0.483511
0.705198
1.033175
1.522287
0.547964
1.339699
0.192488
0.712761
1.281550
1.287277
1.164723
0.741398
1.396726
1.043618
1.849297
1.671021
1.839430
1.187046
0.818485
1.784660
0.201992
0.857479
0.530197
1.232925
0.420343
1.262482
0.385828
0.339623
0.635971
1.960217
1.505940
1.674292
0.252864
0.966730
0.768087
1.009580
1.613388
1.518198
0.542073
0.281818
0.644768
0.873642
0.908911
0.782160
1.646039
0.643747
1.544148
1.146599
1.798593
1.605215
0.156875
0.699146
0.882534
0.321351
1.518178
0.912754
1.168704
1.341359
0.282908
1.550634
1.647306
1.818812
0.392103
0.898280
1.017577
0.630045
0.185670
1.777055
0.243850
0.241016
0.837583
0.470775
1.754139
0.564473
1.616724
0.283159
1.900043
1.775425
0.325455
1.195284
0.991114
1.942175
0.679138
1.928956
0.686124
1.253901
0.691149
0.623564
1.704803
1.832019
0.667861
0.361999
1.144825
1.813906
0.423982
0.919600
0.688994
1.026963
0.107944
0.563486
0.804812
1.180222
1.662112
1.950844
0.914319
0.738961
0.472390
0.896796
0.119108
1.106434
0.197864
1.922908
1.019343
0.304419
0.236945
0.335944
1.871092
0.926555
0.312015
0.268344
1.926345
0.683804
0.777175
1.634583
1.652963
0.155321
1.079039
0.705228
1.969595
1.307127
0.193630
1.749443
1.951330
1.500787
0.380843
0.992918
0.572670
0.484856
0.376362
1.353917
1.542104
1.650313
0.507874
1.373217
0.577174
1.446970
0.622720
1.338972
1.216365
1.154763
1.331107
1.081762
1.648736
0.894847
1.433016
0.741498
0.293198
1.992315
1.978752
0.477504
0.374750
0.967484
1.827684
0.259886
0.197224
1.771697
1.765680
1.530648
1.119421
1.045987
1.188651
0.603541
1.965139
0.648393
1.426775
0.516685
1.202751
1.252295
0.860652
1.204392
0.489973
1.605355
0.245003
0.885233
0.844035
0.783799
1.348302
1.659261
0.214330
1.276786
1.733684
0.417571
0.236134
0.821233
0.600499
0.779695
1.974359
1.963112
0.588605
1.777674
1.477471
0.227094
0.240138
1.703701
1.422499
1.648744
1.273146
1.962093
0.221548
0.295410
0.267062
0.673686
1.046162
1.142524
1.475349
1.804492
1.125385
0.212970
0.287171
0.904996
0.705306
1.623409
1.773448
0.398618
1.261459
1.538270
1.873429
0.674230
0.513722
0.200180
0.698117
0.920462
0.511386
1.157342
1.769449
1.751008
1.891155
1.110247
0.948577
1.452438
0.940297
0.390792
0.818756
0.761316
1.155503
0.358253
1.998379
1.055488
0.827742
1.841359
0.705092
1.687963
0.722297
0.562040
1.665660
0.935979
0.684281
1.364744
1.959403
1.796583
1.924805
1.032140
1.990140
1.091392
0.402256
0.674619
0.897095
0.988260
1.273395
0.903057
1.966440
1.943069
0.350274
1.755755
1.443615
1.884200
0.548162
1.978540
0.323348
1.307527
0.537417
0.196835
0.691629
1.803061
0.353785
1.316680
1.183797
1.287481
0.997925
0.874417
0.932757
1.879951
1.202279
0.373650
0.920030
0.230498
1.681782
1.133697
0.933959
1.238659
1.325284
1.145259
0.558924
0.680651
0.849533
0.909032
0.751825
0.955279
0.410236
0.146194
1.506511
1.198967
1.752760
0.828531
1.975235
1.048151
1.437358
0.127830
0.298617
1.516512
1.290057
1.311862
1.856666
1.596512
1.811217
1.529312
1.767158
1.614464
1.163022
0.501613
1.977988
1.830851
0.660560
1.984663
0.178727
2.007001
1.837520
0.404676
1.998476
0.841713
1.197609
2.010037
0.686451
0.372547
1.291976
0.579653
1.934793
0.242107
0.479715
1.132467
0.313700
0.238936
0.365692
1.032813
1.872830
0.973674
0.186625
0.482902
1.158174
1.844505
0.152908
0.614348
0.972539
0.658986
0.155498
0.336794
1.904818
1.736544
0.330451
0.933395
1.454637
0.395284
1.710036
1.365780
1.071148
0.702170
0.502866
0.520788
1.084504
1.556792
1.007595
0.207413
0.228618
1.278830
1.365289
1.859770
0.454752
1.889006
1.004656
0.800443
1.435037
0.224469
0.991079
0.561666
0.557187
0.293097
0.486507
1.307172
1.990490
0.345012
1.547494
0.691427
0.990605
0.332662
1.946864
0.691069
1.875944
0.744993
1.915869
1.506817
1.174432
1.363904
1.926420
0.278491
0.416856
0.206867
0.229736
0.471821
0.674520
0.871871
1.864457
0.199104
1.283190
0.512389
0.162606
1.933068
0.712775
1.949355
0.579381
1.223911
0.128103
1.648063
0.187968
1.999124
0.773128
1.974090
1.629307
1.849181
1.644418
1.111446
1.536783
1.216297
1.938197
0.832964
1.899746
1.394092
0.871023
1.508334
0.277340
0.363930
1.162215
1.712052
0.187607
1.309252
1.687589
0.599340
1.931048
1.013071
1.872185
0.286624
1.310903
1.355063
0.506080
0.768241
1.034051
1.954062
0.253922
1.835041
1.108393
1.707236
1.624159
0.989724
1.624315
1.409610
0.300519
1.983740
1.423151
1.875329
1.451406
0.265000
1.978476
1.061867
1.513053
1.977643
0.530025
1.313563
0.963801
1.552392
0.276896
1.749732
1.216037
1.535841
0.302193
1.907737
0.483025
1.400558
1.075265
0.534351
0.669624
0.870166
1.567241
1.198687
1.006185
1.741342
0.600908
0.438713
0.443120
0.637864
1.380932
0.581322
0.447958
1.507717
1.708462
1.370974
0.364089
0.377543
1.370833
0.593961
0.905476
1.886281
0.224937
0.442012
1.964231
0.586839
1.277844
1.964595
2.010225
0.348477
1.940482
1.166750
0.190418
0.999007
0.497019
1.499620
1.351689
0.260628
0.862939
0.306130
0.423187
1.431657
0.244148
1.363865
1.108985
1.931930
0.957143
0.267050
0.430149
0.584516
0.730998
0.923442
0.090607
0.232221
1.584008
0.286489
0.336292
1.660639
1.750978
0.573120
0.392538
0.563007
1.238000
1.552882
0.806868
0.437346
1.511260
0.385556
1.483967
1.639858
1.048501
0.936285
0.549129
0.222571
0.339846
0.908234
1.504040
0.214971
1.697493
1.746716
1.134987
1.386839
0.712780
1.097223
0.834880
0.398000
1.905897
1.746002
0.219068
1.560042
1.379666
0.390498
0.853551
1.122632
0.731918
1.119848
0.679747
0.721365
0.395105
0.693598
1.149424
0.355795
1.742006
1.910570
1.996416
0.784586
0.454450
0.925115
1.941375
0.533270
1.525212
1.788200
1.361611
1.320405
1.955136
0.934237
0.397746
0.366984
1.436508
0.859324
1.288679
0.572862
1.399388
1.545704
1.313130
0.507445
1.671406
1.476020
0.345591
0.636014
1.809482
1.437639
0.411340
0.663703
1.715042
0.549003
1.141345
0.561170
1.313117
0.625945
0.253179
0.833271
0.892829
0.490528
1.160959
0.174442
0.331776
0.952149
0.462725
0.161648
1.976201
0.473277
1.142269
1.453069
1.826548
1.946102
1.345061
1.140760
1.408701
0.709401
0.638521
0.377410
0.302695
1.266745
1.222469
1.614203
0.341372
0.627022
0.708096
1.874650
0.825347
1.967179
0.766647
0.323554
0.787173
1.367606
1.255616
1.347413
0.922162
1.842812
1.961433
1.636727
1.687352
0.979955
1.971590
0.673953
1.579572
0.374769
1.916352
1.212620
1.972834
0.821961
1.542392
1.382653
0.413944
1.889103
0.467157
0.452045
0.828522
0.512301
1.144686
1.447884
1.795914
0.674222
0.204431
0.995133
0.804116
0.423267
0.168646
1.936726
0.650583
0.227599
1.323676
1.021118
1.494616
0.431785
1.184200
1.486751
0.767909
0.632927
0.991447
1.205979
1.000463
1.601298
1.972505
1.954945
1.350590
0.509131
0.838824
0.422087
0.302425
0.217024
1.013387
1.768934
1.111939
1.117568
0.411108
0.812804
0.542269
0.345762
1.517392
1.904849
0.526416
0.979309
1.947755
0.637179
1.189115
1.956037
1.510316
0.540078
1.384321
1.170148
1.115192
1.869450
0.393895
0.703738
0.434750
0.656409
0.501245
0.843570
1.300025
0.254166
0.605651
0.444564
1.010145
0.263248
1.164071
1.155426
0.750615
0.764323
1.723507
1.862646
1.205127
0.961589
0.595255
1.841192
1.088804
0.494402
0.820541
1.877527
0.854169
0.560860
1.803542
0.629466
0.720772
1.441394
0.275627
0.777894
1.091358
1.730241
0.559974
0.171859
0.525768
0.142779
0.595152
0.713560
0.224413
0.292167
0.631175
1.673001
1.477532
0.571787
0.925057
0.799400
1.143087
1.869324
1.492573
0.915912
0.682688
1.881555
1.504988
0.332265
1.913198
1.009736
1.091010
0.608997
0.241529
0.383906
0.466186
0.135453
1.865170
1.615702
0.418537
0.909726
1.508677
0.380085
1.721151
1.105960
1.297210
0.905672
1.013870
0.503827
0.918434
0.187087
0.704055
0.505209
0.454355
0.163900
0.346463
0.758937
0.686971
0.513379
1.976976
0.885063
1.690514
1.431022
1.775163
0.500774
1.841503
0.642275
0.252987
0.437043
1.916390
1.557991
1.205615
0.888434
0.962128
0.641374
0.915054
1.059977
1.070902
1.959378
0.718894
0.351342
1.232961
1.702749
0.788141
0.189561
1.094446
0.810666
1.697617
1.879293
1.588432
0.273620
1.421597
0.816371
1.081313
1.954250
0.229200
1.969001
0.255369
0.817549
1.670264
0.393718
0.903266
0.659747
0.442636
0.586438
1.114657
0.650189
0.593249
1.333868
0.339695
1.544769
1.487689
1.275024
0.402504
0.956716
1.786105
1.958108
1.313417
0.914084
1.339480
0.590186
1.979673
1.867946
0.305499
0.331885
1.807324
1.090741
0.926108
0.574384
0.540567
1.514852
0.719196
0.213874
0.552337
1.196370
1.924191
0.305392
0.841584
0.702767
0.241639
0.505222
0.301241
0.272533
1.735404
0.963202
0.233902
1.446774
0.914088
1.616601
1.792399
1.304507
0.562386
1.388221
0.925355
0.816667
0.980994
0.574053
0.815154
0.776873
1.112076
1.434072
1.262583
0.938401
0.226959
0.832207
0.943222
0.650816
1.006757
0.391185
1.049932
1.566736
1.799684
1.528473
1.577640
0.798890
1.882246
1.940767
0.372122
0.263028
0.384588
1.853425
1.389848
1.110918
0.978005
1.629061
1.807113
0.201027
1.533169
0.581628
0.991499
0.238310
1.953920
1.403693
1.188629
0.546756
1.371383
1.451891
1.145285
1.327461
1.538409
1.112986
1.672346
0.699234
0.329144
0.311901
1.495963
1.432960
1.913099
0.443296
1.788961
1.344671
1.883253
1.250795
1.721980
1.587161
1.250456
1.132867
0.205766
0.333413
0.241812
1.594160
1.969434
1.943652
1.887705
0.151440
1.267252
0.578693
0.824146
1.332106
0.667315
0.707693
1.144978
1.586694
0.276262
0.669864
0.633500
1.809094
1.775439
1.123120
0.979257
0.858667
1.475764
1.647635
0.586967
1.645877
1.285884
1.976983
0.447793
0.234929
1.660115
1.089310
0.247695
0.191848
0.948995
0.631479
0.748696
0.182366
0.966659
1.144072
1.693076
1.231978
1.270579
0.966425
0.273647
0.790219
0.308694
1.079006
1.173064
0.796787
0.920237
1.966574
1.552958
0.452157
1.675861
0.765491
0.176458
0.660584
0.447539
1.618467
1.952284
0.284423
0.434873
0.748346
0.286680
1.070616
0.749413
1.462149
1.857734
0.644772
1.371049
1.861467
1.717850
0.762734
1.199223
0.564640
0.382483
0.327728
0.294969
0.909173
0.694921
0.952331
1.734347
1.786774
1.609117
0.316179
0.772851
0.715386
0.500139
0.528318
0.684915
0.214910
1.953310
0.685838
1.367447
0.688705
1.275551
0.780581
1.710453
1.459811
0.255280
1.607228
1.958177
1.340095
0.804068
0.974021
0.857624
1.693517
0.773074
0.426395
0.619415
1.979711
1.869396
0.980629
1.809773
1.387188
0.684677
1.096011
1.833774
1.034822
0.625051
0.887772
0.128059
0.681845
0.350823
1.955603
1.748218
0.294998
1.074891
1.976401
0.549293
0.374347
0.303145
1.219354
0.746840
0.434548
1.261455
1.891335
0.689037
1.025940
1.298389
0.349907
0.211644
0.581915
0.533770
0.306035
0.433191
0.798019
1.739912
1.164369
1.985600
0.539941
0.697546
1.280301
0.455159
0.682312
0.250865
1.619002
0.306021
0.263510
0.835785
0.454357
1.367307
1.639410
1.484915
0.995636
1.037619
1.621842
0.515252
0.616233
1.307834
1.989702
0.628597
0.747136
0.428597
1.165618
1.784777
0.922555
0.515419
0.174020
0.313985
1.924134
1.983316
1.825779
0.390512
1.256295
0.987571
1.173012
1.707042
0.805258
1.880268
0.394032
1.631629
1.131096
1.375244
1.985035
0.758129
0.839786
1.131341
1.536550
1.767435
1.374088
1.298706
0.847373
0.535593
1.913363
0.298460
1.008461
0.479088
1.824819
1.044825
0.264614
0.517081
0.599831
0.781217
1.830530
1.462246
1.742399
1.299353
0.692105
0.687563
1.964180
1.777185
0.975942
0.197762
1.816922
0.979613
0.646535
0.298403
0.732552
1.392875
1.890376
0.937148
0.461574
0.976089
1.192267
1.882644
0.707905
1.833183
1.649771
1.302978
0.528285
0.510310
1.758338
1.804589
1.417354
0.424384
1.707345
1.366905
1.189061
0.462117
1.782022
1.324030
0.898250
0.338926
0.215272
0.821535
0.919435
0.990272
1.668880
0.796609
1.745426
1.262480
0.240439
1.259595
1.943197
0.513392
0.376841
0.693105
1.318771
0.181829
1.461116
0.953129
1.023626
1.133107
0.787416
1.668462
1.467938
1.058161
0.686637
0.301801
1.996076
1.353913
0.538850
1.282474
1.480241
0.246043
0.967569
0.568758
0.566665
0.893694
1.200561
1.160875
0.186659
1.766025
0.686001
1.986990
0.826245
1.391197
1.274575
1.187340
1.511937
1.008495
0.398284
1.636610
1.392612
1.159158
0.606998
0.421466
1.049263
0.215142
0.925878
1.060252
1.648881
1.359400
1.662359
0.798070
1.309256
0.302701
1.075364
0.935768
0.369616
0.212136
1.054766
0.892955
1.211289
0.489338
0.731346
0.327439
1.974579
0.720026
0.549994
0.430816
0.723025
0.245523
0.841585
0.416038
1.254678
0.436194
0.374404
1.220754
0.788908
0.274929
1.544674
1.194921
0.706323
0.295697
1.030186
0.425182
0.895451
0.307074
1.678985
1.302822
0.241833
0.363171
0.329657
0.115324
0.452313
0.514383
1.282289
1.794629
0.340788
1.934943
0.369864
0.365416
0.834544
0.183711
1.124561
1.007282
1.017621
0.417936
0.621790
1.558992
0.443933
0.423559
0.316834
1.979589
1.399580
0.991837
0.531859
0.977109
1.153026
1.373281
1.924864
1.120082
0.258956
0.605365
1.699147
1.282760
1.740372
1.569052
1.478410
0.228203
0.501058
1.827615
1.635578
1.633547
1.262389
1.416634
0.785879
0.734535
0.894121
1.197395
0.347716
1.517542
1.324287
0.773792
1.488357
0.840796
0.351991
1.180607
0.833995
0.203759
1.882112
1.160409
1.165487
1.856222
1.953481
0.661562
1.521799
1.245086
0.292966
0.263955
0.660946
1.012001
0.496593
1.467582
1.969708
0.816872
1.540533
0.304454
1.130714
0.783140
1.938633
1.805758
1.929183
1.290624
1.180480
0.982527
1.083895
1.175512
0.997277
0.869909
1.409339
1.823508
1.434514
1.598161
0.625919
1.015153
0.338862
1.599401
0.981629
1.924305
1.757273
1.659756
0.458382
0.596664
1.950612
0.905368
0.956023
1.639940
1.967576
1.935825
0.330792
0.503421
0.386633
1.974820
1.326685
0.923198
1.995053
1.960566
1.644664
1.180737
0.251026
1.680151
0.943625
1.007535
1.877518
1.890913
0.310110
0.248470
1.878755
1.659135
1.750771
1.239352
0.248260
1.479426
1.533665
0.644817
0.948407
1.669367
1.453345
1.295193
0.266720
0.187437
0.175948
1.378415
0.840639
0.991642
1.120377
1.653343
1.254288
0.267182
0.837241
1.805252
0.512374
1.289304
0.267642
1.413782
1.153116
0.759271
1.755640
0.195645
1.750200
0.305288
0.694292
1.337731
0.715574
0.278382
1.511611
1.516840
0.602053
1.298484
1.599426
0.269731
1.883923
1.729490
0.603802
1.209513
0.259389
1.279860
0.599416
0.418872
0.979292
1.042730
1.059070
1.675550
0.562882
0.708198
1.410697
1.327047
1.344309
1.667446
0.803384
1.024899
0.714937
0.337283
0.986693
1.002996
1.327319
0.124704
0.545523
1.525040
0.639296
0.269177
1.483554
1.908219
1.987865
1.362280
0.478597
1.316966
1.314462
1.755577
1.636931
1.210584
0.964359
0.644228
0.403635
0.315744
1.023327
0.459536
0.930635
1.871440
0.943774
1.812077
0.878326
0.381168
0.575577
0.530650
1.515526
1.779590
1.178922
1.657311
1.376296
0.773935
0.736643
0.196403
1.172647
0.867122
1.648526
1.114313
1.486865
0.975104
1.084672
0.164783
1.477412
1.980480
0.219051
1.853777
0.427680
0.739141
0.383748
0.483281
1.307304
0.632455
0.794320
1.225875
1.655034
0.355060
1.849942
1.988147
1.427104
0.671323
0.497555
0.364302
1.279922
0.203468
1.167964
0.179712
1.585571
1.398680
1.594940
0.728720
0.552953
0.129488
1.926783
1.465776
1.867233
0.682555
1.798901
1.114746
0.401508
0.899778
1.605577
0.698705
1.596442
1.606750
0.422334
0.282566
0.311108
0.334067
0.282814
0.697629
0.643143
0.553362
0.303783
1.723004
0.222664
0.964560
1.645594
1.220022
1.138134
1.732713
1.383296
1.127972
1.305852
0.648756
0.842264
1.933409
0.565310
1.072030
0.188474
1.683111
1.742216
1.104832
1.288373
1.001158
1.976254
1.994918
1.322606
0.835165
1.732949
1.074618
0.432979
0.701957
1.473423
1.958837
1.591242
1.513093
1.235191
0.623033
0.367086
1.208876
0.186563
1.412617
1.398527
0.602769
0.134862
0.941985
1.025886
0.595903
0.807056
0.952473
0.454252
0.476989
0.782067
1.660043
1.077545
0.495494
0.757937
1.995161
0.221158
1.843118
1.279314
1.059314
0.373574
0.416270
1.096828
1.314140
1.191869
0.835381
1.223229
1.991123
0.837611
1.870891
1.512406
1.750776
0.269131
1.949402
0.916771
1.891906
1.399347
0.935904
0.661456
1.845582
0.909999
1.931046
0.475897
0.403082
1.932111
0.316898
1.270154
0.524400
1.297797
0.271764
1.847669
1.213846
1.478301
1.492993
1.650217
1.607424
0.198817
1.741877
0.321181
0.710601
1.099412
0.496824
1.983085
0.468990
1.961887
1.210238
0.669206
1.657806
0.615909
0.795682
0.600710
1.823398
1.367789
1.043766
1.438330
1.090380
0.563790
0.351923
1.813779
1.630605
0.335544
0.280940
0.270923
1.945720
0.575296
1.557259
0.750222
0.278544
0.529308
1.989400
0.165307
1.235849
1.172871
0.990482
0.740651
1.250601
1.674944
0.841694
0.586313
1.414342
0.751760
0.280527
0.583289
0.667626
0.619777
0.760213
0.621341
0.794530
0.536572
0.864264
0.796763
1.126778
0.345904
1.838485
0.897380
0.908419
0.369231
1.986517
1.935847
1.316266
0.520172
0.461395
0.649638
1.972652
0.351005
0.330190
1.926896
1.325424
1.232115
0.724056
1.005277
0.483264
0.264354
0.342034
1.352309
0.842725
0.898545
0.374466
1.362337
1.905353
1.951350
1.874466
0.209922
1.070578
0.243141
0.673513
1.737744
1.940862
0.590157
0.627895
1.619195
0.569238
0.712398
1.602074
1.679862
1.427773
1.357342
1.227058
0.677789
0.780048
1.074148
1.146758
1.732553
1.783718
1.922594
0.830673
0.242699
0.646835
1.645641
1.020883
0.993312
1.892669
0.845491
0.885249
1.247644
1.924237
1.677736
0.910251
0.440843
1.075209
1.582842
0.497451
0.455886
1.294433
1.380832
0.194503
1.054212
0.438684
0.668676
0.826204
1.981282
0.959400
0.369992
0.819366
0.547487
1.862275
1.241736
1.900591
0.829049
1.044408
0.370282
0.903614
0.988223
0.971202
1.919259
1.742206
0.931670
1.649292
1.049386
1.180012
0.880200
0.337601
1.326691
1.713477
0.872660
0.762010
1.401299
0.764449
1.185988
1.589069
1.098483
1.333445
1.414041
0.580396
0.320078
1.269940
1.060637
0.485305
1.953651
0.787881
1.836706
1.121380
0.661989
0.225256
1.752648
1.561523
1.329904
1.499768
1.091311
1.448210
1.802647
0.229958
0.259565
0.935681
1.919991
0.840938
0.186067
1.446149
0.527609
1.521947
1.853182
1.288135
0.769516
1.124379
1.875368
0.847984
1.108174
0.161129
1.017794
0.450263
1.148259
1.044570
1.369525
0.538916
1.619023
1.605424
1.952014
0.914817
0.121343
0.310817
1.961626
1.924297
0.496525
0.166759
0.856745
0.603928
0.391418
0.231893
1.634917
0.927989
1.364784
0.409843
1.392374
0.273582
1.884109
0.746555
1.130640
0.389229
0.392896
1.150974
1.688095
0.590737
1.929669
1.062050
1.809955
0.892898
0.859805
0.250223
0.365200
0.338118
1.271911
1.797127
0.371880
1.980761
1.894528
1.689537
1.940300
0.358283
1.605266
1.655393
0.701685
0.317790
1.968962
1.202970
1.316451
1.609086
0.437915
0.791200
1.996766
1.879340
1.952199
0.790483
0.538376
0.294815
1.713887
0.822035
0.802870
1.974037
0.891088
1.150769
0.556660
0.697078
0.909202
0.846520
1.395232
0.286421
0.849801
0.642757
1.383010
1.353079
1.479205
1.391101
0.871733
1.802629
1.973176
0.429934
0.511703
1.192610
1.397841
0.350721
0.710840
0.442276
0.563882
0.592129
1.102165
1.221585
1.924417
0.872886
1.992041
0.712050
1.158158
1.905134
1.734972
0.282893
1.630460
1.438804
0.187198
1.927298
1.247991
0.441118
0.493631
1.050454
0.472719
0.429404
1.390408
0.923005
0.579201
0.204395
0.434080
0.187064
0.338559
0.582149
0.368962
1.842296
1.448142
1.993263
0.634068
0.657810
1.737873
0.788663
1.646145
1.809333
0.835861
1.466479
0.424110
0.272339
1.622847
1.030586
1.857521
0.822174
1.392629
1.237006
1.962559
0.590402
0.654562
1.687945
0.996481
0.380308
0.428341
1.617601
1.628153
1.677227
1.646761
0.700538
1.951258
0.983990
1.528585
1.873728
0.824573
1.219997
1.650373
1.172505
0.644530
0.372185
0.273322
0.146580
1.085592
0.654965
1.876256
0.316864
0.324558
0.546882
0.881495
1.110842
1.548835
0.987436
0.463191
0.679833
1.963879
1.816867
1.938618
0.708484
1.839259
1.312158
0.639226
0.577223
0.349287
0.802385
0.798287
0.399713
0.957033
0.228196
0.211337
0.362573
0.775263
1.334255
1.581705
1.159901
0.954532
1.958396
1.023668
0.482987
1.876312
1.953542
0.264853
1.200774
0.959783
1.922748
0.489288
0.940334
0.992855
0.509173
0.167887
0.512643
0.656331
0.854811
0.959115
0.246944
1.135736
0.207364
0.736822
0.147001
1.055622
1.331052
0.850850
0.304492
0.217456
0.186008
0.238655
1.006133
0.756604
1.606355
1.462481
1.515392
1.579610
1.497073
1.175759
1.104206
0.366100
1.228602
1.031948
0.770176
1.118181
0.441859
1.340136
1.362269
0.553236
0.705913
0.608807
1.834441
0.171982
1.976337
1.400835
0.975350
1.531959
1.123669
0.911539
0.539988
0.932258
1.223006
1.158909
1.763526
0.908871
1.733046
0.719864
1.015346
1.099990
1.558772
0.749440
0.322420
1.974493
0.406378
0.271816
0.390710
1.815092
0.813958
1.836015
1.551404
0.932034
1.952437
0.999396
1.401475
1.060965
0.214445
0.647072
0.709525
1.112133
0.309521
1.177976
0.746242
0.212167
1.851887
0.194488
0.691235
0.429552
0.630469
1.720025
0.866997
1.200058
0.989264
1.122402
0.649285
0.880547
1.273216
0.426066
0.751972
1.317930
0.154141
0.896617
0.404310
0.223935
0.943427
0.558680
1.575846
1.398611
1.598760
0.988532
0.210860
0.245767
0.647822
1.425940
0.474626
1.028604
1.415416
1.510211
1.883600
0.796035
1.017038
1.767603
1.535993
0.272404
1.267065
0.566947
0.684062
0.573267
1.537180
1.673796
0.783036
1.611749
0.180224
0.298420
0.267109
0.430057
1.460397
0.671631
1.890667
0.562119
1.251893
0.511125
1.074123
0.654775
0.944091
0.850169
0.954149
0.233857
1.739277
0.567495
0.305460
1.305107
0.307544
0.260604
1.638150
0.563442
0.393941
0.312873
0.864012
1.930141
1.146766
0.350291
1.329858
0.310811
0.223111
1.007919
1.776261
0.346587
0.687616
1.577302
1.865872
1.634328
0.409861
0.725105
1.731894
0.326842
1.630798
1.986853
0.911589
0.925027
1.340582
1.903731
0.901419
0.129849
0.318097
1.982578
0.580532
0.491693
1.380518
0.393982
1.958543
0.370642
1.472162
0.980677
0.761134
0.233683
0.211857
0.827006
1.201977
0.860116
0.906072
1.111185
1.781076
1.380552
0.295200
1.886572
1.842673
1.597012
1.889001
0.787172
1.954246
1.510876
1.437028
0.485536
1.829689
1.355296
1.735584
1.291185
0.771752
0.392814
1.225756
0.772342
1.386178
0.319481
1.754508
0.765999
1.848348
1.427174
1.079459
1.380765
1.018165
1.459330
1.805436
1.224177
0.343512
1.012644
1.090185
0.226142
1.954321
0.830383
1.817241
0.243892
1.286063
0.191969
0.252389
0.345752
1.971905
1.863877
1.855208
1.824309
0.164421
0.731352
1.175011
1.209267
1.245741
0.594110
1.984926
1.603729
0.462424
1.105734
1.876142
0.648542
0.474387
0.196309
1.184770
1.606601
1.117192
1.964015
0.350302
0.760630
1.180353
1.260820
1.302749
0.420801
0.699130
1.119664
0.168429
0.806842
0.251610
0.588136
0.964544
1.307994
1.230291
0.852449
1.615281
1.655102
1.736278
0.251690
1.782534
0.411314
0.561373
1.401329
0.618268
0.508787
0.211322
0.949834
1.878264
0.349349
0.623423
1.922929
0.235792
0.489361
0.846260
1.379758
0.471566
1.982675
1.261582
0.380459
0.837104
0.105655
0.730343
1.039020
1.443529
0.712821
0.225819
1.764673
0.163424
0.329170
0.570381
1.433282
0.543489
1.652911
0.817052
1.094366
0.197904
0.203708
1.797891
1.368712
1.217725
1.982517
1.684370
0.196179
1.905174
0.701260
1.286478
1.122435
0.789420
1.904042
0.848460
0.680907
1.532409
0.311445
1.467740
0.913880
1.354548
1.835567
1.193097
1.837041
1.984628
1.025787
0.674038
0.948818
0.351391
1.947013
1.989378
1.274799
1.895648
1.673364
0.995537
1.889644
1.628251
0.540147
0.730592
0.957110
1.451042
1.976181
0.238389
0.313003
1.007393
0.527826
1.736250
1.982986
1.603101
1.477020
0.607008
1.942293
1.734905
0.407249
1.760416
1.417953
1.311413
1.364267
0.404117
0.137472
1.543960
1.958740
1.240360
0.522410
0.510558
0.420722
0.612387
1.540648
1.995823
1.456326
0.501351
1.650429
0.667637
1.491187
0.480618
0.544243
0.860375
0.403771
0.627124
0.239999
0.276170
1.738401
0.555651
0.273456
0.769197
0.303498
0.853268
0.404232
0.309992
0.904873
0.901667
1.409108
1.255419
1.074267
0.896275
0.861838
1.787038
0.739241
1.932117
1.362193
0.367591
1.965466
0.881526
1.192296
1.812491
0.488355
1.201077
0.248123
0.825243
0.632305
1.819082
1.481883
0.962524
0.617011
0.733759
1.960700
0.797709
0.239656
1.238611
0.661404
1.955188
1.693244
0.193261
1.131406
0.994499
0.293186
1.374173
0.235237
1.280427
1.679596
1.850620
1.923825
1.517345
1.673589
1.786283
1.557356
0.295479
0.584026
1.878814
1.552963
0.312794
1.001689
1.035603
0.374231
1.667701
0.223308
1.186518
0.390589
1.835398
1.174779
1.322600
0.441777
1.260715
1.684754
1.191196
0.764819
0.248054
1.869833
1.559922
0.295557
0.448820
0.756921
1.263367
0.805607
0.865191
0.319725
1.927568
1.019088
0.829807
0.710645
0.454738
0.280809
1.942626
1.205767
1.285877
1.948273
1.393339
0.686256
1.538595
0.172544
1.855508
0.682574
0.826358
0.273710
1.935054
0.738409
0.741805
1.620211
1.868030
1.935242
0.170017
1.778189
0.991899
1.862728
0.407739
0.262502
1.998018
0.994628
0.484307
0.818537
1.875280
1.876717
0.799290
0.975975
1.038622
0.248924
0.807328
1.319462
0.672193
0.497785
1.864001
1.358150
1.509969
1.780395
0.807072
0.562940
1.382660
0.824599
0.155259
0.594009
1.830145
0.409894
0.695635
0.196406
0.751548
1.977884
1.914310
1.271960
1.025448
0.278046
0.430338
0.811306
0.355257
0.636511
1.877026
0.933664
1.900846
0.762549
0.982199
0.471950
1.349410
0.993535
0.819727
0.181615
1.106859
0.129228
0.621352
0.179463
1.481367
0.401817
0.483062
1.780226
1.994698
0.702444
1.999597
0.200195
1.207357
0.955503
1.835675
0.155698
1.513390
1.526473
1.588382
0.318274
1.871167
1.535847
0.471714
0.556149
1.620822
0.921725
0.204825
0.964001
0.727347
1.441322
1.806457
1.269198
1.774904
0.383043
0.609700
1.003881
0.985078
1.259846
0.229184
0.394665
0.302705
0.190307
0.604048
1.828271
0.414742
1.960907
1.838080
0.210178
0.538922
1.715472
1.388404
0.967335
0.248439
1.202643
1.883604
0.307391
0.523505
1.668270
0.656729
1.046965
0.234177
1.169242
0.194802
1.177858
0.635474
0.279175
1.958805
1.457363
1.403973
1.879292
1.850497
1.147295
0.892131
0.309014
1.583340
0.645068
1.608167
1.076019
1.065151
0.607498
0.486134
1.366737
1.069224
0.221409
0.415437
1.485938
0.525225
0.233454
0.697215
1.441684
1.626397
1.313504
1.667224
1.463405
0.132451
1.122691
0.453348
1.055548
1.402003
0.150539
0.777108
1.979430
1.503855
0.334533
1.045935
0.758393
1.274458
1.621680
0.735123
1.844483
1.121064
0.852598
0.986944
0.999028
0.880382
0.232793
1.984451
2.001032
0.677557
1.883011
0.906608
0.355051
1.873197
1.253998
0.749130
0.505195
0.848909
0.226135
1.291644
0.627661
0.973423
1.804013
0.967368
0.686021
1.940712
1.927062
0.702543
0.212663
0.413574
0.328660
0.829921
1.177242
0.475430
0.997624
0.241951
0.939722
0.419797
1.777793
0.608648
0.247978
1.526969
0.552420
1.328765
0.198399
0.667991
0.334331
1.840417
0.894783
0.671378
0.208122
1.942260
0.991557
1.637302
1.191160
0.948867
0.287000
1.687696
0.507482
0.991584
0.900527
0.863528
1.269192
0.730840
0.287144
1.966986
0.394049
1.355959
0.462634
1.146924
0.623134
0.592380
1.807419
1.959577
1.947697
0.383436
1.627075
0.399779
0.811086
1.990165
1.959135
0.254409
1.305890
0.749302
0.945110
0.232053
0.351148
1.293106
0.368977
0.823514
1.826445
0.891944
1.394346
1.971810
0.435378
1.533661
0.748562
1.864245
1.952847
1.988739
1.297546
1.669022
0.258498
1.583410
0.344810
0.614789
0.250898
1.170835
1.272355
1.561195
0.873585
1.843367
1.689233
0.691470
0.520122
1.890860
1.241232
1.980448
0.438416
1.016239
1.668477
1.788180
1.232709
1.904643
1.186593
0.355333
0.311541
1.710064
1.217158
1.871968
1.540348
1.330029
0.447334
1.579423
0.520218
1.933798
1.313888
0.315620
1.509459
1.703586
0.614617
0.694901
1.356422
1.939332
1.542038
0.920909
0.368981
1.432146
0.339152
0.825110
0.548324
0.368317
0.351165
0.542917
1.150634
1.363751
1.103333
1.079221
1.790556
0.651694
1.684734
0.494803
1.075502
1.885374
1.100014
0.744967
0.333274
1.635348
1.219600
1.664283
0.971513
1.377665
0.279588
0.875916
1.928889
0.688591
0.760251
0.950818
1.412028
1.129929
0.321625
1.862927
0.193538
0.786530
0.700673
1.891110
1.168369
1.961550
0.643521
1.366209
1.197484
1.494732
0.942856
1.920700
1.408560
1.414402
1.158511
1.341201
0.678780
1.290100
1.482821
0.299719
1.045446
0.293002
1.992033
1.290030
0.800956
0.277616
1.118846
0.856390
1.517926
1.403923
1.347046
0.192704
1.191198
0.163288
0.511375
1.600617
0.939652
0.928163
1.544779
1.948836
1.770820
1.401981
1.039302
0.282472
0.362032
0.604650
0.613847
0.477113
1.493574
0.472843
0.289740
0.477239
1.835036
1.885560
0.240797
1.987614
0.766883
1.152845
1.625565
1.642953
1.907778
1.596854
1.381368
0.400076
0.918479
1.369549
0.209941
1.091125
0.638811
0.264781
1.100577
0.377742
0.877608
1.704855
1.015710
1.975054
0.708393
1.890215
1.914840
1.776591
0.267716
1.775565
0.732738
0.330417
0.770531
0.656385
1.212299
0.874393
0.970802
0.350287
1.953954
1.497268
0.981202
0.241888
0.867372
0.181806
1.555844
0.226288
0.425699
0.695285
1.578998
0.186151
1.749072
0.861185
1.159260
0.707603
0.754750
1.958347
1.063907
1.168787
1.163759
0.527997
0.462511
0.760892
1.799797
0.261408
0.871750
0.908838
1.537493
0.963517
1.499264
0.822703
0.165359
1.939482
1.967986
0.146894
0.426546
1.556059
0.674443
0.914686
0.949677
0.204525
1.332072
1.553236
0.472718
1.330753
0.232308
0.870416
0.633307
0.326737
0.310323
1.611712
1.686107
1.267490
0.984498
0.223038
0.832315
1.712393
0.217880
0.962875
1.578444
1.964643
0.892111
1.429927
1.816998
0.957421
0.713640
0.187117
0.312452
0.864647
1.282271
0.986044
0.458086
1.400576
1.924386
1.339338
0.745401
0.802525
0.909691
1.908341
0.420603
1.935459
0.835187
0.281220
0.182049
1.106343
1.895958
0.823999
0.220481
0.506819
1.717093
0.706192
1.823880
1.463418
0.188193
1.400351
0.954787
1.543378
0.267490
0.604147
0.941037
0.475212
0.241251
1.992527
0.890585
0.625456
0.995747
1.948211
0.232886
1.648535
0.649515
0.183671
1.864697
0.731020
2.008025
1.064076
0.308549
0.604579
0.413767
0.541155
0.325302
1.353288
1.893597
1.563382
1.768166
1.899751
0.933654
0.769680
1.152248
1.654684
0.386099
0.418604
1.110449
1.906435
0.648418
1.553442
0.439746
0.769997
0.648346
1.937947
1.644749
1.043014
0.753820
1.266943
0.227019
1.299862
0.937657
0.827736
0.395383
1.979677
0.304015
1.965405
0.905100
1.871521
1.969981
0.998967
1.434959
1.933869
1.412733
1.757656
1.672061
0.342402
1.275762
0.217500
1.948827
0.291136
0.486074
0.513852
1.734267
0.512762
1.638523
1.905296
1.174124
1.191113
1.267896
1.394404
0.469075
1.968760
1.934063
1.282523
1.614834
0.797656
0.304843
0.707835
1.255083
0.541161
1.907513
0.334151
1.970956
0.504361
0.623976
0.632831
1.279324
1.252697
1.476199
0.162811
0.917683
1.249192
0.816245
0.245742
0.865272
1.960182
0.451907
1.306796
1.847576
0.966917
0.501348
1.428237
1.041833
1.186461
0.312947
0.653262
0.334724
1.506615
0.993530
1.825975
0.693077
1.250024
0.582100
1.246937
0.284534
0.950993
0.610564
0.927406
0.625528
0.455379
0.817931
1.465618
0.912555
0.957614
0.438464
0.741911
0.573467
0.796450
1.638216
0.703544
1.112456
0.367889
0.244615
0.424545
1.195983
0.325156
0.382226
1.059242
0.913875
0.232351
0.833471
0.671743
1.190726
1.408981
0.242057
0.479347
1.811959
1.714703
0.940750
0.767616
1.976757
0.285907
0.777499
1.864223
0.299692
1.172176
0.333191
0.103562
0.989196
1.159632
0.785822
1.836477
1.215260
1.913439
1.639841
1.115651
0.657105
1.785165
0.230939
1.685426
0.467513
0.217226
1.362857
0.953795
0.188639
1.275556
1.806445
1.190565
1.621468
0.217414
1.470163
1.674688
0.745351
1.517903
1.724067
1.990677
1.363342
1.331037
1.979658
0.850996
1.575735
1.163291
0.428718
1.999101
1.597452
0.671401
1.879703
0.238222
1.787046
0.591315
0.456036
1.042312
0.778201
0.671034
1.675293
0.309432
1.196015
0.665705
0.376623
0.759776
0.639556
1.780558
1.705012
0.224898
0.741944
0.907497
1.903386
1.373481
0.601037
0.958901
2.005666
0.456381
1.403830
0.264996
0.673808
0.650865
1.265271
0.531510
0.421392
1.992473
1.998110
1.929974
0.715858
0.238598
1.845476
1.982072
0.245467
0.812065
0.640768
1.139536
0.955721
1.751216
1.041902
0.535799
0.862792
1.701538
1.929410
1.451595
0.957883
0.626930
1.532247
1.192419
1.074382
1.352176
0.903632
1.905942
1.943256
1.024481
0.631327
1.832490
1.685343
0.232262
1.372555
1.551091
1.771046
0.933785
0.922656
1.702554
1.500839
1.397696
0.721641
1.925018
1.692447
1.253154
1.371833
1.001117
0.977051
1.977240
0.750499
0.585074
0.697871
1.587969
0.407694
0.485964
1.191482
1.522096
1.648231
1.914595
1.688762
0.696330
0.798439
1.159173
1.947309
1.315718
1.495599
0.369726
1.552755
1.006215
1.658224
0.358739
1.924119
0.318651
0.216098
0.886568
1.892209
0.502678
0.357525
0.365169
0.970453
0.322606
0.555496
0.824256
0.850619
1.256574
1.260856
1.053285
0.408194
1.527099
1.398386
0.583105
1.329605
1.371331
0.623064
1.641348
1.954096
1.335280
0.202675
0.538038
0.619841
1.948974
0.226957
0.292227
0.583896
0.714379
1.244112
1.148482
0.322326
0.462148
1.705461
0.349472
0.855256
0.884329
1.300455
1.055557
0.778424
1.518469
0.698233
0.137276
1.237569
1.566994
1.209316
1.511393
1.253831
0.601875
1.264620
0.267141
0.608563
0.517776
0.655572
1.398517
0.981498
1.967179
1.476271
0.444363
0.207366
0.213685
1.624670
1.270498
1.198931
1.918249
1.239087
1.241653
0.473096
1.584737
1.303345
0.975130
1.303171
0.719490
1.355471
1.729143
1.257066
1.608816
1.785454
1.672047
1.612914
0.670725
0.486982
1.321069
1.827652
1.294111
1.105266
1.051083
0.283784
0.726536
1.477826
0.820072
0.386752
0.801052
0.641727
1.696802
0.611607
0.775605
0.923889
1.618580
1.551836
0.939044
0.766876
1.491910
1.923617
1.158034
1.253803
1.316348
0.565951
0.880687
1.944571
0.882221
1.599918
0.502369
1.551416
1.049012
1.163401
1.747072
0.578372
1.843801
1.531004
1.944041
0.878032
1.654426
1.311577
0.216698
0.186459
0.660372
1.676155
1.304293
0.417882
1.514877
1.879200
0.588959
1.411901
1.809391
1.009336
1.309506
1.637428
1.180580
1.362500
1.954884
1.034615
0.988323
1.073838
1.631899
0.356067
0.565952
0.313867
1.984548
1.515269
0.667496
1.966446
1.115005
0.160235
1.915889
0.954297
0.984546
1.956626
1.571038
1.581793
1.301941
0.728817
0.263814
0.939739
1.411872
0.304341
0.589338
1.760759
1.516613
0.716801
1.881676
1.527339
1.721213
0.626765
1.137530
0.764294
1.846434
1.961735
1.179379
0.999846
0.173408
0.716872
1.572536
1.291863
0.526613
0.836673
0.768544
0.896992
1.136022
1.559572
0.311582
0.297754
1.708930
1.139423
0.835585
0.746785
0.959173
0.814740
1.417766
0.416127
0.726144
0.375604
0.473345
0.629123
1.851714
1.878187
0.341451
0.812509
1.576571
1.714091
0.284951
1.473599
0.831784
1.244651
1.138310
1.679167
0.533158
0.950706
1.166128
0.198781
0.702864
0.365528
1.695869
0.604179
0.789145
1.972052
0.386447
1.277085
0.185896
0.756622
1.067336
0.674971
0.194070
0.284476
0.458108
1.482723
1.158095
1.761417
0.917450
1.616293
1.066613
1.931668
1.451454
1.128248
0.760060
1.417741
0.731996
0.472206
0.654934
1.362207
0.991459
0.512039
1.693237
0.239344
0.525299
1.004454
1.416388
1.854332
0.369753
0.552416
0.894398
1.296518
1.983284
1.161478
0.889177
1.092568
0.766905
0.875256
1.942023
0.620537
1.880526
1.665926
0.916733
0.942752
0.217697
2.000644
1.879254
1.669240
1.942681
1.890406
0.283769
0.283249
1.252360
0.346938
0.497292
0.560652
1.150421
1.294964
1.942670
0.387784
0.167045
1.905355
0.372205
0.906256
0.310644
0.247629
1.950083
1.289622
1.549225
0.539805
0.763594
0.242463
0.232028
1.183749
0.658331
1.590351
1.464112
0.583045
1.285574
1.027625
1.789937
0.557130
0.258026
0.173534
0.971591
0.784445
1.768944
2.003552
1.844156
1.624327
1.375064
1.929820
0.309404
1.512899
0.383751
0.640105
0.343583
1.543080
1.189219
1.052783
0.768030
1.598355
1.241029
0.365800
1.993010
1.218041
1.308096
0.970344
0.885935
0.218019
1.386253
1.314627
0.672265
0.863472
0.149285
0.181070
0.179938
1.427937
1.712644
0.657074
0.205702
1.178702
0.656499
1.882249
0.338333
1.482373
0.274381
0.813653
0.351266
1.198230
0.427466
0.493585
0.243153
1.413016
0.391584
1.726367
1.152160
1.245713
1.236848
1.189088
1.894095
0.604199
0.326657
0.754655
0.409762
0.904862
1.416706
0.303177
1.158639
0.808576
1.154071
1.991712
0.945957
0.335320
0.412209
0.670475
1.399746
0.992646
0.933939
0.179125
1.308164
1.742950
0.500803
0.505810
0.615587
1.957604
0.422898
0.276172
0.634922
0.994396
1.948913
0.708400
1.029633
0.375588
0.611128
1.103745
1.522523
0.433048
0.296980
0.577226
0.177667
0.290816
1.459774
0.872722
1.254687
1.911016
0.322940
0.409751
0.126705
0.314848
1.982010
1.309731
1.747330
0.692910
1.388807
1.716425
0.744202
1.885701
0.204527
0.464708
1.232353
0.902989
0.602797
1.543509
0.650270
0.912297
1.352545
1.162254
1.869351
0.954917
0.437371
1.903894
0.451626
1.633959
1.291922
1.827631
1.607881
0.922411
0.705837
0.894724
0.760490
1.455733
0.314967
1.966906
0.961296
1.045995
1.658467
1.772022
0.168377
0.192123
0.857902
1.319350
1.743134
1.522831
0.917677
0.515684
0.441619
1.177265
1.662488
0.507333
0.568829
0.327937
1.368767
0.512633
1.511564
0.192983
1.068803
0.312157
0.478836
0.955309
1.174541
0.844716
0.483020
0.690600
1.259711
0.517535
1.974927
1.530461
0.090145
0.222292
0.930327
0.324926
1.021631
1.336339
0.266687
1.090835
0.171980
0.673282
0.820479
1.117302
1.123386
0.183866
1.557149
0.806669
0.276817
1.645574
0.605440
0.278656
0.640398
0.594723
0.151087
0.245569
1.779447
1.396941
0.365706
1.491902
0.231337
1.936201
1.919862
0.528084
1.499272
0.221278
0.430907
0.517099
0.500880
1.935635
1.197057
0.714338
0.592322
0.564037
0.964038
1.861701
1.551017
0.817611
0.607988
0.247046
0.346867
0.841681
0.317866
1.921816
0.382778
0.632520
0.358709
1.773968
1.798974
1.116785
0.802862
0.577489
1.750576
1.709410
1.636384
1.300778
0.963261
0.690635
0.577289
0.302573
1.884783
1.466907
0.411598
1.126714
0.836964
0.766809
0.685351
0.238041
0.970653
0.931405
0.239087
1.100664
1.874957
0.819717
0.278533
1.951503
1.982915
0.339958
0.598037
0.872272
0.749119
0.335241
1.668679
0.451913
1.977077
0.498824
1.120129
1.521079
1.016470
0.145302
1.625189
0.462849
1.670975
0.884386
0.484716
0.775228
1.564996
0.364235
0.498753
1.732224
0.839623
0.256824
0.748616
1.944413
1.706720
0.681293
0.687376
1.592583
1.169833
1.513302
0.498027
1.833282
0.668590
1.152201
1.284537
0.385996
0.224874
1.325559
1.812861
1.166991
0.236609
0.484531
1.777985
0.979628
0.428194
0.220998
0.598225
1.161135
1.944601
0.700421
0.481020
1.838155
0.895546
1.306419
1.872576
0.407595
0.323230
1.165795
1.417069
1.776534
1.341149
0.631445
1.181420
0.824805
0.549709
1.564281
0.223502
1.570842
0.436582
1.281073
1.332986
0.531216
0.802485
1.096275
1.342227
1.562549
1.029191
0.895640
0.986244
1.428372
0.534429
0.931681
1.819499
0.534802
1.069348
0.239460
0.211606
0.275218
1.399733
0.988891
0.938968
0.881113
0.875820
1.483223
0.295773
1.884932
1.477136
1.711339
0.818986
1.376926
1.236994
1.984833
1.287477
1.587643
1.837969
1.224738
0.580387
0.402533
0.951251
0.296235
0.215580
0.642005
1.468179
0.311073
1.364754
1.009768
0.832885
0.819909
1.491565
0.559030
0.759393
1.303109
0.650722
1.426661
1.902171
2.011979
1.450305
0.212863
1.964342
0.407353
0.338110
1.835758
1.675397
1.580323
0.945377
1.293949
1.974221
0.346581
0.767563
0.283009
0.793925
1.735268
1.248817
1.045156
0.841793
1.867491
0.193401
0.506509
1.352969
1.087425
1.978876
0.542632
1.957207
0.787647
0.968214
1.288503
1.825370
1.600827
1.070100
1.955615
0.969489
1.110577
0.579975
0.948337
1.026874
1.672688
0.480566
1.626978
1.281705
0.370869
0.712758
1.343175
1.138148
1.325619
0.494291
1.391256
0.538183
1.185013
0.440912
0.895489
0.686265
0.269943
0.473163
0.734292
1.862792
0.584212
1.893994
0.689085
1.934489
0.269133
0.731322
0.189257
0.351059
1.768662
1.437061
0.516553
0.381788
1.717551
1.573739
1.027169
0.274216
0.406790
0.448568
1.888637
0.819181
1.934345
0.904567
0.940316
1.641183
0.676938
0.736801
0.172028
0.986559
0.414125
1.187580
1.457911
1.233644
0.731548
1.062430
1.815456
0.914690
0.360494
1.317876
0.804667
1.900002
1.677992
0.466624
0.348569
0.990729
0.322411
0.199051
0.239465
1.442011
1.555279
1.655693
0.694886
0.247069
0.849228
0.499894
0.896976
0.987025
0.298699
1.392926
1.282184
0.829881
1.986753
1.372200
0.289096
1.605996
0.225644
1.220288
0.886843
1.543443
0.900815
1.072094
0.702203
0.701573
0.184812
1.074447
0.804901
0.969501
0.214484
1.723955
1.915030
1.091708
1.134033
1.417374
0.219494
1.112676
1.815487
2.003712
0.405205
0.874909
1.267644
1.546937
0.217508
0.781277
0.328104
1.859107
1.529833
1.560003
0.740306
1.216508
0.722187
1.976031
0.323952
1.502285
0.924873
1.975733
0.671639
0.370886
1.724186
0.501090
0.360558
1.250119
0.129101
0.146094
0.295485
0.484719
0.320516
1.957225
0.490288
0.493507
0.837580
1.853834
0.763529
0.593944
0.767532
1.481907
1.348761
0.944430
1.647661
0.326188
0.169984
1.417574
0.965791
1.117831
0.210595
1.490160
0.786828
0.693659
0.637377
0.738882
1.875286
0.402781
0.999020
0.731861
0.183098
1.919433
1.404715
0.462079
0.358080
0.278900
0.449582
1.955638
0.283538
1.709573
0.405295
1.323450
0.686643
1.851426
1.095616
0.937997
0.467155
1.833977
0.351270
1.105888
0.879261
0.313612
1.822094
1.466996
0.471717
0.456614
1.520904
0.245065
1.994502
0.714869
1.624040
1.972523
1.259602
0.177022
1.642251
1.791243
1.074016
0.383048
0.496403
0.326228
0.265241
1.279332
1.278706
0.185904
1.592180
1.151653
0.711176
0.264192
1.744738
1.669235
0.816065
0.412705
1.703905
1.593707
1.099358
0.506874
0.227692
1.752690
0.590493
1.801328
1.081655
0.198237
0.274505
0.598474
1.002481
0.261075
0.839969
1.525992
1.398183
1.960497
0.379826
1.896044
1.942880
1.182430
1.290146
0.471342
0.516285
1.729831
1.988239
1.561399
1.935954
1.808278
0.852525
1.500602
0.798230
1.902522
0.607673
0.604141
1.569261
1.687970
0.964730
0.534898
1.685431
0.335154
1.224135
0.319856
1.821206
1.972769
1.503003
0.712336
0.255507
0.341408
1.575593
1.103196
1.836854
0.421601
1.136448
1.989263
0.914386
0.373029
0.127430
1.442020
1.123877
0.320535
0.796443
1.985885
1.785984
1.684076
1.625679
1.193164
0.704010
0.758906
0.130460
1.842585
0.276603
0.699767
0.160847
1.465853
1.028525
0.249851
0.996179
1.585238
1.691343
0.732096
0.956425
0.181409
0.644672
0.672020
0.169740
0.663647
1.547872
0.774315
0.676776
0.337949
1.586827
0.766367
0.809830
0.469833
1.455099
1.111338
0.843705
1.220489
0.917970
0.411325
0.310750
1.041380
0.236306
0.132331
1.616239
1.936754
1.765700
1.013441
0.798259
0.794543
0.750535
1.514224
0.440780
1.763073
1.989550
0.721161
0.555287
1.011381
1.678333
0.721228
1.042191
0.961721
1.136151
1.009499
1.347419
1.905462
0.482474
0.960900
0.815464
0.335577
0.957170
0.982533
0.748131
1.360708
0.303956
0.296349
0.553908
1.549351
1.062284
1.143375
1.224598
1.439221
1.865003
0.360275
1.855628
1.248894
1.147533
0.171342
1.297596
0.343145
1.304948
0.972013
0.439295
0.591504
0.811648
0.624708
1.301777
0.665402
0.627721
1.985873
1.138702
0.489869
0.951357
1.038295
0.388489
1.047114
1.887208
1.271190
0.382722
1.931853
0.233717
0.436791
1.903330
1.154936
1.202788
1.065481
0.237745
0.334816
1.139571
0.405630
1.810426
1.039899
0.598072
0.275093
0.761328
0.512054
0.445740
0.674380
0.973780
1.899447
1.983013
1.632987
0.163925
0.832727
1.220064
1.405091
1.949340
0.729311
1.010885
0.471057
1.533475
0.769191
0.907627
0.592626
1.535201
1.137137
0.485643
0.172043
0.330060
1.466137
0.620660
1.512549
1.933074
1.199074
0.361578
0.388809
1.036422
0.861563
0.216903
0.195984
1.878860
1.292875
1.858101
0.611132
1.129326
0.980962
0.431712
1.340180
0.435334
0.728687
0.281528
0.201708
0.477155
0.989875
0.251462
0.257573
0.621735
1.165156
0.958378
0.792449
1.047929
0.896066
0.394827
0.952762
1.210744
0.742669
0.274045
0.300740
1.325249
1.436145
0.752378
1.686257
0.998950
1.229115
1.529515
0.552162
1.475127
1.443651
1.627684
0.283842
0.642541
1.382097
0.586032
0.965794
1.611570
0.943616
1.048241
1.774312
0.770345
0.360138
0.609851
1.579955
0.306439
0.712083
0.721636
0.728451
1.953918
1.963396
1.308884
0.380117
0.259964
0.713032
0.800977
0.824391
0.985285
1.065087
0.186545
0.480621
0.958705
0.491094
0.264877
0.263457
1.415567
0.911282
1.314743
0.635034
1.536590
1.122340
1.025868
1.977935
0.808267
0.159161
1.887858
1.000566
1.753941
0.335010
1.464787
0.864763
1.790180
0.691121
0.927835
1.250059
0.920206
0.405794
1.806449
1.185400
0.216674
0.998766
1.924571
0.203274
1.328780
0.745578
1.224576
1.111389
1.265517
1.526643
1.188806
0.418826
1.340532
1.964707
0.224523
0.950550
0.549315
1.511013
1.692651
0.388054
0.158916
0.211040
1.114659
0.568604
0.389957
0.993201
0.460006
1.210025
1.806640
0.517712
0.671460
1.795441
0.151919
0.983946
1.899960
1.295849
1.148507
1.745650
1.163769
0.349110
0.776739
1.076124
0.970360
0.227660
0.149926
0.257349
1.968260
1.085774
0.704080
1.258313
1.155120
0.987125
0.267520
0.752235
1.360248
1.298826
1.143342
0.185003
1.898127
0.471004
0.428079
1.988720
1.142570
1.862526
0.943484
1.614018
0.900412
1.235712
0.393846
1.282516
0.745693
1.769191
0.962798
0.202094
0.242858
0.867255
0.218718
1.720323
0.430277
1.015250
0.251287
1.023365
1.468520
1.548702
0.250717
0.489116
1.950453
1.409622
1.510095
1.207834
1.158762
0.520176
1.152543
1.898417
0.141911
0.756192
1.127946
1.285088
0.295720
0.155611
1.140231
0.644834
1.139225
0.956505
0.337151
0.266562
0.899294
1.186009
0.884260
0.591629
1.813696
0.316599
0.794232
0.513856
1.517995
1.237566
0.295127
1.611329
1.719757
1.728802
1.464909
1.922532
1.920281
0.440643
0.588203
0.362177
1.037085
1.304119
1.018862
1.944577
1.655211
0.685453
1.260587
0.766571
1.998349
1.530402
1.892493
1.554053
1.646420
1.980653
0.600900
1.931321
1.951952
1.183236
0.688543
1.181842
1.371953
0.758121
1.406109
0.285251
1.960271
0.499206
1.125287
1.370174
1.074497
0.837685
0.559586
1.948829
0.389077
1.928875
0.936227
0.719669
1.250190
0.349442
1.486393
0.436053
0.145278
0.979529
1.371872
1.005579
0.737315
1.347366
0.312935
0.726739
0.243744
1.634089
1.383543
0.912734
0.669762
0.556127
1.817136
0.128787
1.387378
1.679445
0.563221
0.442260
0.402412
1.765734
1.713779
1.684641
0.594924
0.811267
0.307615
1.911128
1.482915
1.963259
0.644760
1.304821
1.000890
1.255202
1.332850
1.798222
0.227400
0.626188
1.608979
1.124931
0.847487
1.883737
1.152632
0.617528
0.389692
1.403871
1.921680
0.278603
0.313766
0.592260
1.971824
1.204237
0.261539
1.584396
0.545791
0.613543
1.770836
1.930837
1.034694
0.974430
1.637823
1.316649
0.974843
0.808483
1.792612
0.530828
1.071377
1.889204
0.253988
1.163147
1.509259
1.979753
0.444968
0.962034
0.617957
1.317179
1.111927
1.085749
1.598825
0.238299
0.280135
1.613166
1.020909
1.730407
0.743184
0.384799
1.687709
1.358427
0.618737
0.572798
0.726084
1.221679
1.278865
0.373884
1.005277
1.084738
1.517266
1.229136
1.704818
1.781685
1.470831
0.936598
0.956387
0.540983
1.965063
1.491824
1.963992
1.124161
0.167560
0.232484
0.922499
0.867678
1.729027
0.835436
1.452939
1.324537
0.574265
1.105543
0.907975
0.582022
1.250705
0.236712
1.019209
1.410219
0.987484
0.833350
1.458147
1.556130
1.886774
0.893257
0.377697
1.229302
1.424186
2.009658
0.119125
0.223890
0.372184
0.477007
1.363704
1.627729
0.616915
0.680842
0.989544
1.291548
0.137086
0.485041
1.539818
0.380212
0.551550
0.992291
0.220922
1.476292
0.803785
0.828834
0.915632
1.508550
0.198233
1.158443
1.041081
0.618471
1.148323
1.837653
0.258823
1.059981
1.241289
1.405185
1.287596
1.244733
1.619412
0.457902
0.335902
1.381975
0.259500
0.386677
0.567951
0.724345
1.836389
0.729385
1.957755
1.978109
0.373379
0.791997
1.744533
1.636425
0.544840
1.656035
1.716538
1.558624
0.616441
0.966198
0.309080
1.505299
1.371150
1.697466
1.380552
1.988602
0.199923
1.809829
0.271919
0.319662
0.828114
0.854204
0.734333
0.325971
0.146301
1.388137
1.703199
0.534657
1.208963
0.997974
0.878684
0.195033
1.684209
1.108591
1.474722
0.345408
1.706792
1.253167
0.317216
0.931878
1.069105
0.563353
0.711243
1.125814
0.236266
1.155164
1.090840
0.594089
1.557329
0.802693
1.651383
1.360263
0.817346
1.625822
1.901253
1.943614
0.619619
1.376001
1.057980
0.327945
0.370208
1.949334
1.929135
1.681615
0.988851
0.150833
1.085345
1.048532
1.912935
1.432040
1.043484
1.749004
0.817907
0.514999
0.994385
1.600507
0.729314
0.599761
1.394643
1.790605
0.978217
1.719396
1.263589
1.469106
0.411501
1.160119
1.985282
1.834652
1.118821
0.448025
0.164621
0.262075
1.602422
1.138803
1.508435
1.555823
1.303891
1.387308
0.213984
1.378788
0.598643
1.168477
1.555781
0.326846
1.581959
0.903690
1.491790
1.116868
1.757160
1.270952
1.270384
1.971913
1.474029
1.892082
0.487782
1.758409
0.540781
1.279002
1.464149
0.847192
1.151184
1.982819
0.464087
0.173132
1.408478
1.005734
0.744322
1.894664
1.006973
0.473427
0.696796
1.423927
0.234159
1.607740
0.840568
1.542249
0.751935
1.502200
0.416992
0.711158
0.736033
1.945351
1.944027
0.582618
0.354324
0.742249
1.008973
0.616979
1.389090
0.731904
1.898489
1.963497
0.630529
1.453055
1.375145
0.543504
0.291857
1.897307
1.490908
0.928935
1.844686
1.748565
1.388371
1.626301
1.390456
0.940508
1.722422
1.571120
0.456031
0.575186
0.505455
1.638880
0.679298
1.067684
1.982556
1.343467
1.561135
1.580669
0.528725
1.732111
1.680638
0.676444
1.015260
1.221478
0.677850
0.988136
0.637491
0.805992
1.914455
1.886212
0.544349
1.806328
0.922317
1.817773
0.234776
1.929935
1.716470
0.607557
0.502979
0.289475
1.844759
1.764869
0.283904
0.224166
0.262509
1.077073
0.635434
0.538190
1.895076
1.292731
1.652601
1.164215
0.559258
0.472068
0.796708
0.989852
0.707409
1.016978
1.106259
0.206439
0.822541
0.688066
0.510653
1.589689
1.026033
0.237086
1.601674
0.770951
0.822620
1.091011
1.971890
0.176356
1.220952
1.098051
1.924498
0.453248
0.363455
1.400130
0.171070
0.544050
0.905011
0.802328
1.862659
1.513179
1.268485
1.680842
0.611405
1.884600
1.307425
0.444755
1.554601
0.856596
0.224725
0.338814
0.981171
1.952279
1.540729
0.935706
1.935804
0.556616
0.573573
1.970999
1.044515
0.996002
1.480151
0.876617
1.425897
1.225620
0.558445
1.691085
1.229342
1.969079
0.250546
0.381401
0.264908
1.917261
1.665317
0.364082
0.405612
1.066153
0.670133
0.441970
0.200202
0.341342
1.026978
0.605733
0.777072
1.179864
0.935237
1.206474
1.525611
0.982726
1.390976
1.743237
1.784889
1.970117
0.299933
0.415652
1.527316
0.412433
1.306500
0.752118
1.857131
0.724600
0.630028
0.573368
1.118479
0.966997
0.260744
0.953171
1.291401
0.202637
1.628510
1.991675
0.933127
1.967141
0.351540
0.221649
0.355395
1.163192
1.072600
0.666306
0.295251
0.118553
1.857727
0.616762
1.294470
0.705091
0.757525
2.001166
1.126607
1.949431
0.612401
0.908935
1.438385
0.993419
0.986286
0.558712
0.110183
0.479979
0.954374
1.544760
0.664855
1.390613
1.860107
0.954282
1.866539
1.494108
0.981058
0.384317
1.862503
0.756507
1.536588
1.355001
0.327463
0.360726
1.815134
1.985827
0.995448
1.091315
1.650008
1.721661
1.208265
0.339386
1.422711
1.628758
0.232971
1.963978
1.976704
1.162819
0.957693
0.472355
0.706186
0.954279
0.261559
1.863047
1.891622
1.557904
0.873702
0.961131
0.840420
1.299530
1.447800
0.326761
1.722532
1.797090
1.284347
1.661814
0.210910
1.105223
0.843026
0.271987
1.615259
0.436869
1.456530
0.584202
0.426937
0.629981
0.307191
0.275194
0.262091
1.827956
1.153365
1.433422
1.558522
1.602037
0.569299
1.439831
1.935866
0.973250
0.284900
0.301994
1.977759
0.362415
0.290948
1.156227
0.191636
0.742221
1.124349
0.218940
0.194114
1.909029
0.863647
0.277646
0.941772
0.466000
0.477703
0.156665
1.457483
0.384987
1.696181
1.122316
1.579948
0.361904
0.310225
1.472665
0.531760
0.886646
1.175253
1.069406
0.830890
0.847864
1.806880
0.983454
1.057261
0.999967
0.595311
0.662155
1.744778
0.288677
0.893004
1.580888
0.238292
0.628511
0.638774
1.971047
0.255497
0.924617
1.891587
0.305208
1.925164
0.440904
1.898306
1.611492
0.516369
0.276049
1.795433
0.759529
0.629034
0.356053
1.887004
1.311420
1.123275
0.425734
1.198736
1.940525
0.941170
1.612425
1.391027
0.648971
0.564004
0.795729
0.640175
0.929385
0.580070
1.059826
0.323909
0.207919
1.213000
1.902608
0.404842
1.357313
0.169723
0.313918
0.783344
1.931655
1.769508
0.765384
1.398265
0.825596
0.252769
0.326608
0.909554
0.680190
1.287432
0.249411
1.346925
0.999892
1.855363
0.736325
0.378381
1.941377
1.751732
0.773780
0.235075
1.102899
0.862808
1.459040
1.931425
0.889854
1.222163
1.541729
0.845842
0.644305
0.943905
1.245022
1.130493
0.730717
1.485008
1.515757
0.164520
1.984265
0.546767
1.490930
1.189716
0.362466
1.969872
1.149964
1.535003
0.961184
0.608599
1.366790
1.549908
1.009377
0.158491
1.966738
0.119146
1.739655
1.620533
0.861540
0.332531
0.461623
1.335712
1.984168
1.540444
1.054603
0.708880
0.783460
1.931715
1.759867
0.224694
0.907350
0.210064
1.803158
1.764010
1.725070
1.245056
1.756619
1.676615
1.992514
0.867027
0.374620
1.667779
0.513611
0.357480
0.493876
0.345227
0.752750
0.646077
0.518362
1.250344
0.786621
0.271771
0.949470
1.423257
0.828413
1.201621
1.553020
0.279398
1.862806
1.132139
1.951740
1.935285
0.544559
0.543880
0.224114
0.292251
1.392991
1.777145
0.498003
1.241491
0.275204
1.207366
0.431619
0.513010
1.432557
1.719434
1.196242
1.903782
0.781962
0.221223
1.253050
1.621557
1.064735
1.697203
0.764523
0.528016
0.339471
0.748379
0.344501
1.675753
1.421266
0.390479
1.578720
0.698592
1.299254
0.236790
1.144891
1.888614
1.513582
0.280035
1.254679
0.259354
1.522401
0.846017
0.658951
0.326443
0.391253
1.644154
1.636629
1.965603
0.218797
0.553176
0.236330
1.596865
1.380720
1.805507
1.883703
0.376168
0.373319
0.995368
0.182571
0.978590
0.993646
1.463368
1.884577
0.503013
1.966947
0.815925
1.776755
0.365397
1.250905
0.971023
0.820566
0.891208
1.050282
0.991069
1.990549
1.867607
1.973135
0.334117
1.270523
1.120390
0.967136
1.449396
0.244039
1.619638
1.295673
0.357831
1.991733
0.193895
1.413291
1.031521
1.468043
0.487899
0.921622
1.756860
0.402088
0.292521
1.879093
1.561240
1.354617
0.214928
0.972125
0.954991
0.405306
1.965279
1.460749
1.941953
1.732731
0.370125
0.245705
0.861445
0.744257
0.764011
0.562555
1.311830
0.385252
1.783234
0.442089
0.542973
0.310813
1.995092
1.051331
0.930575
1.120047
0.435725
1.992784
0.518178
0.803294
1.557669
0.390755
0.726481
0.697288
1.379663
0.239052
0.209173
1.228662
0.937425
0.306553
0.475951
1.482189
1.743785
1.113043
1.196788
1.139817
0.281941
1.802770
0.921143
1.056926
0.859915
1.544376
0.251556
0.683496
1.554314
1.797048
0.526826
0.276236
0.164655
1.315808
0.652025
0.375137
1.937604
1.334692
0.628616
0.601636
1.585255
0.351712
0.359024
1.178904
0.267013
1.475081
0.952965
1.912224
1.060981
1.283772
1.061469
1.009836
1.935343
1.399023
1.631233
0.944890
0.708674
0.292144
0.452558
1.077468
0.520380
1.768174
1.440940
1.035396
1.958333
1.883365
0.389343
0.612722
0.818115
1.074476
0.581500
1.577240
0.232758
1.753049
0.621569
1.513012
1.017409
1.238514
0.889678
0.209449
1.740183
1.339660
0.820851
0.986239
0.422189
0.290164
0.585637
0.542396
1.158458
0.215621
0.789358
1.839736
0.210172
0.145681
0.892894
1.353431
0.659950
0.579971
0.574121
0.960299
1.964018
0.354135
0.880136
1.947334
0.515849
1.681625
0.711960
1.569398
0.548540
0.702955
0.970776
1.655562
0.349776
1.299758
0.799099
0.519739
0.132402
1.269846
1.862512
1.936632
0.547356
1.995830
1.518008
0.244839
1.824461
0.484886
1.713425
0.944419
0.220184
1.892461
1.169711
1.084754
0.977872
1.194289
0.538303
0.760595
0.940124
0.948106
0.587051
1.952477
1.199818
1.722591
1.537816
1.444639
0.294149
1.495365
0.883737
0.717834
0.663728
1.510977
1.118480
0.227780
1.870443
1.763855
0.664464
1.164410
0.850858
0.658201
1.367405
0.640627
0.928817
1.772981
1.238089
1.656980
0.597297
0.231452
0.271978
0.262301
0.455582
1.070899
0.625436
0.777794
0.421998
1.444422
1.532722
1.496924
1.856318
0.537095
1.288415
1.340928
1.666806
1.731238
0.697667
1.881015
1.855537
0.739391
1.799069
1.954688
1.930135
1.186353
1.815444
1.181443
1.200763
1.975186
1.228307
1.831394
0.782955
1.070607
0.414458
1.147279
0.097391
1.212687
0.240407
1.059811
0.728454
0.880117
0.373000
0.763277
0.681489
1.748262
1.698854
1.499514
0.819450
0.666576
0.863501
1.489069
0.638551
0.232355
1.451276
1.717693
1.724622
1.024611
1.469607
1.804395
0.662917
0.238302
1.372035
1.998604
1.748911
0.995677
1.664243
0.372958
0.833611
0.703799
1.741624
1.423822
0.639484
0.234931
0.548403
0.546989
1.564595
0.239424
1.502544
1.445738
0.990963
1.977632
0.524607
0.487277
1.987451
0.757846
1.075863
2.002804
0.223315
1.975266
1.726953
1.902153
1.286805
0.169297
1.687176
1.417507
0.844434
0.160331
0.532133
0.463639
1.015809
0.795622
1.493699
1.159123
1.492488
0.197121
0.603136
1.646388
1.353783
0.219509
0.649257
0.680884
1.342464
0.340626
0.403141
1.412460
1.762351
0.475204
0.271208
0.504700
1.969712
0.243509
0.623917
0.592265
0.486989
0.711217
0.566552
1.600830
1.291979
1.961818
1.647378
0.798439
1.267359
0.842042
0.956436
0.666779
0.603046
1.955509
1.248990
0.370246
1.297212
0.271892
0.936627
0.732525
1.094153
1.702743
0.189698
1.907744
0.599516
0.513272
1.160736
0.352237
0.664317
0.748951
1.736647
1.313581
0.729525
0.710671
1.281856
1.496659
1.071626
0.973995
0.675531
0.872742
1.988865
0.649550
1.143275
1.290742
0.289020
0.631948
0.723426
0.842930
1.162725
0.660501
1.230822
1.599153
0.295586
1.657459
0.227090
0.272782
1.173978
1.541673
1.066641
0.404906
1.405678
1.850708
1.413482
0.491034
0.530788
0.287082
1.721081
1.934580
0.292229
1.318575
0.523430
0.325590
1.327181
0.578312
1.530637
0.825212
0.673395
0.605298
1.028499
1.347587
0.809696
1.654506
1.232721
0.567503
0.892954
0.812507
1.964647
0.896146
1.533237
1.410829
0.482568
1.835401
1.536855
0.796877
0.218953
1.039491
0.811250
0.627973
1.969476
1.877116
0.302045
1.926124
1.619380
0.237147
0.295217
1.997905
0.843357
0.600365
0.196012
1.962888
1.070079
1.246508
0.244035
1.463201
0.167788
1.820227
0.255994
0.831693
1.319343
0.893870
0.839100
0.780621
1.219069
1.277763
1.973865
0.406129
0.198894
1.369256
1.550079
1.492643
1.472285
1.007212
1.126928
0.189497
0.230922
0.972177
0.422312
1.989496
1.156911
0.687942
0.822658
0.419260
1.843467
0.495640
1.136186
0.980114
0.813874
0.462714
1.432487
0.253265
1.130987
0.988228
1.094923
1.193640
0.193903
0.820803
1.316284
1.426735
0.685519
1.062853
0.977474
1.361804
1.961094
0.202339
0.869249
1.651543
0.500817
0.315238
1.169761
0.343789
0.809964
1.468142
1.379349
0.881340
0.874405
1.793552
0.369695
0.750564
0.746613
0.916868
1.021794
1.964856
1.948858
0.305510
1.757188
1.321079
0.294145
1.354388
1.372901
1.919821
1.914772
0.440711
0.731072
0.892841
1.413279
2.002364
0.500232
1.742594
1.967444
1.911630
1.686170
0.850986
0.349426
0.869628
1.951684
1.300433
1.040456
0.884118
1.193563
0.676156
1.182863
0.584244
1.458949
0.320940
0.303238
0.559514
1.470019
1.344551
0.530568
0.619751
1.970050
0.602995
1.492830
1.287969
1.476152
1.800478
1.558303
1.267077
0.499485
0.443566
0.693586
1.284670
1.664580
0.242427
1.080993
1.914723
0.159835
1.642665
0.204714
0.708403
0.153533
0.986649
1.740051
0.305172
0.723779
0.871825
0.204126
1.964000
1.903751
1.638033
1.425350
1.621740
0.318701
0.705120
0.474643
1.214521
1.575148
0.999885
0.196373
1.560740
1.985501
0.265224
0.630113
1.949463
1.731722
1.435254
0.874331
1.690881
1.919559
0.155265
1.139512
1.058257
1.245507
1.886590
1.081290
1.864700
1.683275
0.954217
0.543522
0.174709
0.405087
1.855065
1.566619
1.206486
0.600643
1.147194
1.801504
0.641744
1.253059
1.914303
0.971662
1.036268
0.332075
1.788178
0.787319
0.130168
0.843569
0.207277
0.222274
1.946254
1.169010
1.586953
0.337236
1.071954
1.552104
1.903048
1.211265
0.291335
0.922487
1.160567
1.887843
0.328696
0.801776
0.776122
0.909640
0.395931
1.798019
1.817001
0.729708
0.176621
0.880571
1.371618
1.984027
0.977974
1.772824
0.191877
1.931196
1.883240
1.649068
1.903344
1.400244
0.817977
1.538486
1.518046
1.381286
0.181740
0.810041
1.646642
0.339810
1.449439
0.761972
1.984949
1.959573
1.858580
0.898493
1.882287
0.707439
0.615129
0.724510
1.916193
1.398697
0.830565
1.517920
0.847017
1.262206
1.498078
0.433819
0.891904
0.320237
1.098872
0.698631
0.899949
1.774057
0.974353
1.339991
1.269149
1.111170
1.037485
0.511587
0.386168
0.698739
1.416564
1.420030
1.678351
0.268492
1.011122
1.601722
0.214225
0.987821
1.385710
0.268911
1.718637
0.946414
0.649051
1.141594
0.648201
1.551349
0.466162
1.877315
0.607407
0.295002
1.464726
0.527900
1.069434
1.752411
1.145144
1.992119
0.373685
0.976551
1.693077
0.150879
0.649537
0.911850
1.926257
0.145413
0.820336
1.483710
0.504906
0.985670
1.246649
1.391932
1.944193
0.807681
1.069286
1.843237
1.456950
0.929264
1.112858
1.990067
0.900605
0.223759
1.707825
1.752577
1.762017
1.292032
0.174326
0.697207
1.329294
0.316954
0.886376
0.356555
0.271716
1.015655
1.630371
0.602750
0.589357
1.587025
1.956120
1.817300
1.967562
1.042561
0.278046
0.217625
0.354210
1.760979
1.622216
1.535437
1.712588
0.132700
1.746138
1.915982
0.790215
0.900184
0.796163
1.020223
0.712098
0.818569
1.590635
1.406996
0.765859
0.514768
1.970644
0.209086
1.802829
1.723877
1.344346
1.956700
1.658810
0.852326
1.810136
0.831107
1.608158
0.730738
0.251300
1.247441
1.461938
1.520517
0.745635
0.150372
1.406401
1.915910
0.602466
0.512088
1.897807
0.291988
1.578233
0.254631
0.443535
1.345796
1.408712
1.624205
1.107040
0.180697
1.141590
1.888435
1.276963
1.901440
1.506673
1.289036
1.008031
0.502336
0.228779
0.824862
0.585434
1.766904
0.369557
0.232224
0.303067
1.788217
1.689087
0.121574
0.983709
0.237192
1.951360
1.217905
0.301460
1.221659
0.588095
0.141836
1.007322
1.979379
0.636459
1.393336
1.424131
1.933716
1.219921
0.543537
1.783235
0.623809
1.710306
1.535589
1.648669
1.994001
1.961255
1.683363
0.874931
0.137306
1.284023
0.537486
0.390512
1.368112
1.237809
0.338013
0.550128
0.785295
0.609067
0.443849
0.308838
0.824634
0.302815
0.658832
0.503021
0.105181
0.772151
1.187422
1.532220
0.114295
1.346939
1.954125
1.925779
1.810179
0.693270
0.520020
1.168335
0.904592
1.289019
0.988630
1.654888
0.848541
1.013274
1.444123
1.561477
0.637817
0.961644
0.354753
1.001396
1.320093
1.211620
0.684875
1.984775
0.310111
0.292155
0.991785
0.629580
0.850644
1.608486
1.883327
1.645823
0.669195
1.705871
1.315462
1.647910
0.352365
1.167246
0.991686
0.286816
1.576420
1.469147
1.507390
1.853643
0.653066
1.343029
0.617127
0.562762
0.962499
0.383637
1.268584
1.437591
0.617107
0.310870
0.319752
0.710727
1.898292
0.825932
1.853292
1.631391
0.467907
0.350269
0.324279
0.840645
1.768097
1.489153
1.985576
1.979573
0.409387
1.013342
0.521963
1.056990
0.253938
1.938687
0.950624
1.626255
0.517289
0.641350
0.369011
0.709831
0.690774
1.555376
0.294448
1.464197
1.593716
0.472165
0.849902
1.546081
1.159867
1.297761
1.628920
1.945901
0.672331
0.629081
0.230113
0.649999
1.432039
0.315281
0.301332
1.677876
2.001526
1.559238
0.699054
1.975286
1.842517
1.084157
0.420898
0.820284
0.416708
1.364684
0.246381
0.579047
1.922766
1.980069
0.371749
0.700104
1.834074
0.486157
0.435390
0.505520
0.395674
1.598654
1.363129
0.743455
1.528565
0.256431
0.441922
0.499104
0.580465
0.899903
0.698411
0.480780
0.522559
1.040550
0.372412
0.296382
1.516515
0.477279
0.435466
0.426489
1.030695
1.752294
0.579821
0.455187
0.869994
1.586091
1.565267
0.940087
1.869310
0.554786
0.229198
1.564684
0.709275
1.593699
0.670270
0.499307
0.239407
1.788685
1.386870
1.962617
1.327803
0.931332
1.416990
1.625435
1.877122
1.010610
1.635283
0.713397
1.482461
0.690286
0.518193
1.276506
0.278736
0.557969
0.452181
0.328374
0.221409
1.972495
0.540135
0.723118
0.882029
0.623715
1.973355
1.315821
1.520742
1.380174
0.286208
0.448774
1.143959
1.123581
1.014785
0.571439
1.920726
0.894088
0.495159
0.983589
0.480774
0.774332
1.415212
1.705327
0.743301
1.471383
1.693836
1.487368
1.395237
0.476289
0.820840
1.817759
0.205741
0.995693
0.882556
0.518659
0.847849
0.269338
0.818843
1.403195
1.959230
0.809960
0.853681
0.532325
1.223231
1.308012
0.174945
0.692055
1.408087
1.612494
1.697707
0.940644
1.474438
1.731574
1.573626
0.913469
0.359079
1.976347
1.531075
1.454454
0.262474
1.070478
1.094428
1.947650
0.928644
1.689270
0.814977
1.920825
0.265264
0.519506
0.274529
0.731842
1.819473
1.078778
1.705277
1.338346
1.146612
0.257313
0.714651
1.324534
0.228912
0.313008
1.117803
1.720867
1.414681
0.334794
0.201864
1.175989
1.869789
0.705780
1.980970
0.968639
0.814857
1.506173
0.514107
0.831544
0.561143
0.676035
1.606076
1.817220
1.535381
1.578882
0.282562
0.235752
0.725243
1.780905
1.614172
0.244310
1.154730
0.875606
1.111641
0.824058
1.630123
0.234390
1.348253
0.475758
0.766871
1.745816
0.641219
1.054412
0.700824
1.555609
0.423501
0.166477
0.445483
1.947230
0.720278
1.461400
1.730745
0.896451
1.680651
0.377553
1.238942
0.203522
0.517978
0.341273
1.976219
1.561908
1.360116
1.334241
0.188648
0.388636
1.872231
0.580007
1.557622
1.350156
1.892133
0.972536
0.192703
0.545264
0.981903
1.777495
1.506435
0.785242
1.923459
1.365326
0.209439
1.686353
1.502520
1.096608
0.809722
0.616621
0.648877
0.846168
1.762437
0.210200
0.605375
0.461874
1.411372
1.081363
0.777853
1.348702
1.520228
1.475022
0.249199
0.132457
0.259308
1.194512
0.291889
0.715608
1.456809
0.656170
1.578275
0.696417
0.772802
1.633308
0.457004
1.082095
1.637159
1.149166
1.347663
1.566494
1.162624
0.598987
1.937737
1.808995
1.260291
0.994986
0.315335
1.123048
0.521317
0.804892
1.034542
1.238777
0.283007
0.388912
1.754179
1.986099
1.595184
0.215514
0.300123
1.356823
1.368545
1.632633
0.305611
0.623814
1.105927
1.790461
0.330104
0.378842
1.882288
0.226800
0.587866
1.153065
1.584679
1.834291
1.488783
1.220876
1.526633
0.208275
0.914553
0.889738
0.831480
1.417526
0.601828
0.846489
0.933069
1.097104
0.265523
1.177873
1.691255
0.726516
1.298398
1.483378
1.657670
0.396455
1.298415
1.845381
1.237819
1.218085
1.574625
0.330337
0.905555
1.284552
1.001578
0.890057
0.629692
1.225737
0.807082
1.024466
0.929400
1.636277
0.844499
1.304017
1.473458
1.155234
0.288896
1.168460
1.557883
0.426729
1.401539
0.179696
0.186213
1.513232
1.217923
1.715426
1.371985
0.380536
1.312684
0.830831
1.462628
0.503774
0.256763
0.361783
1.265590
0.668550
0.485654
0.937417
1.271122
0.700381
0.654044
0.614644
1.375960
1.042555
0.279085
1.918614
1.290555
1.460098
0.846253
1.416861
0.955734
0.401027
0.504360
0.914943
1.906224
1.964012
0.633801
0.728447
1.185833
1.647614
1.538504
1.327499
1.055903
0.225950
0.981426
0.973735
1.607062
0.693699
1.319002
1.794407
1.401147
1.582398
0.702544
1.823866
1.935387
0.213028
1.135415
1.370077
0.486321
0.206049
1.619200
0.456616
1.507395
0.920872
0.494065
0.863219
0.366400
0.784349
1.495501
1.484227
0.865062
1.602256
1.203071
1.768520
0.981854
1.736557
0.578275
1.973900
0.186622
1.365964
0.453013
1.425398
1.590517
0.987357
0.484286
0.737538
1.288402
1.482577
0.849689
1.042677
0.695490
1.973228
1.959048
1.406098
1.164542
1.726089
0.868200
0.464174
1.843635
1.448284
1.575669
1.840040
0.985841
0.495988
0.360351
1.805054
0.741243
0.358439
1.558741
0.694130
1.350425
0.134155
0.769850
1.872557
0.432109
0.168028
1.637595
1.633224
0.746403
0.391908
1.310663
0.545440
1.358790
0.622095
0.164468
0.875378
0.671561
1.151214
0.286026
0.623313
0.864870
1.541478
0.278490
0.280801
0.667880
1.260047
1.519078
1.726121
0.466902
0.577120
0.919082
0.398911
0.757003
1.463126
0.382161
1.320787
1.736585
1.304541
0.174568
1.101340
1.422200
0.406987
0.901371
0.167482
1.594023
0.745172
0.267211
0.908846
0.426775
1.543907
1.398971
1.311183
1.755733
0.792157
0.829478
0.360740
0.396742
1.096595
0.461375
2.000269
0.321140
1.898827
0.836180
0.301978
0.773435
0.335472
0.970477
0.972111
1.015448
0.482933
1.513876
1.244257
1.729760
0.751881
0.931983
0.341718
1.011004
1.887136
0.711010
0.839595
1.489377
1.567584
1.784647
1.947712
1.196748
1.619423
0.497961
1.946111
1.974478
0.321966
0.802478
1.347571
1.117189
0.452179
0.943404
1.536103
0.517663
1.957722
1.334011
1.542641
0.620113
0.262522
0.377197
1.411953
1.145690
0.299885
1.663652
0.221153
0.787812
1.957453
0.954535
0.399428
0.262799
0.750178
1.987138
0.450150
0.994881
0.233688
0.366853
0.265640
0.372678
0.671223
0.734232
1.222912
1.833905
0.947480
1.252578
1.913059
0.700090
1.254927
0.170761
0.598018
0.415454
1.283512
0.723762
0.961161
1.216012
1.781120
1.989809
1.841389
1.930942
1.477708
1.373753
0.380178
1.393036
0.579467
0.598280
1.157134
1.575350
1.284758
1.956791
0.771881
0.528971
1.351234
1.328507
0.947739
1.141891
0.763840
1.690682
1.427522
0.973362
1.365667
1.401961
0.303120
1.948885
0.620323
0.352576
1.446952
0.264982
0.189854
0.982625
1.987576
1.873259
0.405370
0.512928
1.711879
0.236449
0.699112
1.754855
0.442562
0.171062
1.957629
1.737942
0.240115
0.581357
1.645055
0.272177
0.276546
1.849303
1.629241
0.903980
0.396459
0.912536
1.256112
0.825048
0.668097
0.246361
1.681456
1.989984
1.925457
1.717227
0.194298
0.223869
0.778942
0.817994
0.405661
1.630618
0.935690
1.813775
1.466071
1.791986
1.448101
0.954453
1.749407
1.557590
0.389343
1.777810
1.067704
1.973706
1.785009
0.919907
0.791139
0.256956
0.991090
0.192087
1.190181
0.334570
1.693399
1.076771
1.193374
0.799734
0.421133
0.775198
0.415540
1.498223
0.541597
0.746219
0.297106
0.702767
1.279672
1.666825
2.003129
1.003397
0.384324
0.241787
1.132639
1.032199
0.163722
0.758655
1.560126
1.231987
0.959048
0.999427
0.408656
0.574172
0.843609
1.572897
0.800926
0.968634
1.918152
0.379242
0.688007
1.583180
1.789852
0.986378
1.707276
1.892862
1.641224
0.829239
0.948446
0.527540
0.130350
1.366686
1.683709
1.442306
1.899518
0.279439
1.403733
1.996471
1.373756
1.944153
0.702123
1.152175
0.846633
0.243247
1.700755
1.290817
0.854550
1.807349
0.321998
1.181930
1.464943
0.635227
0.434363
1.747933
1.780683
0.705633
0.536190
0.980596
0.380022
0.453165
1.078475
1.542441
1.183436
1.948201
0.143940
0.183456
0.883602
0.952034
1.620958
0.595601
0.608509
0.310665
0.635970
0.971083
1.242957
0.256822
0.558353
1.245933
1.709408
1.613007
0.324410
0.465973
0.220134
1.568856
1.150606
0.271275
1.263005
1.310938
0.617472
0.300048
1.835459
1.461620
0.975013
1.069962
1.321995
0.180787
0.251747
1.179874
1.059796
0.326172
0.726157
1.587463
1.985229
0.608607
0.245642
1.001989
1.450933
0.237673
0.137508
1.267264
1.098620
1.410625
1.198128
1.429210
1.451024
0.233777
1.469927
0.292803
1.171935
1.497621
1.977730
0.399302
0.589922
0.765887
0.494772
0.961016
1.478773
0.458985
1.361630
1.971124
0.921250
1.441625
0.982270
1.060053
0.696776
0.497011
1.186464
1.547278
1.223598
0.277710
1.985900
0.228711
0.214161
0.619270
0.793605
1.590055
0.733439
1.879054
0.593728
1.585140
1.468647
1.259678
0.585600
1.359999
1.309799
1.844219
1.439762
0.800229
1.620339
1.668962
1.532819
0.768153
0.857520
1.691337
0.722704
1.720472
0.596035
1.159272
1.694115
1.715311
1.868739
1.978856
0.640969
1.940421
1.772563
1.957554
0.571862
0.796229
0.545360
0.505169
1.069127
1.962968
1.907746
0.457341
0.294942
0.494772
1.126315
1.019562
0.466102
1.646737
0.243819
0.171737
0.359457
1.764178
1.159321
1.594281
0.268301
1.125766
0.324756
0.795170
1.803995
0.621432
1.207037
1.207473
0.571592
0.159652
0.257380
0.975590
0.499545
1.211886
0.456579
1.835912
1.602402
0.698030
0.639858
1.143455
1.285438
0.927622
1.053347
0.360027
1.890974
1.564650
0.810494
1.762919
1.390862
1.093134
1.934558
0.943115
0.872384
1.399772
0.647993
0.697888
0.418332
0.262868
1.972202
1.967976
1.824672
0.709762
1.198708
1.967790
0.723007
1.280924
1.979550
1.750559
0.919128
0.469840
0.940298
1.627613
1.022975
1.730491
1.627201
1.880917
0.561048
1.613075
0.368111
1.782761
0.398789
1.151236
1.249711
0.778129
0.272857
1.445836
0.581926
1.838587
0.974890
0.734968
0.656578
1.122438
0.242883
1.892952
0.536899
0.863185
0.805506
1.293640
0.981954
0.737375
0.362812
1.905842
0.317894
1.754389
0.799005
0.338997
1.692193
1.539110
1.078000
0.432324
0.295368
1.950310
1.199024
0.781718
0.502929
1.398383
1.837270
0.244204
1.429133
0.956633
0.855155
0.460709
0.388968
1.857105
1.628377
1.163562
1.503503
0.853232
1.881908
0.585576
0.185146
1.896327
1.986257
1.996054
1.308639
0.976765
1.877040
1.934420
1.897666
1.194758
0.234855
0.311388
0.743181
1.270669
1.983640
1.802304
1.944016
0.153235
1.065547
0.368501
1.924727
0.931199
0.956031
1.852097
1.312639
1.315852
1.692368
0.346034
0.309002
1.565983
0.288584
1.014604
1.030009
0.140420
1.077236
1.853673
0.440675
1.795903
1.715089
0.212972
1.176844
0.360977
1.209473
0.201849
1.905090
0.980004
0.730397
0.470570
1.891786
0.701095
0.213898
0.874115
0.671433
1.487170
1.310686
1.432278
0.578573
1.459433
0.127316
0.529381
0.278501
1.814833
0.853283
0.372861
0.407890
0.769490
0.890505
1.950253
0.896765
1.945629
1.162761
0.355103
1.264358
0.963967
0.365279
1.158030
0.335683
1.700812
1.591623
1.688494
1.992842
0.884932
0.262902
0.481068
0.453968
0.817614
1.938837
1.090973
1.193196
0.564170
0.951369
1.313673
0.687716
1.334547
0.987419
0.729949
0.605937
0.251512
1.414119
1.626750
1.877608
0.914222
1.407251
1.912379
0.956384
0.847922
1.616072
0.266982
0.564703
1.329834
1.785778
1.653913
1.753935
1.841847
0.988226
1.707488
0.181278
1.827605
1.725329
0.666831
1.291527
1.666741
0.202860
0.958893
0.332892
1.085702
0.345790
0.811831
1.554021
0.926550
0.324038
1.928432
0.322926
0.983015
0.245454
0.695285
1.297075
0.253424
1.505373
0.861761
0.869493
1.714861
1.144753
0.742081
1.334985
0.537024
1.696333
0.323262
1.494534
1.604399
0.945536
0.142203
0.289518
0.690639
1.890662
1.962147
1.836315
1.996805
1.884968
1.225205
0.543339
0.860165
0.546618
1.520036
1.393934
1.161019
1.780367
0.334866
1.461755
1.823748
0.496760
0.191282
0.448484
0.976152
1.421280
0.200231
0.273967
0.180030
1.797225
0.394172
0.598308
0.439648
0.804470
1.898086
1.516897
1.890985
1.312606
1.671367
0.750179
1.789134
0.618611
1.564798
0.289785
1.025204
0.325522
0.286614
1.786305
0.355749
0.605161
1.931702
1.688968
1.352768
0.173109
0.691212
1.349262
0.391002
1.937627
1.936002
1.669706
1.560037
0.539665
0.752368
1.894453
0.657359
1.133556
0.967614
0.285501
1.177355
0.373931
0.409367
0.448266
1.589161
0.318206
1.161277
0.371962
1.992333
0.464547
0.250493
0.764128
0.208360
0.743011
1.928290
0.903841
0.755586
1.615755
2.002095
1.845043
0.243960
1.093953
1.774038
1.186915
1.948684
1.801826
0.399241
0.617749
1.176098
0.340575
0.617418
0.312155
1.196941
0.266203
1.050026
0.800735
1.059379
0.633914
1.991128
1.230117
0.267754
0.620856
0.243827
0.852740
1.874604
0.702947
0.165104
0.251903
0.293233
0.784470
1.357448
1.118177
1.683985
1.949538
1.518159
0.711013
0.276940
1.540734
0.928847
0.297981
0.939585
0.746756
0.475697
1.317443
0.189960
0.197084
1.974437
0.248769
1.410760
0.655800
0.489401
1.978614
0.973782
0.230290
1.303660
0.714169
1.063716
1.667205
0.398645
0.442532
1.577872
0.958419
1.005638
0.627254
1.829448
0.991525
0.272852
1.096865
0.773287
0.226333
1.952863
1.173099
1.605660
0.663391
0.944851
1.635634
0.963278
0.910781
0.154489
0.418414
0.817864
1.744239
0.644557
1.872677
1.105837
1.348494
1.996769
1.408979
1.146003
0.959087
1.343083
0.945169
1.645608
0.861090
1.361207
0.139151
0.128211
0.317174
1.338305
1.829815
1.806097
1.403136
0.623657
1.511715
1.713926
1.156263
0.739706
1.611420
1.146722
0.239870
1.920685
1.077161
1.429957
1.027863
1.971264
1.229344
0.302235
1.297465
0.712068
0.423520
1.118216
1.088285
1.095782
0.213488
0.340177
1.598992
0.476770
0.541687
0.228267
1.678271
1.977083
1.451619
0.211266
1.503980
1.270471
0.403957
0.909878
1.890228
0.911623
1.516288
1.972483
0.652149
1.539552
0.784404
0.970432
1.845328
0.531252
1.009594
1.528289
1.749918
1.434268
1.820264
0.577984
0.991263
1.267883
1.467983
0.954713
0.279146
1.014867
0.732202
1.869698
1.260070
0.580343
0.355331
1.596941
1.317402
1.051688
0.232831
1.856642
0.618922
1.233735
1.808243
1.610334
0.409066
0.671795
1.027108
1.528700
1.435960
0.375779
1.938889
0.270448
1.694227
1.272472
0.597815
0.737525
0.379778
1.668814
0.394528
1.641602
1.988596
1.253810
0.206035
0.367329
1.824338
0.929143
1.585709
0.176337
0.422839
0.609392
0.977573
0.938663
1.809830
1.034121
0.830570
1.267945
0.175508
1.252429
0.277515
1.888767
1.369743
0.798203
1.368862
1.111631
1.182954
1.902742
1.851763
0.972977
0.680125
1.535905
0.464248
1.027844
1.580079
0.149847
1.573176
0.559019
1.842598
1.167526
1.277757
1.822178
1.331404
1.432682
1.890155
0.432436
0.474253
0.217010
0.642043
0.530578
0.926935
0.579138
0.734447
1.535249
0.241464
1.424264
0.531909
1.317494
1.948923
0.202612
1.500933
1.000866
1.257889
1.986742
1.660636
0.564354
1.908585
1.351621
0.249713
1.284197
0.422236
0.715223
0.547158
0.911248
0.238693
0.882654
0.635621
0.954750
0.446613
0.821145
0.871848
0.859378
0.404496
0.974426
0.599718
0.400996
0.571219
0.454600
1.796198
1.141819
0.929122
1.667028
0.938103
0.762075
1.968122
0.665101
1.360786
1.398093
0.981398
0.294609
0.260427
0.168676
0.170632
0.824205
0.985573
1.503157
1.786045
0.723367
0.742803
0.530654
1.430990
0.821115
0.414436
1.009853
1.224066
0.628900
1.989388
1.401852
1.140038
1.273631
0.209764
0.668584
0.639846
0.518372
0.999136
0.504080
0.800789
0.451093
1.832232
0.372584
0.560564
1.644344
1.463886
1.838981
1.164520
1.145764
0.784351
0.914565
1.856244
0.573880
1.473003
1.364488
0.911546
0.204269
0.155239
0.883224
0.365073
1.109809
0.274349
0.254352
1.507658
1.319319
1.206455
1.579461
0.655246
1.762029
0.473540
0.570990
1.966248
0.678329
0.354452
1.399732
0.956134
1.967273
1.991082
0.444075
1.607746
1.200149
1.973206
0.238023
0.899284
0.668159
0.272336
0.602290
1.262483
1.012229
1.120917
1.957696
0.726157
0.194140
0.239570
0.351261
0.615209
1.906510
0.549861
1.118062
1.849171
0.882602
0.220884
0.819658
1.966986
0.286815
1.420087
1.294618
0.602733
0.688450
1.383645
0.251937
0.738113
0.483340
0.212712
0.270760
0.614865
0.817492
0.158968
0.540445
1.858138
1.839651
1.265753
0.553389
1.994931
0.518875
0.589415
1.939420
0.563089
0.305365
0.456458
1.696900
1.348958
0.825902
1.576857
0.497666
1.011184
0.570766
0.638448
1.598387
0.771363
1.857566
0.363175
0.618395
0.535277
1.509859
0.700689
0.350574
0.248363
1.461999
0.905776
0.344345
0.312426
0.244586
0.820512
1.130007
1.126209
0.374094
0.265727
0.550663
0.152113
0.690919
1.833079
1.476762
1.126661
0.227757
0.225958
0.449516
0.365361
1.085652
1.757986
0.184538
0.481702
1.292030
1.118615
1.437091
1.627808
1.682786
1.915715
0.735646
1.618632
0.620074
1.489563
1.966868
0.955046
0.711709
1.358768
1.617326
0.510914
0.535295
1.929263
0.730006
1.472943
1.413881
0.803723
0.741988
0.725257
0.306158
0.187499
0.428109
0.198100
0.547539
0.372746
1.938828
0.248099
0.452730
1.453324
1.503471
0.354970
1.031458
0.314655
1.084230
0.560144
1.448182
1.692483
1.384038
0.925646
1.859869
0.851781
1.634734
0.814353
1.184811
0.427385
0.453915
0.230246
0.883983
0.823727
0.365108
0.360567
0.849045
1.346398
1.880531
0.706092
1.024642
0.868742
0.245243
1.834924
0.560259
0.700100
1.084130
0.704697
1.004611
1.526361
1.109260
1.235552
0.302315
0.591630
1.851759
1.228432
1.224582
1.855708
1.847128
1.584452
0.929496
1.941439
1.575550
0.393142
1.754790
0.865221
1.723889
0.262322
0.839835
1.140101
0.380156
0.866896
2.001222
0.474595
0.728314
0.926342
0.267639
1.415973
0.410393
0.322475
1.449155
0.182043
1.904672
1.117039
1.827784
1.753449
0.997988
1.540544
0.482493
0.979022
0.700870
1.955127
0.624867
1.476096
0.571833
1.528529
0.897723
1.297019
0.276825
1.301471
1.994883
0.277989
0.660741
0.577899
0.577847
1.613047
1.058371
0.263640
0.298814
1.992052
1.448657
0.582785
0.457432
0.662835
1.968857
0.998466
0.967286
1.987050
1.284312
0.597907
1.588141
0.210151
1.247403
1.982269
0.838637
1.317550
0.812446
0.327781
1.855039
1.771933
1.041392
1.490697
1.979638
1.651980
1.528281
1.777530
0.920266
1.885692
0.971793
1.417369
1.995627
1.513920
0.484243
1.349518
0.227750
1.361275
1.828861
0.446838
0.505303
1.654422
0.609482
0.567040
0.808887
1.775266
1.970093
1.553729
0.333052
0.531912
0.589269
0.887743
1.691469
0.856697
1.509033
0.508340
0.521785
0.679867
0.885581
1.271537
0.628203
1.977599
0.995430
0.736545
1.222748
0.356960
1.337158
1.767572
1.676801
1.204590
0.722965
1.331271
0.120766
1.170346
1.218923
1.407974
1.669823
0.688799
1.778041
1.001496
0.960645
1.302104
0.588426
0.976642
1.897125
1.801239
0.533905
0.524072
0.773229
1.940174
0.797805
0.650728
0.959003
1.101184
1.737107
1.084019
1.019901
1.046345
0.300769
0.935091
1.213811
1.346458
0.217255
1.918747
1.276612
1.586172
0.374100
0.706364
1.325861
1.909239
1.463572
0.603573
1.548331
0.311801
1.227202
0.566834
1.037691
0.898269
1.560484
1.084397
0.363900
1.946402
1.734594
1.866912
0.233678
1.095063
1.150137
0.391816
0.413203
0.375323
0.417558
1.944019
0.277841
1.304998
0.190725
0.465935
1.547474
0.888451
0.608909
1.741607
1.154218
1.800960
1.837226
0.327302
1.914397
1.136966
1.180604
0.152126
1.226008
0.827288
0.440091
1.167905
0.613594
1.811124
0.315602
1.024778
0.950275
0.258417
0.235362
1.187067
0.840351
1.832813
0.253982
1.054863
0.234635
0.717434
0.959840
1.083922
0.652834
1.845764
0.362181
0.973264
0.234862
1.513765
0.518164
1.651579
1.301332
1.137409
1.058544
1.960616
1.210121
1.420311
0.759853
1.968400
0.225384
0.834455
0.576028
1.026765
0.591587
0.486820
0.343137
1.266618
1.944772
1.505457
0.392374
1.769050
0.529941
1.271033
0.457471
1.424319
0.479492
1.778333
1.620598
1.110511
0.730669
1.108762
0.249698
0.236257
1.407612
0.146861
0.441900
1.927292
1.920205
0.305554
0.976529
1.121031
1.315711
1.392271
0.557898
0.267409
1.680732
0.800994
0.130108
0.396396
0.650633
0.272037
0.262178
0.221047
0.339564
0.575362
0.378096
0.477175
1.757993
1.413388
1.127418
0.950953
1.984069
1.300502
1.921232
0.246358
0.155647
0.709626
0.278577
0.812866
1.570802
1.589861
1.700331
0.577196
0.680820
0.988578
0.472931
1.160724
0.651764
0.951939
0.728457
0.387892
1.817631
1.909220
0.340341
0.964088
1.893515
0.452834
0.702553
1.653052
0.584065
1.046749
1.586739
0.740923
0.489509
0.284946
1.463545
0.796045
1.841858
1.982625
0.496762
1.167932
1.012855
0.161586
1.921947
1.549211
1.148391
1.848151
1.588609
1.912509
0.406008
1.663716
0.354406
1.943292
0.177072
1.669362
0.314279
0.949102
1.355938
1.333526
0.675838
0.506424
1.969223
0.379217
0.893781
0.998526
0.304625
1.974870
1.187044
1.972369
1.446146
0.400836
0.434745
1.848524
1.495046
0.509259
1.059013
0.676319
1.554563
1.644615
1.975162
0.665247
0.299314
1.108655
1.238476
0.381023
1.575346
0.286430
1.955369
1.596454
1.998206
1.933187
1.239521
0.980300
1.129897
0.794995
1.074724
0.250077
0.377890
0.525518
1.314395
0.352355
0.773239
0.953343
1.426848
1.199606
0.723431
1.673948
1.899882
0.330278
0.651502
0.957836
0.397667
1.461614
1.595884
1.765162
1.312748
1.007416
1.103600
1.498366
1.631948
1.075783
0.805852
1.726354
1.308325
1.884959
0.949156
0.828478
0.694138
0.365340
1.295370
0.774511
0.539731
1.470000
0.301662
0.836929
1.968052
0.722428
1.359473
0.446269
1.955783
1.714296
0.534462
1.842326
0.366947
0.517075
0.387916
0.411288
1.030716
0.855034
0.578398
0.622121
0.843157
0.306452
0.670505
1.601206
0.941085
0.963084
1.618546
0.166720
1.465924
1.976343
1.055760
1.804045
0.996175
1.785723
0.782586
0.170686
1.807863
0.702075
1.269138
1.951664
1.952852
1.934845
1.748051
1.918190
1.903857
0.738862
1.123200
0.917035
0.917009
1.896527
1.479767
0.736115
1.575880
0.508146
1.056186
0.656133
1.597826
0.916733
0.836120
0.614782
0.849606
1.972969
1.384075
1.398039
0.996992
0.961874
0.862990
1.944997
1.111594
1.439742
0.601139
0.259607
1.222136
1.142264
0.293469
1.135586
1.088038
1.142312
1.633181
1.468494
0.282468
1.949512
1.342370
1.315511
1.461602
1.695625
1.052808
0.295758
1.970264
1.628355
0.959502
1.002104
1.672222
1.790426
1.006296
0.180213
0.510963
0.266178
1.582854
1.025128
1.496927
1.261239
1.738352
1.320815
0.746578
1.593110
0.278049
0.604574
1.893706
1.421911
1.932389
0.810566
0.746745
0.448351
0.706871
0.412077
0.573712
1.538810
1.886960
1.209094
1.389673
0.149704
1.828551
1.982210
1.973027
0.920936
1.357684
1.586988
1.391953
0.537723
1.331789
0.235104
1.629837
1.139129
0.648461
0.894272
0.481735
1.440411
1.342124
1.985780
1.474075
1.446379
0.780522
1.806275
1.275647
0.295923
1.791570
1.718398
0.977864
0.715944
0.776730
0.544482
1.098265
1.640310
0.314865
1.214077
0.938829
1.778951
0.948007
0.580194
1.872340
1.107266
1.920175
0.884203
0.502728
1.181757
1.162112
1.947966
0.931054
0.266498
0.891952
0.751068
0.937647
0.563083
0.943745
1.861072
1.377750
1.472574
1.053312
0.506845
0.260517
1.227859
0.562857
0.620851
0.192580
0.559803
0.707818
1.167829
0.668603
1.635855
1.178389
1.219286
0.334844
1.206749
0.677535
1.622483
1.385986
1.980592
0.991962
0.722220
0.689265
1.323291
1.300763
1.572245
0.532380
1.347203
1.642022
1.978354
1.964392
1.575707
0.200550
0.932591
1.780285
0.569672
1.891127
1.343373
1.488333
1.672802
1.574924
1.935295
0.221759
0.959505
0.899830
1.323003
0.315167
1.337103
0.781910
1.807123
1.944706
1.646036
1.026899
1.961770
1.580475
1.166012
1.568781
0.726564
1.958882
1.383294
0.164540
0.924010
1.288440
0.628147
1.149648
0.640088
0.648040
1.223163
1.175566
0.331774
0.533821
1.946813
1.027342
1.732763
1.153461
0.503138
1.865953
0.205315
1.803688
1.913118
0.777800
1.163434
0.908161
1.601276
0.494987
0.148124
1.320973
1.172878
0.596758
1.470165
0.734050
1.199683
1.262803
0.236222
0.837695
0.656833
1.797137
1.925388
1.256858
0.838061
1.434953
0.796482
0.368410
0.978927
1.981016
1.671811
0.342280
1.967523
0.212523
1.003533
1.124907
1.769251
0.548226
1.416569
1.294005
0.936111
1.388147
1.590234
0.905447
1.766687
1.708761
0.974953
0.559705
1.456353
1.030708
1.180060
0.355168
1.221920
1.383323
0.614890
0.620145
1.585585
1.836425
0.320683
1.083557
0.889244
1.821229
1.433189
1.293982
1.144061
0.209788
1.615057
0.988079
0.735287
0.378215
0.736471
0.840736
1.973667
0.933069
1.895339
0.357830
1.214720
1.786610
0.147072
0.393990
1.554180
0.259556
1.247590
0.732492
0.559702
0.539563
1.564239
0.853195
0.918514
1.278959
1.690496
0.628338
1.337478
1.671820
0.466902
0.436836
1.151521
1.888189
0.624509
1.894630
1.646476
1.490723
0.318567
0.617133
1.558055
1.354629
0.539664
1.821803
0.511004
0.756201
1.778853
1.892236
1.209835
0.346799
0.968105
0.316580
0.258395
1.740734
0.216152
0.274735
1.766851
1.796927
1.662203
0.250428
0.254580
0.985250
0.629136
0.682236
0.312997
1.483844
0.923692
0.133439
1.049912
1.971939
1.980562
1.810080
1.897023
0.586514
0.893801
1.780519
1.230516
0.943479
1.784368
0.295982
1.776238
0.553494
1.234140
0.381340
1.307150
1.970090
0.721240
1.757391
1.317963
1.629787
1.951027
1.988265
1.239513
1.984838
1.879245
1.278475
1.441266
1.622254
0.198567
0.521085
1.173455
1.823754
1.803132
0.773283
1.498274
0.284161
1.166274
0.891980
0.698799
1.774765
1.400026
1.637368
1.613172
1.061630
0.256106
1.857512
1.922793
0.649512
0.321163
0.877689
0.976796
1.836861
1.706329
1.045553
1.291440
1.916089
1.084256
1.687033
1.714117
1.945369
1.024875
0.308491
1.402627
0.734944
1.884726
1.515958
1.323832
1.462658
1.591807
0.478042
1.196765
1.131921
0.262722
1.950987
1.848825
1.941388
1.799414
0.956901
1.978084
0.739885
0.593373
0.244312
1.326448
1.587552
1.801185
1.398684
1.367849
0.339445
1.944528
0.555441
1.184019
0.711435
1.700573
0.817247
0.328850
0.223423
0.242071
1.297436
0.887516
0.932269
1.434263
0.644188
1.197350
1.351994
1.018914
0.354010
1.028273
0.590297
1.811090
1.960231
1.891669
0.706398
1.584358
0.497091
0.376222
0.612027
0.871681
1.848887
0.210406
1.002439
0.240225
0.592559
1.127900
0.762351
1.479591
1.071150
1.323694
1.283235
1.228912
1.665152
0.754873
0.296529
1.780523
0.506784
1.109927
0.388809
0.863210
0.823396
1.933125
1.131253
0.458185
1.977956
0.564192
0.577292
1.873136
1.518466
1.679999
1.270448
1.187462
0.400031
0.364573
1.317878
0.762286
0.483292
0.252677
1.626066
1.922966
1.015135
0.806705
0.497852
1.204172
0.179706
1.313298
1.758915
1.362897
0.768623
0.688893
1.915704
0.800744
1.979170
0.537151
0.798820
0.833073
1.089018
0.832554
0.630394
1.488575
0.984695
1.959748
1.491546
1.251380
0.669106
1.975545
0.139951
0.484597
1.318436
1.859544
0.436889
1.298386
1.224648
0.382082
1.501958
1.338441
0.393633
0.735495
1.934768
1.322964
1.700095
0.845291
0.281417
0.977213
0.477917
0.771476
0.250630
0.657309
0.905841
1.982812
0.221303
1.061868
1.388725
0.934759
0.690827
1.272061
1.520534
1.534472
1.658723
0.367961
1.568708
0.940083
1.638132
0.594131
0.220853
0.856055
1.367250
1.215030
1.559419
1.385279
1.449488
1.693029
1.583705
0.286669
0.930746
0.939929
1.897046
0.809934
1.084170
0.454155
1.360454
1.421056
1.476550
1.199626
0.366198
0.593809
0.928301
0.704577
0.622650
1.326324
1.278694
0.202308
1.984373
1.266333
0.467709
0.900216
0.587021
0.480476
0.268683
0.577400
1.668077
0.834415
1.327984
1.856062
0.263832
0.192277
1.412636
1.272645
0.691356
1.356676
0.510873
0.472304
1.520407
1.872222
0.187896
1.404515
0.695668
1.325867
0.832414
1.826905
1.275715
0.574461
0.999073
0.408488
1.307234
0.602350
1.239965
1.593071
1.437165
1.854769
1.580866
0.342417
1.586779
0.662414
0.175392
1.998492
0.287719
0.413988
1.512919
0.317150
1.849409
1.929598
1.067302
0.352433
1.975912
0.260245
1.302926
0.259346
0.590030
1.342134
0.701673
1.952863
1.821491
1.484832
1.227561
0.274648
1.175187
0.311045
1.684293
1.233652
0.680905
1.930948
1.432664
1.492127
0.313089
1.175898
0.386101
1.084578
1.105160
1.427017
1.931083
0.824109
1.954942
1.290057
0.689265
0.929327
0.505342
1.966365
0.780318
0.186928
1.835052
1.047491
0.778992
0.757799
0.275196
1.241467
0.771184
1.351561
1.411240
0.327978
1.642682
1.068696
0.730231
0.252741
1.944275
1.353884
1.610803
0.483205
0.381935
0.288804
1.966225
1.632936
0.737287
1.986829
0.524309
0.274610
0.173051
0.199899
0.762548
1.664182
0.518222
0.280310
0.675141
0.634751
0.262861
1.788676
0.729039
0.400766
1.597656
1.571172
1.180918
1.359667
1.885775
1.812155
1.180754
1.523177
1.327071
1.530054
0.822218
1.565050
1.152769
