0.801364
0.758664
1.533145
0.193861
0.467769
1.865019
0.248962
1.540398
1.036169
0.634451
0.323811
1.857662
1.397732
0.103932
0.964047
0.957272
1.929081
0.306409
1.055160
1.689559
1.675674
1.143320
1.930318
0.866330
0.674160
1.349294
0.223866
1.489968
1.524148
1.325112
0.984878
1.239045
1.046779
0.637214
1.058880
0.992707
1.789317
1.656342
0.270768
0.793329
1.676380
0.517450
1.037015
1.435349
0.963088
0.463304
0.138922
1.222781
0.295531
1.520706
0.668964
1.798798
1.402418
1.127323
0.827871
0.648868
0.088186
0.220271
1.227118
0.913048
1.883661
0.395508
0.437058
0.465596
1.515224
0.145617
0.247899
0.564796
1.293144
0.155699
0.254010
1.789886
1.543673
0.076473
0.095970
0.481585
1.033918
1.318022
0.449509
1.652713
0.695194
1.053332
0.618876
1.806749
0.238744
1.054359
1.241306
1.913855
1.333273
0.081921
1.305846
0.422186
1.109110
1.907386
0.215483
0.075814
1.537107
0.955110
0.229751
0.416844
1.127199
0.711131
1.307689
0.348795
1.927476
0.599470
1.899116
1.912904
1.442429
1.346602
1.296162
0.469518
0.151688
1.737624
0.648030
1.123948
1.331950
1.398988
0.253640
1.886352
0.586184
1.395687
1.741135
0.697714
1.046935
1.072928
0.096331
0.701729
0.295616
0.161627
1.554590
1.224373
0.715181
1.435389
1.655941
1.332242
1.399203
0.592229
0.736599
1.156132
0.849379
0.444951
0.100124
1.126213
1.167240
0.908826
1.345277
0.207217
1.795060
0.355705
1.372573
0.495790
0.953182
1.918376
0.392905
0.967055
0.632440
1.785376
0.343662
0.073754
1.558980
0.278646
1.892297
1.536405
1.715149
0.077665
1.790602
1.911060
1.446269
0.479000
0.670206
1.077834
1.504111
0.574998
0.123967
0.922080
0.158509
1.916839
1.418487
1.655016
1.791418
1.739480
1.460376
1.309746
1.837342
0.863466
0.519267
1.394240
1.396873
0.701785
1.529581
0.688955
1.036177
1.222596
1.928646
1.799449
1.226542
1.685463
0.081781
1.864279
0.094972
1.918897
0.445751
1.307537
0.262178
0.224908
1.037547
1.222517
1.332355
0.550996
0.485939
1.891475
1.917502
0.446850
1.145870
1.002128
0.350469
0.131607
0.608078
0.703531
1.560127
0.836810
1.466032
0.726519
1.422034
0.403865
0.220862
1.529045
1.766708
1.735345
0.220330
1.707340
0.510265
0.497858
1.117669
0.432230
1.026440
0.208279
0.643004
0.250457
1.523422
1.631294
1.072906
1.762740
1.149733
1.126753
0.178773
0.744844
0.784423
0.309662
1.909590
0.338947
1.364020
0.825161
0.417822
0.642730
1.035356
1.506347
0.463349
1.333921
0.098504
0.661048
1.297507
1.303472
1.138355
0.708182
1.394566
1.038444
1.768606
1.652875
1.752289
1.148723
0.801211
1.733336
0.093676
0.860166
0.456530
1.223217
0.350742
1.265618
0.322450
0.278135
0.579873
1.913599
1.475131
1.636694
0.140817
0.964821
0.733611
0.955830
1.541020
1.502532
0.469064
0.178395
0.593598
0.881702
0.901260
0.764313
1.562986
0.574375
1.481337
1.137190
1.734752
1.545328
0.073550
0.637927
0.878715
0.264808
1.487602
0.907280
1.132009
1.333240
0.191139
1.507189
1.594132
1.767250
0.322053
0.893139
0.973818
0.529825
0.075394
1.718682
0.131674
0.142868
0.804521
0.417715
1.663692
0.482965
1.559847
0.191712
1.832714
1.729650
0.239306
1.177331
0.981704
1.914826
0.629300
1.802744
0.610751
1.223065
0.627970
0.560988
1.655086
1.739242
0.601763
0.280638
1.126371
1.739053
0.392856
0.901652
0.636287
1.021007
0.072737
0.491844
0.795654
1.151661
1.644263
1.916682
0.912545
0.693586
0.426611
0.888961
0.072911
1.089924
0.087617
1.896463
1.031355
0.201912
0.115813
0.255926
1.792725
0.908784
0.237177
0.190182
1.852210
0.635570
0.719890
1.552157
1.582204
0.073473
1.038471
0.649704
1.919140
1.298235
0.086205
1.675429
1.921982
1.445824
0.305055
0.975778
0.492240
0.432381
0.313253
1.335497
1.518148
1.591092
0.455513
1.341902
0.508705
1.427312
0.547905
1.310929
1.226625
1.139215
1.332132
1.064003
1.621686
0.880528
1.421220
0.690000
0.189342
1.930191
1.927165
0.437730
0.287830
0.989105
1.743957
0.175751
0.087051
1.735109
1.687483
1.510632
1.130878
1.036144
1.173248
0.524405
1.927014
0.589912
1.399375
0.442807
1.207552
1.225201
0.838817
1.213573
0.415869
1.542262
0.139522
0.892848
0.848922
0.756937
1.333918
1.601755
0.110260
1.311390
1.661473
0.345313
0.129466
0.805686
0.526383
0.737309
1.927736
1.922684
0.498067
1.712847
1.436040
0.109298
0.127449
1.650390
1.397064
1.618297
1.297166
1.925852
0.109185
0.193610
0.175220
0.625540
1.016973
1.126549
1.438485
1.737323
1.139360
0.105798
0.194019
0.899239
0.640974
1.545454
1.708660
0.323082
1.272146
1.515262
1.751518
0.616938
0.459943
0.087681
0.641499
0.907824
0.448588
1.127107
1.670329
1.680426
1.867517
1.131353
0.939604
1.435006
0.923492
0.324789
0.804293
0.730090
1.142194
0.274200
1.920008
1.036252
0.802662
1.782376
0.644057
1.633490
0.668303
0.479821
1.605189
0.914950
0.639478
1.321245
1.905332
1.733898
1.896435
1.016645
1.927673
1.056388
0.329391
0.602602
0.892571
0.977373
1.309487
0.902998
1.924243
1.907777
0.260320
1.692469
1.428488
1.798194
0.460134
1.929169
0.260787
1.317927
0.458044
0.097162
0.630644
1.725210
0.286297
1.331436
1.163984
1.301329
0.968063
0.862301
0.926148
1.796956
1.200259
0.320256
0.900277
0.121545
1.634556
1.141015
0.928174
1.223741
1.332351
1.141765
0.490635
0.637106
0.842302
0.895900
0.726078
0.938978
0.381041
0.073359
1.453916
1.192167
1.662102
0.828905
1.928162
1.036151
1.416295
0.073399
0.237987
1.474573
1.309043
1.300776
1.792052
1.535902
1.736694
1.502692
1.707562
1.543663
1.151111
0.412021
1.927318
1.748010
0.600911
1.927347
0.077276
1.928688
1.766948
0.338207
1.928625
0.844121
1.197692
1.933075
0.637631
0.287977
1.325322
0.509399
1.907279
0.136115
0.403168
1.140888
0.240680
0.149941
0.274708
1.033118
1.793724
0.968268
0.078801
0.446702
1.143356
1.768741
0.073601
0.545900
0.974776
0.588893
0.073516
0.296112
1.836219
1.671830
0.235617
0.926404
1.435156
0.352246
1.634101
1.343533
1.023746
0.653186
0.456864
0.450704
1.095801
1.498098
0.968205
0.087807
0.120807
1.293278
1.340608
1.787927
0.389874
1.803306
1.018076
0.763409
1.416956
0.108675
0.978647
0.473845
0.466955
0.191858
0.430920
1.329196
1.930150
0.252126
1.521358
0.618932
0.955639
0.289128
1.912548
0.629591
1.801353
0.722406
1.885051
1.441033
1.145608
1.341440
1.900250
0.194299
0.347105
0.089142
0.116251
0.417513
0.624289
0.846489
1.758238
0.091829
1.281390
0.461270
0.073822
1.900145
0.650342
1.917907
0.483267
1.222566
0.073143
1.579207
0.077999
1.930461
0.747271
1.926323
1.552034
1.771638
1.536137
1.132728
1.510051
1.225433
1.904435
0.824223
1.803849
1.378187
0.849113
1.466161
0.180660
0.285104
1.141404
1.655053
0.077724
1.330044
1.594635
0.530050
1.899957
1.025897
1.791219
0.207790
1.307503
1.318379
0.449054
0.736729
1.016564
1.924422
0.143332
1.744991
1.102519
1.654046
1.537024
0.963220
1.566332
1.397081
0.206281
1.929197
1.400687
1.789558
1.432214
0.176762
1.919240
1.036517
1.463706
1.927782
0.446069
1.307475
0.962538
1.527776
0.204109
1.659709
1.222469
1.507421
0.271893
1.864695
0.439457
1.396838
1.106308
0.472423
0.619768
0.870639
1.531683
1.188027
0.976913
1.654519
0.503434
0.404739
0.400110
0.569613
1.371474
0.484968
0.404346
1.496107
1.656039
1.336377
0.307796
0.295750
1.344805
0.482280
0.895686
1.817829
0.116410
0.392042
1.926984
0.490278
1.314610
1.925182
1.931835
0.261585
1.913951
1.142221
0.087579
0.982549
0.431854
1.459512
1.336347
0.176919
0.867971
0.219301
0.385991
1.423746
0.131909
1.319133
1.105766
1.909968
0.959259
0.182241
0.334942
0.490751
0.674811
0.913623
0.072382
0.103325
1.532884
0.196793
0.264901
1.641482
1.659649
0.476539
0.299721
0.480696
1.226984
1.525133
0.779909
0.370080
1.478194
0.297498
1.437140
1.564617
1.036139
0.924076
0.472746
0.102386
0.297668
0.894489
1.451385
0.092267
1.651109
1.676875
1.126236
1.384533
0.659667
1.107726
0.803812
0.310807
1.851021
1.655565
0.117084
1.528542
1.355451
0.319467
0.840674
1.116423
0.680589
1.125092
0.627501
0.647482
0.345274
0.646099
1.147493
0.271431
1.658544
1.835381
1.930183
0.752288
0.390229
0.910766
1.920033
0.463056
1.503729
1.725321
1.337512
1.331699
1.895942
0.916511
0.313859
0.288937
1.418028
0.848410
1.318533
0.488426
1.397048
1.519962
1.331014
0.459300
1.615957
1.435565
0.277782
0.580525
1.736337
1.434520
0.333575
0.605399
1.653541
0.476469
1.126508
0.470650
1.307964
0.574649
0.143837
0.828776
0.891716
0.427827
1.140989
0.076944
0.232856
0.964534
0.408451
0.075310
1.928596
0.420384
1.142835
1.435277
1.738779
1.911150
1.334824
1.126367
1.396653
0.661396
0.567367
0.291105
0.212607
1.268559
1.222476
1.546213
0.278911
0.551177
0.636336
1.792950
0.823491
1.922832
0.744289
0.255739
0.764874
1.335534
1.232395
1.335576
0.908213
1.758101
1.919516
1.557542
1.654462
0.954425
1.926681
0.602826
1.534242
0.293718
1.878271
1.217185
1.926583
0.790474
1.513802
1.359539
0.393153
1.791761
0.412230
0.389137
0.821341
0.457002
1.146406
1.430104
1.739319
0.622308
0.083799
0.977379
0.787425
0.355599
0.075827
1.899188
0.581178
0.120797
1.331832
1.010880
1.468533
0.380985
1.143627
1.436904
0.736456
0.571821
0.958025
1.214142
0.976802
1.517247
1.923465
1.915402
1.306826
0.444291
0.809872
0.353651
0.206093
0.104772
0.975852
1.709922
1.122108
1.123162
0.322070
0.809833
0.450487
0.262185
1.483952
1.854975
0.449913
0.975098
1.911685
0.557661
1.164111
1.921348
1.452966
0.476081
1.382200
1.151685
1.120384
1.790783
0.333720
0.641135
0.353497
0.604077
0.454537
0.827392
1.328082
0.159117
0.514898
0.414463
0.958527
0.183253
1.136081
1.149310
0.726411
0.733563
1.657751
1.776692
1.214303
0.961171
0.505366
1.780295
1.058936
0.423068
0.779744
1.791879
0.838598
0.482769
1.735775
0.585721
0.674132
1.431076
0.175221
0.742360
1.072863
1.657833
0.469448
0.075664
0.450948
0.073402
0.525629
0.656140
0.095969
0.191546
0.561954
1.632991
1.433750
0.496534
0.911425
0.776066
1.140297
1.794011
1.450339
0.892076
0.632072
1.810317
1.456846
0.258000
1.799518
0.966164
1.035380
0.529367
0.151712
0.319013
0.426333
0.073085
1.735905
1.542991
0.334464
0.899657
1.441051
0.298871
1.655909
1.108803
1.307507
0.904346
0.977991
0.442930
0.907834
0.081801
0.633397
0.457989
0.401583
0.074179
0.287798
0.738293
0.617400
0.443152
1.928254
0.888106
1.656243
1.410956
1.726530
0.442757
1.745371
0.560816
0.134687
0.381118
1.839230
1.528307
1.211850
0.891558
0.969046
0.569881
0.916195
1.036235
1.046610
1.921234
0.672664
0.295894
1.222832
1.654142
0.773067
0.085697
1.080942
0.779738
1.650485
1.799269
1.540418
0.175235
1.400375
0.775264
1.042606
1.919159
0.111860
1.923920
0.134818
0.797587
1.648896
0.334472
0.904847
0.612083
0.378142
0.509114
1.129601
0.608980
0.527341
1.309064
0.270273
1.516673
1.441215
1.289294
0.344303
0.946025
1.736842
1.919767
1.331046
0.899998
1.310006
0.527030
1.923833
1.789156
0.225029
0.257224
1.739903
1.073816
0.918025
0.490233
0.455305
1.503333
0.649008
0.106198
0.469588
1.175791
1.896765
0.210176
0.833973
0.653943
0.131284
0.436816
0.206197
0.168581
1.693048
0.963223
0.108997
1.434938
0.907606
1.541847
1.730068
1.299472
0.496987
1.355633
0.912716
0.821270
0.966566
0.487232
0.785698
0.739758
1.123478
1.416321
1.276989
0.960594
0.112613
0.800467
0.927814
0.557674
0.968356
0.337193
1.036370
1.530717
1.730487
1.507005
1.535273
0.789160
1.810069
1.879958
0.311010
0.152685
0.314455
1.793778
1.369275
1.112676
0.963496
1.572024
1.734792
0.102598
1.510237
0.505126
0.968218
0.146282
1.918727
1.395794
1.161668
0.465866
1.356022
1.435353
1.135921
1.309696
1.522928
1.116568
1.613957
0.625456
0.314175
0.245830
1.467951
1.398039
1.842739
0.374176
1.721095
1.334533
1.806969
1.238474
1.655037
1.535278
1.242316
1.133407
0.090435
0.245576
0.140816
1.538220
1.927495
1.887401
1.798222
0.073497
1.266851
0.491676
0.818808
1.301052
0.616825
0.638487
1.145019
1.534858
0.215056
0.618059
0.557263
1.731951
1.693177
1.131511
0.955004
0.836642
1.435436
1.565939
0.535713
1.542530
1.301908
1.929259
0.358130
0.124585
1.579674
1.083909
0.169513
0.087351
0.945768
0.543269
0.714233
0.079107
0.960154
1.148034
1.650411
1.223558
1.274158
0.964725
0.193693
0.771184
0.257480
1.037335
1.147074
0.791324
0.901181
1.925038
1.523559
0.387423
1.646096
0.753337
0.079683
0.613299
0.370668
1.543229
1.917065
0.196778
0.387814
0.697716
0.217441
1.021792
0.704224
1.435334
1.788891
0.592387
1.352470
1.798400
1.654350
0.712048
1.194212
0.487073
0.298950
0.253177
0.218812
0.907486
0.648735
0.959035
1.661757
1.735335
1.547671
0.220744
0.758264
0.667306
0.427189
0.455922
0.617180
0.111445
1.920257
0.636677
1.338667
0.638926
1.315268
0.771816
1.654203
1.434836
0.151316
1.530689
1.923199
1.333213
0.789784
0.971486
0.874923
1.647735
0.744111
0.374414
0.545090
1.929478
1.792310
0.977152
1.741271
1.372615
0.629122
1.073728
1.757421
1.054039
0.550978
0.878294
0.073073
0.623051
0.274097
1.917674
1.678960
0.201582
1.038358
1.928772
0.478068
0.316461
0.203795
1.227461
0.705720
0.355809
1.284812
1.789455
0.622514
1.025097
1.325792
0.269537
0.085743
0.478563
0.475730
0.224808
0.367569
0.769738
1.671673
1.129318
1.929692
0.458903
0.633738
1.301790
0.396058
0.635327
0.161911
1.559828
0.224625
0.176494
0.805507
0.374970
1.343530
1.586754
1.439302
0.977210
1.035986
1.545651
0.445494
0.510720
1.330522
1.928938
0.530326
0.698078
0.364847
1.147496
1.736955
0.904525
0.427576
0.076337
0.244514
1.811024
1.926363
1.737356
0.328673
1.235052
0.975759
1.138216
1.658260
0.787018
1.812057
0.341505
1.581487
1.125709
1.349807
1.929559
0.717990
0.823287
1.145190
1.516054
1.695626
1.347594
1.305593
0.835182
0.450589
1.819588
0.230031
0.973329
0.438914
1.766316
1.036740
0.170910
0.441868
0.522306
0.754157
1.743425
1.434987
1.690280
1.295603
0.632785
0.630988
1.924440
1.708749
0.955599
0.089637
1.710160
0.967740
0.590100
0.207159
0.667556
1.381377
1.801151
0.934168
0.394805
0.967444
1.171055
1.817054
0.647941
1.775398
1.588490
1.306576
0.452295
0.439238
1.662223
1.732729
1.397089
0.383245
1.656697
1.343752
1.163753
0.422616
1.722312
1.302350
0.901195
0.253893
0.092036
0.808541
0.920129
0.979270
1.634671
0.789890
1.683296
1.247553
0.135651
1.279274
1.915757
0.442662
0.316599
0.634795
1.307824
0.078096
1.435350
0.961275
1.016818
1.136730
0.750787
1.567192
1.434681
1.036583
0.644734
0.213889
1.929730
1.325288
0.452656
1.301498
1.436055
0.149642
0.960903
0.481276
0.487671
0.888981
1.171459
1.133281
0.079873
1.708780
0.619501
1.928527
0.797262
1.376269
1.275859
1.162769
1.478018
0.976052
0.318855
1.546012
1.395032
1.141788
0.528084
0.392751
1.016948
0.100517
0.918752
1.055418
1.590990
1.337413
1.632820
0.767122
1.330302
0.213067
1.104664
0.921316
0.288494
0.109316
1.036164
0.890686
1.220155
0.410156
0.684527
0.240458
1.925196
0.669985
0.479287
0.365528
0.668235
0.154052
0.839510
0.373948
1.252500
0.399554
0.294308
1.222662
0.771104
0.181159
1.486132
1.177094
0.659969
0.201046
1.035645
0.362795
0.879930
0.218240
1.650604
1.327324
0.161966
0.262178
0.255816
0.072715
0.390879
0.456862
1.322615
1.737488
0.263645
1.904155
0.299061
0.301667
0.819203
0.078637
1.142087
0.992443
0.992132
0.367434
0.504778
1.530073
0.359616
0.388442
0.250266
1.928499
1.392716
0.962647
0.469789
0.965178
1.150408
1.338503
1.791321
1.124874
0.148203
0.535954
1.651661
1.283582
1.654743
1.530571
1.435348
0.118748
0.422681
1.739597
1.557819
1.611405
1.273163
1.398327
0.754180
0.673273
0.896055
1.182437
0.272107
1.496217
1.309089
0.750823
1.439632
0.801886
0.285326
1.151722
0.821824
0.090322
1.802118
1.127078
1.142151
1.785611
1.897516
0.601234
1.509708
1.223378
0.214992
0.145828
0.594672
0.966077
0.443287
1.435993
1.928280
0.793108
1.509537
0.222984
1.140384
0.764313
1.901479
1.724138
1.828917
1.322987
1.138791
0.981793
1.041114
1.143389
0.966260
0.877505
1.395572
1.755371
1.412262
1.540525
0.536004
0.989401
0.277385
1.543285
0.954049
1.902942
1.684351
1.647098
0.405765
0.488177
1.913823
0.905667
0.950748
1.582918
1.926534
1.843933
0.259097
0.436114
0.306230
1.924611
1.331845
0.910057
1.930351
1.923075
1.558208
1.151835
0.146580
1.635396
0.921638
0.992461
1.801583
1.823448
0.241422
0.124673
1.797206
1.587720
1.661960
1.228677
0.129541
1.437195
1.514305
0.564915
0.919509
1.646439
1.435350
1.327317
0.148226
0.078848
0.075326
1.340681
0.825911
0.963220
1.139730
1.598329
1.240318
0.156865
0.845116
1.687682
0.434434
1.322525
0.163900
1.396389
1.127425
0.726018
1.684515
0.090601
1.666537
0.226855
0.625926
1.330327
0.655532
0.175311
1.499812
1.485725
0.518897
1.313002
1.546483
0.181035
1.798883
1.668333
0.541575
1.210305
0.160373
1.285459
0.526685
0.379297
0.955644
1.045526
1.103952
1.649334
0.497648
0.639432
1.398207
1.332798
1.333960
1.644604
0.813060
1.004656
0.662395
0.254130
0.992730
0.968395
1.332446
0.072837
0.466459
1.496456
0.568003
0.192806
1.435673
1.840182
1.926355
1.342178
0.439856
1.331729
1.307967
1.679695
1.563754
1.221798
0.962612
0.577230
0.321144
0.230947
1.017496
0.389658
0.913043
1.793536
0.935198
1.745117
0.863909
0.292009
0.487771
0.455035
1.486147
1.713914
1.146540
1.591947
1.360646
0.735709
0.685916
0.093258
1.148420
0.860940
1.572323
1.144454
1.437824
0.975847
1.050113
0.075975
1.435607
1.929548
0.103222
1.790418
0.344660
0.681847
0.303037
0.409229
1.330865
0.580797
0.770206
1.222531
1.588951
0.267356
1.756288
1.930308
1.398988
0.614804
0.443440
0.294378
1.287030
0.087880
1.129034
0.077190
1.508954
1.388183
1.533085
0.706173
0.470957
0.073133
1.902845
1.435365
1.812004
0.629896
1.723840
1.119119
0.323590
0.905536
1.537233
0.650575
1.538579
1.544423
0.356827
0.201760
0.215451
0.265558
0.196913
0.635363
0.591263
0.487762
0.229468
1.657742
0.102024
0.964294
1.574196
1.222366
1.135227
1.677316
1.354075
1.138317
1.298673
0.591496
0.842978
1.873636
0.470619
1.047222
0.084612
1.622304
1.653256
1.112840
1.283027
0.967790
1.928573
1.930614
1.301065
0.812744
1.662853
1.026789
0.353103
0.632994
1.435565
1.924387
1.536239
1.498552
1.222600
0.544406
0.309993
1.218135
0.091526
1.397260
1.376321
0.514234
0.073416
0.949468
0.984475
0.501446
0.786608
0.953841
0.369404
0.401978
0.740956
1.605774
1.042028
0.411463
0.720824
1.920983
0.108763
1.776124
1.315227
1.040822
0.345586
0.356350
1.081809
1.331412
1.156536
0.831378
1.222605
1.930670
0.816740
1.743344
1.483389
1.662175
0.176539
1.900700
0.900963
1.803377
1.396672
0.924383
0.624483
1.778097
0.903937
1.897599
0.398960
0.334779
1.884917
0.269682
1.291993
0.472496
1.326009
0.182516
1.781005
1.215402
1.437088
1.451625
1.599381
1.544849
0.090350
1.688650
0.250421
0.665608
1.077427
0.458135
1.929122
0.418178
1.925124
1.217527
0.609179
1.553484
0.542819
0.779508
0.496638
1.742913
1.354841
1.036011
1.422560
1.054772
0.484847
0.270716
1.735689
1.561694
0.242752
0.213874
0.165996
1.905559
0.487909
1.522519
0.714144
0.203378
0.451493
1.930281
0.075311
1.223397
1.139035
0.968970
0.705697
1.235813
1.639379
0.819460
0.497061
1.396271
0.711222
0.198787
0.500446
0.622284
0.550193
0.732114
0.551058
0.783497
0.463495
0.879929
0.747731
1.132494
0.267034
1.737979
0.887622
0.890257
0.279873
1.926318
1.907961
1.308168
0.464894
0.380813
0.586609
1.923697
0.254472
0.251184
1.851403
1.332425
1.222641
0.666103
1.018348
0.414392
0.187521
0.260492
1.314609
0.831649
0.893385
0.308659
1.341790
1.871134
1.915622
1.811431
0.120944
1.057464
0.144422
0.607623
1.659660
1.887314
0.503780
0.570533
1.574064
0.493027
0.647561
1.540451
1.638311
1.400712
1.325298
1.222576
0.630084
0.760917
1.042747
1.129180
1.672816
1.729342
1.899980
0.810479
0.114034
0.582523
1.551029
1.008862
0.976887
1.818065
0.793507
0.892450
1.227596
1.856290
1.654606
0.900653
0.359795
1.038496
1.533038
0.438386
0.385577
1.321095
1.363897
0.079508
1.053939
0.405749
0.584179
0.799017
1.925975
0.960338
0.284647
0.812513
0.466472
1.786007
1.223792
1.838134
0.805165
1.029051
0.313016
0.900569
0.971140
0.966234
1.837879
1.689056
0.916120
1.603111
1.017914
1.147797
0.881856
0.274606
1.311510
1.655076
0.859277
0.745905
1.387420
0.734595
1.164654
1.534086
1.111558
1.332111
1.400990
0.506327
0.231292
1.289567
1.018146
0.425243
1.889372
0.762077
1.766888
1.139346
0.589700
0.112413
1.654639
1.529577
1.332417
1.466236
1.106659
1.435205
1.737820
0.134130
0.187971
0.938945
1.889599
0.821465
0.079149
1.435325
0.462651
1.469233
1.743208
1.316994
0.734918
1.141099
1.793435
0.838098
1.107772
0.073395
0.973563
0.400954
1.135775
1.036216
1.328305
0.455960
1.544407
1.541678
1.919786
0.904277
0.073206
0.235954
1.925607
1.885657
0.460125
0.073894
0.820301
0.545268
0.322370
0.132662
1.576377
0.911892
1.343559
0.326748
1.389948
0.149709
1.816307
0.710222
1.140926
0.330695
0.320161
1.147408
1.644892
0.511718
1.900033
1.037345
1.748474
0.881786
0.860686
0.143949
0.298917
0.250736
1.291921
1.736820
0.295486
1.929593
1.816995
1.644866
1.906889
0.265754
1.536421
1.581947
0.636184
0.219036
1.921213
1.197891
1.331200
1.540128
0.389346
0.749934
1.927994
1.799167
1.913710
0.753684
0.461345
0.225901
1.657854
0.813991
0.787984
1.928005
0.886903
1.130802
0.475632
0.640918
0.900941
0.848185
1.395319
0.223711
0.845034
0.576199
1.375774
1.322568
1.436532
1.367383
0.854354
1.734717
1.927701
0.358865
0.441904
1.150341
1.391011
0.252940
0.665009
0.372217
0.478737
0.501417
1.082953
1.222501
1.891922
0.842257
1.929763
0.643643
1.136775
1.856730
1.697983
0.193914
1.547488
1.433516
0.079408
1.899498
1.228852
0.384407
0.430127
1.041367
0.426364
0.355168
1.381559
0.907635
0.487850
0.084083
0.353873
0.084149
0.252683
0.504000
0.292700
1.785540
1.433571
1.930516
0.576500
0.607493
1.656263
0.757781
1.617624
1.726399
0.795217
1.435499
0.360849
0.190263
1.540429
1.051181
1.790031
0.827837
1.386718
1.223378
1.926145
0.484632
0.622048
1.606385
0.955029
0.288503
0.384904
1.550849
1.559527
1.649167
1.574438
0.648090
1.924114
0.958320
1.499635
1.796512
0.801987
1.221634
1.562970
1.127731
0.602716
0.319460
0.183252
0.074127
1.043700
0.604599
1.799614
0.279129
0.235650
0.465176
0.881010
1.117004
1.521533
0.966694
0.444111
0.620802
1.925229
1.739516
1.913262
0.660525
1.746317
1.329481
0.586342
0.482405
0.277094
0.769343
0.770076
0.321004
0.950622
0.126077
0.107112
0.336233
0.739376
1.332608
1.536999
1.127082
0.963588
1.924902
1.027759
0.431558
1.796187
1.918766
0.152205
1.213794
0.958025
1.858168
0.427440
0.925959
0.977380
0.451326
0.074560
0.447193
0.603224
0.849921
0.968593
0.157370
1.134943
0.101308
0.713177
0.073533
1.042971
1.308955
0.842328
0.228309
0.106756
0.079385
0.134509
0.977382
0.715636
1.549230
1.435722
1.494188
1.515224
1.447518
1.146404
1.095027
0.276686
1.222416
1.025405
0.741613
1.142094
0.398718
1.333487
1.337290
0.475623
0.652594
0.524719
1.737891
0.075114
1.926984
1.389714
0.966811
1.517770
1.135568
0.906361
0.468668
0.924188
1.222406
1.132720
1.702395
0.920082
1.659337
0.665575
0.967473
1.119368
1.527686
0.702415
0.249725
1.927486
0.336629
0.177526
0.298971
1.737047
0.784610
1.751822
1.523397
0.922279
1.916379
0.973755
1.396419
1.036227
0.093741
0.587301
0.645833
1.133243
0.224260
1.139612
0.722082
0.103659
1.790420
0.092965
0.620594
0.349717
0.574261
1.631202
0.872978
1.184078
0.955779
1.132041
0.579967
0.877064
1.289004
0.350228
0.724724
1.301261
0.073468
0.900966
0.351584
0.113491
0.941039
0.475176
1.522589
1.385398
1.537017
0.967367
0.102939
0.130185
0.601937
1.402809
0.400905
1.035095
1.399213
1.491416
1.795155
0.761412
0.996811
1.689380
1.496439
0.198121
1.268757
0.473871
0.633912
0.486035
1.520901
1.652444
0.764898
1.548646
0.077422
0.216238
0.168839
0.361772
1.435356
0.609337
1.798442
0.477258
1.248665
0.430772
1.039097
0.581097
0.956029
0.833206
0.951752
0.134771
1.657906
0.497755
0.222873
1.330470
0.252051
0.171885
1.572161
0.474756
0.314563
0.268953
0.881155
1.904574
1.131860
0.267784
1.332447
0.231903
0.129685
0.968872
1.703747
0.279685
0.627999
1.533409
1.773542
1.576249
0.346357
0.672493
1.660069
0.253951
1.552786
1.929875
0.904871
0.912517
1.309886
1.836011
0.901105
0.072936
0.234736
1.925931
0.510698
0.421393
1.340772
0.345012
1.922675
0.315501
1.434049
0.967451
0.727923
0.133473
0.109394
0.810848
1.220959
0.848651
0.897773
1.115602
1.707555
1.350869
0.221593
1.808913
1.766609
1.536158
1.799071
0.747353
1.892346
1.477388
1.434245
0.425828
1.726244
1.337011
1.665240
1.302867
0.765769
0.329676
1.222702
0.747885
1.379619
0.236315
1.707400
0.729384
1.778189
1.398544
1.027377
1.369500
1.016121
1.435334
1.766814
1.222693
0.281735
1.000418
1.056572
0.109252
1.902936
0.817471
1.741215
0.141600
1.288841
0.097129
0.145183
0.260419
1.928168
1.789750
1.786838
1.779014
0.073838
0.694610
1.134693
1.217173
1.226464
0.537637
1.929355
1.543926
0.401301
1.110466
1.790942
0.586195
0.430475
0.081466
1.154388
1.540663
1.115335
1.922697
0.271915
0.727892
1.151320
1.271642
1.323390
0.382147
0.643559
1.122514
0.074271
0.777210
0.168191
0.488936
0.959334
1.330042
1.222667
0.851504
1.543375
1.609641
1.661885
0.159525
1.669427
0.337183
0.461754
1.378840
0.552293
0.439771
0.089267
0.931287
1.797875
0.268892
0.579049
1.901503
0.113586
0.428747
0.844548
1.353404
0.434704
1.928595
1.280586
0.306876
0.850157
0.072634
0.666371
1.024887
1.434415
0.652848
0.129253
1.690324
0.073528
0.245936
0.524496
1.409707
0.473705
1.599735
0.790923
1.076444
0.082636
0.104120
1.715340
1.322407
1.222406
1.925841
1.641670
0.094222
1.845195
0.648149
1.278528
1.146698
0.736695
1.870229
0.871161
0.629857
1.513167
0.235443
1.451163
0.907395
1.315906
1.733665
1.171568
1.767092
1.928970
1.052351
0.625435
0.940822
0.314348
1.916909
1.929858
1.291970
1.803043
1.614765
0.964295
1.823872
1.585634
0.463483
0.662427
0.968624
1.435365
1.921233
0.116209
0.223585
0.969258
0.456404
1.667868
1.929271
1.538043
1.435334
0.550482
1.905072
1.668780
0.322578
1.703688
1.397286
1.330629
1.350237
0.342973
0.073332
1.526445
1.918421
1.223703
0.450116
0.446479
0.377654
0.511168
1.501208
1.927545
1.435306
0.427007
1.582194
0.632834
1.465439
0.444827
0.454599
0.856933
0.321873
0.557111
0.132808
0.175721
1.661275
0.486099
0.168978
0.732836
0.226544
0.840411
0.345866
0.210994
0.897433
0.903930
1.397393
1.252833
1.038311
0.895151
0.872953
1.685999
0.695675
1.911928
1.333221
0.328743
1.923849
0.865801
1.168026
1.742527
0.441314
1.192906
0.139858
0.825809
0.547141
1.762770
1.435363
0.955127
0.538681
0.684677
1.925381
0.756475
0.137906
1.222879
0.609620
1.910196
1.651049
0.088972
1.126199
0.981885
0.196444
1.329293
0.133167
1.315493
1.637478
1.766309
1.863427
1.491346
1.627233
1.721107
1.526525
0.214831
0.486011
1.809916
1.528038
0.245846
0.988631
1.054301
0.303696
1.578684
0.121081
1.162993
0.317531
1.755678
1.140681
1.331550
0.404709
1.269072
1.634236
1.171911
0.746675
0.135622
1.776328
1.528122
0.178967
0.384066
0.719832
1.257882
0.805292
0.873781
0.295435
1.885469
0.995887
0.800335
0.654992
0.396404
0.202009
1.909656
1.219574
1.304121
1.920436
1.373483
0.644760
1.482981
0.078283
1.780340
0.625523
0.849832
0.233871
1.865706
0.699179
0.706332
1.545129
1.790043
1.900981
0.075757
1.735943
0.955605
1.787931
0.334960
0.168919
1.930452
0.965842
0.422887
0.796304
1.794729
1.786002
0.776079
0.977580
1.017473
0.136063
0.786745
1.308300
0.634566
0.437074
1.774454
1.317245
1.474897
1.703583
0.778512
0.498757
1.360086
0.791909
0.074380
0.552818
1.742631
0.386695
0.633416
0.103104
0.721252
1.928673
1.873233
1.256053
1.026079
0.203391
0.390033
0.797435
0.273744
0.579550
1.791039
0.925178
1.812380
0.723247
1.012522
0.408611
1.334369
0.964787
0.811018
0.079213
1.086162
0.073073
0.558357
0.079047
1.440226
0.336102
0.416998
1.734712
1.930436
0.646966
1.929561
0.089237
1.211766
0.942730
1.779844
0.073837
1.469510
1.507382
1.532203
0.232143
1.793510
1.516274
0.432184
0.465297
1.549143
0.905337
0.098707
0.969104
0.675579
1.427753
1.740774
1.306106
1.715589
0.308609
0.521914
0.956731
0.974640
1.270193
0.151576
0.348221
0.224165
0.079481
0.502335
1.746125
0.330774
1.916309
1.765041
0.090870
0.468661
1.657035
1.371691
0.972795
0.166975
1.219003
1.804499
0.238596
0.459088
1.615205
0.614593
1.057491
0.133744
1.143638
0.086509
1.140526
0.561580
0.182974
1.924905
1.435354
1.394242
1.825258
1.773798
1.142547
0.880330
0.228598
1.532953
0.573804
1.541994
1.036897
1.033882
0.530259
0.421569
1.349364
1.041631
0.125692
0.348848
1.438806
0.442746
0.124749
0.619341
1.434886
1.544713
1.330727
1.640325
1.431568
0.073098
1.122262
0.420473
1.037016
1.391142
0.073248
0.761834
1.929393
1.461663
0.264655
1.046277
0.723185
1.308158
1.539570
0.691096
1.744746
1.140445
0.852020
0.984362
0.963219
0.871510
0.125737
1.929867
1.930453
0.626239
1.833479
0.899202
0.288440
1.790026
1.249016
0.706428
0.438873
0.836349
0.100742
1.323257
0.544524
0.970032
1.722861
0.964072
0.642607
1.918198
1.876629
0.639720
0.097239
0.348536
0.243911
0.827994
1.154414
0.411246
0.968336
0.126184
0.922111
0.433084
1.735747
0.540777
0.149579
1.475147
0.471323
1.323865
0.103485
0.634575
0.254283
1.786327
0.896663
0.627845
0.100459
1.886163
0.987257
1.561692
1.163941
0.944517
0.205450
1.637435
0.438219
0.964691
0.889950
0.866945
1.255237
0.670157
0.168874
1.919573
0.320996
1.337223
0.392424
1.130409
0.568461
0.490697
1.740408
1.923991
1.918043
0.312674
1.553750
0.354665
0.803924
1.924113
1.905703
0.142888
1.304843
0.706592
0.936410
0.126531
0.272431
1.305045
0.297461
0.815687
1.758296
0.887784
1.387235
1.925489
0.350033
1.516105
0.711285
1.797883
1.918814
1.930412
1.329303
1.628006
0.164662
1.535318
0.265480
0.550966
0.135190
1.129533
1.295699
1.529541
0.882161
1.739752
1.631064
0.652429
0.463140
1.803457
1.225667
1.925718
0.387833
0.998559
1.638874
1.712415
1.222712
1.807579
1.154144
0.290877
0.224949
1.644758
1.222299
1.789463
1.515695
1.332073
0.382874
1.534900
0.448989
1.912722
1.330747
0.223489
1.476297
1.656888
0.553876
0.655380
1.329674
1.900134
1.516641
0.916212
0.284417
1.396913
0.287608
0.813121
0.480645
0.278646
0.302091
0.459814
1.127014
1.337352
1.106650
1.038513
1.706956
0.602813
1.636328
0.425026
1.039057
1.817041
1.088808
0.700721
0.236345
1.543548
1.222669
1.618121
0.960290
1.349669
0.197789
0.879317
1.899305
0.621146
0.734214
0.936301
1.398800
1.147464
0.244637
1.791431
0.098666
0.766216
0.636268
1.810319
1.139867
1.918045
0.567611
1.341355
1.188990
1.454436
0.916818
1.883139
1.396901
1.397181
1.144061
1.334464
0.620236
1.322710
1.442218
0.214653
1.036156
0.204098
1.926658
1.294169
0.786191
0.224526
1.124317
0.848362
1.489999
1.396548
1.311726
0.080751
1.169272
0.074152
0.437089
1.536630
0.911348
0.915913
1.515167
1.908054
1.693719
1.396904
1.053271
0.180155
0.290426
0.522652
0.542171
0.406400
1.444059
0.407918
0.231027
0.421023
1.740846
1.804023
0.159355
1.926222
0.733354
1.139192
1.567517
1.568357
1.904876
1.538968
1.355132
0.336578
0.900949
1.340410
0.081965
1.060176
0.590806
0.169111
1.111408
0.283139
0.898370
1.656891
0.976427
1.918662
0.637311
1.802001
1.851503
1.705047
0.169093
1.661327
0.674153
0.268095
0.743377
0.580026
1.222323
0.867235
0.979491
0.314356
1.920491
1.447286
0.973445
0.133039
0.859826
0.084446
1.528505
0.119874
0.385125
0.633922
1.533192
0.080475
1.687739
0.840680
1.127579
0.658031
0.709574
1.912759
1.036242
1.134788
1.128837
0.445502
0.403337
0.727963
1.728465
0.174058
0.878175
0.901101
1.519816
0.961511
1.446607
0.826609
0.073459
1.904599
1.925440
0.073662
0.339424
1.528309
0.623264
0.917040
0.929420
0.088985
1.332075
1.525615
0.406086
1.314483
0.135260
0.891009
0.576695
0.246761
0.228617
1.544767
1.646887
1.286677
0.955486
0.099656
0.816230
1.657890
0.117485
0.974087
1.538759
1.926577
0.883628
1.405570
1.749829
0.956953
0.650630
0.082289
0.263983
0.836692
1.287505
0.976084
0.397824
1.394649
1.863916
1.332340
0.690564
0.792057
0.894831
1.861912
0.329975
1.908905
0.820500
0.194159
0.076640
1.122682
1.804338
0.826608
0.119334
0.440835
1.646225
0.663199
1.741782
1.435345
0.086404
1.363925
0.965216
1.518522
0.177558
0.509336
0.927613
0.418686
0.180723
1.925097
0.887512
0.529751
0.992654
1.916803
0.152610
1.570641
0.597170
0.076222
1.738099
0.687284
1.930656
1.036421
0.299576
0.522670
0.339632
0.492108
0.245796
1.317136
1.809143
1.532659
1.702796
1.853360
0.919222
0.728087
1.144374
1.555891
0.349144
0.332350
1.128436
1.860887
0.611686
1.526980
0.356192
0.759501
0.572871
1.902061
1.562821
1.036142
0.710934
1.282653
0.114951
1.299042
0.941119
0.795662
0.343699
1.928598
0.227628
1.913300
0.897418
1.809734
1.927157
0.968336
1.403859
1.896909
1.397392
1.724036
1.620285
0.280283
1.311645
0.125157
1.893583
0.218175
0.435884
0.442870
1.660530
0.435563
1.557797
1.820729
1.144898
1.176836
1.275695
1.386996
0.415939
1.924570
1.889087
1.310753
1.548795
0.764763
0.214035
0.648461
1.262608
0.458138
1.848106
0.230634
1.921777
0.447116
0.571027
0.580016
1.293016
1.253753
1.435370
0.075520
0.908666
1.227124
0.814987
0.128181
0.857314
1.922464
0.368079
1.306519
1.768451
0.974754
0.429375
1.402426
1.016898
1.159667
0.245222
0.592383
0.281972
1.441617
1.016135
1.743402
0.636638
1.241345
0.507514
1.238189
0.241746
0.951681
0.516982
0.926757
0.573166
0.402800
0.796113
1.435336
0.894177
0.961805
0.385359
0.707985
0.487631
0.764231
1.558377
0.640767
1.122316
0.308376
0.155595
0.363845
1.171074
0.246588
0.346964
1.036219
0.912535
0.120583
0.807447
0.612810
1.162952
1.395217
0.131274
0.414495
1.714780
1.659261
0.932564
0.744071
1.928327
0.194087
0.761754
1.794563
0.221990
1.140117
0.249901
0.072498
0.968287
1.133920
0.777494
1.735278
1.222401
1.879488
1.570206
1.118444
0.589064
1.672764
0.127452
1.646219
0.409390
0.088920
1.338103
0.963439
0.078982
1.319114
1.736393
1.172164
1.570471
0.112968
1.434640
1.652050
0.709380
1.475308
1.661538
1.928726
1.323542
1.311285
1.925468
0.840549
1.530578
1.133089
0.356817
1.930741
1.532299
0.588754
1.790645
0.142965
1.712683
0.487688
0.388251
1.022639
0.767664
0.625073
1.640066
0.225864
1.196926
0.618747
0.320140
0.709069
0.596331
1.728717
1.660917
0.107443
0.700967
0.906469
1.829366
1.347843
0.530004
0.965963
1.931221
0.375932
1.395296
0.149319
0.606785
0.610225
1.291970
0.458556
0.378364
1.930139
1.930766
1.902520
0.660026
0.125853
1.751388
1.923006
0.136753
0.792401
0.563499
1.141032
0.950330
1.707583
1.047990
0.470635
0.863129
1.645602
1.894638
1.431516
0.957632
0.555474
1.493027
1.156026
1.035459
1.319770
0.905162
1.790129
1.917352
1.040179
0.542616
1.743145
1.642293
0.132398
1.355894
1.514300
1.699242
0.938108
0.931004
1.654372
1.444129
1.386782
0.662649
1.893223
1.654719
1.231103
1.334136
1.037445
0.980431
1.923024
0.726153
0.499755
0.638394
1.541422
0.358386
0.429685
1.161675
1.508506
1.549338
1.831315
1.649283
0.646088
0.783584
1.127336
1.916756
1.307789
1.450751
0.285692
1.521732
0.981583
1.583218
0.283821
1.886013
0.249324
0.084037
0.884795
1.834522
0.458797
0.295515
0.287366
0.965166
0.255964
0.467756
0.811274
0.842696
1.236687
1.270007
1.036166
0.337869
1.502252
1.393533
0.483705
1.332232
1.325250
0.522278
1.564185
1.915681
1.332705
0.094921
0.462546
0.538274
1.919427
0.122358
0.193234
0.494628
0.658924
1.226992
1.135110
0.242402
0.406408
1.651991
0.272331
0.844976
0.875935
1.327849
1.054361
0.748416
1.496873
0.636496
0.073291
1.222551
1.526695
1.221469
1.465970
1.251255
0.529988
1.259450
0.161563
0.509361
0.453316
0.617069
1.394653
0.968112
1.924913
1.439034
0.387478
0.091906
0.101189
1.544536
1.290014
1.199201
1.878507
1.223744
1.223916
0.406024
1.538012
1.299186
0.954901
1.306727
0.659246
1.336492
1.689043
1.267502
1.543885
1.719949
1.570612
1.533796
0.636687
0.438500
1.331829
1.744572
1.326056
1.110892
1.036099
0.196816
0.686714
1.435777
0.775115
0.304211
0.760410
0.587927
1.580691
0.530813
0.763571
0.913470
1.547431
1.526385
0.923184
0.746213
1.446715
1.861340
1.143776
1.232863
1.315506
0.475186
0.878862
1.912049
0.874656
1.578909
0.443173
1.500064
1.032241
1.127488
1.661489
0.498174
1.750639
1.504897
1.910055
0.874563
1.578639
1.330167
0.097037
0.081567
0.585242
1.629032
1.297845
0.344923
1.464197
1.784803
0.522406
1.395849
1.742955
1.013767
1.307347
1.549357
1.143413
1.331683
1.922003
1.036075
0.968713
1.038968
1.622738
0.280172
0.489442
0.206121
1.929201
1.461097
0.615257
1.921727
1.134443
0.075393
1.872670
0.958926
1.000510
1.921180
1.532524
1.531462
1.314921
0.674257
0.170968
0.927031
1.398405
0.215068
0.502047
1.704094
1.480874
0.655933
1.810954
1.516158
1.654956
0.554975
1.126657
0.743357
1.762528
1.925367
1.153822
0.968290
0.075509
0.654960
1.533116
1.306865
0.442946
0.839211
0.739507
0.891395
1.130733
1.528228
0.232300
0.197855
1.654608
1.134830
0.838327
0.697670
0.944731
0.797504
1.397153
0.351269
0.678613
0.296847
0.423521
0.567501
1.763837
1.832468
0.301597
0.791366
1.531943
1.652499
0.208480
1.436531
0.795240
1.225419
1.140392
1.643676
0.453159
0.945259
1.143406
0.084009
0.639241
0.286960
1.641422
0.515446
0.788969
1.925475
0.323111
1.292259
0.075898
0.733470
1.047154
0.603967
0.083761
0.195747
0.378430
1.436710
1.140649
1.686864
0.919093
1.539799
1.038418
1.852303
1.435576
1.126234
0.723320
1.399215
0.678091
0.390109
0.616005
1.355804
0.955530
0.436803
1.646899
0.145833
0.461889
0.956132
1.398690
1.790296
0.314137
0.458932
0.874762
1.324998
1.924812
1.150739
0.882479
1.072061
0.726684
0.871804
1.903636
0.565024
1.807305
1.613084
0.905750
0.941018
0.102803
1.930782
1.805220
1.644417
1.915018
1.800598
0.174709
0.194958
1.238271
0.304531
0.431587
0.484295
1.109404
1.293109
1.916222
0.349057
0.074845
1.860155
0.296753
0.899807
0.210119
0.126737
1.912332
1.295761
1.508176
0.474119
0.724459
0.115131
0.109411
1.158204
0.584720
1.536389
1.435365
0.513474
1.323501
1.027913
1.695786
0.463574
0.157189
0.076874
0.965809
0.753922
1.696740
1.931487
1.778509
1.545828
1.333546
1.879848
0.234716
1.475284
0.303702
0.588510
0.281112
1.521030
1.171530
1.034988
0.735278
1.521408
1.230980
0.274028
1.928519
1.227418
1.329291
0.954521
0.885486
0.101026
1.382562
1.300033
0.626936
0.858127
0.073570
0.076506
0.074619
1.400153
1.654536
0.594284
0.090788
1.144958
0.593905
1.789529
0.272149
1.446397
0.192932
0.780995
0.266134
1.194255
0.369170
0.426506
0.148594
1.397234
0.331528
1.672272
1.132609
1.231678
1.223821
1.156621
1.884772
0.502552
0.244750
0.711679
0.327379
0.904235
1.396679
0.224999
1.150620
0.800361
1.141976
1.929365
0.953187
0.268146
0.361928
0.623904
1.389958
0.968364
0.931605
0.076971
1.328880
1.661005
0.440185
0.445887
0.539802
1.919460
0.368294
0.220063
0.557238
0.955669
1.920990
0.641255
1.053508
0.298165
0.525310
1.087866
1.495311
0.366126
0.201750
0.484257
0.075612
0.204287
1.413886
0.867246
1.252452
1.805339
0.255482
0.338402
0.072900
0.223212
1.928966
1.307633
1.692762
0.639729
1.360937
1.655959
0.697536
1.803291
0.092440
0.407622
1.222602
0.903280
0.524804
1.512926
0.592685
0.910033
1.334610
1.150766
1.797084
0.955405
0.346635
1.858854
0.426701
1.562858
1.298849
1.770996
1.534140
0.917964
0.648786
0.888346
0.753920
1.435358
0.223583
1.923099
0.950949
1.057600
1.596206
1.666350
0.078766
0.083224
0.829067
1.299920
1.709615
1.494177
0.908375
0.443334
0.389746
1.149347
1.623329
0.433653
0.471427
0.264447
1.343509
0.461611
1.478148
0.081820
1.037895
0.232429
0.426389
0.946690
1.142561
0.840226
0.428842
0.626649
1.240360
0.449710
1.924686
1.512310
0.072607
0.103224
0.912647
0.235706
1.020711
1.330150
0.174593
1.069041
0.074359
0.635704
0.809010
1.133998
1.145310
0.084194
1.526863
0.775907
0.190883
1.559503
0.512458
0.196879
0.586578
0.493035
0.073981
0.138708
1.693719
1.390615
0.272560
1.474690
0.105162
1.908531
1.883311
0.478491
1.452677
0.107373
0.375869
0.443378
0.419569
1.865908
1.185380
0.651560
0.519392
0.485942
0.965436
1.789261
1.525573
0.790854
0.524956
0.158781
0.272752
0.817815
0.225674
1.867684
0.305659
0.572386
0.296069
1.732723
1.708447
1.138114
0.761876
0.491974
1.665364
1.651129
1.571062
1.307388
0.956103
0.637251
0.490944
0.218595
1.794706
1.435290
0.321806
1.138517
0.827750
0.723816
0.620163
0.137522
0.951793
0.915300
0.138099
1.106875
1.798229
0.800011
0.199118
1.896027
1.929106
0.226541
0.552362
0.864405
0.704766
0.258406
1.576290
0.407682
1.928243
0.424400
1.144438
1.487420
1.046839
0.073473
1.546355
0.417621
1.629316
0.872059
0.443584
0.769239
1.531823
0.278047
0.443111
1.662024
0.806564
0.160901
0.742228
1.878667
1.649049
0.633753
0.625602
1.538868
1.148659
1.491783
0.448700
1.724950
0.630235
1.132599
1.322196
0.299672
0.112856
1.331015
1.738668
1.142765
0.129449
0.434424
1.731449
0.991924
0.356335
0.107634
0.521517
1.127202
1.909325
0.648977
0.422763
1.759022
0.892329
1.307580
1.810030
0.327453
0.231931
1.137704
1.397006
1.718401
1.332972
0.554750
1.147299
0.770113
0.475786
1.530201
0.110021
1.531662
0.356446
1.322231
1.311113
0.460640
0.794238
1.080666
1.333814
1.525104
1.052864
0.897680
0.968274
1.401103
0.481569
0.914535
1.736710
0.461528
1.037201
0.122651
0.111439
0.184774
1.393504
0.976899
0.922913
0.901538
0.873145
1.437476
0.190555
1.812875
1.439994
1.654960
0.806846
1.357304
1.222778
1.929458
1.301055
1.534441
1.757291
1.222514
0.486586
0.330857
0.954135
0.223914
0.111944
0.591397
1.435342
0.234337
1.347110
0.974612
0.810371
0.800077
1.436290
0.478998
0.710275
1.295681
0.585397
1.399592
1.831433
1.931056
1.423553
0.105928
1.924725
0.332591
0.255936
1.761766
1.619771
1.531898
0.937795
1.327203
1.921750
0.276986
0.747863
0.195062
0.784787
1.661990
1.239606
1.016948
0.812349
1.819510
0.081684
0.432673
1.337956
1.050806
1.927032
0.487653
1.918185
0.788139
0.960084
1.294668
1.699339
1.539136
1.037454
1.913026
0.949299
1.112960
0.489900
0.942127
1.016889
1.616908
0.418082
1.539530
1.315535
0.291531
0.661812
1.335290
1.134891
1.332190
0.441826
1.372604
0.456666
1.158436
0.377592
0.891711
0.626341
0.194401
0.437684
0.686995
1.783694
0.487673
1.828934
0.635281
1.905323
0.160751
0.690054
0.085300
0.273041
1.696406
1.426012
0.456892
0.327679
1.645558
1.530435
1.016808
0.186706
0.332217
0.422809
1.806608
0.805407
1.891653
0.904857
0.940642
1.567085
0.620733
0.687692
0.078178
0.963081
0.361333
1.167646
1.435329
1.223349
0.684495
1.036538
1.735147
0.909606
0.297070
1.331718
0.782501
1.815494
1.611596
0.438677
0.267175
0.992418
0.223739
0.083338
0.117898
1.420072
1.522579
1.618749
0.626934
0.132657
0.825777
0.455698
0.900592
0.969098
0.234856
1.386227
1.315103
0.833543
1.929629
1.346737
0.194576
1.539601
0.110418
1.222494
0.877628
1.522938
0.890753
1.039539
0.654986
0.638000
0.077561
1.054136
0.791545
0.972801
0.097262
1.657339
1.829389
1.071986
1.126599
1.399416
0.101344
1.116680
1.738358
1.931235
0.318682
0.863634
1.286320
1.519284
0.090750
0.765501
0.253278
1.776977
1.490869
1.530033
0.694114
1.222563
0.663672
1.925254
0.221515
1.496528
0.914028
1.929235
0.610993
0.272495
1.655288
0.433222
0.304830
1.248896
0.073210
0.073987
0.229421
0.405183
0.232263
1.924761
0.406874
0.427582
0.805102
1.792914
0.725439
0.515210
0.759054
1.438135
1.332108
0.926382
1.585661
0.264908
0.077243
1.395478
0.966244
1.124017
0.089602
1.439302
0.767867
0.652729
0.568708
0.696226
1.799180
0.323238
0.971753
0.711947
0.075490
1.868328
1.396866
0.403688
0.278154
0.167048
0.374074
1.903350
0.200119
1.658590
0.348437
1.331664
0.636478
1.736728
1.081896
0.935519
0.422517
1.736931
0.270978
1.105846
0.863500
0.231550
1.753249
1.441658
0.416520
0.412425
1.493631
0.142566
1.930519
0.666498
1.568105
1.927784
1.264761
0.077310
1.568276
1.722671
1.040518
0.317931
0.441728
0.256870
0.184510
1.320794
1.311200
0.077593
1.536246
1.135887
0.657248
0.195907
1.672238
1.629209
0.795259
0.344072
1.658185
1.535592
1.109249
0.446656
0.104270
1.724882
0.507247
1.732226
1.040769
0.088558
0.183173
0.499549
0.992418
0.156131
0.833069
1.500604
1.396847
1.924085
0.313101
1.795408
1.910724
1.138232
1.328333
0.439520
0.453797
1.655239
1.929675
1.528557
1.882785
1.711433
0.842448
1.443230
0.787651
1.845716
0.513494
0.497913
1.532802
1.651183
0.963700
0.454726
1.653653
0.267192
1.223939
0.239140
1.740397
1.926451
1.460710
0.666844
0.158085
0.263814
1.512219
1.113272
1.737777
0.392190
1.136885
1.930499
0.902612
0.305923
0.073102
1.435033
1.139217
0.259467
0.787261
1.928042
1.736910
1.580655
1.538546
1.163725
0.663164
0.737651
0.072997
1.739548
0.176783
0.634138
0.074151
1.435351
1.047871
0.159066
0.983754
1.536273
1.627819
0.707077
0.954350
0.074331
0.567743
0.617849
0.074132
0.610075
1.528301
0.743866
0.611149
0.272303
1.532491
0.734817
0.806516
0.423344
1.435360
1.106705
0.841803
1.227085
0.910641
0.336429
0.205604
1.036975
0.127460
0.073372
1.547680
1.889427
1.716090
0.992105
0.777905
0.774211
0.709087
1.469597
0.367241
1.725125
1.930082
0.673108
0.470666
0.970692
1.625778
0.658394
1.036086
0.955431
1.141281
0.985169
1.336553
1.835322
0.428292
0.967144
0.793220
0.230574
0.953026
0.967596
0.702647
1.337784
0.243416
0.241353
0.479228
1.524118
1.031654
1.126392
1.222710
1.431588
1.764431
0.281989
1.788705
1.234488
1.128826
0.074678
1.305140
0.264929
1.330328
0.990459
0.375645
0.480529
0.771880
0.558352
1.326955
0.610338
0.577485
1.928863
1.126685
0.437303
0.939014
1.035676
0.343214
1.018322
1.796927
1.284830
0.353008
1.866296
0.113358
0.375278
1.855714
1.148490
1.209120
1.036632
0.154859
0.257147
1.127154
0.351713
1.736978
1.016940
0.511979
0.196582
0.743020
0.434440
0.407465
0.602402
0.973843
1.788969
1.929274
1.549755
0.076986
0.812166
1.226927
1.394450
1.890692
0.666430
0.994270
0.429855
1.514736
0.724148
0.904193
0.486596
1.509930
1.149742
0.424251
0.077879
0.230195
1.435357
0.550789
1.479865
1.899666
1.179390
0.289174
0.318572
1.016943
0.857421
0.104795
0.080378
1.794980
1.304750
1.739143
0.547007
1.130400
0.977226
0.374594
1.301367
0.397873
0.686076
0.164840
0.085769
0.387846
0.991285
0.165015
0.138901
0.557166
1.136956
0.963522
0.768682
1.017138
0.903244
0.306669
0.949996
1.218427
0.718854
0.190778
0.199046
1.301858
1.420174
0.708416
1.651223
1.016817
1.222625
1.494369
0.472922
1.435337
1.425435
1.547135
0.190665
0.607961
1.386595
0.496875
0.963535
1.540785
0.936684
1.019133
1.702308
0.735973
0.277724
0.536670
1.533611
0.222708
0.667135
0.658573
0.676700
1.905773
1.898200
1.330978
0.278174
0.159237
0.660517
0.816061
0.792893
0.955618
1.037200
0.084726
0.428989
0.961018
0.432922
0.207506
0.161017
1.398903
0.906037
1.331509
0.564322
1.511837
1.125536
1.023884
1.927092
0.793218
0.074383
1.809085
0.977927
1.696329
0.245487
1.435345
0.860305
1.722188
0.630144
0.920207
1.241434
0.910394
0.308697
1.748539
1.163568
0.122350
0.967967
1.886182
0.086881
1.331837
0.696002
1.222230
1.122787
1.295649
1.474841
1.145022
0.354516
1.333477
1.927145
0.119017
0.942313
0.461095
1.449586
1.654060
0.301401
0.074663
0.088396
1.121903
0.486679
0.284794
0.954728
0.412140
1.221334
1.741323
0.464574
0.615363
1.731837
0.073746
0.967308
1.831141
1.327083
1.140867
1.658568
1.142021
0.272777
0.738515
1.039690
0.953879
0.107162
0.074241
0.161524
1.926344
1.043579
0.637098
1.250357
1.140058
0.968059
0.171223
0.722647
1.337659
1.328797
1.141231
0.085221
1.819019
0.419544
0.349194
1.921501
1.141230
1.789798
0.937445
1.537258
0.887571
1.222789
0.298746
1.298695
0.695993
1.686863
0.973613
0.109843
0.130976
0.826407
0.102450
1.657652
0.351768
1.020775
0.131531
1.012548
1.435341
1.526444
0.167760
0.411909
1.918067
1.397359
1.482253
1.210310
1.130752
0.444715
1.138504
1.816953
0.073439
0.719377
1.127222
1.323084
0.212680
0.073559
1.139970
0.578747
1.126326
0.958593
0.293016
0.212557
0.906005
1.169762
0.873571
0.517246
1.734851
0.235853
0.768145
0.462311
1.487550
1.223952
0.213600
1.544686
1.665728
1.654190
1.435316
1.889066
1.884084
0.368634
0.525799
0.295314
1.048465
1.328895
1.018284
1.916092
1.558485
0.622200
1.267542
0.750143
1.928021
1.516115
1.818380
1.527130
1.572163
1.929390
0.510955
1.836831
1.920996
1.135353
0.622063
1.162196
1.348742
0.737541
1.396404
0.192170
1.918924
0.456602
1.147303
1.323332
1.055326
0.832234
0.474478
1.910718
0.370919
1.893223
0.933221
0.660435
1.232864
0.269673
1.436841
0.351020
0.073624
0.977421
1.349974
0.977252
0.681685
1.333560
0.219433
0.674278
0.144582
1.554189
1.372390
0.910673
0.609838
0.478116
1.733647
0.073145
1.366771
1.613104
0.502399
0.367659
0.370172
1.689395
1.653974
1.650082
0.509635
0.789666
0.208465
1.865426
1.436638
1.920751
0.584660
1.328067
0.967401
1.240079
1.309566
1.689025
0.119866
0.530139
1.543612
1.131381
0.816772
1.803855
1.126537
0.550822
0.293035
1.395854
1.863632
0.176919
0.245588
0.487822
1.920593
1.204935
0.168640
1.532802
0.471690
0.540307
1.715467
1.890984
1.017007
0.969754
1.555028
1.307961
0.981212
0.765225
1.734583
0.462004
1.047296
1.834316
0.145869
1.141948
1.502290
1.917928
0.403745
0.970783
0.544746
1.331517
1.119519
1.054291
1.536789
0.135038
0.198890
1.548335
0.997932
1.655321
0.687244
0.325133
1.655261
1.342322
0.571250
0.516204
0.678519
1.222423
1.316114
0.301522
0.978186
1.057484
1.497183
1.223895
1.655110
1.736786
1.435365
0.924166
0.956082
0.484849
1.927438
1.446748
1.909211
1.145281
0.075462
0.113045
0.906316
0.878073
1.654379
0.823204
1.435213
1.332169
0.490569
1.096765
0.912056
0.496590
1.232569
0.141996
1.002403
1.397388
0.968289
0.823021
1.435365
1.526860
1.800511
0.902195
0.313657
1.223937
1.403306
1.930738
0.072875
0.132343
0.306822
0.411429
1.338940
1.527655
0.555632
0.637286
0.956040
1.327703
0.073192
0.412071
1.515692
0.295381
0.466518
0.990097
0.124314
1.436111
0.799311
0.801329
0.901811
1.483751
0.083217
1.140101
1.064263
0.568461
1.136760
1.767246
0.184028
1.046922
1.228278
1.390626
1.321315
1.230384
1.545183
0.404958
0.259259
1.362404
0.173671
0.301367
0.475505
0.685137
1.746282
0.655267
1.896178
1.927883
0.278242
0.772300
1.693448
1.547009
0.465554
1.599504
1.636904
1.494658
0.528884
0.965696
0.275099
1.442384
1.341512
1.656419
1.380325
1.929931
0.081822
1.739570
0.168051
0.227621
0.839114
0.827854
0.692862
0.238312
0.073443
1.344189
1.640216
0.468241
1.216956
0.975639
0.877208
0.086614
1.653389
1.109143
1.442356
0.250795
1.658890
1.244776
0.227173
0.926006
1.037219
0.488397
0.653451
1.125557
0.136817
1.145179
1.074711
0.507166
1.525598
0.773342
1.589455
1.326490
0.804426
1.554141
1.843008
1.921099
0.558014
1.348389
1.017263
0.261003
0.279901
1.918274
1.866472
1.638711
0.984516
0.073499
1.078550
1.026956
1.792323
1.413664
1.054102
1.675241
0.803305
0.443733
0.960742
1.537698
0.667328
0.498090
1.368351
1.737351
0.955186
1.655445
1.288961
1.435336
0.325368
1.136313
1.929185
1.774642
1.116500
0.386420
0.074676
0.181150
1.543604
1.126368
1.463420
1.522980
1.311058
1.377064
0.103016
1.356231
0.514216
1.129945
1.519460
0.246454
1.531574
0.890613
1.442386
1.122300
1.686036
1.300345
1.295768
1.928137
1.435338
1.823824
0.430649
1.702254
0.477185
1.299682
1.435365
0.854325
1.127082
1.926009
0.400474
0.076579
1.395240
0.982457
0.695488
1.844669
0.982645
0.416099
0.633303
1.400952
0.134434
1.541895
0.831570
1.514225
0.708845
1.463890
0.351358
0.653713
0.698863
1.907416
1.917277
0.501044
0.277209
0.701149
0.977368
0.560198
1.383357
0.685670
1.800216
1.919935
0.537865
1.399711
1.333934
0.455828
0.203595
1.843767
1.436441
0.909346
1.754861
1.666370
1.347050
1.524606
1.378722
0.929011
1.652121
1.529401
0.404872
0.488487
0.442861
1.546557
0.619450
1.047067
1.929065
1.335795
1.528205
1.537014
0.451886
1.659962
1.646219
0.616175
0.985712
1.226304
0.629492
1.010370
0.548932
0.780118
1.891723
1.834555
0.464262
1.697700
0.909265
1.741510
0.147419
1.898174
1.655665
0.527068
0.428896
0.204680
1.805668
1.690380
0.193764
0.120391
0.174507
1.037621
0.602341
0.474242
1.820888
1.327989
1.624333
1.142594
0.478759
0.410681
0.760355
0.984847
0.651890
0.984782
1.105842
0.092398
0.802115
0.615965
0.441123
1.536777
1.029798
0.106242
1.542651
0.749039
0.795151
1.068341
1.925304
0.077691
1.222301
1.106282
1.878442
0.404134
0.296358
1.394811
0.075006
0.484076
0.894824
0.778072
1.789562
1.480119
1.243908
1.567677
0.555676
1.789461
1.330215
0.359568
1.529130
0.821467
0.102586
0.245265
0.993930
1.905941
1.517320
0.920893
1.904608
0.466669
0.485021
1.918175
1.053023
0.978247
1.437769
0.853498
1.397099
1.222551
0.487486
1.651653
1.222618
1.921873
0.161040
0.349155
0.157022
1.853603
1.584009
0.266806
0.356265
1.036398
0.625960
0.369332
0.095727
0.270947
1.043659
0.516216
0.761282
1.156047
0.936728
1.212653
1.494411
0.967012
1.385950
1.662156
1.713264
1.921973
0.250550
0.345616
1.502951
0.335608
1.326852
0.713987
1.789778
0.655712
0.543712
0.513041
1.138187
0.958824
0.178829
0.948068
1.304209
0.092781
1.550362
1.925897
0.915976
1.924720
0.298855
0.112961
0.289074
1.127439
1.037629
0.611037
0.211991
0.073090
1.743294
0.537117
1.304712
0.649617
0.738642
1.931343
1.123479
1.918158
0.548699
0.898185
1.430757
0.958688
0.954275
0.470051
0.072860
0.397659
0.963885
1.523033
0.590181
1.384428
1.781706
0.949316
1.793887
1.437132
0.967920
0.304908
1.779387
0.745446
1.514274
1.316101
0.250823
0.284925
1.742222
1.929586
0.976902
1.077484
1.585783
1.654858
1.221858
0.264157
1.397555
1.559218
0.126604
1.922148
1.928848
1.150589
0.963075
0.420957
0.642680
0.945099
0.164113
1.754398
1.818315
1.512031
0.878971
0.957939
0.807833
1.328100
1.434188
0.243501
1.656832
1.735180
1.318864
1.610933
0.097789
1.106593
0.803879
0.190331
1.548178
0.387049
1.434887
0.532864
0.354444
0.564059
0.226756
0.185204
0.173318
1.741313
1.147924
1.397525
1.508349
1.536374
0.469361
1.437367
1.908491
0.987228
0.199954
0.222747
1.926048
0.277168
0.196485
1.132075
0.086416
0.703583
1.137360
0.101619
0.080420
1.858894
0.867309
0.171663
0.939471
0.418734
0.409454
0.073482
1.435344
0.340555
1.655052
1.124860
1.534151
0.294655
0.234788
1.435337
0.461088
0.890012
1.146616
1.054454
0.811335
0.852061
1.736005
0.968237
1.053639
0.977387
0.544372
0.618710
1.698261
0.191769
0.883655
1.536827
0.117584
0.565006
0.552047
1.907105
0.166025
0.914162
1.817007
0.196982
1.800962
0.393965
1.836805
1.544462
0.448380
0.198478
1.706375
0.738704
0.562322
0.283943
1.817789
1.304746
1.138223
0.364019
1.165553
1.911645
0.935578
1.549851
1.383617
0.574766
0.475099
0.769246
0.578940
0.915491
0.496217
1.040053
0.256880
0.084097
1.225532
1.793256
0.356237
1.336713
0.079098
0.229905
0.761742
1.866858
1.709689
0.717437
1.388604
0.798599
0.138760
0.245822
0.902726
0.611008
1.322744
0.170981
1.334238
0.963338
1.791229
0.671074
0.351630
1.890462
1.700940
0.714009
0.135678
1.106418
0.866308
1.434827
1.873554
0.885002
1.222485
1.496935
0.841604
0.578537
0.949429
1.223768
1.127052
0.688340
1.441157
1.503017
0.074580
1.929024
0.457245
1.439505
1.153276
0.294801
1.922352
1.130058
1.476208
0.979463
0.529227
1.347975
1.524719
0.962920
0.075229
1.908234
0.073445
1.668039
1.549218
0.873264
0.252201
0.396652
1.315303
1.929902
1.515016
1.045113
0.647724
0.776582
1.908541
1.706899
0.108469
0.905679
0.088979
1.736168
1.701936
1.656450
1.223674
1.677309
1.634337
1.930282
0.842397
0.302408
1.573577
0.458111
0.296473
0.429857
0.294171
0.710747
0.560494
0.441048
1.242049
0.760515
0.180426
0.945750
1.409346
0.799490
1.191699
1.521999
0.188611
1.788734
1.126084
1.912235
1.906360
0.465244
0.462140
0.112600
0.236917
1.377215
1.711787
0.440666
1.223803
0.182828
1.218930
0.364628
0.456788
1.407397
1.653337
1.174693
1.876815
0.764257
0.117923
1.242262
1.549677
1.046848
1.654437
0.750165
0.463582
0.266314
0.736197
0.267990
1.639179
1.397099
0.304429
1.530907
0.649378
1.328363
0.125551
1.147715
1.812418
1.499780
0.181012
1.249075
0.133052
1.495452
0.818182
0.597180
0.241547
0.302918
1.549792
1.561107
1.913724
0.110744
0.480247
0.115819
1.536128
1.381546
1.733863
1.808486
0.297421
0.332487
1.020581
0.076763
0.977405
0.968291
1.435359
1.804180
0.437264
1.927255
0.792391
1.716984
0.273959
1.247182
0.981365
0.816498
0.883442
1.054391
0.967894
1.928691
1.793029
1.925937
0.255896
1.287410
1.132573
0.966929
1.431867
0.142097
1.552426
1.326045
0.298490
1.930008
0.098462
1.397827
1.040083
1.435334
0.415257
0.907628
1.665351
0.337534
0.235414
1.804124
1.492487
1.341078
0.113780
0.975235
0.953565
0.335325
1.924381
1.435365
1.914788
1.671131
0.277413
0.138109
0.869375
0.702617
0.704553
0.476451
1.300784
0.293975
1.696342
0.373500
0.472168
0.224335
1.931221
1.036093
0.908154
1.139705
0.333848
1.930331
0.444319
0.785716
1.510203
0.305601
0.661147
0.640795
1.360117
0.126887
0.086107
1.222724
0.921502
0.229741
0.427338
1.436036
1.657524
1.125170
1.180101
1.134913
0.176177
1.732067
0.903972
1.032588
0.830563
1.500906
0.150541
0.621257
1.521790
1.713994
0.449001
0.199565
0.074372
1.308468
0.599727
0.294189
1.899341
1.322684
0.548534
0.518076
1.531505
0.274022
0.291265
1.154152
0.181709
1.436857
0.941782
1.814079
1.057354
1.322056
1.036519
0.985710
1.906664
1.388576
1.556038
0.932446
0.661020
0.206944
0.398503
1.057665
0.433296
1.689228
1.433826
1.016707
1.922165
1.830314
0.302285
0.570801
0.802636
1.106638
0.486622
1.531100
0.122465
1.661766
0.535904
1.475967
1.022977
1.224412
0.864927
0.098245
1.658149
1.303543
0.803095
0.955561
0.385865
0.215790
0.496285
0.473187
1.148950
0.114337
0.786318
1.760184
0.091462
0.073157
0.879007
1.336206
0.619303
0.506435
0.492323
0.966197
1.923407
0.273571
0.876665
1.912297
0.442908
1.648610
0.652103
1.531450
0.468417
0.637080
0.965782
1.611492
0.263138
1.304259
0.780409
0.453698
0.073191
1.312932
1.782752
1.885100
0.488541
1.929558
1.491516
0.148404
1.743200
0.419643
1.654752
0.952265
0.101847
1.804466
1.144278
1.038574
0.968173
1.166050
0.471148
0.730015
0.935037
0.955975
0.484535
1.923220
1.198068
1.656643
1.512036
1.415103
0.185274
1.459983
0.855092
0.675675
0.586649
1.469788
1.143071
0.115570
1.792552
1.696090
0.594078
1.129011
0.826506
0.595199
1.314799
0.568873
0.907295
1.711489
1.226014
1.590278
0.516381
0.131093
0.173289
0.171755
0.406319
1.047134
0.555261
0.754533
0.362042
1.434032
1.508320
1.457772
1.780980
0.487862
1.286375
1.334271
1.594480
1.690659
0.630141
1.790459
1.787667
0.715072
1.677832
1.892890
1.852887
1.154902
1.734329
1.142014
1.187754
1.927992
1.222720
1.724463
0.764822
1.037553
0.348272
1.127409
0.072569
1.209595
0.136479
1.045931
0.679921
0.863059
0.307752
0.733008
0.632997
1.662725
1.653234
1.482046
0.808951
0.597798
0.863486
1.442651
0.570057
0.135756
1.433329
1.661004
1.653530
1.035522
1.434316
1.727845
0.628071
0.145551
1.349864
1.929422
1.700239
1.033883
1.588709
0.326210
0.806779
0.640433
1.656984
1.397090
0.579819
0.123374
0.476467
0.485998
1.527200
0.126735
1.452822
1.433289
0.971489
1.928849
0.437905
0.405272
1.910060
0.753247
1.055537
1.930840
0.133849
1.928277
1.657696
1.854196
1.301797
0.074598
1.652279
1.397374
0.823865
0.074268
0.477993
0.431016
1.015779
0.750147
1.457345
1.133340
1.446312
0.083952
0.497252
1.576139
1.335232
0.106527
0.589993
0.637544
1.312418
0.259051
0.303673
1.397081
1.667130
0.388094
0.171048
0.446679
1.904931
0.144719
0.564520
0.512044
0.415065
0.663963
0.486590
1.538741
1.305076
1.924456
1.584504
0.799032
1.307257
0.848265
0.949030
0.609143
0.531194
1.895593
1.255834
0.304822
1.298147
0.226715
0.916631
0.694252
1.057851
1.655294
0.084340
1.818320
0.522258
0.430872
1.136667
0.264046
0.609123
0.713526
1.655202
1.331077
0.682185
0.664031
1.322331
1.446045
1.042387
0.953204
0.623294
0.869879
1.930321
0.569011
1.136439
1.326173
0.220245
0.559078
0.650144
0.829491
1.131203
0.611200
1.222573
1.522350
0.185820
1.632248
0.127650
0.224280
1.133247
1.518784
1.019211
0.313707
1.393718
1.765150
1.397818
0.463623
0.462905
0.196854
1.659259
1.903351
0.208624
1.307661
0.458554
0.280736
1.331642
0.485633
1.511475
0.830400
0.633783
0.507296
1.032727
1.324737
0.794569
1.526912
1.222964
0.477283
0.897704
0.791484
1.878892
0.893298
1.500546
1.395573
0.436080
1.756919
1.512474
0.757080
0.118314
1.016905
0.799713
0.605586
1.920770
1.800655
0.224510
1.894203
1.541206
0.152251
0.214395
1.931224
0.840185
0.520162
0.098669
1.921869
1.030289
1.227420
0.145762
1.435361
0.075420
1.750661
0.148990
0.796348
1.308435
0.885255
0.820357
0.743966
1.222344
1.285969
1.921893
0.343220
0.089833
1.350767
1.518571
1.466861
1.438625
0.968672
1.139958
0.081967
0.134021
0.964182
0.352649
1.923414
1.137680
0.633408
0.787461
0.356154
1.750221
0.432829
1.127762
0.976704
0.764032
0.389861
1.419233
0.139351
1.129255
0.976211
1.067485
1.178823
0.078239
0.790807
1.329808
1.398848
0.634174
1.050063
0.979188
1.345835
1.911809
0.090799
0.843396
1.575504
0.435287
0.251411
1.129291
0.263059
0.783957
1.435698
1.378224
0.883380
0.877118
1.743469
0.277425
0.711988
0.710414
0.903918
1.006461
1.925468
1.917418
0.223047
1.675905
1.331152
0.213904
1.336112
1.352822
1.887841
1.857606
0.390890
0.693323
0.882351
1.397031
1.929508
0.454591
1.678479
1.919359
1.866298
1.630276
0.854942
0.283768
0.866124
1.919791
1.324411
1.048677
0.877999
1.170691
0.633915
1.150409
0.486647
1.435365
0.256195
0.194643
0.466703
1.439316
1.333887
0.464017
0.552060
1.914278
0.515732
1.449301
1.325649
1.435334
1.732995
1.522586
1.304662
0.423154
0.388780
0.622930
1.291507
1.620120
0.124308
1.056216
1.874419
0.073974
1.558430
0.093147
0.644385
0.073283
0.993820
1.685887
0.258402
0.686714
0.875965
0.084591
1.924002
1.793928
1.537881
1.415124
1.546289
0.234445
0.649070
0.394699
1.221283
1.530942
0.991145
0.096458
1.522690
1.916496
0.153163
0.568617
1.910760
1.659817
1.423102
0.870368
1.652125
1.889306
0.074076
1.138745
1.025692
1.228530
1.851667
1.105658
1.794235
1.638879
0.956867
0.466273
0.075454
0.332412
1.786431
1.528410
1.220400
0.532334
1.139957
1.735822
0.588279
1.233822
1.883894
0.962125
1.057315
0.257323
1.738363
0.743502
0.073040
0.832840
0.096868
0.101890
1.919258
1.150856
1.538544
0.258133
1.039896
1.522736
1.842525
1.220472
0.214581
0.907846
1.136912
1.799212
0.257247
0.766805
0.748120
0.899800
0.335242
1.723067
1.742233
0.666563
0.076577
0.878822
1.346447
1.928833
0.967014
1.709989
0.083249
1.898753
1.814281
1.602400
1.809985
1.395101
0.803189
1.491095
1.490276
1.371907
0.081366
0.783097
1.590838
0.242812
1.435298
0.724249
1.929510
1.918309
1.788503
0.901949
1.808947
0.653271
0.535951
0.674365
1.875078
1.395016
0.802028
1.495790
0.814833
1.273556
1.441858
0.386280
0.882853
0.249809
1.074621
0.632688
0.901991
1.657472
0.965844
1.316935
1.283731
1.135620
1.035818
0.440794
0.346496
0.655072
1.399063
1.396982
1.643387
0.218537
0.977946
1.538870
0.089489
0.974035
1.376019
0.182720
1.656035
0.946828
0.594679
1.127825
0.580060
1.524137
0.389925
1.804137
0.501957
0.223528
1.430013
0.453252
1.037250
1.681671
1.141448
1.928644
0.309949
0.964695
1.652529
0.075336
0.591090
0.915462
1.827892
0.074809
0.773187
1.436666
0.435166
0.955481
1.235593
1.397391
1.914103
0.777846
1.047923
1.790351
1.435367
0.914577
1.131020
1.929630
0.894930
0.110072
1.653241
1.665652
1.691981
1.316080
0.076833
0.636969
1.332248
0.250404
0.889037
0.304683
0.161514
0.977156
1.551469
0.548666
0.504028
1.533455
1.908574
1.738821
1.924314
1.036308
0.195457
0.106154
0.307243
1.729019
1.544339
1.519718
1.655591
0.073287
1.703560
1.878038
0.751505
0.891358
0.800296
1.028030
0.652283
0.823170
1.533869
1.389074
0.723970
0.448445
1.926745
0.093391
1.733570
1.656312
1.315466
1.923990
1.628092
0.822471
1.705660
0.816981
1.539302
0.672243
0.159601
1.229355
1.437958
1.490336
0.706143
0.074142
1.396941
1.881988
0.549433
0.448170
1.846226
0.243062
1.528921
0.150549
0.366751
1.336162
1.389978
1.552153
1.128462
0.077368
1.141447
1.811790
1.280700
1.836565
1.462612
1.295596
0.982851
0.442495
0.104870
0.817386
0.498145
1.713689
0.309816
0.132077
0.230415
1.711221
1.645483
0.073051
0.966901
0.110345
1.912812
1.222129
0.204371
1.220421
0.517040
0.073503
0.998935
1.910722
0.559596
1.382793
1.399427
1.909588
1.222412
0.459418
1.730174
0.543886
1.653110
1.513955
1.589763
1.930560
1.918161
1.652864
0.849501
0.073110
1.309027
0.468442
0.337820
1.344207
1.224541
0.243272
0.463059
0.761943
0.514320
0.378197
0.229238
0.810606
0.225907
0.574176
0.432152
0.072794
0.735160
1.162492
1.512476
0.072633
1.334416
1.918874
1.890675
1.737990
0.623774
0.458889
1.129689
0.892531
1.305175
0.976174
1.560779
0.827261
0.975365
1.434086
1.531904
0.526010
0.963266
0.271322
0.967188
1.330924
1.217461
0.626892
1.929099
0.234912
0.214744
0.968274
0.564728
0.824693
1.553142
1.805137
1.577444
0.612497
1.627166
1.299544
1.589724
0.292155
1.143745
0.977899
0.192270
1.534099
1.435336
1.474838
1.768535
0.597579
1.334551
0.554943
0.477903
0.964940
0.310355
1.289755
1.416766
0.516454
0.232684
0.239123
0.657985
1.817092
0.830589
1.776481
1.564906
0.447147
0.274392
0.234324
0.791911
1.708792
1.436043
1.929754
1.929275
0.385694
0.979192
0.441240
1.043237
0.165657
1.909973
0.954562
1.558934
0.437660
0.581626
0.290921
0.648170
0.627877
1.523710
0.195641
1.435337
1.541678
0.408057
0.838403
1.514495
1.127022
1.312482
1.551504
1.909399
0.611005
0.545160
0.099996
0.583159
1.412763
0.230645
0.244356
1.630960
1.929452
1.512326
0.637239
1.927735
1.743649
1.045161
0.334629
0.782530
0.352987
1.341370
0.134966
0.494355
1.831164
1.928789
0.319558
0.637498
1.741825
0.412528
0.343317
0.422051
0.336818
1.541597
1.343491
0.694792
1.508261
0.148499
0.362825
0.427019
0.476712
0.898562
0.636915
0.423251
0.447330
1.036139
0.292424
0.223104
1.475623
0.432806
0.383268
0.366812
1.036080
1.674902
0.486516
0.407568
0.860658
1.536723
1.525427
0.933311
1.797516
0.471816
0.136338
1.522367
0.674553
1.534469
0.637455
0.441653
0.150266
1.730588
1.369009
1.925799
1.308522
0.916175
1.397069
1.542691
1.787947
1.003459
1.548439
0.650868
1.435829
0.638003
0.438870
1.317128
0.179134
0.483321
0.399081
0.288773
0.096033
1.926479
0.460655
0.682414
0.871179
0.535130
1.928246
1.331194
1.494512
1.365102
0.214970
0.369542
1.129068
1.135842
0.957216
0.528254
1.894126
0.868215
0.436937
0.970038
0.448681
0.757793
1.398988
1.654411
0.732186
1.435831
1.652637
1.435365
1.378086
0.431685
0.802633
1.757870
0.096065
0.989595
0.873209
0.442936
0.827141
0.171751
0.808105
1.397406
1.924395
0.793452
0.876766
0.476018
1.222498
1.309670
0.075632
0.637500
1.397005
1.541867
1.622765
0.923994
1.435650
1.658450
1.529966
0.903210
0.312945
1.923182
1.515162
1.420765
0.180908
1.037042
1.117320
1.920034
0.913036
1.606576
0.805034
1.818020
0.186773
0.453214
0.172224
0.665866
1.735933
1.024456
1.657268
1.333384
1.146065
0.158351
0.668278
1.330920
0.122021
0.223165
1.124717
1.656623
1.399741
0.264779
0.081474
1.146292
1.794046
0.667279
1.929859
0.971510
0.808185
1.474339
0.457541
0.817061
0.481383
0.603374
1.542307
1.739091
1.507225
1.514229
0.203975
0.129576
0.683230
1.701953
1.540295
0.132946
1.126748
0.888260
1.120821
0.827344
1.564908
0.123598
1.334713
0.413653
0.751615
1.668942
0.567079
1.035569
0.654526
1.525224
0.357735
0.074097
0.396570
1.916702
0.690580
1.435342
1.659413
0.895489
1.635976
0.338834
1.224053
0.089113
0.465988
0.279905
1.922870
1.512041
1.339165
1.331879
0.079366
0.302024
1.793461
0.505836
1.525412
1.336956
1.817457
0.965328
0.081917
0.465082
0.993683
1.711825
1.456439
0.777327
1.876212
1.328385
0.104089
1.642297
1.456299
1.060909
0.786267
0.516567
0.588546
0.824873
1.691976
0.098057
0.540476
0.402128
1.406384
1.058197
0.741812
1.311842
1.492396
1.435390
0.139690
0.073224
0.140859
1.175170
0.210404
0.649828
1.435357
0.578192
1.534487
0.645328
0.745953
1.566573
0.380103
1.042797
1.561343
1.141876
1.335421
1.530314
1.141497
0.502098
1.913479
1.737481
1.270932
0.992997
0.230254
1.139483
0.455029
0.784242
1.014689
1.225031
0.203953
0.302812
1.676436
1.929983
1.537060
0.104693
0.251190
1.326287
1.344273
1.560315
0.218487
0.537337
1.116014
1.732214
0.230881
0.291969
1.812674
0.146761
0.495004
1.127700
1.535820
1.761195
1.443564
1.222528
1.510191
0.105038
0.903127
0.868282
0.800311
1.397184
0.496051
0.822181
0.917685
1.077854
0.184457
1.228742
1.653249
0.671458
1.298542
1.441872
1.581938
0.300804
1.328539
1.768230
1.230864
1.222337
1.527826
0.249913
0.893214
1.309842
0.974191
0.906121
0.572101
1.222510
0.787665
1.011246
0.917993
1.569710
0.830569
1.317996
1.435602
1.140965
0.210964
1.129731
1.512198
0.361547
1.396713
0.080162
0.085464
1.504692
1.222544
1.657881
1.364744
0.307837
1.331062
0.803384
1.403525
0.430379
0.187954
0.285704
1.278677
0.581345
0.435550
0.922965
1.296130
0.638595
0.579521
0.541277
1.350676
1.047246
0.193803
1.886660
1.302063
1.435344
0.860752
1.407882
0.949502
0.346021
0.439276
0.907698
1.847117
1.925855
0.577123
0.677790
1.157908
1.603933
1.505556
1.332651
1.046934
0.124524
0.967555
0.966246
1.538603
0.624947
1.331766
1.730009
1.391231
1.535231
0.650359
1.737773
1.904122
0.094016
1.135072
1.349111
0.436829
0.108208
1.558807
0.389108
1.463613
0.915542
0.443138
0.839515
0.272586
0.791570
1.462590
1.445260
0.839193
1.542433
1.192298
1.716623
0.981753
1.655179
0.495245
1.927178
0.079284
1.356340
0.393427
1.401967
1.532113
0.981531
0.430017
0.701259
1.321597
1.435741
0.849415
1.016945
0.626179
1.924159
1.919990
1.397409
1.178796
1.654608
0.860453
0.388288
1.764797
1.435019
1.521197
1.737690
0.966402
0.434849
0.272177
1.737441
0.694867
0.278629
1.534911
0.628772
1.337429
0.074238
0.773402
1.790723
0.378843
0.074069
1.561236
1.550128
0.730290
0.308884
1.330310
0.453684
1.385052
0.528730
0.073908
0.888922
0.616994
1.130515
0.226835
0.580109
0.863822
1.520289
0.218718
0.179880
0.608289
1.269619
1.497214
1.656005
0.429652
0.494831
0.908371
0.356313
0.711140
1.435334
0.310151
1.331772
1.704928
1.299977
0.076805
1.097450
1.395105
0.335767
0.902552
0.074292
1.536203
0.709997
0.157593
0.899125
0.324273
1.520134
1.388898
1.330911
1.706878
0.808912
0.796709
0.292180
0.320357
1.085042
0.405538
1.930800
0.237188
1.826528
0.821067
0.231323
0.760690
0.250630
0.965816
0.963728
1.022766
0.408135
1.486310
1.222928
1.651401
0.731867
0.938171
0.279247
0.961727
1.790668
0.674554
0.840278
1.443324
1.528862
1.725620
1.908026
1.189556
1.552646
0.459352
1.918651
1.927952
0.238464
0.771003
1.336444
1.117455
0.388041
0.947733
1.508270
0.446229
1.921632
1.332192
1.501332
0.575045
0.186142
0.287749
1.396899
1.126476
0.209329
1.572944
0.105256
0.775244
1.888421
0.961352
0.332289
0.141862
0.707380
1.929875
0.401081
0.992102
0.122359
0.277076
0.149831
0.334468
0.617921
0.697530
1.226371
1.737158
0.938777
1.248690
1.863423
0.636870
1.262733
0.076933
0.529268
0.352309
1.298434
0.675925
0.977769
1.220834
1.707002
1.928624
1.760272
1.891959
1.436798
1.345717
0.301917
1.389610
0.503886
0.504646
1.141696
1.513879
1.300687
1.920844
0.743922
0.458208
1.335234
1.305644
0.949076
1.126955
0.721135
1.646436
1.397765
0.965043
1.343206
1.384243
0.214906
1.898844
0.545505
0.290978
1.428839
0.129498
0.092911
0.972317
1.928147
1.792062
0.317006
0.449136
1.658087
0.133607
0.637630
1.700202
0.373846
0.075482
1.925928
1.659001
0.127843
0.483821
1.595767
0.175483
0.192802
1.758865
1.557925
0.902312
0.332666
0.897380
1.260657
0.777629
0.627641
0.151933
1.648645
1.929971
1.889714
1.653878
0.087355
0.141633
0.762343
0.811344
0.354467
1.562165
0.926625
1.737180
1.435360
1.733994
1.431863
0.952551
1.657116
1.529860
0.337446
1.709048
1.036454
1.927568
1.661262
0.902401
0.775261
0.168502
0.968290
0.089019
1.180833
0.233270
1.654093
1.048418
1.179234
0.776626
0.352637
0.744972
0.334276
1.452825
0.466779
0.709732
0.256571
0.671278
1.312134
1.626890
1.931606
0.987530
0.357321
0.153022
1.139295
1.036152
0.076960
0.719378
1.530276
1.224423
0.949048
0.967205
0.375693
0.476471
0.840511
1.532458
0.787273
0.955045
1.855254
0.346094
0.619288
1.529183
1.730385
0.981958
1.653724
1.831627
1.582883
0.811964
0.943478
0.459358
0.073133
1.344009
1.648992
1.424206
1.829710
0.193314
1.390374
1.930329
1.353638
1.907573
0.638440
1.126672
0.833270
0.114974
1.653655
1.305849
0.848355
1.739081
0.228919
1.130118
1.435339
0.575792
0.392613
1.671456
1.666630
0.650059
0.481781
0.982021
0.294854
0.420645
1.037329
1.497070
1.131114
1.921538
0.073751
0.076673
0.884011
0.948402
1.555767
0.531781
0.515640
0.233722
0.566063
0.966617
1.223481
0.168870
0.484539
1.228795
1.655302
1.539904
0.246859
0.419946
0.100402
1.533977
1.150277
0.180347
1.292738
1.330508
0.538103
0.225267
1.778865
1.435392
0.954890
1.079871
1.331629
0.077733
0.146178
1.147293
1.027460
0.223348
0.684673
1.534185
1.927019
0.527361
0.142561
0.963254
1.433610
0.142072
0.073002
1.300901
1.088748
1.398421
1.188887
1.406556
1.435196
0.127834
1.435756
0.222912
1.128654
1.455009
1.927357
0.314967
0.490361
0.741748
0.421873
0.946812
1.436025
0.436550
1.340436
1.919705
0.904827
1.432359
0.976227
1.036160
0.618308
0.441105
1.146237
1.524344
1.222463
0.180867
1.922080
0.129551
0.130770
0.551401
0.781051
1.515555
0.694383
1.798096
0.491249
1.535892
1.435375
1.258884
0.497761
1.318372
1.307189
1.787679
1.427714
0.777264
1.547273
1.611173
1.506292
0.737909
0.843958
1.654012
0.674696
1.654884
0.490220
1.127146
1.651793
1.655547
1.786992
1.928383
0.587878
1.912543
1.705976
1.924402
0.489620
0.788487
0.465636
0.450574
1.040637
1.901364
1.862330
0.391913
0.203948
0.444564
1.127349
0.989805
0.412181
1.558852
0.147869
0.075387
0.288658
1.685579
1.150341
1.535429
0.174854
1.129878
0.250343
0.764699
1.735850
0.516188
1.209199
1.219563
0.483576
0.073944
0.150812
0.967289
0.439199
1.222100
0.394911
1.752137
1.540806
0.654188
0.586216
1.126469
1.294476
0.915030
1.046562
0.274656
1.820171
1.529102
0.816969
1.678198
1.396843
1.108314
1.902872
0.931965
0.881839
1.392435
0.574979
0.641534
0.361418
0.168293
1.926669
1.920238
1.741857
0.656363
1.189911
1.922296
0.669075
1.301207
1.929804
1.665073
0.906729
0.408977
0.932967
1.545127
1.035539
1.658956
1.553464
1.794479
0.496326
1.539156
0.288303
1.698548
0.342236
1.126853
1.239208
0.751635
0.186742
1.434512
0.491449
1.777386
0.955341
0.688419
0.589894
1.133016
0.121924
1.794798
0.451024
0.851771
0.776525
1.326978
0.982369
0.677535
0.285434
1.816981
0.244116
1.735234
0.777494
0.266334
1.655323
1.512219
1.044683
0.369186
0.205894
1.916289
1.188896
0.772186
0.451433
1.380419
1.749315
0.137297
1.398867
0.974124
0.854435
0.365985
0.302197
1.782907
1.555444
1.142152
1.440161
0.860514
1.801335
0.500678
0.078619
1.809432
1.929180
1.931546
1.328299
0.967765
1.797692
1.919018
1.831190
1.185796
0.109692
0.219256
0.696095
1.283020
1.929643
1.735268
1.912113
0.073951
1.036841
0.294342
1.883159
0.909289
0.951587
1.786292
1.331028
1.331482
1.652732
0.277748
0.212207
1.530842
0.186734
1.010154
1.057933
0.073164
1.038166
1.789602
0.407279
1.727182
1.655066
0.106261
1.146166
0.262959
1.217450
0.082862
1.866642
0.955206
0.688250
0.414612
1.803808
0.642131
0.106368
0.873332
0.595515
1.437328
1.307025
1.397770
0.499255
1.435203
0.073166
0.442254
0.190848
1.740776
0.841566
0.364715
0.338698
0.756568
0.878915
1.910745
0.887919
1.917704
1.127933
0.268407
1.296430
0.955559
0.325839
1.126860
0.264763
1.655461
1.512472
1.578255
1.929610
0.842073
0.156530
0.404513
0.418160
0.820517
1.879455
1.074460
1.175321
0.485074
0.941049
1.331357
0.626474
1.304051
1.036118
0.689632
0.529270
0.146693
1.396347
1.547997
1.792211
0.911025
1.387912
1.864377
0.950980
0.830414
1.552239
0.162838
0.478554
1.308260
1.710786
1.637451
1.682074
1.781166
0.968206
1.654509
0.076150
1.756192
1.655005
0.602459
1.325220
1.614669
0.093086
0.957622
0.248239
1.050589
0.279530
0.792313
1.496382
0.917711
0.286481
1.900176
0.253305
0.968688
0.158153
0.623959
1.328728
0.162714
1.478424
0.859667
0.877458
1.655972
1.176259
0.694071
1.332103
0.463070
1.654175
0.265031
1.438178
1.527552
0.940798
0.073323
0.204060
0.645033
1.724722
1.923435
1.767862
1.928061
1.793388
1.222499
0.468949
0.858397
0.472160
1.506736
1.389342
1.127879
1.734299
0.254258
1.433950
1.743050
0.419464
0.079360
0.386995
0.962849
1.397512
0.090693
0.181431
0.080800
1.710185
0.314549
0.540961
0.390670
0.778332
1.793701
1.493222
1.809472
1.330473
1.581680
0.706776
1.730734
0.552187
1.506260
0.202567
1.027695
0.236549
0.193676
1.734595
0.284255
0.538868
1.892256
1.653249
1.337123
0.076968
0.648785
1.335289
0.336012
1.842113
1.904432
1.542957
1.525518
0.461465
0.698661
1.799863
0.603733
1.127447
0.962192
0.212234
1.138414
0.303995
0.349732
0.382201
1.543086
0.253779
1.138371
0.335268
1.929818
0.390824
0.140311
0.735954
0.101914
0.729926
1.893719
0.902482
0.723897
1.546379
1.930601
1.780678
0.147851
1.056676
1.673235
1.158319
1.902573
1.744450
0.331280
0.567270
1.136187
0.250650
0.532780
0.237741
1.172879
0.172576
1.017094
0.770919
1.038233
0.549476
1.930016
1.224023
0.211838
0.552496
0.148182
0.858791
1.738779
0.637857
0.077677
0.133955
0.206394
0.764637
1.339167
1.137479
1.639582
1.920389
1.476592
0.659462
0.175422
1.516284
0.941580
0.221445
0.926497
0.706637
0.435430
1.331495
0.085032
0.086345
1.912235
0.155052
1.385935
0.565857
0.446705
1.927896
0.967912
0.127413
1.303592
0.661868
1.047557
1.604407
0.313100
0.389822
1.531689
0.951074
0.992824
0.569036
1.773005
0.975824
0.167077
1.076518
0.760898
0.101944
1.923280
1.144600
1.539247
0.609322
0.931591
1.550030
0.956914
0.904329
0.073518
0.369201
0.824608
1.667434
0.551464
1.795067
1.108955
1.336343
1.930364
1.395537
1.130449
0.963837
1.314867
0.943180
1.576463
0.834915
1.338834
0.073289
0.073003
0.224130
1.333122
1.773526
1.737680
1.375379
0.503210
1.484964
1.654057
1.129118
0.693494
1.548411
1.141769
0.134633
1.837021
1.039262
1.430564
1.040119
1.927865
1.222396
0.226496
1.305581
0.643119
0.379597
1.125894
1.063653
1.089748
0.100785
0.248403
1.524903
0.405548
0.470444
0.101373
1.639066
1.927547
1.435243
0.089940
1.448701
1.287963
0.294573
0.901329
1.793778
0.903189
1.493756
1.926302
0.567220
1.519195
0.753879
0.979267
1.777342
0.456268
1.033905
1.486248
1.676031
1.434006
1.739038
0.488670
0.982998
1.257022
1.435353
0.940817
0.165031
0.971606
0.661033
1.793528
1.265400
0.482390
0.285474
1.516231
1.331378
1.036558
0.101882
1.795099
0.567404
1.222624
1.737357
1.537389
0.324281
0.630803
1.010988
1.512039
1.404584
0.313556
1.875017
0.183033
1.654036
1.304501
0.493309
0.705678
0.303239
1.614718
0.291812
1.576705
1.929833
1.253215
0.091780
0.294759
1.773239
0.927688
1.532879
0.079607
0.353734
0.519349
0.961900
0.935827
1.737819
1.016874
0.799569
1.259324
0.079283
1.228150
0.205706
1.798175
1.344405
0.804286
1.347888
1.119708
1.148138
1.795195
1.790360
0.955148
0.610974
1.515962
0.423580
1.016807
1.531737
0.073491
1.531885
0.471653
1.789980
1.128357
1.309502
1.768745
1.308764
1.403933
1.835823
0.380155
0.412341
0.111348
0.589499
0.446956
0.919690
0.476665
0.698228
1.513343
0.125180
1.402875
0.441310
1.330754
1.920870
0.086142
1.449655
0.968204
1.259890
1.924650
1.588478
0.468458
1.840333
1.334374
0.127496
1.300360
0.357465
0.672187
0.471592
0.902864
0.155948
0.886153
0.599292
0.937432
0.393641
0.811371
0.854152
0.865885
0.316354
0.954886
0.551895
0.345114
0.502362
0.409320
1.784669
1.127453
0.910547
1.627103
0.943409
0.755677
1.925466
0.603526
1.319638
1.378588
0.981805
0.215606
0.155769
0.075447
0.073859
0.804510
0.977785
1.463085
1.705768
0.671103
0.688166
0.455465
1.408669
0.807930
0.329244
0.970774
1.221697
0.554933
1.929565
1.397061
1.126477
1.315101
0.102790
0.592741
0.590830
0.443215
0.957391
0.427557
0.784331
0.420168
1.771483
0.306993
0.483758
1.577515
1.433956
1.755926
1.151336
1.141622
0.762006
0.906620
1.785498
0.514703
1.435371
1.341360
0.910876
0.085886
0.074163
0.878147
0.285889
1.114841
0.182897
0.142648
1.463824
1.331713
1.210627
1.533669
0.578792
1.669324
0.401000
0.492693
1.926754
0.630227
0.298594
1.370141
0.962550
1.925727
1.927410
0.383346
1.540281
1.193141
1.923053
0.120708
0.892308
0.614809
0.170005
0.531855
1.273542
0.986517
1.120408
1.923579
0.689578
0.088932
0.134201
0.270692
0.514812
1.829122
0.463640
1.130597
1.789740
0.859846
0.096266
0.793692
1.926398
0.222779
1.398685
1.313991
0.526519
0.649210
1.361080
0.150592
0.687176
0.432748
0.087088
0.188675
0.504771
0.806787
0.075548
0.471081
1.786764
1.761232
1.267301
0.470856
1.930304
0.464722
0.485663
1.909152
0.461890
0.212580
0.383723
1.653984
1.326532
0.821513
1.531770
0.437658
1.017061
0.483350
0.583339
1.538715
0.767525
1.788162
0.283177
0.525273
0.455492
1.480048
0.650604
0.274626
0.132266
1.435336
0.899394
0.257144
0.231851
0.141524
0.801887
1.132101
1.125996
0.318842
0.169544
0.471619
0.073520
0.642657
1.733951
1.440314
1.126190
0.109802
0.123851
0.395342
0.286369
1.055937
1.681853
0.079604
0.437762
1.300820
1.134774
1.404426
1.542044
1.652788
1.886519
0.701220
1.551647
0.558890
1.441069
1.926413
0.952594
0.657098
1.344199
1.542458
0.435771
0.468634
1.899421
0.695858
1.435401
1.397895
0.797164
0.718995
0.687885
0.245862
0.077891
0.358680
0.091797
0.472914
0.318488
1.904832
0.134735
0.405193
1.439911
1.450321
0.264163
1.051369
0.238378
1.035968
0.471933
1.431703
1.648117
1.373667
0.922779
1.788857
0.818835
1.574023
0.808694
1.156161
0.392409
0.382891
0.112697
0.859052
0.785109
0.273236
0.323181
0.806580
1.333692
1.789529
0.644844
1.022262
0.855769
0.166238
1.789520
0.479720
0.655089
1.039827
0.641424
0.968475
1.499469
1.118843
1.224977
0.220611
0.507215
1.787683
1.222560
1.222723
1.790328
1.781304
1.531805
0.910837
1.893064
1.532960
0.330160
1.676804
0.847918
1.657771
0.139387
0.832191
1.141381
0.311468
0.878128
1.930598
0.403673
0.681526
0.909217
0.185649
1.397732
0.333740
0.248626
1.428852
0.077064
1.795404
1.136987
1.738205
1.676148
0.956780
1.508057
0.447837
0.991440
0.625684
1.918378
0.568995
1.435714
0.483165
1.449621
0.863817
1.313414
0.187159
1.306318
1.928366
0.211254
0.609089
0.507181
0.496606
1.541765
1.018754
0.168788
0.226728
1.930149
1.432188
0.476195
0.385359
0.602117
1.922266
0.963235
0.957173
1.929768
1.319218
0.506027
1.536807
0.103466
1.238180
1.926879
0.846744
1.307522
0.784768
0.242227
1.785705
1.698539
1.036748
1.445467
1.929017
1.593146
1.510030
1.737823
0.920497
1.769834
0.961210
1.396936
1.929831
1.477513
0.420715
1.338573
0.116858
1.336946
1.743406
0.372646
0.441088
1.536106
0.512711
0.487249
0.792044
1.696185
1.923112
1.516078
0.252638
0.476454
0.490766
0.893725
1.654719
0.832012
1.477246
0.436103
0.448293
0.612909
0.883063
1.310178
0.576714
1.928174
0.969677
0.712633
1.222401
0.288247
1.333314
1.684664
1.631706
1.209092
0.665499
1.333332
0.072881
1.138227
1.221946
1.396997
1.653647
0.634274
1.716679
1.010673
0.968815
1.329091
0.536285
0.984024
1.836044
1.725979
0.451962
0.449977
0.751927
1.821394
0.787543
0.623205
0.947723
1.080584
1.674208
1.061406
1.011996
1.036156
0.230437
0.937374
1.222525
1.334318
0.096731
1.811176
1.307907
1.538865
0.298704
0.648794
1.331926
1.854962
1.435362
0.561171
1.531744
0.225036
1.222623
0.461151
1.036077
0.890967
1.527348
1.040848
0.295778
1.911197
1.663806
1.790194
0.146733
1.091157
1.127048
0.335006
0.336141
0.295085
0.370793
1.900109
0.188279
1.328282
0.084146
0.385117
1.526792
0.881764
0.512367
1.665612
1.141939
1.727748
1.769838
0.233573
1.791417
1.126300
1.159622
0.073421
1.222392
0.800752
0.355521
1.151468
0.531311
1.737457
0.227297
0.996539
0.934327
0.157062
0.126674
1.168113
0.835939
1.735002
0.143602
1.054355
0.119269
0.659008
0.960128
1.042412
0.593445
1.779447
0.284103
0.951353
0.123332
1.477585
0.453444
1.632858
1.328706
1.126348
1.053526
1.922819
1.215717
1.407128
0.727999
1.927649
0.106964
0.821313
0.496060
1.038414
0.486281
0.412920
0.282769
1.290487
1.913670
1.472111
0.341495
1.713891
0.456675
1.289444
0.412107
1.412988
0.420321
1.701016
1.540273
1.112701
0.710820
1.129957
0.132347
0.129558
1.394246
0.073539
0.367492
1.871740
1.865103
0.209824
0.954285
1.119566
1.308503
1.389724
0.485472
0.161313
1.577020
0.791080
0.072988
0.325480
0.605580
0.188784
0.147762
0.121128
0.265354
0.498141
0.298796
0.419882
1.680597
1.397052
1.140374
0.958541
1.930023
1.327918
1.894127
0.151440
0.075649
0.652687
0.167165
0.838665
1.530938
1.535764
1.652687
0.493289
0.614736
0.967505
0.413885
1.143080
0.587598
0.965583
0.657973
0.310958
1.740176
1.877509
0.268532
0.964249
1.824079
0.390498
0.642179
1.590932
0.492900
1.016990
1.533574
0.701898
0.417683
0.193084
1.435360
0.771127
1.758880
1.927828
0.457906
1.142750
1.032445
0.074710
1.887988
1.523091
1.137204
1.791343
1.535668
1.798446
0.340726
1.625093
0.286424
1.868571
0.078245
1.610141
0.242311
0.942852
1.324339
1.311252
0.631965
0.439857
1.924011
0.312606
0.890512
0.991624
0.210158
1.927829
1.164863
1.927463
1.435119
0.329344
0.372682
1.775540
1.440767
0.444430
1.018132
0.610147
1.527451
1.584337
1.928987
0.613671
0.200307
1.120340
1.223676
0.298406
1.530228
0.185975
1.917602
1.515740
1.930871
1.889180
1.225025
0.982013
1.140736
0.754257
1.041984
0.139111
0.290760
0.452460
1.307471
0.280152
0.737471
0.945267
1.401168
1.181672
0.671904
1.592240
1.822484
0.268097
0.586868
0.969435
0.346681
1.435448
1.540775
1.704248
1.330266
0.956486
1.116251
1.449746
1.551865
1.026976
0.764677
1.656902
1.310412
1.812330
0.934792
0.822177
0.637015
0.292309
1.323714
0.764727
0.475466
1.435388
0.211754
0.839609
1.921486
0.662247
1.341113
0.402905
1.921077
1.654038
0.466118
1.764973
0.302566
0.436318
0.309994
0.340289
1.050464
0.827632
0.512191
0.523431
0.830120
0.209991
0.630002
1.542032
0.926027
0.956295
1.551014
0.074057
1.435860
1.928736
1.035797
1.743205
0.972883
1.667400
0.748738
0.079184
1.735520
0.641024
1.293095
1.920425
1.915818
1.877241
1.662721
1.848403
1.847802
0.687989
1.130158
0.910791
0.906808
1.829190
1.435483
0.710830
1.532150
0.448479
1.035222
0.601589
1.537308
0.903959
0.837078
0.579943
0.849963
1.885184
1.382019
1.396247
0.977763
0.960774
0.862720
1.911793
1.119036
1.414998
0.521219
0.158608
1.222472
1.149568
0.221795
1.126299
1.049834
1.128786
1.542344
1.435344
0.209892
1.918323
1.332699
1.299153
1.435364
1.650235
1.036237
0.216015
1.928192
1.533770
0.956565
0.978062
1.621345
1.723134
0.959752
0.078099
0.437330
0.151054
1.533540
1.033710
1.455261
1.248719
1.692213
1.308926
0.685810
1.536683
0.195601
0.535898
1.822479
1.397838
1.896162
0.784683
0.713345
0.395848
0.641029
0.324286
0.500317
1.526540
1.814116
1.218872
1.364923
0.073586
1.740607
1.923396
1.914270
0.907523
1.319762
1.536471
1.392171
0.443758
1.302596
0.125340
1.567645
1.135483
0.589118
0.884672
0.391899
1.433331
1.313272
1.929799
1.434909
1.434819
0.761349
1.747053
1.315959
0.215273
1.730556
1.659925
0.969227
0.660678
0.759341
0.475770
1.102201
1.622432
0.220085
1.221772
0.922135
1.668617
0.943315
0.480437
1.789840
1.117897
1.872788
0.885042
0.443224
1.138634
1.138173
1.916119
0.925099
0.148991
0.879584
0.709900
0.942174
0.482929
0.944834
1.792249
1.337772
1.435357
1.065180
0.446141
0.162911
1.222584
0.474219
0.557717
0.082159
0.462382
0.644473
1.139741
0.624071
1.558115
1.146656
1.222008
0.244304
1.215209
0.629179
1.578024
1.377644
1.929017
0.982262
0.687341
0.637715
1.308365
1.296768
1.532888
0.450857
1.335317
1.616678
1.928068
1.924867
1.534024
0.091301
0.921065
1.727260
0.481693
1.796521
1.316885
1.436997
1.638834
1.531421
1.884310
0.109274
0.978809
0.898833
1.308639
0.230750
1.309335
0.760023
1.732793
1.869603
1.570677
1.016869
1.923193
1.528636
1.141447
1.531199
0.666412
1.920395
1.379626
0.074942
0.913575
1.295622
0.539615
1.133652
0.603153
0.594237
1.222426
1.146086
0.261421
0.459992
1.913996
1.035190
1.657690
1.130383
0.456540
1.791734
0.090635
1.738338
1.854413
0.762097
1.127011
0.902810
1.540237
0.426592
0.073598
1.308376
1.151021
0.504735
1.436766
0.673247
1.180165
1.278941
0.113827
0.825589
0.611600
1.708878
1.898943
1.241765
0.836891
1.430325
0.763203
0.345503
0.955181
1.923874
1.637919
0.270511
1.926103
0.115050
0.973137
1.132874
1.655873
0.466851
1.396591
1.311233
0.917191
1.370513
1.536606
0.904391
1.655311
1.655253
0.952677
0.480532
1.435360
1.035188
1.149331
0.286317
1.222618
1.351545
0.529127
0.540948
1.534805
1.770975
0.245798
1.041603
0.880274
1.755519
1.397286
1.298274
1.149632
0.105247
1.561764
0.955489
0.687441
0.317616
0.691789
0.829222
1.917987
0.916035
1.826251
0.290991
1.224162
1.732698
0.073531
0.335277
1.520580
0.154287
1.223398
0.707058
0.477302
0.473947
1.527830
0.842529
0.903532
1.291796
1.641005
0.553610
1.309416
1.654755
0.397222
0.385704
1.126667
1.811404
0.556084
1.838475
1.585626
1.439783
0.247817
0.567680
1.515810
1.337293
0.472092
1.733169
0.445208
0.746874
1.727780
1.826916
1.210711
0.249211
0.962348
0.230119
0.159521
1.707432
0.106299
0.165683
1.713742
1.755275
1.557105
0.135522
0.159025
0.981874
0.573369
0.615615
0.253955
1.443332
0.909543
0.073074
1.026908
1.928251
1.929409
1.739437
1.865312
0.510316
0.890709
1.704727
1.222659
0.941438
1.729837
0.230166
1.704556
0.480082
1.222983
0.324901
1.329115
1.925387
0.664675
1.668931
1.330598
1.604356
1.898597
1.929481
1.223978
1.929349
1.789690
1.316594
1.431954
1.549372
0.094532
0.456945
1.127412
1.754511
1.736011
0.743874
1.437802
0.189805
1.127955
0.897720
0.619587
1.698517
1.369120
1.557573
1.555888
1.050907
0.150184
1.788959
1.877664
0.572811
0.232042
0.875420
0.975700
1.759062
1.651888
1.038432
1.306484
1.844457
1.048707
1.593673
1.654580
1.895373
1.012274
0.218459
1.385969
0.693513
1.794476
1.459205
1.316563
1.435660
1.533989
0.420410
1.169554
1.140571
0.152384
1.910952
1.776420
1.903054
1.736915
0.954314
1.926016
0.718020
0.494560
0.139259
1.332371
1.543213
1.745621
1.396789
1.340498
0.257954
1.881434
0.469144
1.149695
0.662242
1.654555
0.783484
0.271266
0.119769
0.120728
1.305964
0.881860
0.917132
1.428995
0.589133
1.184137
1.335230
0.997504
0.260945
1.017340
0.513516
1.727435
1.875360
1.799456
0.663084
1.536101
0.397843
0.297041
0.512454
0.865528
1.790930
0.092932
0.967092
0.135524
0.487839
1.141121
0.718544
1.435920
1.038186
1.332252
1.288603
1.223948
1.609705
0.719317
0.206977
1.714220
0.443788
1.121765
0.316396
0.881767
0.827232
1.843359
1.133187
0.396354
1.928886
0.468095
0.483873
1.791631
1.497091
1.651294
1.291000
1.169198
0.363513
0.279472
1.308466
0.749085
0.439030
0.152899
1.522800
1.858599
0.976638
0.822334
0.435055
1.213457
0.080713
1.306986
1.702345
1.338730
0.726005
0.640513
1.790959
0.779544
1.929032
0.448812
0.772157
0.846641
1.070897
0.817543
0.561418
1.435799
0.955479
1.899811
1.443927
1.232441
0.604896
1.919917
0.073130
0.414408
1.331660
1.785321
0.354890
1.293207
1.222394
0.292089
1.454540
1.333078
0.320814
0.684669
1.904647
1.309415
1.652705
0.799507
0.186399
0.981415
0.403643
0.783763
0.155871
0.586616
0.896141
1.923606
0.125002
1.021711
1.389296
0.928187
0.644340
1.304861
1.485980
1.513535
1.588166
0.278710
1.530999
0.927613
1.558021
0.501677
0.110045
0.857423
1.339082
1.222425
1.528073
1.377658
1.435070
1.643291
1.534671
0.215068
0.923590
0.926139
1.792267
0.791619
1.058287
0.381209
1.314125
1.399897
1.451796
1.198123
0.291396
0.521000
0.917127
0.655756
0.565502
1.332144
1.282021
0.095067
1.922809
1.301844
0.422935
0.896500
0.513309
0.404639
0.187605
0.483122
1.590577
0.842504
1.309691
1.789335
0.162382
0.088699
1.398000
1.289652
0.626211
1.338324
0.441948
0.418963
1.496105
1.802009
0.084640
1.395020
0.646567
1.301076
0.797119
1.745543
1.303328
0.485221
0.967336
0.352887
1.297382
0.525769
1.223371
1.525756
1.429085
1.787397
1.533386
0.259631
1.531637
0.570962
0.074280
1.930229
0.197828
0.338443
1.461481
0.227032
1.754275
1.803402
1.037458
0.271281
1.921645
0.162879
1.309051
0.163926
0.487344
1.333262
0.641430
1.922773
1.736776
1.442238
1.222596
0.197212
1.142964
0.243531
1.602515
1.222780
0.623530
1.884358
1.397692
1.449980
0.248886
1.145725
0.328243
1.087438
1.105120
1.405425
1.905038
0.813583
1.904653
1.292144
0.630813
0.912245
0.442473
1.920045
0.757608
0.078191
1.742638
1.027195
0.760182
0.722576
0.168066
1.226107
0.753217
1.337902
1.397610
0.233969
1.553487
1.022207
0.685817
0.125631
1.912787
1.336124
1.540824
0.424251
0.346045
0.202449
1.909149
1.544594
0.701693
1.929897
0.438954
0.187842
0.076224
0.098007
0.753831
1.628971
0.444555
0.169038
0.626128
0.576272
0.149747
1.733638
0.669966
0.351985
1.537203
1.533006
1.146946
1.338059
1.811685
1.733094
1.147748
1.497655
1.332407
1.509586
0.826277
1.529778
1.150485
