0.796086
0.747606
1.524540
0.174237
0.482087
1.850236
0.236670
1.535535
1.017705
0.663025
0.286432
1.846558
1.425038
0.108252
1.009455
1.019755
1.906078
0.266129
1.021351
1.693584
1.693328
1.152702
1.903715
0.837057
0.680760
1.368508
0.214825
1.505788
1.520115
1.342268
0.987058
1.264934
1.044123
0.656121
1.046356
1.038610
1.786808
1.656363
0.261133
0.779245
1.678744
0.528786
1.037811
1.440124
1.016616
0.476773
0.124553
1.232872
0.276923
1.518455
0.686518
1.781298
1.434833
1.138759
0.811558
0.670837
0.097469
0.214178
1.259439
0.928143
1.868932
0.368193
0.422183
0.488257
1.517670
0.142332
0.234865
0.569020
1.315486
0.147245
0.225967
1.768893
1.620886
0.092231
0.097113
0.498611
1.006068
1.319458
0.454541
1.664571
0.689217
1.038921
0.630224
1.792036
0.183038
1.019250
1.272300
1.850222
1.325569
0.094942
1.282450
0.420477
1.163757
1.853160
0.214633
0.091463
1.539946
1.014219
0.214380
0.410629
1.150919
0.707245
1.319686
0.331311
1.901503
0.624912
1.882417
1.855728
1.469192
1.376174
1.280289
0.498508
0.139232
1.730510
0.667710
1.139509
1.344023
1.433475
0.245462
1.873368
0.596112
1.404962
1.749252
0.709226
1.038368
1.042983
0.104338
0.702389
0.273126
0.141211
1.568340
1.261981
0.721931
1.445537
1.678639
1.323096
1.433872
0.611298
0.730378
1.202382
0.823887
0.456567
0.107713
1.139465
1.211240
0.904472
1.383526
0.183559
1.780586
0.327465
1.390605
0.507205
0.958369
1.895201
0.358148
1.011841
0.650072
1.745354
0.340837
0.090936
1.584462
0.265936
1.877230
1.532252
1.719700
0.092215
1.769963
1.849197
1.467504
0.497424
0.727874
1.076716
1.511189
0.559626
0.119811
0.933891
0.154920
1.895412
1.434957
1.654772
1.774699
1.761749
1.494094
1.322749
1.832864
0.861150
0.541082
1.402557
1.425150
0.694116
1.526143
0.696774
1.029945
1.227615
1.904729
1.784540
1.263312
1.714861
0.093937
1.854560
0.102841
1.894749
0.451283
1.319005
0.242113
0.199440
1.019876
1.212225
1.324592
0.564858
0.486317
1.841671
1.894614
0.464103
1.210922
1.017008
0.333079
0.121455
0.629099
0.715192
1.579822
0.819525
1.489854
0.732879
1.427905
0.359794
0.201724
1.522297
1.735956
1.719256
0.209167
1.717537
0.523835
0.516064
1.088140
0.442785
1.031055
0.189762
0.665194
0.217892
1.528405
1.651244
1.046515
1.732364
1.143924
1.125001
0.167567
0.733950
0.805648
0.291869
1.888738
0.316169
1.384987
0.820732
0.401700
0.659735
1.017149
1.513064
0.479863
1.327637
0.101064
0.677903
1.280802
1.281410
1.149213
0.691079
1.402819
1.033470
1.766886
1.654208
1.745952
1.236718
0.795959
1.720412
0.103524
0.852731
0.475010
1.246744
0.323447
1.306610
0.290374
0.281315
0.577813
1.892899
1.492802
1.650142
0.132165
0.991378
0.730717
1.018515
1.548379
1.511558
0.492180
0.163088
0.583458
0.862794
0.918989
0.763090
1.578603
0.557053
1.506956
1.143276
1.724477
1.551517
0.090747
0.655316
0.862837
0.246023
1.506511
0.924361
1.158113
1.326493
0.185006
1.527220
1.624738
1.744567
0.309142
0.882756
1.017562
0.535706
0.091556
1.717758
0.121712
0.132789
0.791703
0.406346
1.682799
0.502370
1.583485
0.187138
1.832504
1.717660
0.211910
1.211309
1.023406
1.893957
0.638326
1.797564
0.626714
1.250346
0.653630
0.570022
1.654257
1.755241
0.607256
0.268778
1.142182
1.758287
0.340875
0.920073
0.631377
1.016929
0.090755
0.500358
0.776131
1.189096
1.652155
1.893252
0.917592
0.696844
0.404688
0.906018
0.090679
1.113850
0.100242
1.878852
1.017562
0.187637
0.113150
0.236696
1.774011
0.934614
0.215720
0.164409
1.841511
0.650367
0.723418
1.568188
1.644538
0.091026
1.032829
0.669358
1.853886
1.282605
0.097455
1.689596
1.898021
1.473613
0.280576
1.025117
0.500771
0.417324
0.290447
1.334066
1.521594
1.619999
0.447448
1.354619
0.519073
1.435018
0.556406
1.325239
1.210967
1.145476
1.323150
1.043973
1.648159
0.875552
1.434959
0.695902
0.180888
1.903374
1.901418
0.445045
0.278732
1.015171
1.752134
0.149351
0.095902
1.720526
1.715372
1.514570
1.122712
1.017564
1.211179
0.531329
1.903556
0.599258
1.433453
0.448898
1.210791
1.264542
0.852220
1.210660
0.417337
1.547879
0.125459
0.894975
0.841821
0.760899
1.333987
1.647910
0.109617
1.317387
1.665630
0.335008
0.123708
0.804870
0.525946
0.741058
1.859852
1.855789
0.514766
1.702256
1.448867
0.110251
0.120892
1.653325
1.393967
1.651922
1.286106
1.900615
0.111470
0.180150
0.166602
0.641556
1.001934
1.126314
1.471626
1.722733
1.130676
0.109451
0.169343
0.910761
0.651946
1.553347
1.711777
0.308350
1.307769
1.516382
1.765616
0.618471
0.478846
0.100716
0.654397
0.936963
0.459104
1.146896
1.716450
1.716096
1.838474
1.088629
0.949852
1.434960
0.937137
0.301232
0.848991
0.733254
1.140323
0.260836
1.864196
1.018097
0.794796
1.746051
0.652238
1.652280
0.675560
0.499370
1.648409
0.926150
0.661360
1.346693
1.879867
1.721851
1.879807
1.001304
1.904136
1.026632
0.304790
0.630556
0.890204
1.038023
1.317193
0.908000
1.899496
1.886033
0.252498
1.692916
1.434936
1.786492
0.469633
1.905123
0.222553
1.321204
0.462184
0.103167
0.648159
1.720531
0.258732
1.321824
1.208054
1.281339
1.019422
0.842972
0.939121
1.785872
1.211222
0.313441
0.897211
0.128035
1.649819
1.140595
0.944511
1.269007
1.323018
1.142545
0.500531
0.652432
0.833492
0.889050
0.717689
0.961411
0.364180
0.090702
1.476952
1.211330
1.705442
0.814643
1.905377
1.019653
1.432980
0.090901
0.223119
1.499988
1.319578
1.285300
1.789984
1.538673
1.724872
1.511461
1.715078
1.541531
1.151764
0.417749
1.901158
1.741225
0.609370
1.901612
0.093067
1.880369
1.749636
0.312330
1.859946
0.831346
1.211058
1.904150
0.657126
0.271572
1.320050
0.519332
1.886809
0.120957
0.392527
1.162837
0.232928
0.137465
0.269823
1.001639
1.774343
1.024308
0.092563
0.453270
1.147631
1.766934
0.090933
0.543571
1.006145
0.614336
0.090764
0.271931
1.831477
1.677580
0.216885
0.916824
1.434305
0.317961
1.652676
1.351934
1.007336
0.667092
0.451153
0.469126
1.109719
1.508884
1.010714
0.096659
0.111135
1.279573
1.346059
1.756341
0.376273
1.791212
1.001871
0.760514
1.434919
0.106439
1.010306
0.489554
0.484052
0.187307
0.419847
1.321224
1.904566
0.233140
1.518054
0.639232
1.000945
0.259403
1.872826
0.654073
1.791360
0.713554
1.870386
1.459395
1.165963
1.344083
1.882552
0.180893
0.318318
0.097100
0.120817
0.416973
0.624148
0.851255
1.739552
0.095725
1.280265
0.485728
0.091008
1.881178
0.667916
1.896911
0.503226
1.219136
0.090808
1.630789
0.092394
1.910000
0.739993
1.905536
1.585369
1.766955
1.589528
1.130413
1.512737
1.225964
1.871611
0.816800
1.799310
1.392159
0.840904
1.495204
0.170991
0.279196
1.151432
1.654728
0.093010
1.321334
1.647758
0.527478
1.881442
1.011511
1.769917
0.199377
1.286146
1.342191
0.458556
0.740396
1.019690
1.903116
0.137814
1.765848
1.090206
1.658389
1.567438
1.019287
1.584992
1.403888
0.182439
1.902885
1.434038
1.768301
1.433573
0.166017
1.854260
1.016654
1.482991
1.904937
0.458202
1.319815
0.973958
1.523699
0.190912
1.696436
1.214801
1.513655
0.248025
1.853877
0.430393
1.409308
1.104383
0.480523
0.627836
0.865983
1.525356
1.244787
1.038610
1.657933
0.512934
0.382209
0.385577
0.568729
1.391895
0.510044
0.389023
1.506107
1.656981
1.372003
0.293017
0.279009
1.380470
0.504028
0.898020
1.810112
0.113563
0.376712
1.902924
0.512269
1.318618
1.902469
1.904139
0.246408
1.891315
1.148551
0.092454
1.017467
0.445594
1.489839
1.337152
0.170016
0.850123
0.207112
0.373051
1.434957
0.133453
1.333338
1.063632
1.889374
0.970079
0.154668
0.313097
0.513598
0.683242
0.917757
0.090894
0.107070
1.524001
0.184493
0.248161
1.652645
1.664780
0.500577
0.287071
0.492523
1.260714
1.519851
0.775373
0.353324
1.500817
0.290403
1.460941
1.584164
1.035342
0.940946
0.500900
0.105414
0.284692
0.885269
1.482979
0.102132
1.658267
1.715625
1.142150
1.397539
0.681084
1.071882
0.810377
0.283961
1.841961
1.661370
0.114682
1.522763
1.374400
0.294301
0.824740
1.130502
0.680270
1.126780
0.628152
0.672096
0.318795
0.661641
1.143554
0.247826
1.656798
1.826441
1.908871
0.743467
0.376307
0.940876
1.897596
0.481091
1.511825
1.720527
1.368869
1.322128
1.851799
0.940961
0.305326
0.275195
1.434960
0.828231
1.318993
0.507348
1.396394
1.518057
1.321907
0.449099
1.645567
1.448899
0.259674
0.571912
1.736491
1.434920
0.318802
0.600770
1.653861
0.485493
1.125209
0.499688
1.318674
0.581018
0.137604
0.811199
0.904817
0.415328
1.150719
0.091452
0.212562
0.956274
0.404084
0.091348
1.902244
0.403421
1.142586
1.435318
1.738715
1.891082
1.329591
1.124385
1.412947
0.681031
0.585347
0.282649
0.209852
1.278242
1.214274
1.557343
0.249795
0.570439
0.662006
1.775627
0.790405
1.887114
0.738892
0.246174
0.750461
1.355053
1.265424
1.331387
0.937625
1.736489
1.890568
1.565991
1.653996
1.001194
1.901124
0.598520
1.527077
0.267125
1.863711
1.210831
1.902297
0.785982
1.523759
1.381752
0.354574
1.765882
0.398638
0.354915
0.803639
0.473358
1.141729
1.434951
1.737316
0.648296
0.096302
1.038573
0.775859
0.327206
0.091237
1.849279
0.580535
0.115046
1.322269
1.001616
1.489609
0.361515
1.201727
1.454083
0.738194
0.601260
1.014879
1.211061
1.038573
1.533626
1.884852
1.892904
1.301988
0.440459
0.801550
0.344503
0.193532
0.104282
1.019903
1.713577
1.118937
1.123952
0.313085
0.781446
0.459153
0.232994
1.499770
1.845981
0.459684
1.010932
1.891760
0.551183
1.210952
1.895951
1.473273
0.471771
1.395453
1.157384
1.139574
1.769779
0.316021
0.661579
0.331725
0.623876
0.452726
0.809731
1.320928
0.151731
0.519876
0.396214
1.001289
0.172509
1.153621
1.147789
0.720883
0.727842
1.679481
1.743711
1.210877
0.986540
0.518376
1.758603
1.076989
0.411881
0.792175
1.770662
0.812066
0.488072
1.722189
0.569252
0.679496
1.434917
0.150983
0.745081
1.026591
1.687588
0.502103
0.091422
0.465316
0.090928
0.522509
0.674272
0.102115
0.174663
0.572810
1.651114
1.435909
0.516640
0.930623
0.771309
1.125056
1.775215
1.476811
0.886755
0.646088
1.793373
1.490007
0.248105
1.789509
1.001312
1.053899
0.544245
0.149732
0.295212
0.420176
0.090796
1.730580
1.542021
0.317827
0.900729
1.461542
0.284752
1.656891
1.120176
1.282706
0.907290
1.028068
0.433414
0.915042
0.095221
0.652492
0.468339
0.396106
0.091053
0.245841
0.724923
0.639879
0.445642
1.901043
0.881156
1.658824
1.434928
1.718915
0.445288
1.765336
0.550519
0.134585
0.342676
1.829172
1.521434
1.210935
0.891128
0.977991
0.564021
0.929320
1.030697
1.038788
1.878636
0.676952
0.262499
1.239890
1.658534
0.747353
0.098676
1.056629
0.786580
1.661356
1.784665
1.547869
0.154290
1.433984
0.787582
1.040802
1.895854
0.103338
1.900691
0.124140
0.791190
1.652663
0.299854
0.910349
0.610505
0.360429
0.516697
1.118582
0.604409
0.534469
1.285210
0.259517
1.517372
1.469975
1.280598
0.312191
0.945188
1.718142
1.896307
1.321649
0.910924
1.323178
0.532311
1.877173
1.768134
0.209324
0.234882
1.763411
1.029303
0.931179
0.504077
0.458373
1.510247
0.666420
0.107051
0.492135
1.211261
1.878855
0.206308
0.794302
0.673344
0.119526
0.445820
0.184778
0.155498
1.697922
0.972664
0.117126
1.435021
0.928271
1.558965
1.719715
1.282851
0.507907
1.388017
0.934551
0.800237
0.997295
0.506484
0.787386
0.755705
1.116371
1.434953
1.310343
0.945854
0.103913
0.813453
0.943120
0.558863
1.034360
0.302981
1.017647
1.523486
1.721630
1.513251
1.532815
0.777153
1.800711
1.866625
0.293566
0.132389
0.296651
1.775473
1.378627
1.128192
1.010960
1.595040
1.720896
0.105401
1.514132
0.529429
1.017412
0.129013
1.894767
1.409023
1.204077
0.471852
1.373030
1.435972
1.142808
1.293341
1.519530
1.136270
1.638782
0.651822
0.295907
0.212478
1.491302
1.429744
1.818003
0.357724
1.718595
1.334246
1.788522
1.263645
1.658733
1.529387
1.266010
1.172384
0.099283
0.230697
0.140050
1.540469
1.905064
1.870254
1.785870
0.090965
1.276941
0.512702
0.806016
1.286765
0.617636
0.659168
1.139059
1.529138
0.190104
0.625630
0.562752
1.721937
1.691721
1.136588
0.997755
0.845282
1.446260
1.595899
0.534200
1.616817
1.317358
1.904642
0.351159
0.116255
1.616982
1.102170
0.139013
0.095540
0.950550
0.555202
0.701833
0.093326
0.971981
1.139703
1.653988
1.227802
1.276994
0.975899
0.176525
0.768146
0.231317
1.093988
1.170211
0.769997
0.917227
1.903507
1.529191
0.367136
1.652911
0.733777
0.093269
0.592578
0.352701
1.548963
1.897927
0.182116
0.369208
0.694965
0.192741
1.017317
0.702152
1.441692
1.767949
0.581701
1.377512
1.790105
1.669124
0.713297
1.211082
0.506327
0.275846
0.239921
0.205561
0.929778
0.671435
0.960499
1.684359
1.721204
1.562610
0.197682
0.736002
0.668202
0.431993
0.460445
0.619612
0.108901
1.895699
0.651466
1.358386
0.660635
1.318506
0.758415
1.659521
1.434515
0.133216
1.557879
1.898701
1.325553
0.791163
0.985829
0.850052
1.653602
0.753523
0.344156
0.549751
1.902743
1.774413
1.036677
1.723706
1.392652
0.659927
1.033662
1.766801
1.038412
0.557329
0.889961
0.090801
0.643105
0.257596
1.895520
1.715913
0.184505
1.021857
1.905111
0.488729
0.291101
0.189390
1.219656
0.708392
0.317207
1.278476
1.767790
0.643819
1.017562
1.320133
0.258631
0.097295
0.501222
0.500295
0.222159
0.351786
0.772432
1.691029
1.138132
1.903906
0.473367
0.660233
1.303519
0.388715
0.651691
0.155480
1.573354
0.214374
0.167928
0.815255
0.350395
1.379441
1.619315
1.465777
1.019974
1.019043
1.545756
0.437747
0.531506
1.321546
1.902560
0.540614
0.691596
0.371951
1.154358
1.726818
0.925548
0.405477
0.091871
0.240696
1.812934
1.900799
1.736809
0.318595
1.283068
1.038416
1.168995
1.658796
0.786796
1.806871
0.304267
1.615233
1.134174
1.370656
1.906757
0.716523
0.832930
1.140605
1.516838
1.701034
1.365785
1.281727
0.809356
0.467201
1.826087
0.201939
1.023874
0.450180
1.755523
1.017648
0.163174
0.443548
0.539759
0.754655
1.765310
1.436352
1.689030
1.281966
0.661245
0.654212
1.902427
1.717693
0.996183
0.096383
1.715305
1.004367
0.566369
0.194435
0.681781
1.397178
1.789697
0.940561
0.361017
0.994881
1.210974
1.804520
0.657496
1.739997
1.615466
1.318724
0.481171
0.443572
1.705824
1.717666
1.433182
0.369475
1.659414
1.354240
1.210745
0.407921
1.718766
1.288763
0.920196
0.251035
0.103644
0.790222
0.939986
1.028371
1.651161
0.896199
1.699502
1.275681
0.139103
1.278779
1.893505
0.461032
0.299665
0.656250
1.283818
0.092276
1.435672
0.951276
1.001326
1.141317
0.759707
1.600696
1.433567
1.003991
0.663711
0.198602
1.902912
1.355133
0.450595
1.284639
1.450885
0.133313
0.970238
0.493165
0.518157
0.882638
1.211342
1.148252
0.094330
1.715242
0.641937
1.902253
0.784557
1.395670
1.279148
1.203163
1.498666
1.038610
0.309614
1.571387
1.406403
1.167063
0.522632
0.345437
1.001347
0.106286
0.932477
1.038607
1.631121
1.337929
1.651363
0.761125
1.321403
0.202707
1.106398
0.938994
0.265291
0.105804
1.038612
0.887537
1.210915
0.386925
0.691241
0.229051
1.899246
0.685777
0.484486
0.368479
0.671399
0.129348
0.823197
0.354108
1.273745
0.367641
0.288082
1.217373
0.761020
0.167204
1.499659
1.211326
0.683455
0.183943
1.016780
0.349110
0.863784
0.208036
1.652581
1.320997
0.146427
0.253752
0.211773
0.090723
0.338323
0.471073
1.319881
1.730001
0.240866
1.883525
0.295052
0.263365
0.812157
0.094017
1.123920
1.027635
1.017562
0.354484
0.516152
1.526545
0.331969
0.373029
0.232440
1.904861
1.402564
1.000024
0.494427
1.003609
1.145027
1.376734
1.768321
1.140223
0.135409
0.536062
1.652954
1.279605
1.659252
1.531989
1.437139
0.115603
0.427550
1.732797
1.573368
1.648651
1.275989
1.401942
0.761556
0.679281
0.914571
1.211221
0.263607
1.509786
1.320990
0.745755
1.470686
0.803645
0.270723
1.192608
0.825559
0.100632
1.789019
1.145489
1.154441
1.746591
1.841703
0.627271
1.511842
1.251155
0.186186
0.136141
0.625876
1.019880
0.430375
1.447031
1.902433
0.781572
1.514597
0.212754
1.137576
0.781851
1.883190
1.715660
1.818673
1.319278
1.186759
1.015962
1.041739
1.149908
1.001293
0.873466
1.414599
1.766739
1.435102
1.536769
0.559005
1.018774
0.254014
1.553738
0.996369
1.884817
1.692944
1.652399
0.400093
0.511344
1.891811
0.918957
0.959096
1.641352
1.901270
1.840453
0.230866
0.437683
0.288267
1.880372
1.322371
0.922593
1.906652
1.897263
1.570482
1.207369
0.133528
1.650443
0.936629
1.046902
1.789441
1.814469
0.213154
0.120972
1.782394
1.616733
1.705712
1.291204
0.133325
1.455988
1.515500
0.586852
0.937687
1.653051
1.437088
1.320264
0.140375
0.093250
0.091693
1.372258
0.811936
1.019504
1.162911
1.624945
1.295155
0.146821
0.818714
1.704994
0.422792
1.319654
0.152428
1.418479
1.129526
0.718552
1.715646
0.096431
1.714544
0.201412
0.653050
1.326438
0.669717
0.158426
1.509796
1.506424
0.540694
1.284793
1.566162
0.162502
1.782783
1.678470
0.541554
1.210970
0.151087
1.280596
0.542519
0.367794
0.998471
1.017565
1.104385
1.654385
0.507965
0.655278
1.431462
1.323919
1.327375
1.652329
0.796197
1.021588
0.682658
0.220051
1.046013
1.031988
1.323744
0.090719
0.491819
1.509328
0.574375
0.186018
1.447673
1.829346
1.902968
1.350021
0.444880
1.322271
1.283060
1.698832
1.576187
1.210916
0.983636
0.597395
0.308112
0.210407
1.001287
0.367084
0.933889
1.774215
0.944310
1.757755
0.852278
0.287027
0.506117
0.458606
1.502051
1.717502
1.196529
1.636655
1.383957
0.748038
0.697322
0.101267
1.169089
0.848497
1.611942
1.136853
1.463535
1.023886
1.023586
0.091440
1.446613
1.904256
0.109337
1.759431
0.315435
0.694106
0.281348
0.390622
1.321066
0.593836
0.774605
1.234903
1.627477
0.257921
1.766469
1.905704
1.429829
0.640749
0.444363
0.281583
1.280215
0.095571
1.161223
0.091995
1.516595
1.398775
1.527608
0.712465
0.492936
0.090737
1.883929
1.435845
1.813803
0.643989
1.720433
1.136372
0.307162
0.883354
1.532940
0.665131
1.534066
1.551439
0.336587
0.165046
0.203480
0.248196
0.178637
0.656858
0.584491
0.496272
0.225765
1.670880
0.103709
0.994754
1.597033
1.211650
1.142517
1.679249
1.386837
1.124075
1.282418
0.587227
0.817469
1.848325
0.485766
1.039021
0.097840
1.652977
1.664491
1.087154
1.280493
1.001997
1.905445
1.905338
1.285867
0.789411
1.708033
1.047449
0.341041
0.655131
1.447476
1.899300
1.529025
1.510294
1.246652
0.544917
0.296841
1.210733
0.094970
1.426069
1.395494
0.522463
0.090821
0.952223
1.038454
0.525304
0.782935
0.951649
0.362220
0.403807
0.742697
1.630425
1.019185
0.406268
0.715137
1.854776
0.106783
1.740317
1.316013
1.011412
0.296885
0.329406
1.041406
1.322118
1.232896
0.831640
1.220216
1.905339
0.793040
1.762822
1.501614
1.688688
0.158872
1.841744
0.913615
1.787757
1.411750
0.937097
0.635349
1.764878
0.914279
1.883417
0.391985
0.317599
1.834176
0.221697
1.282977
0.471694
1.320890
0.167125
1.767114
1.210830
1.460285
1.483598
1.645902
1.566251
0.098879
1.701114
0.228967
0.675911
1.061955
0.464489
1.902735
0.407477
1.901314
1.210739
0.620420
1.587427
0.550432
0.777645
0.517217
1.765760
1.375352
1.022005
1.435159
1.051953
0.501234
0.251444
1.727059
1.612119
0.230052
0.192804
0.158655
1.885801
0.506917
1.520528
0.706646
0.194465
0.459726
1.907884
0.091532
1.236962
1.154162
1.012266
0.699284
1.294555
1.649789
0.823908
0.510608
1.419264
0.721503
0.183943
0.507914
0.638637
0.549884
0.717146
0.557684
0.785244
0.441879
0.885280
0.760119
1.123445
0.260240
1.724103
0.890225
0.899925
0.273258
1.885786
1.887694
1.283241
0.468072
0.380688
0.588056
1.858331
0.244331
0.247668
1.838156
1.323966
1.219282
0.677851
1.001167
0.403910
0.153670
0.245468
1.334663
0.805847
0.883993
0.298588
1.349659
1.859942
1.893327
1.799005
0.113324
1.039003
0.144470
0.631475
1.658054
1.871917
0.516744
0.554006
1.632181
0.505228
0.663473
1.536997
1.652431
1.432130
1.350428
1.230318
0.637018
0.753655
1.047734
1.127928
1.689295
1.712321
1.881849
0.812660
0.118763
0.581973
1.585865
1.002405
1.038032
1.811509
0.820747
0.886454
1.274448
1.843922
1.653911
0.904978
0.332809
1.029010
1.526047
0.445769
0.380094
1.316696
1.388389
0.093050
1.017579
0.395527
0.604457
0.781599
1.899527
0.982208
0.236330
0.796960
0.488095
1.766421
1.246906
1.834016
0.807168
1.009329
0.306833
0.914272
1.026012
0.999937
1.811884
1.690104
0.938821
1.638543
1.071651
1.182614
0.861037
0.243737
1.299104
1.654594
0.798819
0.737669
1.402195
0.725446
1.206533
1.532681
1.069204
1.323293
1.433856
0.508390
0.217553
1.317497
1.014200
0.429817
1.841829
0.760613
1.757064
1.141085
0.595957
0.113431
1.657031
1.523185
1.323945
1.491706
1.104494
1.435136
1.748704
0.128576
0.165408
0.956690
1.862500
0.805789
0.092864
1.435027
0.485885
1.496474
1.763850
1.320023
0.732477
1.139959
1.776985
0.816575
1.090035
0.090794
1.029007
0.374967
1.143437
1.017323
1.355226
0.453932
1.546821
1.542344
1.897705
0.920051
0.090884
0.232340
1.899953
1.869186
0.447083
0.090979
0.805142
0.520885
0.300587
0.123938
1.610856
0.931889
1.355296
0.311845
1.399414
0.152115
1.813730
0.721713
1.163378
0.316775
0.300974
1.143382
1.657149
0.530175
1.880984
1.009440
1.758209
0.886716
0.845960
0.134730
0.289434
0.236137
1.279689
1.720298
0.290234
1.904367
1.811024
1.658017
1.886505
0.259876
1.538477
1.618631
0.654487
0.204674
1.892941
1.242604
1.321834
1.536324
0.377487
0.742996
1.859495
1.789427
1.892425
0.749257
0.469769
0.202340
1.680737
0.800081
0.783349
1.905774
0.878145
1.144213
0.484950
0.644706
0.909549
0.830488
1.404246
0.186986
0.843913
0.595076
1.392495
1.350768
1.454519
1.390596
0.838142
1.725885
1.903468
0.339705
0.436615
1.204758
1.393179
0.232327
0.674882
0.382162
0.485316
0.525370
1.027650
1.216368
1.867446
0.811019
1.907873
0.663776
1.145928
1.849291
1.702617
0.183310
1.567014
1.434917
0.093243
1.880893
1.266599
0.355394
0.417306
1.028343
0.433910
0.343309
1.397192
0.921796
0.506058
0.095740
0.336060
0.094080
0.237626
0.519057
0.263896
1.748474
1.434921
1.904572
0.569528
0.615435
1.655710
0.764529
1.643413
1.712066
0.790086
1.444552
0.361181
0.171216
1.541343
1.038610
1.769084
0.796276
1.392786
1.239623
1.900396
0.513914
0.619016
1.646841
1.017522
0.265233
0.351879
1.570172
1.576146
1.653591
1.601076
0.667074
1.903216
1.010492
1.510309
1.785940
0.788390
1.210937
1.583539
1.142883
0.590982
0.293890
0.181572
0.091074
1.041400
0.596457
1.791082
0.249285
0.217998
0.480707
0.865598
1.112593
1.518571
0.998743
0.410340
0.640272
1.904757
1.759869
1.891347
0.665104
1.740744
1.295393
0.585812
0.505038
0.258257
0.766769
0.758215
0.286839
0.952602
0.121302
0.108131
0.300764
0.719572
1.324471
1.537479
1.150833
0.958408
1.900149
1.038603
0.416367
1.793361
1.895568
0.150715
1.210907
0.955365
1.844562
0.428553
0.943215
1.038315
0.450465
0.091027
0.453490
0.614464
0.834879
0.985363
0.153785
1.139310
0.101115
0.720607
0.091102
1.017625
1.316266
0.844535
0.215627
0.107565
0.092396
0.133258
1.038610
0.717023
1.579139
1.443964
1.506583
1.527408
1.476881
1.175940
1.117201
0.256344
1.218578
1.001361
0.731641
1.118717
0.392342
1.326384
1.328154
0.482957
0.655680
0.525930
1.725227
0.091393
1.902840
1.398593
1.000404
1.517690
1.097686
0.920143
0.484843
0.934594
1.223528
1.146163
1.693217
0.948289
1.661931
0.681744
1.024814
1.062623
1.521621
0.702946
0.228555
1.901195
0.337440
0.149765
0.296506
1.741167
0.800473
1.766394
1.518947
0.937203
1.894207
1.034141
1.393293
1.034538
0.103255
0.598053
0.657990
1.062919
0.211073
1.160817
0.712934
0.110394
1.770458
0.099537
0.647239
0.328059
0.558482
1.652954
0.856658
1.211322
1.004614
1.103570
0.568951
0.851852
1.314863
0.355788
0.716304
1.286099
0.090896
0.915242
0.330884
0.112207
0.947452
0.495466
1.520001
1.397993
1.530489
1.007144
0.102451
0.131914
0.595238
1.434614
0.404000
1.038604
1.430694
1.506320
1.776273
0.761256
1.019936
1.715492
1.506854
0.160840
1.277995
0.493886
0.659309
0.505421
1.518520
1.655075
0.759645
1.555434
0.092784
0.198355
0.163989
0.322917
1.436341
0.626686
1.774726
0.491574
1.267532
0.427526
1.038435
0.587933
0.942746
0.817168
0.948410
0.136852
1.690613
0.497757
0.210387
1.317882
0.222768
0.162344
1.593628
0.498827
0.299062
0.239048
0.848970
1.884426
1.143304
0.247634
1.323971
0.224126
0.113032
1.017560
1.701946
0.261426
0.652968
1.526541
1.738215
1.635925
0.337723
0.685323
1.680014
0.250840
1.563203
1.902848
0.917964
0.942285
1.323959
1.812592
0.909352
0.090802
0.218248
1.903679
0.515603
0.421323
1.374640
0.308771
1.897734
0.277423
1.436582
1.011091
0.720300
0.122904
0.110366
0.790605
1.216398
0.829399
0.920466
1.110678
1.717834
1.354772
0.216515
1.797572
1.766885
1.545153
1.804064
0.752430
1.849549
1.505074
1.434947
0.415117
1.719933
1.338651
1.687564
1.281065
0.738117
0.301918
1.219734
0.742860
1.396526
0.221421
1.698324
0.736231
1.767036
1.435124
1.031234
1.390467
1.001287
1.440595
1.755451
1.218161
0.248594
1.014536
1.046270
0.108638
1.884015
0.788991
1.765099
0.123033
1.280921
0.099893
0.139458
0.236798
1.903418
1.758245
1.767424
1.751443
0.091171
0.695804
1.182533
1.210836
1.264307
0.526444
1.908606
1.561593
0.375173
1.118873
1.761187
0.597147
0.427671
0.094619
1.227098
1.546637
1.092646
1.897826
0.245727
0.721898
1.202027
1.308293
1.321260
0.379882
0.662727
1.135553
0.091039
0.774364
0.161304
0.511177
0.964143
1.321240
1.235892
0.842093
1.551062
1.633589
1.689103
0.147426
1.714999
0.326151
0.487182
1.396244
0.544606
0.446431
0.100675
0.947976
1.782996
0.247657
0.550045
1.882992
0.113696
0.425571
0.816621
1.386599
0.432201
1.902372
1.278397
0.303165
0.823811
0.090550
0.689830
1.017220
1.434922
0.671313
0.118275
1.689568
0.090868
0.234604
0.519659
1.434950
0.486838
1.630038
0.785804
1.041640
0.093679
0.099064
1.710072
1.347501
1.211801
1.902885
1.654960
0.100331
1.813513
0.661175
1.280122
1.139752
0.753903
1.841254
0.872153
0.648648
1.515686
0.229071
1.491597
0.915956
1.335096
1.719055
1.210710
1.766932
1.902553
1.017563
0.648246
0.950835
0.276743
1.894678
1.906425
1.280105
1.797105
1.639383
1.001889
1.821673
1.620020
0.481396
0.675019
0.957518
1.435759
1.854723
0.128468
0.224357
1.017573
0.472170
1.695773
1.903707
1.543908
1.439068
0.555047
1.884718
1.686723
0.318119
1.716786
1.434323
1.321651
1.362337
0.320781
0.090797
1.521523
1.899414
1.243966
0.454577
0.440885
0.346146
0.522292
1.512983
1.858981
1.435762
0.420686
1.643377
0.633857
1.488838
0.451919
0.466046
0.851477
0.299064
0.561197
0.139951
0.166474
1.704346
0.510772
0.144716
0.733833
0.203052
0.826411
0.334570
0.191020
0.898466
0.905369
1.420954
1.270433
1.020982
0.904780
0.855409
1.690928
0.701639
1.890410
1.364312
0.289876
1.899094
0.845782
1.209439
1.752283
0.436250
1.239454
0.134340
0.812242
0.550487
1.764523
1.438061
0.977934
0.540135
0.689495
1.900047
0.755895
0.141149
1.241199
0.622211
1.871799
1.653127
0.093152
1.125927
1.035011
0.170164
1.367778
0.125798
1.318089
1.652907
1.766840
1.843028
1.506505
1.644838
1.718112
1.527330
0.194802
0.504658
1.802008
1.522015
0.214599
1.016827
1.014459
0.296626
1.638792
0.110670
1.201296
0.315081
1.766613
1.184525
1.321329
0.346470
1.276945
1.650445
1.211216
0.737654
0.132926
1.741525
1.522335
0.169054
0.376975
0.712594
1.275511
0.788352
0.845990
0.277077
1.865220
1.036206
0.802857
0.666965
0.389783
0.183673
1.887621
1.230949
1.319189
1.896522
1.384650
0.690498
1.497268
0.092370
1.767072
0.644961
0.837397
0.205113
1.835124
0.703179
0.712029
1.554987
1.768593
1.882917
0.091806
1.717396
1.000590
1.767817
0.320642
0.160213
1.907364
1.001232
0.438739
0.793199
1.778078
1.767205
0.765750
0.986781
1.001341
0.135596
0.795700
1.322077
0.643030
0.444021
1.766975
1.307410
1.496859
1.716878
0.786270
0.489644
1.391794
0.788528
0.090864
0.533528
1.764846
0.359086
0.655591
0.104128
0.712419
1.903794
1.860094
1.277565
1.038610
0.190255
0.350348
0.787369
0.261596
0.555845
1.771414
0.939522
1.804899
0.729110
1.002048
0.406322
1.309535
1.006097
0.801969
0.092565
1.085494
0.090827
0.550431
0.092684
1.467376
0.323614
0.425166
1.721065
1.903473
0.667908
1.908791
0.097434
1.225934
0.952527
1.767107
0.091248
1.497980
1.512512
1.553140
0.213039
1.786589
1.517750
0.430236
0.483979
1.555247
0.916236
0.104060
0.980356
0.678634
1.434948
1.735944
1.315696
1.716768
0.296400
0.528440
1.019800
1.020544
1.278311
0.128463
0.319382
0.214145
0.092673
0.516224
1.765991
0.311106
1.874671
1.766917
0.098547
0.479487
1.656597
1.389994
1.003331
0.160037
1.210830
1.791676
0.231130
0.469033
1.646900
0.623363
1.038609
0.123513
1.147905
0.095537
1.181306
0.555588
0.172450
1.900927
1.435681
1.405926
1.827255
1.766961
1.142573
0.851348
0.217548
1.536691
0.578229
1.552153
1.019041
1.019923
0.537221
0.426432
1.365066
1.038921
0.125042
0.316545
1.467373
0.452008
0.122708
0.648600
1.434960
1.559350
1.321472
1.651761
1.435457
0.090894
1.097809
0.403575
1.038127
1.402343
0.090577
0.775407
1.903664
1.482606
0.248091
1.038573
0.719899
1.317477
1.548987
0.685617
1.725539
1.124037
0.829180
1.021512
1.019611
0.861693
0.114597
1.903220
1.910117
0.650756
1.825290
0.901413
0.261347
1.769329
1.272256
0.714239
0.446348
0.824557
0.106286
1.319973
0.555407
1.004332
1.707138
0.987054
0.664247
1.895242
1.833782
0.655416
0.105523
0.329900
0.236691
0.795391
1.171310
0.421239
1.024737
0.127628
0.934488
0.354961
1.723544
0.530206
0.147841
1.493988
0.497313
1.323826
0.102346
0.642927
0.236269
1.766744
0.876371
0.625607
0.104567
1.833564
1.029748
1.642691
1.243417
0.941800
0.207053
1.650621
0.441841
1.026655
0.868224
0.860391
1.277191
0.679025
0.159637
1.856849
0.296274
1.337277
0.385958
1.143187
0.575567
0.496695
1.729958
1.898935
1.894820
0.293353
1.590679
0.321281
0.790505
1.897248
1.849146
0.130052
1.281453
0.707268
0.941224
0.116267
0.251842
1.318413
0.262261
0.799234
1.766730
0.890355
1.399820
1.901537
0.335632
1.516634
0.711120
1.783995
1.897034
1.905703
1.321057
1.651858
0.141923
1.531852
0.264401
0.553765
0.123252
1.178158
1.312812
1.522760
0.871039
1.763040
1.652794
0.664930
0.466139
1.788859
1.259891
1.900440
0.375136
1.017562
1.652152
1.703212
1.232935
1.799104
1.206051
0.268293
0.212235
1.657737
1.211319
1.769142
1.516734
1.323160
0.358987
1.528598
0.449081
1.852973
1.321845
0.190585
1.489842
1.657444
0.553264
0.671740
1.348620
1.842326
1.524549
0.925831
0.261661
1.429885
0.279359
0.821105
0.503088
0.259626
0.265409
0.482808
1.144748
1.339822
1.104425
1.027628
1.717641
0.579499
1.649621
0.429013
1.035186
1.812628
1.108799
0.698308
0.220698
1.553060
1.215558
1.644288
0.992820
1.369517
0.182457
0.874928
1.881650
0.641641
0.726493
0.940917
1.431096
1.135839
0.233009
1.771864
0.101817
0.757659
0.656341
1.804871
1.170935
1.854264
0.589505
1.347201
1.211227
1.484976
0.933783
1.838888
1.417924
1.432686
1.146456
1.328537
0.625090
1.319694
1.467841
0.191699
1.032925
0.191410
1.900940
1.281939
0.795206
0.189695
1.127147
0.847570
1.504145
1.413249
1.326435
0.094679
1.208789
0.091062
0.447446
1.531632
0.933960
0.933228
1.516802
1.849456
1.714326
1.394816
1.017563
0.172438
0.271179
0.540121
0.547165
0.377922
1.476359
0.389543
0.194065
0.428708
1.748435
1.791420
0.146094
1.898262
0.744124
1.145698
1.590029
1.624105
1.848525
1.537272
1.374005
0.324451
0.908314
1.343979
0.093281
1.040748
0.583212
0.155029
1.116930
0.269678
0.917903
1.656358
1.021984
1.855504
0.656521
1.786761
1.840825
1.716524
0.162141
1.667774
0.687059
0.244514
0.731907
0.591836
1.211445
0.853612
0.998172
0.292309
1.872772
1.474031
1.013159
0.131945
0.839898
0.093747
1.522820
0.110774
0.365726
0.652943
1.525658
0.093873
1.713585
0.844468
1.146263
0.666024
0.715930
1.891031
1.032559
1.142629
1.160436
0.474437
0.387702
0.719146
1.719068
0.158751
0.865562
0.914495
1.518493
0.978587
1.481410
0.809999
0.090726
1.884572
1.899600
0.090816
0.325274
1.521325
0.630273
0.935020
0.940339
0.098068
1.322721
1.520888
0.392466
1.324605
0.134190
0.876448
0.567010
0.224544
0.219608
1.544890
1.652356
1.278461
1.000473
0.107240
0.808524
1.660148
0.107167
0.990151
1.542547
1.882444
0.879994
1.434789
1.765114
0.955536
0.665305
0.094490
0.232434
0.821952
1.279580
1.018481
0.400162
1.406138
1.852531
1.323475
0.696537
0.778644
0.892970
1.851857
0.288307
1.889074
0.807614
0.168552
0.091917
1.109247
1.789128
0.796149
0.114969
0.445353
1.653387
0.672053
1.722937
1.438806
0.093945
1.381981
0.949109
1.516349
0.164720
0.513560
0.936565
0.415157
0.151708
1.881145
0.879113
0.529841
1.029194
1.892815
0.150257
1.589227
0.616482
0.092335
1.724961
0.685210
1.910284
1.036870
0.247840
0.535958
0.334053
0.495094
0.228999
1.338534
1.803887
1.525865
1.713813
1.849083
0.932968
0.731764
1.143775
1.604042
0.322472
0.320141
1.130236
1.851299
0.608055
1.521784
0.348689
0.753255
0.582315
1.881758
1.605573
1.038596
0.707112
1.278206
0.107110
1.282433
0.940369
0.774645
0.344741
1.905402
0.210741
1.850849
0.896342
1.790137
1.905417
1.017543
1.434964
1.877368
1.423505
1.712611
1.652387
0.253998
1.316709
0.117502
1.868706
0.202494
0.422688
0.456543
1.701281
0.439480
1.595922
1.813669
1.163928
1.211339
1.311542
1.392737
0.409905
1.904386
1.867589
1.287989
1.563747
0.769859
0.198050
0.665043
1.309997
0.447182
1.839435
0.229278
1.896994
0.451151
0.560449
0.590451
1.281247
1.278661
1.441031
0.091263
0.925433
1.257616
0.788184
0.120808
0.845814
1.897592
0.356830
1.283243
1.766876
1.010250
0.424553
1.434972
1.001539
1.201726
0.215144
0.602824
0.245065
1.467927
1.000969
1.723098
0.658200
1.273246
0.525657
1.301683
0.209935
0.953260
0.522575
0.946208
0.576092
0.384774
0.785846
1.439713
0.906962
0.975373
0.353255
0.699076
0.505211
0.769109
1.595964
0.661222
1.112239
0.285367
0.140427
0.355419
1.211046
0.220162
0.323988
1.021303
0.919816
0.123131
0.808875
0.632872
1.208731
1.409313
0.129817
0.398239
1.707196
1.662816
0.946046
0.736096
1.902215
0.187372
0.748977
1.779520
0.212737
1.170154
0.221714
0.090832
1.017387
1.147735
0.760798
1.722483
1.213410
1.869771
1.589680
1.126262
0.616088
1.687469
0.118806
1.651252
0.387857
0.101149
1.340176
0.954372
0.091939
1.318652
1.724300
1.211097
1.632024
0.109379
1.435026
1.653158
0.713547
1.495280
1.673787
1.906269
1.353022
1.323693
1.875971
0.841787
1.525865
1.155494
0.357753
1.908320
1.529553
0.601746
1.790624
0.126629
1.716495
0.510974
0.364293
1.012663
0.757061
0.644400
1.653007
0.205678
1.211128
0.621686
0.296653
0.712353
0.591335
1.717958
1.659307
0.102352
0.700221
0.907248
1.827457
1.364613
0.534514
0.957583
1.905165
0.378259
1.409390
0.140974
0.634581
0.610712
1.315045
0.469351
0.364675
1.907975
1.905300
1.882836
0.680519
0.122279
1.742885
1.899009
0.132575
0.785757
0.565820
1.136179
0.953459
1.709346
1.037789
0.492401
0.815593
1.653815
1.860938
1.434917
0.981382
0.559597
1.504590
1.210978
1.012066
1.334555
0.916117
1.767918
1.894537
1.037943
0.544204
1.723258
1.652874
0.126302
1.377967
1.532062
1.705738
0.937869
0.935314
1.656631
1.469039
1.400478
0.683587
1.876479
1.655107
1.266974
1.370682
1.002016
1.001122
1.900506
0.725907
0.509752
0.651328
1.546381
0.346938
0.431706
1.209460
1.513428
1.561970
1.827973
1.652731
0.672488
0.778743
1.149646
1.896597
1.319513
1.481904
0.265118
1.527537
1.011958
1.604852
0.272611
1.870414
0.235543
0.094487
0.857370
1.826507
0.456786
0.274303
0.266533
0.987761
0.244696
0.481292
0.791841
0.836256
1.294682
1.276221
1.018408
0.331797
1.514509
1.404607
0.501159
1.323114
1.357152
0.538185
1.596312
1.890809
1.324056
0.100357
0.469986
0.559072
1.856335
0.120650
0.178695
0.505928
0.673116
1.256229
1.130808
0.227178
0.385628
1.653635
0.241760
0.836868
0.847737
1.320724
1.015484
0.744919
1.501419
0.658605
0.090888
1.224927
1.521655
1.210956
1.499990
1.270643
0.545530
1.277433
0.155607
0.512508
0.471219
0.623351
1.402462
1.015535
1.899333
1.464608
0.372144
0.100048
0.103432
1.549414
1.279275
1.211199
1.867474
1.244699
1.255802
0.417156
1.541284
1.283855
0.996963
1.319108
0.666849
1.335026
1.693510
1.275375
1.552866
1.719068
1.625797
1.530745
0.646728
0.433407
1.323449
1.757285
1.319943
1.061310
1.029756
0.181224
0.688158
1.447662
0.777210
0.286817
0.762995
0.576505
1.645679
0.536049
0.744529
0.943847
1.549239
1.521397
0.936667
0.737746
1.477876
1.846704
1.147556
1.270571
1.321596
0.501846
0.865711
1.889335
0.863044
1.628419
0.441612
1.510518
1.020057
1.153165
1.702236
0.512123
1.766584
1.512122
1.888370
0.841912
1.631996
1.321770
0.104039
0.092998
0.609786
1.651342
1.282606
0.332323
1.493013
1.772036
0.520993
1.412151
1.731755
1.001268
1.319237
1.565018
1.186787
1.365689
1.898167
1.017557
1.017284
1.021355
1.652449
0.268957
0.498806
0.199252
1.904748
1.493648
0.636454
1.858487
1.120435
0.091484
1.863936
0.960366
1.025780
1.896549
1.525740
1.526822
1.321428
0.681238
0.162129
0.942523
1.428998
0.205652
0.511945
1.696974
1.503788
0.672610
1.794673
1.514174
1.654188
0.562499
1.138968
0.736469
1.733111
1.901715
1.174431
1.038481
0.091937
0.667953
1.529186
1.286131
0.445081
0.809701
0.760044
0.888121
1.141473
1.521633
0.211738
0.177519
1.664970
1.141264
0.828757
0.697388
0.950480
0.800087
1.411055
0.315587
0.680447
0.279486
0.411023
0.569113
1.766792
1.821065
0.285407
0.779662
1.535350
1.653946
0.209982
1.453512
0.788005
1.277746
1.123961
1.651912
0.462135
0.961939
1.160109
0.095206
0.665030
0.262257
1.652550
0.535656
0.787761
1.900278
0.313382
1.286934
0.091871
0.728871
1.038823
0.615164
0.096975
0.177787
0.344172
1.457544
1.145564
1.715350
0.947859
1.570641
1.027089
1.833678
1.438223
1.122487
0.723355
1.432654
0.684278
0.375967
0.619451
1.389564
1.001473
0.429182
1.653436
0.131418
0.470399
1.017582
1.396530
1.759730
0.299062
0.475619
0.881590
1.320116
1.897968
1.146956
0.886600
1.056892
0.730798
0.856769
1.884924
0.561012
1.800164
1.644573
0.890767
0.930737
0.101945
1.904754
1.796505
1.652926
1.892735
1.788868
0.179557
0.181956
1.294036
0.286919
0.433555
0.501688
1.136376
1.281355
1.893207
0.314655
0.091068
1.849748
0.262116
0.909279
0.192671
0.132109
1.892387
1.281482
1.515346
0.485781
0.728541
0.111823
0.113551
1.195896
0.607478
1.528616
1.440268
0.519883
1.318675
1.001295
1.702496
0.482126
0.142877
0.093206
0.997847
0.764939
1.715733
1.903928
1.767066
1.582691
1.370586
1.850856
0.226436
1.501460
0.289794
0.606252
0.255027
1.518591
1.211256
1.038420
0.737800
1.549698
1.265217
0.243849
1.902254
1.223311
1.320802
0.992464
0.867037
0.104924
1.396715
1.282602
0.637364
0.837316
0.090917
0.091634
0.091125
1.428590
1.667552
0.600655
0.102190
1.172005
0.604716
1.753983
0.256898
1.470185
0.177528
0.786275
0.247379
1.211294
0.347101
0.423465
0.141420
1.424164
0.326325
1.682326
1.145137
1.284700
1.253367
1.205623
1.847785
0.525363
0.232240
0.713819
0.307454
0.908325
1.414204
0.211441
1.147532
0.791772
1.141824
1.903074
0.946632
0.266622
0.343360
0.639314
1.401070
1.017213
0.935191
0.092151
1.320928
1.705215
0.446230
0.431370
0.547773
1.894622
0.354833
0.200537
0.565819
1.001559
1.897144
0.660528
1.017518
0.279379
0.537132
1.118277
1.508989
0.336632
0.187702
0.498192
0.092244
0.175226
1.435072
0.836857
1.273542
1.801829
0.224253
0.318491
0.090722
0.208946
1.902597
1.320496
1.690021
0.660818
1.381733
1.664170
0.704823
1.812031
0.098366
0.388096
1.220082
0.874520
0.516523
1.517066
0.615333
0.925206
1.329340
1.146895
1.788811
0.958406
0.324853
1.850158
0.422349
1.610138
1.280722
1.765290
1.532589
0.935168
0.666640
0.898359
0.749805
1.439496
0.203562
1.856707
0.985394
1.028952
1.646484
1.692048
0.093974
0.095365
0.821499
1.283697
1.710553
1.509190
0.916335
0.424782
0.386665
1.174986
1.647767
0.422994
0.499981
0.249579
1.355169
0.460879
1.502547
0.095760
1.018333
0.222815
0.415394
0.946442
1.184109
0.819297
0.441988
0.649132
1.295198
0.444984
1.857141
1.515466
0.090710
0.106075
0.928231
0.226154
1.038517
1.325265
0.156720
1.066394
0.091250
0.657846
0.796238
1.136207
1.163005
0.096274
1.530452
0.789031
0.177182
1.568806
0.527706
0.182625
0.595972
0.515240
0.091011
0.132569
1.702248
1.400265
0.250378
1.494758
0.111825
1.887502
1.869776
0.471038
1.489964
0.106285
0.346570
0.458144
0.417933
1.851055
1.211346
0.667871
0.513439
0.504871
0.974893
1.768236
1.519842
0.791055
0.537770
0.143877
0.239759
0.804402
0.207280
1.834051
0.289602
0.550907
0.271662
1.720106
1.707449
1.123077
0.762957
0.508814
1.712871
1.654676
1.594663
1.282526
0.972764
0.657638
0.515476
0.199617
1.776035
1.434689
0.295266
1.129647
0.817790
0.727336
0.644077
0.130305
0.982434
0.940709
0.131610
1.093554
1.785424
0.792875
0.183638
1.840986
1.902553
0.208352
0.546257
0.816945
0.702190
0.235014
1.638323
0.387627
1.902159
0.413448
1.138091
1.506127
1.019090
0.090883
1.545455
0.401579
1.646144
0.851303
0.443429
0.769935
1.530096
0.258206
0.450495
1.662238
0.797228
0.144204
0.729157
1.850905
1.660801
0.655329
0.644615
1.539357
1.169103
1.506873
0.437055
1.717240
0.633295
1.144642
1.318589
0.280364
0.114192
1.321851
1.742334
1.136353
0.138085
0.430045
1.722072
1.048496
0.333428
0.109179
0.547179
1.147461
1.884462
0.660913
0.406958
1.763721
0.885099
1.320766
1.813748
0.305874
0.221632
1.154795
1.430836
1.716827
1.324479
0.549055
1.179266
0.781978
0.493777
1.522307
0.103895
1.523722
0.328895
1.319522
1.323250
0.468766
0.794284
1.052959
1.327099
1.522957
1.029107
0.890774
1.017108
1.433963
0.485526
0.929626
1.737980
0.514166
1.019206
0.123658
0.114074
0.161206
1.405245
1.038272
0.932346
0.914109
0.873093
1.462565
0.185315
1.805941
1.468098
1.656791
0.801153
1.374077
1.234900
1.904170
1.317058
1.536258
1.766665
1.216409
0.504994
0.309328
0.959156
0.201819
0.106920
0.583094
1.435467
0.229151
1.354519
1.001770
0.793353
0.802832
1.448279
0.506899
0.704515
1.282132
0.582143
1.432640
1.829455
1.907608
1.433945
0.106616
1.902450
0.309323
0.250004
1.765411
1.652465
1.534700
0.944301
1.320451
1.895492
0.260423
0.736630
0.177168
0.774100
1.678715
1.262078
1.004166
0.810145
1.796084
0.094706
0.429904
1.338501
1.046603
1.900160
0.479774
1.889660
0.754276
0.991270
1.281564
1.712753
1.542224
1.021543
1.891586
0.974213
1.092514
0.503258
0.941059
1.001425
1.650715
0.411572
1.572290
1.318060
0.285954
0.680620
1.331498
1.142603
1.323219
0.462125
1.391164
0.474873
1.198168
0.369590
0.878027
0.625289
0.181104
0.432558
0.700517
1.765969
0.504584
1.821445
0.654764
1.885339
0.147101
0.691668
0.096684
0.253293
1.715168
1.434951
0.457139
0.314776
1.655763
1.534612
1.001293
0.183264
0.301102
0.407228
1.785857
0.806715
1.875397
0.900866
0.961349
1.606824
0.641406
0.681551
0.093692
1.018316
0.353000
1.210439
1.435585
1.234032
0.684147
1.038808
1.725030
0.910767
0.283985
1.322364
0.783821
1.796862
1.640430
0.437409
0.244990
1.034693
0.220229
0.095594
0.111755
1.434941
1.520303
1.642814
0.646537
0.128629
0.801524
0.462388
0.889354
1.010306
0.219653
1.399536
1.318295
0.832705
1.902914
1.377759
0.180861
1.540556
0.106278
1.214916
0.869169
1.519830
0.889326
1.038607
0.674286
0.645873
0.091519
1.017884
0.794998
0.991868
0.101832
1.672165
1.825232
1.063981
1.127245
1.434605
0.107529
1.130336
1.721456
1.904596
0.303466
0.859025
1.310017
1.518382
0.101729
0.751799
0.235098
1.752841
1.504822
1.522834
0.702131
1.220568
0.681784
1.898949
0.211033
1.522521
0.937666
1.907762
0.630127
0.258133
1.654946
0.431967
0.261884
1.304452
0.090885
0.091244
0.206837
0.402258
0.220082
1.899758
0.387733
0.428109
0.786639
1.775201
0.733957
0.536825
0.745176
1.466393
1.330601
0.943116
1.641267
0.226360
0.092643
1.400834
1.002606
1.132144
0.099177
1.469434
0.766176
0.667776
0.580760
0.710280
1.793096
0.307038
1.009174
0.697014
0.091360
1.861076
1.416162
0.383812
0.261226
0.154001
0.374509
1.845509
0.182134
1.658321
0.329741
1.323105
0.652910
1.728992
1.054465
0.945270
0.418817
1.721156
0.251491
1.123940
0.851179
0.217445
1.759401
1.479666
0.404543
0.394355
1.509604
0.135755
1.904691
0.672931
1.599120
1.901605
1.275188
0.091828
1.590137
1.719292
1.019543
0.311725
0.430408
0.246843
0.181774
1.318719
1.313114
0.092267
1.540636
1.145168
0.670543
0.185781
1.690467
1.649928
0.782324
0.337246
1.662599
1.539797
1.122575
0.452101
0.105112
1.717859
0.538956
1.718988
1.044201
0.095533
0.158553
0.516249
1.054023
0.138373
0.816224
1.508942
1.413572
1.900711
0.286235
1.780197
1.889015
1.182596
1.320510
0.430447
0.457227
1.661763
1.902846
1.522865
1.853024
1.713280
0.842033
1.461487
0.802092
1.843228
0.524677
0.516970
1.526698
1.653078
0.983208
0.473775
1.653879
0.245480
1.215868
0.222529
1.759719
1.902339
1.492555
0.676012
0.138274
0.251273
1.519096
1.072759
1.727502
0.349042
1.142283
1.904202
0.925691
0.292605
0.090819
1.438099
1.137356
0.227737
0.785922
1.902164
1.724743
1.640648
1.542418
1.211095
0.667714
0.727097
0.091024
1.721693
0.168399
0.652915
0.091386
1.443727
1.038551
0.159184
1.027893
1.530725
1.650012
0.711462
0.968000
0.091167
0.566819
0.618556
0.091105
0.630964
1.522614
0.752501
0.636472
0.245642
1.553925
0.745330
0.783827
0.398935
1.435585
1.105681
0.854811
1.219588
0.928000
0.321782
0.196089
1.024089
0.129901
0.090850
1.550994
1.873456
1.717854
1.019882
0.771877
0.758597
0.706288
1.487924
0.350464
1.718643
1.908996
0.679690
0.496156
1.001284
1.645532
0.669302
1.017568
0.952778
1.139905
1.028967
1.336130
1.831327
0.431906
0.961970
0.803619
0.213798
0.956575
1.001208
0.706896
1.341065
0.216521
0.215110
0.504515
1.519417
1.007794
1.124534
1.236836
1.434935
1.735924
0.270285
1.759751
1.262849
1.126579
0.091260
1.282001
0.260183
1.321212
1.015487
0.349199
0.504697
0.780421
0.563290
1.320328
0.632683
0.571221
1.902312
1.141783
0.433255
0.940880
1.026988
0.314423
1.008663
1.779153
1.310681
0.344569
1.830541
0.115699
0.348109
1.839496
1.142369
1.210920
1.038768
0.135190
0.241383
1.142110
0.331204
1.742251
1.001332
0.514462
0.174330
0.750068
0.431109
0.398039
0.631644
1.024749
1.758734
1.905720
1.557901
0.092193
0.802258
1.218798
1.407517
1.848180
0.678079
1.046938
0.431494
1.515722
0.718913
0.913152
0.509713
1.519695
1.134762
0.397749
0.091986
0.227498
1.437552
0.535639
1.493800
1.879777
1.211322
0.257523
0.308941
1.002677
0.841910
0.114532
0.092571
1.776374
1.281716
1.734123
0.560503
1.128980
1.036158
0.364702
1.285356
0.382870
0.689427
0.165322
0.096960
0.357114
1.053857
0.153547
0.144495
0.542259
1.151799
0.981295
0.766605
1.021101
0.924558
0.298804
0.963875
1.232143
0.711688
0.186105
0.189256
1.286428
1.434955
0.711580
1.652872
1.101301
1.224999
1.515084
0.485858
1.437645
1.434940
1.555169
0.179104
0.611501
1.393196
0.509292
0.968129
1.544773
0.943036
1.001309
1.708608
0.732991
0.255982
0.537018
1.530418
0.211099
0.680344
0.678434
0.680956
1.849119
1.877545
1.321485
0.281639
0.151016
0.672522
0.810338
0.805732
1.000201
1.038069
0.096191
0.428291
0.970515
0.434290
0.197957
0.158358
1.431444
0.927192
1.322137
0.551830
1.513757
1.123711
1.024997
1.903465
0.805571
0.091141
1.797731
1.028029
1.693845
0.227211
1.437885
0.856338
1.720407
0.650973
0.939319
1.297150
0.924571
0.283169
1.730858
1.211331
0.119393
1.003625
1.868928
0.096455
1.323296
0.691928
1.211880
1.138026
1.278684
1.490018
1.210697
0.334365
1.326076
1.903933
0.118505
0.950452
0.460003
1.478346
1.657567
0.276783
0.090980
0.096565
1.126774
0.510349
0.279558
1.001409
0.411402
1.219271
1.724498
0.479900
0.628217
1.721017
0.090914
1.000320
1.810902
1.320385
1.143077
1.679870
1.177102
0.236136
0.726284
1.019928
0.982513
0.109635
0.091468
0.145688
1.900571
1.039388
0.657340
1.274453
1.144604
1.012844
0.156587
0.711573
1.348752
1.320684
1.141214
0.095397
1.816594
0.415605
0.328347
1.890853
1.124850
1.768551
0.942218
1.538770
0.899607
1.230941
0.279061
1.316374
0.702841
1.685771
0.966661
0.109012
0.118013
0.812976
0.108985
1.673249
0.349704
1.001256
0.135178
1.002926
1.438716
1.522371
0.152118
0.405691
1.894107
1.424436
1.499453
1.211154
1.133736
0.440728
1.144012
1.813150
0.091332
0.715193
1.127362
1.318742
0.194463
0.090878
1.142049
0.588523
1.142836
0.960894
0.277684
0.179297
0.926908
1.210012
0.873636
0.529935
1.724881
0.223478
0.763029
0.475902
1.507827
1.249593
0.197192
1.550025
1.677062
1.654386
1.432731
1.872424
1.869547
0.349447
0.513417
0.273919
1.038610
1.321069
1.016335
1.892987
1.632891
0.633289
1.278528
0.733157
1.899906
1.516798
1.813223
1.522112
1.610274
1.903159
0.529954
1.834953
1.896472
1.203896
0.654544
1.197318
1.363618
0.731428
1.393231
0.179589
1.895263
0.454496
1.140956
1.352088
1.038418
0.826401
0.478030
1.889716
0.346291
1.844668
0.943411
0.674142
1.262993
0.258399
1.455299
0.319570
0.090774
1.021836
1.369173
1.029494
0.685380
1.326930
0.212606
0.671740
0.133125
1.573183
1.392045
0.914551
0.647062
0.490838
1.720988
0.090612
1.389060
1.648604
0.515483
0.354117
0.370870
1.702165
1.653766
1.653145
0.529365
0.790278
0.195183
1.841033
1.453559
1.899490
0.566944
1.320764
1.001288
1.265301
1.288562
1.695626
0.121702
0.539225
1.544337
1.140952
0.808724
1.791516
1.144158
0.557542
0.274023
1.402052
1.851050
0.157055
0.219462
0.493220
1.880572
1.211150
0.166191
1.537616
0.490049
0.530152
1.717019
1.849345
1.004200
1.022698
1.566881
1.282938
1.016511
0.769534
1.721606
0.476637
1.038828
1.819261
0.139137
1.130514
1.510612
1.854189
0.379808
0.966792
0.534901
1.322352
1.111334
1.024702
1.528751
0.123662
0.173610
1.557364
1.017568
1.678302
0.701734
0.305466
1.656158
1.348206
0.557430
0.506131
0.667163
1.211754
1.318861
0.292777
1.027151
1.043048
1.510373
1.228980
1.654184
1.722349
1.435938
0.939251
0.948038
0.470994
1.905305
1.476367
1.853712
1.132632
0.091424
0.104505
0.934071
0.856426
1.654174
0.810760
1.435293
1.322886
0.509993
1.070765
0.926522
0.506620
1.295973
0.142189
1.017566
1.427151
1.017810
0.810040
1.436230
1.521597
1.787876
0.897864
0.280348
1.241279
1.434560
1.910433
0.090715
0.121058
0.275900
0.405263
1.339518
1.571650
0.553002
0.648308
1.019412
1.320337
0.090858
0.414221
1.517006
0.283029
0.473534
1.036619
0.117922
1.454845
0.778297
0.787848
0.906654
1.500602
0.094477
1.165740
1.022184
0.553668
1.142708
1.764097
0.163226
1.038640
1.259115
1.400734
1.319141
1.259424
1.576545
0.399127
0.249677
1.386727
0.160133
0.284047
0.512353
0.694207
1.766174
0.678355
1.846592
1.904941
0.268788
0.767643
1.702425
1.555518
0.484271
1.626593
1.652760
1.505233
0.537647
1.000091
0.268616
1.465283
1.346938
1.664709
1.392563
1.904279
0.097336
1.720219
0.168541
0.203611
0.828614
0.818343
0.701572
0.212548
0.090867
1.375672
1.651665
0.495229
1.210857
1.046362
0.882459
0.095920
1.653504
1.052489
1.460570
0.232069
1.677943
1.270894
0.212083
0.933397
1.038938
0.510265
0.673666
1.130021
0.129093
1.144415
1.044461
0.530483
1.520563
0.769644
1.647807
1.345511
0.796367
1.566694
1.835128
1.897135
0.557361
1.362991
1.021121
0.254093
0.260656
1.895238
1.836990
1.651526
1.029041
0.090838
1.104820
1.020013
1.784592
1.434953
1.018562
1.685647
0.804570
0.445525
1.000944
1.531159
0.681706
0.518296
1.392468
1.719926
0.994953
1.663121
1.307234
1.440872
0.313688
1.144815
1.902673
1.766517
1.074520
0.351573
0.091448
0.163135
1.545915
1.142439
1.483684
1.528986
1.321104
1.392892
0.108425
1.376301
0.522454
1.140643
1.547092
0.234079
1.524922
0.872752
1.462627
1.137886
1.689154
1.316685
1.314902
1.901970
1.441832
1.820195
0.430927
1.692143
0.494642
1.280447
1.435848
0.834863
1.134296
1.881691
0.379717
0.091954
1.411184
1.017562
0.700684
1.840748
1.017562
0.430963
0.657421
1.434246
0.118815
1.541651
0.820516
1.516342
0.705334
1.495179
0.333635
0.667187
0.718133
1.886274
1.894005
0.513126
0.255644
0.698162
1.028036
0.547140
1.395424
0.685001
1.789407
1.858333
0.554169
1.435011
1.343436
0.456227
0.176700
1.812436
1.448224
0.932728
1.727319
1.714460
1.338978
1.556281
1.391372
0.946405
1.658900
1.525278
0.395050
0.509514
0.431023
1.575138
0.638819
1.038756
1.902375
1.330963
1.521919
1.532061
0.466594
1.692451
1.653042
0.632390
1.027297
1.218797
0.628190
1.041783
0.542843
0.772877
1.845789
1.833005
0.476057
1.699388
0.918666
1.734662
0.137913
1.844322
1.663343
0.533670
0.432018
0.177669
1.791149
1.714602
0.176307
0.111810
0.158254
1.018078
0.583427
0.494649
1.818073
1.320596
1.651698
1.172117
0.497719
0.409586
0.782197
1.027827
0.669979
1.009962
1.102942
0.099947
0.787820
0.637356
0.446411
1.538120
1.017562
0.107529
1.545450
0.754330
0.793137
1.053974
1.899825
0.091977
1.219975
1.104368
1.867042
0.390815
0.280534
1.404314
0.091347
0.491902
0.897901
0.784516
1.768232
1.500715
1.275293
1.639792
0.550782
1.767839
1.321432
0.348850
1.522907
0.802269
0.108405
0.235167
1.031663
1.852704
1.517120
0.935934
1.883816
0.492506
0.508766
1.894666
1.021836
1.026458
1.462297
0.840891
1.433232
1.218938
0.491374
1.653355
1.228488
1.856861
0.150349
0.296580
0.146664
1.851566
1.615317
0.244933
0.328614
1.038715
0.637476
0.354748
0.097860
0.248585
1.019882
0.531632
0.765041
1.183481
0.943262
1.210955
1.507327
1.009561
1.398134
1.709711
1.716835
1.897035
0.213439
0.327785
1.512076
0.317820
1.317159
0.705116
1.768815
0.667672
0.563258
0.510210
1.158395
0.976608
0.166129
0.945971
1.300877
0.099733
1.562115
1.858283
0.939745
1.899939
0.286742
0.111596
0.277641
1.155718
1.024274
0.611177
0.203671
0.090794
1.744271
0.547592
1.281964
0.662996
0.734122
1.904005
1.139764
1.895261
0.547159
0.886764
1.434953
1.004776
0.998271
0.485109
0.090490
0.392801
0.978783
1.519837
0.608801
1.393162
1.744235
0.959593
1.777837
1.453214
1.013912
0.291815
1.767127
0.748943
1.515722
1.334437
0.231524
0.269398
1.725057
1.902990
1.038575
1.091635
1.612824
1.670241
1.217183
0.228858
1.427501
1.576477
0.126711
1.878570
1.902363
1.148837
0.960744
0.402448
0.661000
0.967568
0.152665
1.766802
1.809777
1.517576
0.853517
0.959232
0.799068
1.320948
1.434924
0.234368
1.685821
1.725455
1.318949
1.651047
0.105273
1.104874
0.781373
0.179717
1.566193
0.377315
1.434338
0.527071
0.335100
0.567685
0.210231
0.173787
0.172128
1.745130
1.143736
1.434871
1.513795
1.529705
0.486331
1.449671
1.888868
1.003570
0.185255
0.194886
1.900521
0.258759
0.192272
1.144131
0.096158
0.709658
1.126833
0.110720
0.092730
1.849916
0.830101
0.171733
0.940250
0.418017
0.394418
0.090806
1.437183
0.327660
1.654038
1.103204
1.526256
0.274880
0.228346
1.435811
0.463946
0.898860
1.174825
1.039129
0.805417
0.841116
1.730067
1.016578
1.034595
1.046908
0.536964
0.648228
1.704393
0.170232
0.879769
1.538534
0.115294
0.555561
0.562821
1.854896
0.162334
0.924172
1.811274
0.182627
1.797165
0.380774
1.829313
1.542674
0.464278
0.180144
1.714494
0.733634
0.572826
0.256081
1.817799
1.282210
1.137359
0.349853
1.211251
1.890864
0.943699
1.567780
1.397545
0.584378
0.496057
0.777540
0.561003
0.923418
0.503766
1.038627
0.242720
0.095331
1.223822
1.766579
0.339421
1.336472
0.091964
0.214430
0.754000
1.839204
1.714588
0.714466
1.400429
0.795390
0.127296
0.228863
0.903464
0.628745
1.319374
0.172596
1.328943
1.019781
1.771346
0.676610
0.292889
1.876144
1.696103
0.718265
0.131174
1.104384
0.846872
1.434759
1.837848
0.884655
1.216851
1.518626
0.826783
0.595944
0.936308
1.268872
1.123765
0.700219
1.472180
1.511478
0.090955
1.902564
0.483363
1.463541
1.204850
0.270065
1.855648
1.143641
1.492408
0.971430
0.540041
1.359020
1.519755
1.019879
0.091300
1.848655
0.091729
1.669977
1.561579
0.851330
0.246267
0.391939
1.299304
1.906583
1.516399
1.023016
0.665548
0.756564
1.888139
1.695694
0.112840
0.931429
0.096638
1.732237
1.708960
1.677172
1.254535
1.716020
1.652902
1.903437
0.827720
0.276342
1.609296
0.445029
0.268952
0.440653
0.283766
0.705732
0.572878
0.425201
1.268946
0.755177
0.140727
0.951552
1.435146
0.784300
1.211264
1.524533
0.181919
1.767803
1.141111
1.888091
1.885846
0.481754
0.473601
0.110500
0.202448
1.396889
1.718897
0.422828
1.264547
0.162645
1.210841
0.350820
0.452514
1.434947
1.655537
1.211057
1.845992
0.754405
0.122185
1.271091
1.557522
1.038676
1.656722
0.732128
0.488261
0.250669
0.725508
0.253994
1.653051
1.404120
0.286239
1.527115
0.665590
1.321049
0.128212
1.141284
1.803399
1.506492
0.170531
1.269872
0.132819
1.510803
0.804207
0.610251
0.226483
0.296679
1.582322
1.585947
1.853860
0.114694
0.492394
0.114468
1.527190
1.391603
1.723796
1.802154
0.274108
0.326490
1.009809
0.091894
1.021761
1.017513
1.437439
1.783783
0.420205
1.901864
0.795370
1.719923
0.258036
1.279917
1.011440
0.788023
0.869249
1.038524
1.029280
1.892675
1.773913
1.900443
0.249881
1.277475
1.135319
1.011422
1.434918
0.140233
1.577019
1.320461
0.295416
1.909019
0.099632
1.429646
1.017563
1.439379
0.408780
0.909080
1.673542
0.301602
0.215237
1.793746
1.529115
1.347395
0.105220
1.014740
0.945773
0.316743
1.901282
1.435935
1.893958
1.690935
0.257903
0.138664
0.864268
0.704592
0.714966
0.498375
1.285542
0.269957
1.715227
0.365414
0.492133
0.202487
1.903666
1.017660
0.919121
1.104129
0.329266
1.906520
0.447372
0.783657
1.528130
0.288862
0.674868
0.653493
1.385414
0.128138
0.095069
1.227067
0.929868
0.199529
0.412458
1.441958
1.686552
1.065762
1.210380
1.138364
0.154792
1.720174
0.911450
1.019546
0.833636
1.514155
0.140707
0.636321
1.527751
1.703767
0.471166
0.177436
0.091352
1.319519
0.608149
0.277312
1.842884
1.325748
0.545012
0.509120
1.525484
0.253853
0.276302
1.177688
0.176364
1.451043
0.940086
1.807122
1.018602
1.319275
1.018099
1.038504
1.886066
1.398034
1.564898
0.939305
0.673387
0.190082
0.405336
1.040651
0.408768
1.691349
1.434922
1.019883
1.897367
1.818409
0.282048
0.517284
0.806488
1.104389
0.501725
1.533684
0.126434
1.703763
0.545535
1.501242
1.006728
1.247787
0.850530
0.104563
1.689115
1.290199
0.797642
1.000154
0.346723
0.191577
0.504078
0.485053
1.147233
0.109119
0.766515
1.743556
0.096881
0.090909
0.880681
1.334778
0.610565
0.522161
0.507839
0.982545
1.898799
0.267533
0.852548
1.890909
0.437494
1.652899
0.669367
1.524215
0.471833
0.655190
0.997854
1.641004
0.255552
1.282005
0.774418
0.442253
0.090757
1.280358
1.767135
1.855831
0.499805
1.905521
1.507494
0.133405
1.765535
0.411689
1.653991
0.949476
0.114307
1.798732
1.165650
1.041083
1.015313
1.243680
0.488885
0.716374
0.941482
0.951459
0.507015
1.898027
1.211150
1.655960
1.514077
1.434989
0.159416
1.488544
0.838822
0.665189
0.602931
1.502288
1.108125
0.110234
1.773003
1.703126
0.615295
1.138427
0.825100
0.615156
1.335555
0.580698
0.928013
1.698429
1.254781
1.612368
0.533788
0.134314
0.162268
0.161182
0.388221
1.038785
0.549262
0.747767
0.354362
1.434949
1.512267
1.485941
1.763020
0.518029
1.280844
1.328413
1.649766
1.692266
0.654188
1.769065
1.767831
0.710152
1.717276
1.839646
1.820098
1.203782
1.716985
1.194478
1.211331
1.906172
1.237086
1.717206
0.750343
1.039443
0.321689
1.142890
0.090712
1.210951
0.125661
1.038625
0.699931
0.867857
0.301754
0.721752
0.655324
1.709318
1.656664
1.497557
0.808689
0.598106
0.844125
1.474370
0.575991
0.122951
1.434906
1.709220
1.653688
1.017572
1.436790
1.718291
0.636874
0.129107
1.365833
1.902889
1.700655
1.013558
1.641313
0.281034
0.788321
0.664733
1.664915
1.434002
0.581893
0.127496
0.491724
0.497092
1.521231
0.125082
1.485179
1.434925
1.037565
1.904963
0.451525
0.389192
1.873155
0.736005
1.024320
1.906834
0.123609
1.902174
1.669434
1.846278
1.317831
0.091629
1.653227
1.426066
0.819894
0.091081
0.510101
0.433395
1.002448
0.750744
1.488685
1.148174
1.479310
0.093779
0.516002
1.648052
1.331427
0.112118
0.587391
0.655948
1.330424
0.248525
0.303250
1.433208
1.714406
0.360446
0.155087
0.453526
1.868742
0.130020
0.559093
0.524642
0.411613
0.674125
0.500330
1.534817
1.318724
1.899379
1.610069
0.787339
1.317043
0.814823
0.951024
0.626492
0.521437
1.878129
1.274958
0.290611
1.282030
0.211873
0.936023
0.691198
1.041074
1.664503
0.095864
1.808014
0.529928
0.434455
1.152893
0.258140
0.620342
0.706506
1.667677
1.321283
0.682869
0.682829
1.319743
1.473378
1.103528
0.992545
0.626508
0.842083
1.905321
0.590787
1.142635
1.320374
0.204355
0.561983
0.664415
0.810400
1.135686
0.609957
1.228468
1.548392
0.174647
1.652778
0.113706
0.187681
1.156271
1.517765
1.005150
0.307865
1.405715
1.766789
1.422173
0.464648
0.477834
0.177742
1.677310
1.882749
0.195367
1.318995
0.473127
0.248691
1.322577
0.502936
1.515745
0.803504
0.630722
0.524102
1.001288
1.337455
0.786845
1.570770
1.249708
0.495045
0.911747
0.774360
1.848262
0.897284
1.515629
1.401627
0.413124
1.766751
1.515400
0.766120
0.118141
1.001451
0.788131
0.628566
1.856030
1.787415
0.194572
1.877500
1.560388
0.143069
0.207713
1.905141
0.811151
0.538840
0.103516
1.897095
1.003775
1.257779
0.137673
1.435557
0.091515
1.743544
0.143555
0.794214
1.322261
0.868317
0.821790
0.750668
1.211217
1.279722
1.897552
0.322092
0.097216
1.369416
1.518768
1.486767
1.450747
1.017562
1.138155
0.095819
0.119196
0.989862
0.331573
1.881688
1.145534
0.654333
0.792267
0.340984
1.766130
0.427050
1.124328
1.025825
0.778622
0.366520
1.434960
0.144322
1.141353
1.019471
1.099552
1.211212
0.093231
0.783190
1.321095
1.435114
0.639113
1.038616
0.994136
1.366247
1.850482
0.100812
0.809451
1.624074
0.431687
0.223068
1.158370
0.250345
0.793971
1.448514
1.397517
0.861596
0.862690
1.727664
0.262015
0.716870
0.712371
0.892726
1.012544
1.903555
1.893845
0.209458
1.691119
1.321740
0.195738
1.332442
1.372941
1.871659
1.854587
0.364098
0.697588
0.882352
1.420260
1.900255
0.470168
1.714628
1.878142
1.857851
1.651307
0.822569
0.278631
0.854271
1.872732
1.321282
1.038424
0.858761
1.209758
0.645264
1.205312
0.503626
1.435683
0.231912
0.181638
0.477961
1.467847
1.327077
0.482107
0.551907
1.855204
0.532427
1.481068
1.320084
1.441062
1.723243
1.519933
1.315327
0.405988
0.378477
0.654161
1.279600
1.645228
0.119034
1.044234
1.858637
0.091124
1.595758
0.100120
0.664656
0.090735
1.018547
1.684315
0.220839
0.688831
0.850344
0.097523
1.903886
1.783648
1.541199
1.433851
1.554140
0.212386
0.665958
0.392425
1.211465
1.523307
1.038585
0.101584
1.519966
1.853857
0.144902
0.563927
1.891393
1.658413
1.434943
0.856251
1.654554
1.872720
0.090958
1.141579
1.019932
1.283817
1.837912
1.104360
1.773309
1.651044
0.957543
0.482753
0.091494
0.315662
1.752697
1.532624
1.210941
0.550499
1.127108
1.731220
0.608353
1.271516
1.868911
1.002594
1.017380
0.227112
1.720573
0.746897
0.090666
0.815516
0.100307
0.104107
1.895974
1.157671
1.539435
0.239597
1.019556
1.528285
1.835104
1.210842
0.192505
0.898066
1.149964
1.780727
0.237134
0.756150
0.743635
0.890628
0.318781
1.715677
1.762641
0.674816
0.091530
0.866849
1.360992
1.905764
1.009569
1.718875
0.094557
1.864550
1.812046
1.637889
1.796426
1.407145
0.793862
1.525525
1.505285
1.393568
0.093402
0.768326
1.619587
0.212130
1.435312
0.731548
1.902811
1.896283
1.759710
0.899883
1.800755
0.671034
0.552842
0.690080
1.861718
1.405537
0.796261
1.509138
0.814906
1.275854
1.465915
0.372535
0.848669
0.230971
1.088514
0.659727
0.909888
1.670736
0.999262
1.327181
1.278286
1.079396
1.038598
0.452642
0.337679
0.672309
1.433129
1.393848
1.652817
0.189382
1.037921
1.537196
0.097088
1.012740
1.393121
0.178221
1.664984
0.942703
0.604156
1.137167
0.593560
1.520844
0.373586
1.793427
0.535689
0.201200
1.434064
0.468559
1.017821
1.690396
1.125266
1.859595
0.288420
0.995231
1.655920
0.091436
0.604110
0.923344
1.810455
0.090935
0.774168
1.460197
0.424505
1.003009
1.294259
1.427724
1.891552
0.787116
1.036467
1.757673
1.435813
0.926159
1.108826
1.905092
0.912260
0.108765
1.653435
1.684191
1.702417
1.319803
0.092061
0.660104
1.322962
0.230093
0.844392
0.271408
0.159096
1.011743
1.575488
0.559215
0.506541
1.532130
1.864324
1.755384
1.898791
1.038558
0.173942
0.105316
0.280041
1.709954
1.550556
1.516992
1.656232
0.090640
1.703706
1.865529
0.741786
0.902271
0.789417
1.017559
0.662406
0.813725
1.529222
1.400766
0.729601
0.469633
1.903731
0.102379
1.722894
1.667365
1.329867
1.899050
1.652671
0.833752
1.695064
0.810427
1.544077
0.681656
0.138549
1.253968
1.456918
1.508109
0.695858
0.091358
1.423053
1.868919
0.541672
0.443429
1.840388
0.223166
1.543839
0.130880
0.354002
1.334109
1.401952
1.564617
1.109822
0.092145
1.142697
1.803224
1.280109
1.827149
1.500196
1.281666
1.018096
0.431303
0.107337
0.809376
0.510467
1.706046
0.286536
0.128121
0.208078
1.718578
1.652322
0.090695
1.007143
0.114420
1.891985
1.212138
0.171860
1.210836
0.525703
0.091154
1.001227
1.879051
0.555155
1.397476
1.433435
1.889140
1.220626
0.473410
1.713476
0.556593
1.666366
1.514622
1.622084
1.904538
1.855129
1.656129
0.844248
0.090871
1.283320
0.482655
0.325954
1.355238
1.273011
0.211066
0.482330
0.775872
0.527496
0.367842
0.229197
0.795422
0.217238
0.585495
0.432641
0.090953
0.747748
1.208136
1.512143
0.090825
1.330075
1.895878
1.876264
1.730253
0.631378
0.472793
1.161479
0.906952
1.282282
1.038489
1.596306
0.812193
1.001285
1.434925
1.524190
0.546135
0.973806
0.253033
1.016908
1.321777
1.210840
0.634866
1.905980
0.225639
0.206496
1.017043
0.560857
0.811397
1.592194
1.819137
1.604899
0.617228
1.652606
1.283579
1.638902
0.274785
1.152986
1.038358
0.167557
1.529224
1.442188
1.507742
1.766660
0.579050
1.329746
0.561566
0.477561
0.990872
0.281577
1.313286
1.434559
0.533490
0.238417
0.221906
0.674286
1.807444
0.802603
1.761245
1.596350
0.450851
0.261799
0.227432
0.807598
1.718400
1.448649
1.907648
1.905039
0.349633
1.038482
0.448355
1.036983
0.151244
1.888182
0.973040
1.592421
0.454308
0.571887
0.282377
0.667532
0.646054
1.520726
0.180534
1.439867
1.546611
0.397972
0.812686
1.516863
1.146430
1.319609
1.591141
1.891541
0.632193
0.551655
0.108482
0.593206
1.434957
0.215224
0.212883
1.652039
1.902904
1.520301
0.666571
1.901535
1.747580
1.058811
0.313759
0.784196
0.340031
1.349029
0.130299
0.512080
1.818947
1.902400
0.304542
0.658589
1.752659
0.392270
0.304938
0.402801
0.320825
1.541084
1.351736
0.710521
1.515884
0.139823
0.344968
0.426269
0.498140
0.907344
0.654938
0.418529
0.452206
1.017581
0.272096
0.210094
1.497751
0.435454
0.374712
0.348118
1.017563
1.717286
0.500643
0.388698
0.859818
1.533551
1.521066
0.939089
1.785465
0.495246
0.128385
1.542953
0.682112
1.532555
0.630923
0.441707
0.143497
1.721341
1.390526
1.900469
1.287395
0.925402
1.429022
1.552769
1.766477
1.001274
1.575940
0.663455
1.450234
0.663860
0.439386
1.318877
0.154240
0.507026
0.382202
0.254058
0.100725
1.900862
0.472538
0.686955
0.859185
0.540408
1.903117
1.322223
1.508486
1.391090
0.196768
0.350056
1.141290
1.123876
1.019881
0.536356
1.839380
0.860439
0.448158
1.014620
0.448909
0.755402
1.429936
1.659436
0.716988
1.453566
1.657668
1.433146
1.397230
0.421447
0.808188
1.734879
0.102096
1.000586
0.850128
0.451934
0.815797
0.158371
0.813673
1.416096
1.899395
0.791857
0.871510
0.487067
1.218410
1.285316
0.092543
0.659960
1.430452
1.548364
1.652803
0.942287
1.443758
1.660037
1.524726
0.911773
0.261511
1.879906
1.515909
1.434959
0.152793
1.020638
1.065656
1.896442
0.931261
1.635928
0.792664
1.815113
0.153410
0.442312
0.148747
0.683320
1.726652
1.067344
1.657405
1.326469
1.143130
0.152859
0.677964
1.322219
0.119115
0.220505
1.109319
1.667442
1.433321
0.236630
0.094695
1.173515
1.776307
0.690020
1.904155
0.982394
0.793594
1.499595
0.461476
0.803514
0.504166
0.605451
1.540981
1.759148
1.520425
1.522179
0.165344
0.118798
0.676454
1.708948
1.547271
0.122273
1.146361
0.865153
1.083355
0.813104
1.583290
0.115013
1.329592
0.398700
0.741340
1.707851
0.584657
1.014953
0.670840
1.523438
0.332546
0.091082
0.387173
1.893335
0.702130
1.437467
1.699400
0.905675
1.655519
0.324247
1.256645
0.094800
0.475554
0.263716
1.901703
1.519151
1.342039
1.322740
0.093294
0.275796
1.773938
0.526194
1.520616
1.337593
1.810010
0.997792
0.094049
0.470545
1.036603
1.712889
1.483192
0.756144
1.829921
1.356142
0.104739
1.657833
1.487826
1.081370
0.794147
0.525008
0.614242
0.828561
1.708682
0.101601
0.551849
0.402092
1.434087
1.040665
0.743450
1.308632
1.505527
1.441270
0.122046
0.090835
0.128439
1.211196
0.197456
0.667825
1.436060
0.587180
1.533427
0.659866
0.734129
1.587011
0.376845
1.033535
1.579227
1.143817
1.331627
1.522775
1.140320
0.527195
1.893310
1.719611
1.275583
1.046782
0.217234
1.116504
0.456905
0.768406
1.038608
1.259681
0.191402
0.278951
1.681246
1.909156
1.535800
0.103582
0.226860
1.338278
1.355838
1.600699
0.210978
0.525363
1.137564
1.723120
0.224970
0.264808
1.805565
0.143617
0.509837
1.139258
1.529301
1.732197
1.474471
1.216960
1.514418
0.105866
0.900628
0.848931
0.793763
1.434044
0.509483
0.829575
0.931622
1.050072
0.153688
1.285080
1.658706
0.680354
1.282873
1.466803
1.608037
0.286163
1.320760
1.766913
1.265185
1.218436
1.540515
0.231988
0.876109
1.288332
1.001661
0.907962
0.583595
1.213083
0.776357
1.019639
0.933385
1.598932
0.792405
1.319035
1.452038
1.144423
0.191359
1.163917
1.519381
0.354438
1.412645
0.093249
0.095593
1.506764
1.213187
1.672608
1.384272
0.277338
1.321672
0.801888
1.430232
0.423521
0.168778
0.270194
1.279264
0.589689
0.429543
0.938398
1.280907
0.649946
0.607137
0.542957
1.368504
1.037250
0.177597
1.870996
1.281762
1.435745
0.835312
1.434657
0.959129
0.329112
0.423056
0.932356
1.838832
1.900451
0.578487
0.692453
1.207025
1.650862
1.512305
1.324148
1.038618
0.124641
1.014506
0.997965
1.541909
0.655856
1.322978
1.721745
1.402894
1.534464
0.673291
1.728948
1.851764
0.101073
1.139743
1.363560
0.424083
0.112599
1.575005
0.381966
1.490767
0.916989
0.451556
0.817986
0.255541
0.774386
1.490156
1.475040
0.811467
1.541954
1.211256
1.718220
1.029434
1.662237
0.516618
1.902441
0.092729
1.387801
0.377854
1.434364
1.525831
1.020836
0.425873
0.697151
1.319569
1.446136
0.837813
1.001868
0.650059
1.901598
1.856069
1.418901
1.212899
1.653859
0.838161
0.380674
1.766834
1.435041
1.552972
1.730650
0.996648
0.440653
0.245082
1.718140
0.683949
0.270130
1.532595
0.648810
1.336019
0.091190
0.766374
1.769783
0.363180
0.090859
1.582218
1.575626
0.717755
0.286832
1.321687
0.466599
1.393290
0.545589
0.090888
0.866296
0.630524
1.140149
0.196055
0.538330
0.856927
1.519209
0.204465
0.174727
0.623039
1.307972
1.502245
1.661013
0.402391
0.513929
0.924974
0.338975
0.715452
1.440620
0.296622
1.322303
1.701544
1.285158
0.091729
1.088395
1.402200
0.325621
0.927895
0.091066
1.528736
0.719717
0.157059
0.911096
0.309759
1.518650
1.401920
1.321554
1.704867
0.791387
0.794669
0.256970
0.295722
1.036504
0.403038
1.904914
0.226388
1.819774
0.809157
0.209978
0.745516
0.240802
0.994047
0.980705
1.012605
0.404891
1.504004
1.240618
1.661596
0.724688
0.947494
0.266974
1.001288
1.768809
0.679997
0.820063
1.472412
1.523196
1.718635
1.889364
1.211263
1.565265
0.459487
1.897627
1.905354
0.219566
0.771855
1.334816
1.097431
0.385442
0.952151
1.515924
0.455439
1.896566
1.324679
1.514589
0.585793
0.169599
0.275538
1.414436
1.139948
0.192086
1.645373
0.105729
0.765443
1.869110
0.957508
0.321348
0.130433
0.715506
1.904112
0.381786
1.036046
0.114019
0.263085
0.137842
0.304259
0.639970
0.703552
1.212219
1.726158
0.943483
1.301202
1.851459
0.660815
1.285615
0.091948
0.540249
0.339212
1.279988
0.690135
0.962950
1.211056
1.717259
1.885416
1.763932
1.877851
1.461607
1.358062
0.284226
1.398491
0.517799
0.518492
1.146002
1.522484
1.316972
1.857503
0.759416
0.472309
1.332472
1.288284
0.949487
1.141572
0.725988
1.652242
1.393445
0.991505
1.351205
1.398341
0.201047
1.878863
0.539520
0.256083
1.434932
0.121384
0.100148
1.029499
1.907270
1.775272
0.298411
0.458480
1.673377
0.129853
0.649540
1.692463
0.358946
0.092150
1.903602
1.696575
0.122026
0.501744
1.649810
0.157811
0.177482
1.766642
1.574346
0.914763
0.314123
0.911003
1.271229
0.775874
0.626440
0.147345
1.653628
1.904595
1.874669
1.655900
0.095993
0.129193
0.762094
0.816568
0.340199
1.602667
0.940692
1.748359
1.436448
1.715815
1.436927
0.979437
1.660563
1.523407
0.312284
1.718303
1.034301
1.903937
1.682062
0.914819
0.762877
0.153754
1.017467
0.095145
1.211059
0.212113
1.654012
1.040189
1.211204
0.774720
0.332116
0.744992
0.318894
1.483995
0.489731
0.715805
0.213143
0.675032
1.318948
1.649038
1.904205
1.013256
0.353843
0.147893
1.138287
1.017517
0.092663
0.724133
1.524461
1.218402
0.966660
1.001281
0.350263
0.501632
0.823437
1.525751
0.784604
1.005633
1.822220
0.311667
0.645461
1.552405
1.717401
1.028243
1.660534
1.830633
1.626764
0.809909
0.947469
0.476454
0.090678
1.357806
1.652446
1.434998
1.821139
0.184007
1.397682
1.908545
1.372806
1.869221
0.655518
1.126663
0.833599
0.116938
1.657631
1.281816
0.850830
1.757514
0.211048
1.167143
1.439351
0.581846
0.389962
1.674399
1.675301
0.672497
0.489209
1.012003
0.271188
0.415277
1.039161
1.522409
1.178883
1.897579
0.092289
0.092063
0.857553
0.957762
1.571005
0.535275
0.526959
0.212310
0.587546
0.995322
1.270447
0.155679
0.494550
1.262905
1.654169
1.542734
0.221897
0.416410
0.103725
1.528729
1.143262
0.164383
1.314000
1.321415
0.558008
0.211837
1.766349
1.444979
0.991985
1.103589
1.322163
0.093058
0.141764
1.203360
1.097033
0.210762
0.687663
1.536270
1.901257
0.525173
0.135916
1.019680
1.432640
0.143878
0.090718
1.315914
1.043123
1.425488
1.211306
1.434775
1.435030
0.121892
1.445355
0.199591
1.172226
1.490148
1.906026
0.304641
0.511077
0.740016
0.407950
0.967643
1.450555
0.386636
1.346713
1.877243
0.932098
1.434922
1.033292
1.032200
0.642802
0.462269
1.205052
1.519757
1.223914
0.176203
1.855685
0.132440
0.129187
0.533913
0.781995
1.526644
0.692701
1.783005
0.508283
1.531898
1.443203
1.277190
0.504357
1.330704
1.318961
1.767058
1.434952
0.784373
1.567774
1.649203
1.514587
0.742291
0.812575
1.653747
0.687908
1.654958
0.508160
1.149043
1.664740
1.663646
1.767354
1.901711
0.566502
1.855827
1.696461
1.900684
0.503661
0.793022
0.483347
0.474384
1.023359
1.847371
1.852735
0.377144
0.188057
0.444858
1.140202
1.019670
0.387707
1.570822
0.142232
0.092001
0.254798
1.715768
1.150213
1.538561
0.172394
1.138239
0.222454
0.774266
1.717184
0.531597
1.210915
1.210747
0.501572
0.090919
0.153322
1.011129
0.427940
1.211042
0.362351
1.764727
1.542939
0.683101
0.573968
1.143542
1.281680
0.927926
1.038618
0.261018
1.812459
1.529682
0.806147
1.688186
1.393844
1.089773
1.883205
0.949529
0.854970
1.401849
0.573825
0.668478
0.353890
0.148741
1.901094
1.895339
1.740222
0.674709
1.211207
1.896885
0.677387
1.294080
1.904496
1.677149
0.921433
0.403101
0.941444
1.545870
1.067732
1.697672
1.565534
1.778332
0.509103
1.555155
0.269250
1.699934
0.323056
1.131600
1.299730
0.741837
0.169393
1.434951
0.509566
1.738701
0.999906
0.691530
0.617787
1.133604
0.118246
1.774706
0.444405
0.854479
0.767191
1.320586
1.028555
0.683228
0.280529
1.810970
0.223961
1.721593
0.771927
0.252339
1.654697
1.513632
1.023544
0.360867
0.184206
1.893682
1.211345
0.756990
0.443966
1.395374
1.727156
0.131330
1.435094
0.973688
0.850043
0.353357
0.283988
1.767130
1.595686
1.133341
1.458495
0.837267
1.786678
0.502719
0.092285
1.803545
1.902873
1.903216
1.320836
1.012238
1.784509
1.854831
1.824498
1.211280
0.108903
0.201252
0.701293
1.279531
1.903108
1.728268
1.889823
0.090922
1.037623
0.272162
1.870327
0.929201
0.959787
1.767390
1.321448
1.321797
1.654696
0.267216
0.187004
1.523057
0.167829
1.001298
1.017481
0.090783
1.039161
1.768667
0.389530
1.720900
1.663348
0.108801
1.176365
0.251312
1.210668
0.096068
1.857002
0.998348
0.685302
0.404405
1.794814
0.660315
0.107906
0.839702
0.618654
1.458633
1.318450
1.435020
0.522482
1.434897
0.090564
0.464693
0.165948
1.740879
0.821164
0.332717
0.318256
0.753506
0.878887
1.853108
0.890457
1.894850
1.146864
0.251484
1.314692
0.987173
0.296287
1.132153
0.250387
1.654498
1.524035
1.649866
1.903194
0.833630
0.143488
0.401044
0.392776
0.798590
1.833095
1.044466
1.210964
0.484842
0.954888
1.321734
0.633076
1.292077
1.004561
0.689476
0.537090
0.134912
1.406247
1.583502
1.772794
0.921433
1.396361
1.852511
0.958584
0.808411
1.570109
0.144247
0.497218
1.319270
1.718567
1.652854
1.696631
1.766603
1.013996
1.659724
0.092056
1.766605
1.656460
0.623263
1.320069
1.650524
0.099223
0.960337
0.229563
1.039720
0.259406
0.795235
1.522146
0.929210
0.257220
1.881622
0.230971
1.010740
0.144081
0.640678
1.319953
0.149300
1.500462
0.848060
0.853976
1.666353
1.213658
0.694865
1.323035
0.461019
1.653717
0.234604
1.457985
1.527681
0.952633
0.090987
0.180991
0.658015
1.695061
1.899173
1.766883
1.859276
1.778437
1.212352
0.481621
0.833720
0.491156
1.526549
1.399925
1.146169
1.715225
0.230855
1.447312
1.759941
0.412409
0.093127
0.378471
1.016526
1.427066
0.095703
0.182510
0.093020
1.708768
0.304857
0.533019
0.374294
0.768758
1.778057
1.505626
1.797129
1.321477
1.642144
0.711213
1.720769
0.571830
1.543359
0.191940
1.017562
0.222213
0.185897
1.721140
0.272055
0.542764
1.858214
1.653306
1.335997
0.092363
0.658194
1.330022
0.309411
1.827756
1.885055
1.613639
1.521299
0.486928
0.699135
1.813802
0.631713
1.142562
0.995591
0.192258
1.169729
0.273929
0.327453
0.351382
1.555163
0.213836
1.144351
0.307883
1.909371
0.380637
0.129402
0.725313
0.106375
0.724480
1.837726
0.887222
0.721277
1.562569
1.907895
1.740045
0.137253
1.069596
1.695501
1.226216
1.884350
1.742772
0.314632
0.565352
1.172039
0.239700
0.530606
0.219660
1.210006
0.155236
1.004157
0.777770
1.102327
0.565691
1.905060
1.228247
0.183794
0.557454
0.128981
0.868869
1.726101
0.656477
0.093742
0.138698
0.188707
0.768780
1.343773
1.140452
1.652005
1.898464
1.494376
0.671945
0.162887
1.516570
0.938541
0.194023
0.937424
0.702936
0.438670
1.322140
0.094647
0.096309
1.856246
0.126756
1.390612
0.564221
0.435433
1.901968
1.012969
0.118868
1.284634
0.668595
1.033381
1.633957
0.291263
0.377734
1.523861
0.967494
1.012592
0.568526
1.767002
1.019269
0.159614
1.083996
0.771919
0.108333
1.898563
1.151977
1.540946
0.626313
0.939569
1.583933
0.979644
0.907429
0.090741
0.344192
0.802988
1.716795
0.567561
1.780044
1.111677
1.337783
1.907586
1.411416
1.129203
0.989771
1.301466
0.945574
1.607500
0.840952
1.342903
0.091012
0.090693
0.215607
1.326574
1.737917
1.719860
1.395805
0.532353
1.503522
1.668019
1.131165
0.705545
1.553370
1.143248
0.123197
1.824011
1.040669
1.434949
1.032217
1.902287
1.220895
0.207599
1.320004
0.668112
0.368064
1.127419
1.085533
1.083236
0.101327
0.223401
1.557911
0.396815
0.478346
0.109151
1.650510
1.901080
1.434976
0.096863
1.476576
1.280080
0.256748
0.898655
1.770382
0.923947
1.506165
1.904193
0.585474
1.517568
0.757363
0.994068
1.767058
0.479362
1.003902
1.504083
1.715965
1.434948
1.756121
0.503168
1.019361
1.276493
1.439086
0.953761
0.152035
1.023294
0.677317
1.775008
1.311228
0.496540
0.276980
1.528106
1.321699
1.030789
0.100394
1.777784
0.564747
1.216105
1.722557
1.547636
0.310464
0.646041
1.001291
1.514772
1.435034
0.289134
1.835096
0.162992
1.654275
1.316401
0.509707
0.717877
0.282918
1.646639
0.275878
1.601021
1.908143
1.272771
0.107424
0.265534
1.765720
0.935084
1.527761
0.094192
0.338147
0.525168
1.005475
0.945774
1.748173
1.001665
0.802282
1.279725
0.092807
1.292035
0.198234
1.788474
1.381035
0.764802
1.362424
1.126924
1.194385
1.780659
1.764027
0.994394
0.636271
1.517663
0.406292
1.001345
1.536493
0.091029
1.523771
0.481026
1.757660
1.150526
1.316616
1.734752
1.284229
1.434762
1.822885
0.370536
0.392470
0.114754
0.576357
0.461121
0.938899
0.494565
0.692307
1.515564
0.121858
1.434581
0.450985
1.321715
1.897962
0.094824
1.478184
1.017558
1.274125
1.901940
1.627996
0.484614
1.841489
1.329322
0.117884
1.280706
0.347003
0.675700
0.499592
0.921218
0.137926
0.873822
0.578236
0.956522
0.372142
0.799624
0.850321
0.840860
0.305229
0.993422
0.534521
0.322160
0.505991
0.377416
1.750645
1.142902
0.936676
1.646863
0.937373
0.738474
1.899848
0.620986
1.341215
1.395882
1.030692
0.195685
0.143771
0.091440
0.091025
0.796657
1.025944
1.489389
1.716780
0.675970
0.691445
0.473397
1.434900
0.789242
0.318128
1.017561
1.211874
0.555329
1.902830
1.419480
1.142586
1.318176
0.101474
0.613131
0.602296
0.456655
1.000993
0.407877
0.783547
0.392661
1.751397
0.282313
0.497257
1.601946
1.443360
1.766672
1.156005
1.141562
0.780320
0.916484
1.767305
0.525759
1.444864
1.348770
0.928677
0.096158
0.090918
0.837437
0.265731
1.114654
0.177336
0.133773
1.495198
1.321957
1.213153
1.525696
0.601984
1.716186
0.386696
0.508392
1.902619
0.651728
0.276726
1.388789
0.958881
1.900950
1.859140
0.359501
1.545564
1.242626
1.858169
0.113787
0.900223
0.626355
0.158344
0.548735
1.275191
1.038610
1.132600
1.898277
0.692460
0.097576
0.130366
0.257273
0.535670
1.817997
0.475380
1.108515
1.765541
0.859842
0.100534
0.784372
1.900866
0.194649
1.435043
1.317824
0.534657
0.678580
1.384143
0.157101
0.695562
0.414811
0.096913
0.170703
0.517616
0.801170
0.091597
0.484325
1.767319
1.766657
1.274980
0.495424
1.904879
0.459149
0.516274
1.888311
0.490804
0.198454
0.341621
1.653627
1.336423
0.812152
1.530620
0.444347
1.005369
0.505682
0.590775
1.534967
0.739840
1.767662
0.272671
0.536120
0.469676
1.501050
0.665061
0.248247
0.128419
1.440280
0.893041
0.232827
0.219018
0.142360
0.806167
1.136808
1.133410
0.296012
0.155726
0.484284
0.090840
0.655099
1.720448
1.478309
1.139984
0.108661
0.118936
0.385323
0.284723
1.032582
1.714120
0.092127
0.453837
1.281849
1.128038
1.432819
1.544176
1.653188
1.852153
0.703220
1.565030
0.546633
1.469045
1.902153
0.963595
0.681741
1.351555
1.536677
0.420563
0.483508
1.880452
0.691534
1.444872
1.430387
0.783797
0.720191
0.690543
0.211236
0.092161
0.349765
0.100983
0.500384
0.290023
1.877697
0.132043
0.405862
1.461676
1.479065
0.257935
1.021512
0.229289
1.060358
0.490489
1.434918
1.653824
1.394057
0.924932
1.767864
0.820696
1.599282
0.798302
1.203115
0.368435
0.355695
0.119597
0.843332
0.787582
0.261760
0.284050
0.805023
1.326928
1.767982
0.671647
1.022414
0.840546
0.150204
1.780485
0.503530
0.669194
1.039972
0.655966
1.018546
1.516850
1.123839
1.249421
0.201469
0.519136
1.767021
1.224916
1.216703
1.769329
1.767002
1.533398
0.916743
1.865559
1.525133
0.304496
1.716143
0.842451
1.692260
0.128042
0.815817
1.124541
0.297398
0.853878
1.903742
0.378506
0.683551
0.928764
0.183711
1.424298
0.332100
0.217996
1.434954
0.092050
1.774895
1.119792
1.718881
1.692511
1.001182
1.512681
0.457710
1.026452
0.642365
1.894382
0.574791
1.450114
0.503808
1.473383
0.846488
1.321030
0.177812
1.318724
1.902375
0.184343
0.613150
0.524311
0.510271
1.550973
1.091369
0.143111
0.204987
1.908588
1.434945
0.498504
0.389661
0.603786
1.897095
1.019900
0.965336
1.906382
1.286346
0.512142
1.533405
0.108630
1.266126
1.901218
0.820139
1.282801
0.773495
0.227347
1.753742
1.715396
1.039665
1.481536
1.908080
1.627108
1.514497
1.723618
0.938035
1.750615
0.989796
1.423479
1.907204
1.499124
0.416608
1.338936
0.114505
1.357021
1.765409
0.342875
0.449097
1.598407
0.529616
0.508865
0.792491
1.715091
1.884727
1.517337
0.240760
0.474164
0.509898
0.890224
1.654390
0.820559
1.501068
0.438048
0.463151
0.630882
0.868627
1.316356
0.553721
1.906450
1.012221
0.697778
1.219197
0.265425
1.327112
1.692562
1.651686
1.238419
0.674837
1.325387
0.090799
1.171014
1.211356
1.432477
1.654433
0.646670
1.718155
1.058502
0.980682
1.320864
0.541033
1.024616
1.828763
1.717061
0.468530
0.460549
0.743644
1.818967
0.786005
0.618552
0.966791
1.097776
1.691617
1.047326
1.001325
1.017690
0.219911
0.937003
1.212554
1.328679
0.104028
1.817997
1.319331
1.537034
0.269626
0.671715
1.322802
1.844033
1.436508
0.556047
1.526723
0.215811
1.229766
0.452313
1.019574
0.884556
1.523943
1.051626
0.274826
1.888520
1.684294
1.770266
0.141909
1.047328
1.126649
0.323385
0.322697
0.273856
0.349330
1.844985
0.173131
1.320895
0.095326
0.359348
1.522812
0.864449
0.523529
1.671397
1.144278
1.720907
1.745536
0.212360
1.781772
1.140913
1.198752
0.090883
1.213086
0.796181
0.341986
1.154396
0.528287
1.745164
0.200884
1.019886
0.953965
0.142697
0.130740
1.211346
0.835033
1.721894
0.132180
1.017920
0.118339
0.680261
0.962519
1.041212
0.611293
1.767061
0.267250
0.976457
0.114879
1.505804
0.457252
1.650746
1.320883
1.142751
1.017776
1.855708
1.210834
1.434760
0.721504
1.902231
0.110137
0.806753
0.513496
1.117132
0.500872
0.386192
0.265037
1.277993
1.891154
1.495827
0.321123
1.716882
0.451410
1.279822
0.387260
1.434770
0.414482
1.695232
1.559962
1.113942
0.703964
1.078707
0.128756
0.121962
1.393076
0.091067
0.346995
1.859209
1.841804
0.198007
1.008517
1.120395
1.322190
1.398442
0.502487
0.154608
1.636517
0.776846
0.090546
0.321048
0.594544
0.164248
0.144010
0.120161
0.239424
0.517490
0.276471
0.396396
1.710444
1.394839
1.142352
0.947175
1.903262
1.320835
1.877564
0.134475
0.091159
0.664301
0.168108
0.815146
1.528238
1.530659
1.663800
0.512762
0.630698
1.009050
0.401171
1.148931
0.615589
0.949780
0.669874
0.293157
1.758577
1.845575
0.262989
0.971999
1.811480
0.369847
0.660533
1.620620
0.500368
1.001491
1.530523
0.699319
0.416881
0.176506
1.436892
0.777239
1.766673
1.907533
0.476884
1.154213
1.017566
0.091484
1.873422
1.525635
1.143208
1.770696
1.531541
1.782362
0.321172
1.650501
0.255051
1.836102
0.091955
1.652560
0.223605
0.952476
1.357403
1.326984
0.645327
0.451429
1.898222
0.298743
0.877717
1.035239
0.176393
1.901742
1.209059
1.906868
1.435010
0.306496
0.330447
1.765182
1.475941
0.445320
1.098877
0.621118
1.521665
1.608946
1.905087
0.614406
0.176799
1.136057
1.251237
0.285958
1.523882
0.183962
1.894149
1.531401
1.903698
1.836300
1.255294
1.011618
1.130839
0.758445
1.018803
0.140837
0.280705
0.465270
1.319168
0.263067
0.737910
0.972580
1.434412
1.211129
0.687874
1.626160
1.809506
0.238454
0.591397
0.982455
0.327049
1.443394
1.551312
1.716796
1.320714
1.001287
1.064376
1.480676
1.589239
1.011849
0.765222
1.669369
1.318714
1.800746
0.951158
0.822025
0.646200
0.286958
1.315565
0.760401
0.486393
1.448436
0.199894
0.795991
1.881855
0.681314
1.351454
0.393234
1.896326
1.653502
0.461342
1.766870
0.276573
0.430426
0.285651
0.320569
1.017563
0.831006
0.515560
0.521298
0.811799
0.199036
0.638173
1.544544
0.933381
0.975523
1.624056
0.091071
1.441349
1.905833
1.001388
1.723427
1.031800
1.687186
0.751402
0.092082
1.718393
0.666974
1.278508
1.896162
1.893447
1.830068
1.708789
1.838321
1.839535
0.703847
1.140134
0.933167
0.930230
1.822122
1.441910
0.705016
1.524171
0.434714
1.004164
0.623053
1.533383
0.912390
0.826094
0.575545
0.843812
1.849412
1.396500
1.406784
1.027896
1.006402
0.844804
1.889927
1.125109
1.434946
0.534065
0.149487
1.212210
1.139908
0.203773
1.142410
1.028908
1.141825
1.553391
1.437390
0.190824
1.895171
1.324831
1.282893
1.436265
1.654386
1.017606
0.205336
1.902318
1.594110
0.977158
1.027894
1.641335
1.719029
1.002261
0.094437
0.431512
0.147653
1.533658
1.027118
1.488176
1.273867
1.689320
1.286191
0.692469
1.538730
0.167713
0.543080
1.813998
1.393568
1.880467
0.783692
0.709632
0.374966
0.659067
0.297868
0.503904
1.520928
1.806406
1.210838
1.387171
0.090851
1.761883
1.900862
1.850131
0.928554
1.318644
1.529980
1.401512
0.457950
1.290543
0.109948
1.615647
1.137913
0.610304
0.889849
0.365196
1.434928
1.330493
1.903973
1.436670
1.434953
0.761717
1.730239
1.318054
0.213637
1.722245
1.660124
1.011511
0.680135
0.751626
0.479670
1.068463
1.650573
0.217833
1.210896
0.939724
1.692927
0.944745
0.490545
1.759461
1.098379
1.845386
0.885029
0.440487
1.195058
1.150747
1.895948
0.945137
0.140286
0.858658
0.710714
0.945666
0.489842
0.943595
1.773993
1.369092
1.444130
1.029877
0.442823
0.143533
1.229364
0.499741
0.542269
0.094525
0.490138
0.666078
1.161559
0.648840
1.572151
1.171129
1.211225
0.224796
1.211049
0.642955
1.620514
1.396533
1.903779
1.014686
0.684256
0.654332
1.319808
1.281793
1.525611
0.456261
1.331927
1.651914
1.906397
1.872142
1.531224
0.098616
0.943317
1.719157
0.499122
1.798949
1.336643
1.458913
1.650721
1.525604
1.835419
0.111146
0.963197
0.913814
1.320511
0.221830
1.321817
0.757643
1.722646
1.827130
1.609204
1.001916
1.898459
1.522514
1.151193
1.529023
0.682307
1.901362
1.395601
0.091251
0.932169
1.281675
0.552846
1.144013
0.598854
0.585567
1.218713
1.173908
0.249482
0.472695
1.891110
1.017562
1.667797
1.147034
0.464453
1.793396
0.107573
1.751077
1.843949
0.741712
1.136338
0.873663
1.538164
0.431687
0.090959
1.283944
1.161395
0.502074
1.449657
0.686513
1.210934
1.308885
0.110756
0.810643
0.615029
1.717728
1.866712
1.274208
0.834435
1.434936
0.754423
0.297490
0.995082
1.898064
1.650737
0.243585
1.900405
0.116798
1.017499
1.122769
1.663284
0.483669
1.406982
1.320997
0.938426
1.391199
1.529781
0.920169
1.658170
1.657574
0.989423
0.488117
1.436085
1.020053
1.190783
0.272217
1.213698
1.364707
0.543482
0.545500
1.526291
1.766958
0.233439
1.034274
0.884692
1.763380
1.418906
1.281576
1.142927
0.109861
1.584603
1.000326
0.685041
0.302281
0.693748
0.811107
1.855180
0.940536
1.803416
0.275912
1.210523
1.717001
0.090775
0.312140
1.528255
0.153288
1.259087
0.705809
0.503973
0.458681
1.526859
0.826948
0.925871
1.316406
1.653328
0.556353
1.298444
1.657395
0.382991
0.359148
1.140383
1.807724
0.569005
1.835295
1.617515
1.461994
0.230813
0.547855
1.528081
1.369061
0.470663
1.722095
0.445558
0.747870
1.717969
1.821250
1.210950
0.241345
0.982970
0.205470
0.164097
1.697834
0.106232
0.140811
1.716529
1.732789
1.629458
0.127824
0.154605
1.031309
0.550009
0.638608
0.231855
1.473906
0.918465
0.090571
1.019883
1.902589
1.902421
1.749128
1.825009
0.514906
0.881588
1.716603
1.239125
0.943301
1.715312
0.211653
1.693337
0.502198
1.252819
0.309940
1.321182
1.900000
0.676871
1.690934
1.321949
1.650213
1.879811
1.902751
1.254514
1.906294
1.768028
1.318484
1.434917
1.560672
0.099004
0.473190
1.141362
1.728784
1.719571
0.740785
1.457502
0.170191
1.138289
0.901570
0.638225
1.715312
1.393553
1.581121
1.597962
1.038597
0.138970
1.767950
1.863818
0.577936
0.222457
0.862333
1.031871
1.765478
1.653113
1.017576
1.318109
1.839953
1.043416
1.646462
1.671108
1.850943
1.017940
0.215185
1.396562
0.693764
1.775023
1.491520
1.323714
1.445059
1.551906
0.407878
1.211333
1.136031
0.146426
1.882641
1.766972
1.879415
1.736610
0.969017
1.900428
0.700431
0.515696
0.137566
1.323565
1.554215
1.743734
1.393439
1.351379
0.243248
1.833112
0.488181
1.209773
0.667702
1.655536
0.778849
0.253195
0.111792
0.125164
1.282227
0.872438
0.940316
1.434950
0.601484
1.221153
1.331300
1.038499
0.252102
1.104332
0.527505
1.713782
1.852338
1.799519
0.670940
1.532737
0.394670
0.280078
0.525259
0.843767
1.768785
0.100524
1.019876
0.127924
0.522064
1.136602
0.719802
1.449964
1.038662
1.323380
1.280774
1.230733
1.643364
0.721556
0.200495
1.709462
0.443156
1.123345
0.295605
0.866694
0.810713
1.834763
1.139653
0.386618
1.903512
0.490589
0.492596
1.770221
1.507977
1.655334
1.279300
1.208844
0.351422
0.247999
1.287721
0.721463
0.438193
0.140864
1.550871
1.834944
1.019856
0.784042
0.409966
1.210888
0.094618
1.283683
1.698192
1.340546
0.720537
0.652146
1.768334
0.776155
1.908392
0.459832
0.766907
0.825516
1.057250
0.792208
0.566112
1.451253
0.999339
1.865508
1.473399
1.294641
0.623764
1.856329
0.090829
0.407325
1.322043
1.766518
0.333078
1.281800
1.214927
0.277789
1.488222
1.325734
0.306187
0.684448
1.884031
1.321319
1.653505
0.803724
0.173080
1.024759
0.393572
0.770307
0.147987
0.588944
0.919001
1.857346
0.115246
1.023841
1.399681
0.933965
0.674814
1.315764
1.500514
1.513139
1.620872
0.268605
1.529716
0.941703
1.580180
0.515339
0.113316
0.849092
1.304350
1.212493
1.523234
1.394874
1.435104
1.653263
1.534587
0.197457
0.934729
0.934745
1.770044
0.769023
1.039598
0.356329
1.333589
1.432220
1.473511
1.211100
0.284051
0.527757
0.923078
0.670281
0.549245
1.323120
1.280325
0.101501
1.857381
1.298518
0.404434
0.912659
0.512929
0.380884
0.175687
0.509670
1.630821
0.819773
1.324115
1.768797
0.153066
0.097689
1.430099
1.280576
0.640769
1.341392
0.453554
0.417274
1.508233
1.788611
0.093951
1.410542
0.658301
1.285139
0.806984
1.765890
1.315998
0.495131
1.002063
0.339798
1.282500
0.530298
1.248362
1.549335
1.434946
1.767954
1.527223
0.246456
1.550065
0.572885
0.091687
1.909474
0.170470
0.330922
1.490786
0.212223
1.761351
1.783197
1.021126
0.261859
1.856821
0.165561
1.319520
0.152592
0.514558
1.326191
0.656842
1.899380
1.720598
1.471887
1.213076
0.186903
1.138661
0.204281
1.652253
1.241442
0.644724
1.862054
1.434282
1.479203
0.226479
1.202688
0.311479
1.104168
1.130011
1.434621
1.885610
0.811645
1.849108
1.281049
0.652549
0.933816
0.438797
1.895621
0.757133
0.092935
1.724204
1.003529
0.762670
0.720629
0.165422
1.256529
0.742018
1.337690
1.422739
0.226054
1.593463
1.026999
0.694484
0.126193
1.890289
1.334216
1.558435
0.422580
0.339872
0.169549
1.853894
1.578464
0.705940
1.906495
0.441540
0.172931
0.091807
0.105707
0.735559
1.651531
0.439325
0.153397
0.634944
0.575297
0.142350
1.720885
0.682378
0.329713
1.541247
1.529341
1.165998
1.339593
1.806180
1.722210
1.180654
1.508131
1.323526
1.514472
0.805157
1.525160
1.144484
