0.771672
0.720678
1.553246
0.208061
0.507189
1.850536
0.266773
1.567034
1.098547
0.660079
0.297973
1.898542
1.357903
0.167159
0.979532
0.994488
1.906939
0.293137
1.137523
1.652952
1.642682
1.147335
1.804794
0.877104
0.669414
1.357359
0.238472
1.412182
1.551679
1.149367
0.965151
1.243790
1.113073
0.692463
1.134591
1.080802
1.705631
1.640612
0.294112
0.757600
1.656034
0.585210
1.064901
1.368535
0.962760
0.515020
0.178826
1.146374
0.257692
1.505858
0.672156
1.887116
1.358288
1.099362
0.876055
0.667565
0.161787
0.196548
1.168086
0.936894
1.795443
0.388135
0.418693
0.523340
1.481918
0.195635
0.263941
0.605011
1.347649
0.179891
0.218727
1.857182
1.567575
0.144043
0.150346
0.498217
1.081104
1.356624
0.465246
1.642273
0.678056
1.114691
0.618492
1.881836
0.215126
1.101393
1.148998
1.796171
1.357089
0.154912
1.355964
0.468804
1.062344
1.778638
0.205392
0.145685
1.563544
0.958933
0.221202
0.432284
1.142606
0.696911
1.352190
0.328448
1.884395
0.624113
1.902649
1.756250
1.382243
1.357230
1.269953
0.529137
0.170792
1.739676
0.649961
1.144515
1.356686
1.357925
0.274259
1.800536
0.620501
1.357596
1.742246
0.704280
1.079584
1.151943
0.155131
0.725177
0.257224
0.182657
1.574901
1.147424
0.724383
1.362319
1.649067
1.357144
1.358289
0.616959
0.737467
1.148848
0.910096
0.484006
0.168253
1.083454
1.145918
0.934398
1.357402
0.206187
1.786298
0.330869
1.357354
0.541246
0.953120
1.907619
0.408304
0.977103
0.640149
1.755713
0.346263
0.137289
1.592111
0.258008
1.878685
1.558202
1.856687
0.144898
1.766831
1.796303
1.375682
0.550927
0.706528
1.126276
1.399831
0.618694
0.170747
0.944424
0.189918
1.906422
1.360530
1.640071
1.743614
1.860414
1.405688
1.357315
1.757640
0.860320
0.596258
1.357558
1.357659
0.694878
1.538774
0.686851
1.126915
1.150599
1.908210
1.888584
1.147666
1.737827
0.150569
1.900894
0.158191
1.799343
0.497031
1.357113
0.242732
0.231643
1.137045
1.144098
1.357289
0.598461
0.512728
1.779768
1.906249
0.499856
1.059907
1.009933
0.361226
0.180902
0.627708
0.689499
1.604265
0.867672
1.393099
0.692643
1.358795
0.333113
0.213868
1.560895
1.746380
1.673951
0.260078
1.798246
0.576585
0.556983
1.138394
0.495873
1.080006
0.220614
0.673542
0.234519
1.532990
1.634704
1.070686
1.718835
1.147856
1.157056
0.192553
0.728244
0.788591
0.333696
1.881595
0.345876
1.357346
0.828611
0.423678
0.648281
1.033383
1.432224
0.519509
1.357205
0.157149
0.657166
1.145014
1.274958
1.137007
0.700045
1.357420
1.058157
1.763681
1.636323
1.676337
1.315444
0.796355
1.651437
0.158719
0.898263
0.514310
1.148500
0.371815
1.357073
0.287356
0.279768
0.609099
1.893726
1.423320
1.636435
0.183933
0.957791
0.743409
0.999628
1.568864
1.409291
0.528033
0.210595
0.605732
0.876592
0.919836
0.764562
1.585227
0.597087
1.390570
1.148882
1.731377
1.567191
0.133920
0.662098
0.887705
0.231684
1.416981
0.933839
1.149227
1.357211
0.220754
1.558713
1.613207
1.738034
0.358343
0.920701
1.056812
0.590829
0.142173
1.712166
0.166962
0.171443
0.824172
0.402354
1.641072
0.524026
1.572313
0.202541
1.818559
1.659378
0.222055
1.342267
1.005059
1.905892
0.652821
1.761013
0.636136
1.141856
0.656506
0.609609
1.644089
1.808615
0.624816
0.290960
1.123793
1.745408
0.342445
0.922480
0.650490
1.042932
0.130142
0.539858
0.804372
1.148375
1.631611
1.906576
0.940450
0.680163
0.431587
0.913305
0.128343
1.120307
0.150877
1.902762
1.068128
0.246856
0.165454
0.272568
1.805638
0.925043
0.239774
0.201627
1.740895
0.645479
0.726913
1.571249
1.572509
0.139778
1.086878
0.672701
1.796515
1.148934
0.148323
1.660045
1.907454
1.389434
0.306174
1.017717
0.559325
0.505459
0.326697
1.357302
1.513997
1.632720
0.476962
1.357144
0.558278
1.362749
0.599995
1.357235
1.355630
1.148093
1.357233
1.133793
1.624467
0.876507
1.359865
0.707683
0.208535
1.908188
1.837030
0.453717
0.286361
0.956356
1.743611
0.178230
0.149861
1.647742
1.668666
1.458767
1.145903
1.041998
1.147758
0.560794
1.908213
0.609484
1.358651
0.457384
1.182716
1.144523
0.872101
1.151175
0.380435
1.570085
0.182328
0.886747
0.882427
0.724280
1.357164
1.598730
0.158859
1.357077
1.641687
0.373338
0.177040
0.810225
0.592189
0.737591
1.794707
1.796646
0.542775
1.666553
1.370366
0.166787
0.175378
1.636911
1.357469
1.611682
1.357074
1.906895
0.174363
0.200841
0.181062
0.662298
1.036985
1.062962
1.319636
1.670492
1.144960
0.149151
0.187040
0.929257
0.642457
1.584125
1.644133
0.313167
1.353750
1.471377
1.716289
0.629752
0.487832
0.156815
0.658846
0.953008
0.467956
1.144309
1.679710
1.692042
1.771202
1.138192
0.949897
1.360820
0.947556
0.338663
0.774440
0.738366
1.338787
0.273533
1.716134
0.995136
0.787719
1.756150
0.649400
1.613705
0.715334
0.516719
1.598532
0.943829
0.689404
1.147172
1.798471
1.657261
1.894508
1.047147
1.894411
1.090290
0.291827
0.648248
0.900970
0.956787
1.357047
0.931433
1.808566
1.901403
0.255819
1.648344
1.361269
1.780448
0.507523
1.907916
0.247462
1.357229
0.499631
0.160243
0.675709
1.757807
0.267220
1.357065
1.148129
1.353103
1.012143
0.878882
0.948580
1.806835
1.252934
0.302516
0.925077
0.165178
1.640523
1.146977
0.950439
1.240307
1.342619
1.147216
0.538792
0.662627
0.861195
0.914690
0.707335
0.952054
0.355633
0.134191
1.385002
1.157750
1.644904
0.801315
1.907897
1.111233
1.167592
0.132029
0.221620
1.393962
1.357200
1.206753
1.707776
1.566275
1.741014
1.486276
1.717513
1.571619
1.142113
0.455803
1.895291
1.688664
0.625947
1.803635
0.147084
1.800887
1.689513
0.364824
1.798288
0.827399
1.147652
1.908674
0.676883
0.282792
1.357229
0.584720
1.883482
0.175923
0.431917
1.208742
0.243791
0.170930
0.301458
1.030753
1.894694
0.964933
0.148913
0.445193
1.145899
1.773145
0.137818
0.574107
0.959418
0.631733
0.137855
0.244187
1.792238
1.641932
0.245680
0.948027
1.364732
0.334150
1.609056
1.356560
1.108558
0.684673
0.448780
0.508739
1.129884
1.433927
1.011595
0.163501
0.163560
1.353949
1.357266
1.743554
0.390401
1.759139
0.998087
0.773323
1.359825
0.154262
0.985627
0.529792
0.511731
0.215599
0.441071
1.357006
1.908588
0.260666
1.516320
0.644146
0.958116
0.222917
1.796560
0.645377
1.785760
0.711160
1.901294
1.327179
1.150815
1.351191
1.905134
0.202038
0.360863
0.157920
0.175989
0.402811
0.636764
0.892014
1.727808
0.150977
1.147836
0.479966
0.142698
1.795219
0.665674
1.902933
0.542377
1.148940
0.131023
1.587985
0.151411
1.908488
0.716109
1.904939
1.565657
1.862130
1.568585
1.138128
1.472385
1.355575
1.796365
0.809018
1.791986
1.356974
0.840678
1.432571
0.208509
0.311463
1.149297
1.641104
0.150583
1.357166
1.580208
0.567613
1.883431
1.095426
1.859453
0.234810
1.317659
1.149136
0.452932
0.710458
1.039890
1.907545
0.183951
1.853841
1.130962
1.642681
1.554490
0.976411
1.592036
1.194070
0.218992
1.882470
1.358624
1.811546
1.360769
0.206327
1.795603
1.077610
1.387145
1.906564
0.486999
1.357148
0.956969
1.541579
0.221820
1.642498
1.149100
1.432409
0.215915
1.903384
0.459431
1.356935
1.083559
0.500859
0.652827
0.864326
1.549208
1.357139
1.028984
1.634831
0.575294
0.399154
0.399956
0.599722
1.357385
0.565829
0.402023
1.429949
1.611559
1.357370
0.326495
0.308590
1.357331
0.555078
0.907091
1.897255
0.170126
0.385910
1.908235
0.563118
1.341717
1.906850
1.908453
0.258343
1.905865
1.155998
0.148561
0.959987
0.485657
1.398322
1.357259
0.181308
0.818364
0.221463
0.365222
1.359635
0.179918
1.155677
1.120658
1.905937
0.955140
0.195739
0.344479
0.560845
0.683326
0.938819
0.126972
0.163664
1.541122
0.199454
0.272272
1.622384
1.632933
0.551855
0.310869
0.537678
1.150959
1.505311
0.766031
0.386019
1.390484
0.300572
1.375550
1.601712
1.047707
0.947381
0.520096
0.161531
0.281285
0.925485
1.389302
0.165324
1.641499
1.666629
1.148500
1.357412
0.699449
1.084465
0.865473
0.295758
1.904516
1.636977
0.181554
1.533503
1.357332
0.309986
0.820061
1.101607
0.680702
1.122190
0.633818
0.697037
0.318570
0.658968
1.143903
0.269955
1.645537
1.895532
1.908006
0.732445
0.401855
0.938871
1.907475
0.515639
1.477915
1.713454
1.356845
1.356818
1.757788
0.951085
0.321236
0.302858
1.359516
0.872523
1.356684
0.543853
1.155120
1.537568
1.357204
0.471100
1.638492
1.363681
0.280975
0.609807
1.754564
1.359506
0.353845
0.604234
1.639469
0.531557
1.098904
0.545563
1.355998
0.596081
0.202644
0.784537
0.915665
0.402696
1.143760
0.144174
0.269983
0.953959
0.431847
0.142569
1.908237
0.443490
1.145291
1.362625
1.752025
1.903598
1.356580
1.148934
1.357682
0.674882
0.611253
0.293654
0.217662
1.146399
1.315756
1.564167
0.248867
0.599944
0.669557
1.777509
0.820792
1.800307
0.721482
0.246331
0.745715
1.357275
1.150073
1.356932
0.939882
1.705356
1.799243
1.583490
1.641114
0.962573
1.907055
0.623178
1.553520
0.282047
1.896817
1.147978
1.905681
0.761106
1.463716
1.357402
0.380288
1.775574
0.402579
0.409400
0.799021
0.465907
1.140720
1.360530
1.709845
0.623709
0.159497
0.972163
0.761020
0.350861
0.136014
1.777886
0.626945
0.175769
1.357188
1.057458
1.414989
0.370583
1.253926
1.381164
0.715528
0.612492
0.969294
1.293378
1.007669
1.560803
1.799653
1.833178
1.151982
0.434932
0.809808
0.368023
0.250490
0.162439
1.062558
1.674955
1.135481
1.134957
0.338157
0.777460
0.525967
0.261567
1.417791
1.901341
0.504709
0.963091
1.903203
0.609886
1.142174
1.907981
1.377053
0.511244
1.357487
1.140779
1.145117
1.861513
0.344342
0.672428
0.367842
0.629310
0.461432
0.825925
1.356936
0.190061
0.559093
0.381422
1.002188
0.188814
1.148181
1.147129
0.720305
0.718157
1.644655
1.750954
1.148630
0.958672
0.562254
1.718198
1.137210
0.453670
0.772281
1.865894
0.847463
0.518346
1.725791
0.606183
0.653784
1.358613
0.218329
0.717607
1.141449
1.644105
0.527824
0.147908
0.492833
0.134299
0.585337
0.681085
0.155556
0.190553
0.596709
1.619689
1.365161
0.557566
0.932916
0.788541
1.181025
1.892851
1.384404
0.926328
0.643045
1.782473
1.405446
0.250042
1.788985
1.004541
1.089298
0.592358
0.178915
0.334688
0.398042
0.131625
1.646271
1.571318
0.371709
0.932917
1.363448
0.311691
1.639616
1.123142
1.261882
0.916995
0.987739
0.482851
0.938589
0.144287
0.655872
0.517181
0.394232
0.138017
0.283023
0.743977
0.651979
0.472218
1.905222
0.875393
1.625471
1.358863
1.688524
0.458499
1.854807
0.601136
0.190826
0.401031
1.896027
1.509268
1.148532
0.888251
0.956695
0.583742
0.928966
1.062564
1.092673
1.798578
0.673043
0.291253
1.148551
1.643218
0.744635
0.150541
1.157024
0.774670
1.641437
1.898203
1.562579
0.217828
1.358924
0.779953
1.066720
1.802890
0.164618
1.905333
0.198303
0.786375
1.630367
0.311593
0.927924
0.612406
0.356980
0.570531
1.144387
0.630173
0.551291
1.364793
0.259660
1.517778
1.377426
1.148918
0.348485
0.954764
1.700854
1.812020
1.357265
0.926766
1.357279
0.566996
1.799185
1.871251
0.237000
0.259228
1.791961
1.141325
0.938632
0.561023
0.456914
1.437846
0.669414
0.161632
0.555406
1.156114
1.904556
0.220430
0.815897
0.673249
0.184969
0.437179
0.215192
0.202274
1.641216
0.957618
0.162217
1.360068
0.925644
1.570168
1.702006
1.149423
0.533282
1.357646
0.936728
0.783721
0.975963
0.533573
0.758329
0.742602
1.143534
1.359740
1.309497
0.955728
0.177354
0.808256
0.965222
0.614675
0.987551
0.316301
1.045097
1.524712
1.821357
1.468750
1.563168
0.794190
1.883402
1.795937
0.317659
0.196891
0.309979
1.776066
1.356784
1.142688
0.957364
1.588094
1.722106
0.153752
1.476902
0.557480
0.964532
0.165942
1.904903
1.357716
1.351963
0.498874
1.357096
1.361058
1.141922
1.356979
1.489284
1.144996
1.634960
0.659981
0.271534
0.263561
1.410633
1.167188
1.780297
0.385899
1.706103
1.357275
1.776075
1.258788
1.643949
1.563267
1.348260
1.148160
0.148506
0.279561
0.181734
1.564216
1.907861
1.796968
1.786324
0.139301
1.137095
0.550776
0.810769
1.150705
0.630559
0.668502
1.136823
1.564465
0.224766
0.656309
0.611593
1.728888
1.656557
1.143396
0.969073
0.847133
1.371639
1.584145
0.557284
1.564393
1.356381
1.908619
0.369769
0.176775
1.574901
1.062503
0.181112
0.158785
0.961724
0.606479
0.693809
0.144085
0.957474
1.144708
1.635263
1.356790
1.149461
0.958590
0.191694
0.772248
0.229806
1.139788
1.146868
0.785257
0.903222
1.906625
1.547833
0.402256
1.637052
0.727795
0.141978
0.632775
0.370393
1.567065
1.898392
0.204384
0.419547
0.695138
0.204446
1.062781
0.677611
1.364232
1.883739
0.605068
1.357339
1.807238
1.641341
0.715259
1.143606
0.549827
0.322403
0.239106
0.231223
0.923431
0.696246
0.962854
1.645431
1.704759
1.567135
0.222167
0.753885
0.666232
0.483738
0.529171
0.626804
0.166354
1.908068
0.634631
1.357315
0.652183
1.357080
0.772405
1.646522
1.361228
0.185299
1.534599
1.907570
1.357156
0.787777
0.955895
0.851223
1.601417
0.728356
0.382745
0.598197
1.908668
1.778762
0.978015
1.715737
1.357537
0.668805
1.091491
1.803052
1.064439
0.604764
0.904656
0.133512
0.639016
0.273538
1.904476
1.754970
0.218114
1.122627
1.908062
0.513321
0.302520
0.204107
1.325012
0.693055
0.338552
1.170869
1.816386
0.627160
1.087035
1.357266
0.279404
0.153759
0.539084
0.538270
0.232855
0.385403
0.821057
1.641067
1.229628
1.908103
0.484908
0.654055
1.356144
0.441001
0.650119
0.180194
1.577423
0.223808
0.193217
0.813738
0.410372
1.357414
1.624499
1.372441
0.985464
1.055619
1.575635
0.465397
0.600841
1.356994
1.852982
0.594641
0.714820
0.401657
1.147002
1.646873
0.924550
0.461626
0.142604
0.240948
1.746951
1.801385
1.827976
0.339135
1.355820
0.993911
1.126377
1.644187
0.752885
1.787659
0.341359
1.591003
1.119268
1.357339
1.908014
0.714157
0.849882
1.146202
1.472177
1.644334
1.357326
1.357783
0.828054
0.501748
1.730269
0.220869
1.006379
0.432505
1.694688
1.082118
0.191466
0.461514
0.556047
0.741180
1.878322
1.365836
1.660482
1.147890
0.660903
0.636872
1.906802
1.690735
0.995658
0.153168
1.720926
0.980300
0.601640
0.240202
0.674491
1.357469
1.800843
0.946706
0.390866
0.958165
1.150477
1.757514
0.638586
1.752056
1.626213
1.357257
0.497023
0.454260
1.657297
1.680244
1.358319
0.368150
1.642968
1.357328
1.149214
0.425762
1.716955
1.151058
0.886631
0.276700
0.154328
0.802672
0.932603
0.975467
1.632433
0.760476
1.672798
1.148312
0.184749
1.155706
1.906765
0.505811
0.309230
0.679369
1.162103
0.146389
1.367213
0.955654
1.051607
1.144481
0.749553
1.575033
1.358602
1.122996
0.639376
0.214122
1.820544
1.357177
0.493995
1.357601
1.369692
0.176301
0.958163
0.550330
0.535873
0.887688
1.139256
1.148537
0.145939
1.682832
0.647070
1.855291
0.775507
1.357499
1.142218
1.148833
1.396105
0.988714
0.377840
1.564295
1.357591
1.342134
0.554227
0.351909
1.096168
0.149632
0.941676
1.113908
1.607323
1.357308
1.619940
0.745002
1.356616
0.219073
1.097481
0.943692
0.282843
0.158787
1.061949
0.904656
1.149063
0.414358
0.693230
0.244218
1.891397
0.688122
0.537009
0.377253
0.693473
0.182698
0.815630
0.360114
1.167211
0.344860
0.313376
1.148015
0.796310
0.191591
1.430136
1.144673
0.646431
0.229416
1.046818
0.349908
0.909467
0.233320
1.637170
1.357203
0.181538
0.280127
0.248490
0.129586
0.343892
0.480526
1.355970
1.733485
0.297887
1.884184
0.296631
0.267589
0.816044
0.152898
1.122474
1.016799
1.056046
0.385316
0.566107
1.552767
0.379555
0.374025
0.259378
1.907843
1.357651
0.956621
0.535707
0.979449
1.139647
1.149560
1.674258
1.142323
0.177382
0.581035
1.640490
1.152070
1.635399
1.561826
1.361614
0.165926
0.456163
1.656105
1.594902
1.610477
1.356961
1.357927
0.754500
0.671860
0.891214
1.252798
0.286662
1.406991
1.356540
0.709974
1.374978
0.814562
0.312808
1.252192
0.795828
0.154750
1.894783
1.149021
1.148005
1.750146
1.793940
0.625744
1.448385
1.144116
0.205057
0.197340
0.646488
1.026493
0.435288
1.375020
1.908576
0.787629
1.419910
0.240657
1.141192
0.763606
1.905056
1.660665
1.791172
1.356339
1.149042
0.958404
1.142293
1.216876
0.986575
0.898889
1.357572
1.877914
1.361350
1.565230
0.591332
0.999472
0.253057
1.564856
0.957842
1.799023
1.652112
1.636320
0.402566
0.551858
1.804708
0.952511
0.973254
1.578219
1.908013
1.794142
0.273889
0.481522
0.338497
1.799507
1.357251
0.937954
1.908414
1.905851
1.585686
1.141090
0.173461
1.639324
0.944127
1.098828
1.890604
1.787095
0.250716
0.182552
1.782407
1.630974
1.657081
1.347584
0.167928
1.376176
1.460836
0.606514
0.949515
1.619170
1.365642
1.357208
0.188273
0.146510
0.143060
1.357454
0.833005
0.960209
1.156269
1.622934
1.357011
0.178499
0.805095
1.641243
0.464142
1.354269
0.187339
1.357873
1.148448
0.720340
1.799903
0.157087
1.652312
0.218949
0.666360
1.357191
0.675296
0.191046
1.419972
1.409293
0.589185
1.355959
1.565591
0.199501
1.892427
1.645565
0.585347
1.148756
0.196855
1.150926
0.569975
0.322930
0.976693
1.090095
1.082634
1.639536
0.529936
0.656820
1.357884
1.355953
1.356759
1.637926
0.780137
1.075931
0.680826
0.281406
0.958472
1.006328
1.357259
0.131580
0.515620
1.488927
0.620440
0.204477
1.367769
1.793143
1.886965
1.357265
0.434399
1.357245
1.345697
1.639537
1.580978
1.153878
0.972093
0.634423
0.318336
0.232451
1.042265
0.398201
0.930909
1.897823
0.942719
1.759520
0.882979
0.315100
0.534982
0.501441
1.443116
1.725224
1.148083
1.591249
1.357342
0.792350
0.711707
0.152646
1.147867
0.881073
1.634768
1.139170
1.376831
0.956334
1.138785
0.140987
1.369192
1.908646
0.171156
1.757391
0.367231
0.707173
0.284936
0.430757
1.357224
0.614077
0.759259
1.172034
1.613246
0.302691
1.818475
1.908651
1.358142
0.639073
0.473598
0.296084
1.149047
0.149051
1.143696
0.143141
1.519571
1.357445
1.557462
0.685368
0.528712
0.134106
1.898628
1.363107
1.739128
0.630335
1.764565
1.142132
0.349786
0.917326
1.565001
0.678681
1.564061
1.566520
0.356485
0.189142
0.220826
0.309532
0.187993
0.668047
0.621322
0.541142
0.238135
1.647436
0.166389
0.965617
1.622690
1.331775
1.142544
1.646571
1.358114
1.152127
1.149648
0.619286
0.839975
1.794734
0.533814
1.101462
0.146607
1.594068
1.635658
1.143257
1.144144
1.055924
1.908001
1.908732
1.147318
0.801879
1.665472
1.067511
0.398618
0.678133
1.368160
1.907761
1.563981
1.410688
1.304316
0.609769
0.318277
1.344892
0.150865
1.357666
1.360426
0.584532
0.133092
0.955504
1.105757
0.587656
0.774801
0.956347
0.422146
0.443996
0.747488
1.616012
1.141807
0.446681
0.722996
1.796711
0.154270
1.743641
1.357209
1.107308
0.318958
0.344446
1.137561
1.357165
1.203509
0.833664
1.149133
1.908792
0.838942
1.664180
1.450424
1.639343
0.195598
1.793040
0.921505
1.894387
1.357719
0.935581
0.639551
1.759255
0.923813
1.902315
0.415126
0.373379
1.786116
0.248803
1.356710
0.491486
1.357192
0.183501
1.875229
1.145050
1.373426
1.371536
1.573477
1.563983
0.153332
1.688535
0.250719
0.687249
1.127639
0.446427
1.867172
0.447391
1.907210
1.323081
0.631495
1.570211
0.594152
0.734455
0.561879
1.762764
1.357342
1.019078
1.194301
1.123912
0.535302
0.282728
1.813349
1.565848
0.208423
0.203771
0.175067
1.866816
0.547369
1.496279
0.699538
0.211727
0.487976
1.908691
0.142761
1.348732
1.356009
1.020577
0.698703
1.355008
1.629171
0.871207
0.547704
1.357704
0.697000
0.199432
0.559944
0.639292
0.603463
0.707964
0.599432
0.751134
0.468328
0.876947
0.751243
1.116061
0.284572
1.658011
0.895165
0.922835
0.270278
1.800679
1.799935
1.356423
0.510896
0.409368
0.628291
1.789551
0.276513
0.274222
1.746475
1.357273
1.145915
0.707010
0.987968
0.427489
0.186674
0.248596
1.148655
0.822352
0.910765
0.303935
1.357283
1.899772
1.894550
1.769582
0.151685
1.112650
0.186605
0.629093
1.643376
1.883110
0.574489
0.598504
1.577556
0.564310
0.686826
1.565926
1.639970
1.358475
1.357348
1.149086
0.654380
0.756466
1.113326
1.148515
1.642028
1.691517
1.905519
0.827652
0.170288
0.607654
1.569918
1.009177
0.958653
1.898851
0.825786
0.899049
1.355006
1.878218
1.641268
0.926353
0.319741
1.112534
1.559668
0.458338
0.410603
1.344497
1.357380
0.158167
1.126225
0.389789
0.630092
0.802470
1.800448
0.955589
0.269685
0.796985
0.530361
1.760424
1.346675
1.790941
0.794878
1.110592
0.323849
0.916648
0.962919
0.956089
1.779614
1.684818
0.944118
1.598053
1.030044
1.147812
0.889836
0.285744
1.147704
1.642889
0.897947
0.715937
1.357432
0.740664
1.145623
1.560253
1.059769
1.357096
1.357924
0.548980
0.223577
1.356893
1.116385
0.460464
1.786150
0.729088
1.703412
1.147492
0.615566
0.172315
1.609120
1.536035
1.357273
1.391903
1.084686
1.360651
1.762302
0.168456
0.183832
0.952705
1.795099
0.820187
0.148516
1.365609
0.508055
1.426824
1.779357
1.357180
0.717733
1.145618
1.784709
0.863217
1.144035
0.138103
1.125586
0.369483
1.145332
1.089948
1.356633
0.506313
1.572933
1.568953
1.905638
0.934006
0.130916
0.265840
1.907434
1.901429
0.416914
0.145878
0.833361
0.569149
0.329530
0.168553
1.581541
0.934793
1.357318
0.392206
1.357479
0.193424
1.799829
0.727106
1.244051
0.302792
0.343746
1.141883
1.637483
0.576241
1.903736
1.126112
1.737966
0.912577
0.848476
0.183114
0.303207
0.272112
1.352182
1.699982
0.313158
1.908620
1.823895
1.638757
1.903485
0.295285
1.557885
1.620225
0.649637
0.227345
1.799790
1.354052
1.357276
1.568670
0.403832
0.724571
1.798731
1.788817
1.902260
0.771651
0.496905
0.229992
1.652408
0.805075
0.814577
1.907118
0.917317
1.145824
0.511597
0.654213
0.916362
0.840852
1.357698
0.195814
0.837165
0.628416
1.318630
1.357184
1.368090
1.357417
0.849931
1.726020
1.907912
0.356038
0.470027
1.138250
1.151430
0.292277
0.672380
0.367552
0.532090
0.583300
1.127521
1.283834
1.795357
0.857377
1.907839
0.685400
1.147967
1.797967
1.643903
0.205693
1.581931
1.359447
0.153030
1.905730
1.148208
0.376796
0.428045
1.122487
0.422305
0.372235
1.357520
0.943376
0.533569
0.148876
0.395985
0.152774
0.268660
0.548862
0.285906
1.757399
1.360276
1.908629
0.578225
0.645170
1.642643
0.759304
1.633905
1.698257
0.819275
1.372004
0.400198
0.188536
1.562423
1.058083
1.774278
0.777374
1.305820
1.357138
1.904963
0.558080
0.646186
1.617302
0.979068
0.291550
0.375620
1.565884
1.577365
1.627614
1.631447
0.657919
1.907716
0.957511
1.470783
1.756772
0.799848
1.147648
1.626755
1.084126
0.622562
0.310778
0.218937
0.138448
1.083467
0.609530
1.861270
0.265579
0.216607
0.525657
0.885254
1.110507
1.525694
0.987082
0.453231
0.650951
1.907220
1.786329
1.858129
0.673269
1.683935
1.355078
0.623230
0.553287
0.290290
0.760616
0.758278
0.308500
0.970782
0.164187
0.160824
0.292455
0.725560
1.357274
1.565952
1.118504
0.956895
1.907902
1.045860
0.448420
1.736872
1.884091
0.200892
1.148322
0.962385
1.795339
0.450671
0.948225
0.961119
0.461462
0.141796
0.495128
0.634691
0.849689
0.958066
0.179013
1.144624
0.161507
0.704347
0.140643
1.117505
1.358775
0.813905
0.237097
0.156197
0.146390
0.183956
1.010177
0.705642
1.567619
1.370712
1.422421
1.551580
1.385896
1.149103
1.139973
0.270993
1.354978
1.059499
0.723713
1.140512
0.399598
1.357247
1.356855
0.510043
0.665139
0.572053
1.722467
0.138186
1.905767
1.357505
0.975179
1.484137
1.127104
0.910593
0.506081
0.947642
1.356786
1.240510
1.680718
0.931634
1.643310
0.680520
1.036271
1.140044
1.541397
0.695513
0.248033
1.906422
0.351283
0.183983
0.328899
1.796519
0.818848
1.863634
1.496910
0.960893
1.874324
0.963124
1.358387
1.112909
0.161961
0.604440
0.659161
1.141765
0.228779
1.198643
0.717180
0.163800
1.888240
0.155201
0.654424
0.358332
0.564748
1.585188
0.855245
1.331835
0.974521
1.126999
0.622693
0.900959
1.364662
0.363221
0.716640
1.143850
0.137835
0.910146
0.334714
0.167317
0.947928
0.512783
1.447277
1.357590
1.566955
0.976753
0.164822
0.178498
0.635481
1.359246
0.384205
1.049499
1.357809
1.404252
1.896872
0.762273
1.026828
1.715919
1.444427
0.197538
1.144608
0.537048
0.658179
0.566092
1.461862
1.621375
0.753535
1.568516
0.146800
0.217471
0.191811
0.358473
1.377898
0.622661
1.770216
0.531437
1.356482
0.455779
1.128737
0.610127
0.952355
0.872850
0.953499
0.188002
1.652905
0.533185
0.229916
1.355543
0.250718
0.178559
1.602097
0.543043
0.306319
0.221020
0.838914
1.903213
1.140756
0.240571
1.356762
0.270805
0.161668
0.967509
1.689207
0.269606
0.672162
1.560581
1.759375
1.584774
0.377764
0.675394
1.651039
0.294425
1.579234
1.908622
0.913475
0.950160
1.357165
1.786642
0.951774
0.132424
0.236495
1.897190
0.532801
0.418165
1.358054
0.330949
1.905613
0.276791
1.360785
0.962215
0.732677
0.182924
0.165695
0.826039
1.063706
0.861098
0.911032
1.128566
1.809464
1.346546
0.226851
1.890600
1.795741
1.566013
1.731654
0.768628
1.737229
1.378204
1.359820
0.394725
1.646998
1.357299
1.652644
1.297656
0.756425
0.330332
1.148616
0.719471
1.357380
0.262348
1.670187
0.742524
1.773161
1.358746
1.102767
1.357385
1.033481
1.361310
1.665052
1.146036
0.232104
0.997821
1.138108
0.154207
1.880061
0.763475
1.846831
0.158468
1.148899
0.143305
0.176902
0.261250
1.908238
1.742388
1.888492
1.725185
0.138169
0.692408
1.134733
1.147991
1.148768
0.550243
1.907290
1.566732
0.407328
1.140256
1.757027
0.629733
0.435925
0.152983
1.284328
1.572264
1.105479
1.807334
0.277638
0.723166
1.148330
1.356966
1.356869
0.388777
0.669020
1.142364
0.141501
0.775875
0.190827
0.576327
0.955745
1.357257
1.150509
0.846898
1.570411
1.616870
1.650525
0.211806
1.644800
0.376165
0.539418
1.357550
0.580503
0.455900
0.156832
0.953720
1.901119
0.263499
0.569057
1.906617
0.180404
0.460228
0.814263
1.357388
0.434888
1.810078
1.160290
0.332587
0.819203
0.129546
0.685664
1.079634
1.361918
0.670847
0.162787
1.673911
0.140826
0.264292
0.569353
1.359092
0.528567
1.632555
0.762120
1.136462
0.159768
0.167080
1.667686
1.357377
1.343755
1.897360
1.639951
0.149619
1.784223
0.698114
1.145852
1.142028
0.733019
1.770512
0.876525
0.670390
1.476024
0.241540
1.612928
0.931448
1.357159
1.686558
1.149544
1.860329
1.880317
1.088329
0.639915
0.955689
0.308232
1.906039
1.908247
1.149750
1.794364
1.633921
0.962533
1.791859
1.573814
0.492296
0.678415
0.956460
1.363258
1.797322
0.177345
0.225814
1.008402
0.497785
1.658612
1.908174
1.566813
1.359989
0.591820
1.804520
1.641560
0.359001
1.694850
1.358194
1.357189
1.356354
0.363357
0.136205
1.484795
1.901033
1.204538
0.480418
0.494432
0.350991
0.568741
1.428742
1.800002
1.361837
0.432497
1.576282
0.636752
1.403181
0.484187
0.506308
0.839562
0.332482
0.601159
0.192233
0.196520
1.648188
0.532731
0.195464
0.708091
0.221540
0.845951
0.352978
0.208019
0.903503
0.910601
1.358440
1.353725
1.089715
0.908412
0.862502
1.645816
0.709360
1.819239
1.356544
0.298730
1.809335
0.875841
1.295312
1.749283
0.475519
1.288530
0.187471
0.821179
0.572711
1.766518
1.365179
0.965192
0.591992
0.705582
1.899637
0.724380
0.178042
1.146801
0.628006
1.797755
1.641010
0.154004
1.148502
0.973029
0.220132
1.364578
0.181465
1.357003
1.624919
1.870483
1.739810
1.407520
1.631723
1.706933
1.549725
0.225308
0.559342
1.896678
1.549842
0.241480
0.967489
1.064000
0.316730
1.572099
0.173377
1.148270
0.381723
1.872730
1.140761
1.357073
0.380325
1.285556
1.637247
1.148235
0.726091
0.180846
1.724023
1.551610
0.229019
0.430457
0.721096
1.149213
0.788335
0.875576
0.251478
1.796859
1.060346
0.851575
0.652922
0.438711
0.202681
1.899379
1.355160
1.357216
1.876269
1.354065
0.664389
1.407027
0.143655
1.865170
0.650456
0.824838
0.201700
1.768391
0.685823
0.707853
1.586146
1.872914
1.901897
0.147981
1.669771
0.964810
1.780485
0.336687
0.187784
1.908589
0.990951
0.479093
0.777710
1.874437
1.834008
0.784356
1.005689
1.056255
0.175474
0.773795
1.357176
0.654719
0.496588
1.806813
1.356499
1.392986
1.703681
0.780121
0.516260
1.359291
0.811049
0.137594
0.576792
1.856549
0.407676
0.646200
0.150274
0.703928
1.907657
1.904934
1.144271
1.057803
0.226833
0.366447
0.806654
0.275269
0.618020
1.786752
0.942769
1.762619
0.693519
0.967420
0.427131
1.353993
1.022400
0.777907
0.144711
1.094803
0.131499
0.616900
0.143321
1.373082
0.340288
0.440129
1.711097
1.907207
0.675294
1.904016
0.146185
1.277023
0.955310
1.879285
0.135731
1.416035
1.485056
1.563768
0.205852
1.735621
1.432367
0.438024
0.510393
1.574151
0.934546
0.151546
0.956740
0.683691
1.359430
1.660979
1.357206
1.691162
0.292808
0.558217
0.969858
0.959990
1.147108
0.186095
0.338658
0.231936
0.152801
0.564753
1.847036
0.337355
1.797920
1.873380
0.153234
0.464772
1.643542
1.357315
0.959788
0.183094
1.148210
1.887224
0.226354
0.467850
1.633415
0.635206
1.136645
0.168622
1.148811
0.148747
1.135618
0.587773
0.181770
1.907923
1.364364
1.357795
1.872467
1.855559
1.146450
0.913790
0.232188
1.564224
0.607997
1.565725
1.134695
1.097371
0.556739
0.436850
1.357220
1.131032
0.168691
0.360729
1.373265
0.504541
0.176863
0.664299
1.361747
1.565485
1.357257
1.638197
1.362929
0.130138
1.123289
0.424635
1.130563
1.357640
0.134633
0.736085
1.908531
1.397932
0.249743
1.085879
0.724130
1.357166
1.564065
0.687507
1.738003
1.149119
0.830930
0.991978
0.961147
0.894530
0.173314
1.908435
1.908104
0.653142
1.789375
0.922276
0.298828
1.771942
1.308120
0.729555
0.483489
0.808029
0.170532
1.354603
0.613157
0.956223
1.672243
0.958205
0.633807
1.907251
1.785942
0.650872
0.158003
0.374816
0.258195
0.797352
1.147167
0.433519
0.962351
0.176089
0.947178
0.367544
1.720268
0.581695
0.183814
1.414011
0.542839
1.357183
0.146123
0.644611
0.251331
1.766975
0.896348
0.650511
0.163411
1.791635
0.965300
1.568960
1.341213
0.952709
0.238088
1.639266
0.468902
0.965184
0.912004
0.861938
1.144383
0.677002
0.200416
1.797729
0.329231
1.357295
0.414636
1.148001
0.593960
0.528768
1.692551
1.900062
1.891380
0.308093
1.570308
0.355999
0.826513
1.827044
1.788174
0.184850
1.345640
0.693893
0.945619
0.168313
0.271845
1.357143
0.279818
0.815258
1.757568
0.907802
1.357491
1.904262
0.373454
1.421134
0.687441
1.777112
1.905813
1.908767
1.356020
1.612752
0.186730
1.564572
0.285097
0.590909
0.178797
1.093817
1.337674
1.543415
0.902245
1.768526
1.611223
0.662269
0.497490
1.774111
1.147473
1.802020
0.395081
1.019649
1.635326
1.692673
1.347829
1.782642
1.343567
0.260997
0.238063
1.639119
1.303806
1.781695
1.523783
1.357261
0.415992
1.555093
0.474992
1.788180
1.349155
0.218116
1.409850
1.639275
0.585472
0.641285
1.357271
1.793043
1.514868
0.937334
0.278545
1.358191
0.267750
0.818493
0.545903
0.291203
0.306197
0.502752
1.148683
1.357305
1.054166
1.137457
1.703453
0.615891
1.636786
0.491990
1.124331
1.897703
1.140508
0.726434
0.238937
1.565336
1.148993
1.639842
0.956603
1.357321
0.211765
0.879687
1.900664
0.631844
0.737610
0.969119
1.358300
1.141273
0.243110
1.779239
0.162121
0.750296
0.660487
1.787145
1.145615
1.792411
0.607438
1.356580
1.148877
1.400048
0.957795
1.788695
1.357926
1.359251
1.146363
1.357168
0.651245
1.357079
1.399532
0.224120
1.055716
0.216234
1.801509
1.147253
0.794747
0.225773
1.112987
0.871315
1.463396
1.357695
1.356187
0.145172
1.314449
0.137450
0.460091
1.562247
0.945204
0.933835
1.488826
1.789593
1.693001
1.357821
1.085626
0.194304
0.274650
0.565945
0.577436
0.420633
1.391850
0.435593
0.206942
0.450142
1.746091
1.890271
0.195007
1.800864
0.728211
1.145717
1.576478
1.572667
1.789988
1.566299
1.356906
0.330103
0.931098
1.356402
0.153234
1.113646
0.618873
0.188669
1.145438
0.288612
0.905933
1.642613
1.045561
1.796437
0.658183
1.888514
1.883703
1.679320
0.210193
1.645496
0.675286
0.274719
0.738358
0.635951
1.147632
0.863518
0.959794
0.305575
1.798733
1.411918
0.957805
0.170672
0.851216
0.144921
1.512844
0.161846
0.395514
0.644412
1.560682
0.144494
1.671777
0.829300
1.150085
0.655508
0.720293
1.802993
1.117217
1.269524
1.147459
0.461246
0.392764
0.710675
1.707955
0.179443
0.900089
0.935225
1.494294
0.979223
1.391551
0.803295
0.138716
1.904220
1.889422
0.137011
0.380864
1.492236
0.634342
0.935477
0.945071
0.151663
1.357165
1.544439
0.419614
1.357233
0.178491
0.858251
0.595096
0.264869
0.241565
1.572792
1.637884
1.355368
0.980226
0.171579
0.790914
1.640181
0.159585
0.971541
1.557759
1.800223
0.935801
1.358306
1.761294
0.957485
0.683576
0.144353
0.230171
0.827614
1.323139
1.005078
0.434369
1.357565
1.895070
1.357755
0.691101
0.767623
0.882147
1.903921
0.328016
1.906136
0.830627
0.193456
0.145964
1.144767
1.837020
0.788457
0.154480
0.478042
1.625652
0.679025
1.733496
1.363842
0.148617
1.355542
0.957635
1.453894
0.195116
0.561392
0.949656
0.407597
0.195223
1.800115
0.899582
0.604306
0.963034
1.900556
0.177857
1.587434
0.631779
0.145456
1.653634
0.715390
1.907978
1.126532
0.226855
0.601882
0.335222
0.527083
0.237427
1.357013
1.790373
1.554029
1.686738
1.798008
0.943135
0.749904
1.143125
1.566643
0.338509
0.329460
1.132985
1.903870
0.614319
1.538763
0.402621
0.786397
0.607055
1.902999
1.574170
1.055349
0.707020
1.356045
0.162950
1.152189
0.953352
0.771317
0.341733
1.907755
0.215321
1.793967
0.908093
1.776688
1.907508
0.978068
1.359727
1.901312
1.358089
1.670540
1.578623
0.277537
1.356118
0.167866
1.797504
0.219935
0.496633
0.492089
1.673992
0.471040
1.619191
1.811124
1.147986
1.147035
1.356103
1.358412
0.407501
1.903783
1.795220
1.343088
1.564725
0.781789
0.199340
0.669189
1.347783
0.493365
1.870790
0.274675
1.803839
0.474676
0.614884
0.604244
1.149077
1.345448
1.366817
0.142319
0.945330
1.148980
0.778310
0.189554
0.891299
1.889888
0.356200
1.203151
1.832862
0.965884
0.451324
1.358484
1.053900
1.136975
0.213732
0.641740
0.259539
1.375379
0.981004
1.716559
0.664965
1.148918
0.570393
1.356746
0.231074
0.964682
0.575532
0.938658
0.612665
0.406631
0.842325
1.363086
0.929544
0.959347
0.357399
0.695752
0.557074
0.758143
1.628117
0.667836
1.129588
0.348137
0.174854
0.384269
1.139870
0.241234
0.274386
1.128222
0.959371
0.165976
0.828215
0.647638
1.155816
1.357698
0.186094
0.415202
1.671561
1.640792
0.946612
0.747463
1.815128
0.206297
0.746387
1.757192
0.235184
1.144318
0.245516
0.129490
0.957732
1.148078
0.740247
1.653255
1.145490
1.802147
1.582927
1.138410
0.620993
1.642908
0.170424
1.624811
0.401506
0.160529
1.357232
0.955308
0.148019
1.356793
1.652561
1.148844
1.568633
0.168042
1.361980
1.638250
0.736728
1.392259
1.641062
1.905049
1.378156
1.357063
1.799429
0.853873
1.555437
1.143602
0.409114
1.908809
1.548518
0.624125
1.722254
0.186996
1.726700
0.547109
0.431557
1.317076
0.736729
0.652191
1.612337
0.209890
1.147125
0.637523
0.327710
0.705860
0.604510
1.669763
1.642483
0.167758
0.698048
0.920845
1.792887
1.357342
0.568190
0.967588
1.908822
0.426253
1.357712
0.184510
0.637435
0.613691
1.357122
0.514256
0.361959
1.908228
1.908735
1.905028
0.701578
0.163056
1.698240
1.883623
0.176120
0.761684
0.587610
1.171072
0.955300
1.644890
1.089968
0.517803
0.878171
1.595360
1.795311
1.360975
0.954856
0.585076
1.438552
1.135958
1.108995
1.357367
0.920673
1.725559
1.851093
1.049762
0.584097
1.738754
1.627203
0.174479
1.357355
1.560720
1.676399
0.945021
0.935114
1.638011
1.380562
1.357643
0.708360
1.903166
1.640532
1.140864
1.357409
0.989822
0.957175
1.892225
0.674857
0.560816
0.643557
1.567179
0.378091
0.464355
1.142550
1.431986
1.565240
1.791807
1.638175
0.676910
0.764320
1.114393
1.905132
1.357646
1.386481
0.269269
1.510210
1.013380
1.596576
0.302512
1.901995
0.256011
0.152748
0.891063
1.789939
0.482507
0.303765
0.285679
0.963008
0.241104
0.532560
0.812186
0.850234
1.355990
1.283372
1.113323
0.400165
1.466360
1.357563
0.548331
1.357237
1.357439
0.577135
1.591912
1.797851
1.357240
0.150558
0.491342
0.608713
1.791869
0.163918
0.201944
0.543217
0.678247
1.154666
1.324861
0.254136
0.418117
1.641665
0.258017
0.846226
0.891148
1.357231
1.128483
0.738116
1.456783
0.662279
0.136042
1.140178
1.523163
1.150257
1.415483
1.327600
0.594206
1.148337
0.193237
0.582898
0.480466
0.639722
1.357706
0.977260
1.901284
1.368912
0.410327
0.155246
0.158833
1.568243
1.342886
1.148927
1.864311
1.278314
1.149209
0.421285
1.561228
1.148607
1.045319
1.357053
0.691008
1.357210
1.646703
1.149270
1.573002
1.717697
1.569798
1.552843
0.653125
0.460661
1.357181
1.758454
1.357216
1.062292
1.066370
0.197217
0.692123
1.375494
0.785396
0.332567
0.796063
0.606500
1.570092
0.575468
0.733732
0.932580
1.572253
1.528289
0.942936
0.724148
1.379564
1.881809
1.147106
1.144458
1.356878
0.547471
0.884107
1.904815
0.880057
1.601060
0.479891
1.481225
1.095452
1.120739
1.645044
0.542449
1.785451
1.478747
1.896495
0.889519
1.577394
1.357248
0.155465
0.148506
0.633556
1.633954
1.148358
0.344829
1.407825
1.693398
0.590617
1.358046
1.703774
0.982951
1.357156
1.569775
1.143507
1.357321
1.906497
1.041275
0.965183
1.120633
1.595769
0.282780
0.543077
0.240047
1.907868
1.385429
0.630935
1.782036
1.113835
0.139694
1.795315
0.995186
0.963061
1.904951
1.562100
1.534432
1.357177
0.711248
0.201835
0.946788
1.358148
0.210795
0.551829
1.657192
1.412439
0.672380
1.781852
1.466635
1.642154
0.587256
1.147668
0.745819
1.745366
1.907433
1.140464
0.976910
0.146550
0.684937
1.562401
1.355224
0.452138
0.866912
0.750729
0.906603
1.151186
1.545027
0.236039
0.206422
1.648787
1.114376
0.848120
0.720975
0.956457
0.797054
1.154899
0.294604
0.693461
0.319147
0.452822
0.618750
1.782784
1.784981
0.298218
0.799369
1.563771
1.630800
0.238047
1.375200
0.796412
1.357343
1.156176
1.639937
0.504972
0.963575
1.138166
0.150014
0.654747
0.269161
1.632032
0.570239
0.791427
1.859278
0.350507
1.359157
0.145273
0.720104
1.130325
0.634809
0.153739
0.207543
0.356380
1.385988
1.174938
1.685599
0.928627
1.571064
1.077713
1.767351
1.368721
1.063098
0.706953
1.358107
0.702499
0.401556
0.652444
1.153149
1.005836
0.473145
1.624446
0.172186
0.489257
0.967577
1.357145
1.756483
0.281569
0.504344
0.915582
1.357236
1.800340
1.144361
0.900984
1.136666
0.718276
0.889528
1.899672
0.610854
1.814683
1.629098
0.942956
0.952129
0.159362
1.908716
1.901855
1.630001
1.891646
1.844798
0.207093
0.197754
1.321459
0.277967
0.459071
0.525585
1.064009
1.149219
1.905108
0.297959
0.137033
1.899991
0.270175
0.921387
0.203992
0.172573
1.901343
1.153645
1.477335
0.505820
0.706599
0.161290
0.175919
1.141410
0.621656
1.551136
1.373688
0.549622
1.348699
1.052366
1.640715
0.505325
0.181159
0.148859
0.959160
0.759885
1.716314
1.908131
1.882568
1.566206
1.149479
1.791690
0.234157
1.388734
0.315086
0.622424
0.264569
1.535716
1.147714
1.089553
0.708068
1.563447
1.149240
0.289453
1.803215
1.355412
1.357237
0.978250
0.891718
0.159242
1.357400
1.300397
0.616692
0.836101
0.137026
0.142030
0.142970
1.359018
1.641870
0.615366
0.150082
1.348519
0.630415
1.753995
0.279048
1.377180
0.202103
0.786057
0.266187
1.180674
0.335219
0.478662
0.171759
1.357759
0.306992
1.645478
1.145543
1.357103
1.257848
1.356237
1.739713
0.606157
0.261078
0.731717
0.317760
0.936273
1.357718
0.222346
1.146070
0.741874
1.150656
1.811478
0.949355
0.277251
0.376825
0.640189
1.357437
0.976878
0.962295
0.150248
1.356593
1.660387
0.459017
0.418235
0.600461
1.906005
0.406201
0.226815
0.601211
0.973388
1.907146
0.679583
1.065771
0.277862
0.578332
1.140145
1.433427
0.360389
0.224467
0.530010
0.141606
0.216751
1.211184
0.871415
1.149457
1.763003
0.270833
0.325659
0.130777
0.213986
1.894204
1.357307
1.658608
0.667018
1.257848
1.637367
0.721871
1.731304
0.148010
0.385396
1.334801
0.923108
0.578335
1.482921
0.633033
0.926501
1.356948
1.143747
1.817144
0.956755
0.339662
1.904848
0.428253
1.568454
1.339459
1.763026
1.553971
0.934815
0.677876
0.877422
0.702012
1.363718
0.206443
1.796807
0.958539
1.130958
1.591588
1.639886
0.144709
0.154591
0.835014
1.149886
1.645051
1.413763
0.941481
0.427514
0.398476
1.148527
1.639888
0.464501
0.525888
0.270318
1.357314
0.482243
1.401442
0.155023
1.111091
0.230685
0.446020
0.952170
1.139261
0.812452
0.422257
0.652172
1.349067
0.500341
1.798396
1.540676
0.127764
0.163183
0.934905
0.242143
1.047256
1.356873
0.207468
1.136436
0.142602
0.658467
0.810368
1.139616
1.154231
0.148363
1.556835
0.767421
0.193748
1.582100
0.574146
0.204114
0.616772
0.552736
0.137983
0.176092
1.643191
1.357685
0.286940
1.400423
0.163780
1.904010
1.846691
0.486968
1.378961
0.170683
0.403061
0.476209
0.429067
1.843125
1.146531
0.667028
0.550007
0.566067
0.956563
1.769421
1.516259
0.791139
0.582390
0.179120
0.289083
0.828524
0.223477
1.779044
0.314143
0.605211
0.283191
1.658775
1.656334
1.153170
0.789089
0.565121
1.653881
1.625714
1.595454
1.355077
0.978822
0.639982
0.556543
0.243569
1.885704
1.360405
0.318505
1.113225
0.804605
0.720087
0.641798
0.174054
0.977177
0.938694
0.161274
1.145840
1.858545
0.785482
0.240205
1.788067
1.901414
0.252169
0.568293
0.841516
0.691473
0.253621
1.571106
0.373872
1.885506
0.427460
1.136001
1.415116
1.028119
0.133402
1.568371
0.436647
1.632816
0.851933
0.453289
0.719662
1.539127
0.263306
0.442721
1.650814
0.804838
0.195861
0.723654
1.794806
1.642703
0.659417
0.662131
1.564970
1.146995
1.417743
0.457414
1.655192
0.652755
1.146246
1.355624
0.319471
0.178255
1.356900
1.720916
1.195943
0.173257
0.436738
1.714360
0.973865
0.359220
0.170297
0.586566
1.149222
1.798486
0.655431
0.426310
1.770875
0.907154
1.357190
1.746063
0.343223
0.243949
1.140381
1.357994
1.689874
1.357253
0.607503
1.141928
0.755952
0.523220
1.526667
0.154202
1.559904
0.357390
1.356396
1.357128
0.493020
0.764523
1.143129
1.357185
1.542409
1.064768
0.917275
0.965526
1.359052
0.508301
0.938146
1.749500
0.503357
1.127088
0.171689
0.159382
0.208991
1.357618
0.969824
0.947249
0.892899
0.892113
1.373522
0.213781
1.840380
1.366763
1.637294
0.782151
1.357359
1.148747
1.908358
1.357451
1.562320
1.832685
1.338298
0.539832
0.348519
0.956308
0.232031
0.168640
0.581344
1.367692
0.251101
1.356294
1.045120
0.800349
0.834253
1.373079
0.551444
0.715818
1.146056
0.628051
1.358218
1.831546
1.908879
1.358434
0.161062
1.906287
0.343634
0.273882
1.766689
1.605052
1.561667
0.949551
1.357172
1.800358
0.282657
0.766670
0.204234
0.750924
1.635430
1.252945
1.068344
0.808055
1.776286
0.155726
0.440433
1.357241
1.082008
1.879724
0.514666
1.799488
0.772034
0.956837
1.148322
1.640991
1.566157
1.091990
1.903796
0.959543
1.132550
0.522689
0.956053
1.022791
1.613815
0.439731
1.559629
1.357098
0.304470
0.670850
1.357169
1.141460
1.354844
0.460286
1.357404
0.508070
1.142755
0.363838
0.907169
0.636227
0.173931
0.454339
0.686090
1.768500
0.563241
1.901069
0.649818
1.798344
0.186610
0.735010
0.150831
0.263358
1.671738
1.358715
0.479936
0.318929
1.607031
1.565095
1.047367
0.199188
0.343361
0.408964
1.780854
0.777212
1.795878
0.928269
0.950422
1.574070
0.666355
0.690404
0.143135
0.964509
0.401799
1.159602
1.361341
1.356188
0.686252
1.061706
1.841698
0.926398
0.281126
1.357236
0.751647
1.773080
1.629368
0.443590
0.271569
0.961279
0.252990
0.149355
0.162485
1.205318
1.540145
1.640066
0.664810
0.168273
0.830684
0.488921
0.933539
1.000561
0.254128
1.357594
1.357166
0.821545
1.907977
1.357352
0.218572
1.565999
0.143629
1.151021
0.891239
1.505431
0.908430
1.125630
0.681975
0.658867
0.140377
1.134237
0.817571
0.959656
0.156668
1.649236
1.794954
1.076141
1.147602
1.357965
0.169454
1.143900
1.713100
1.908806
0.353932
0.887620
1.344887
1.474309
0.170008
0.755732
0.245172
1.693737
1.403240
1.558606
0.704481
1.355387
0.690719
1.801173
0.231285
1.541299
0.931177
1.908499
0.663190
0.269502
1.639642
0.450746
0.262638
1.356416
0.131687
0.139717
0.209176
0.452724
0.223506
1.906775
0.429026
0.457826
0.849300
1.772819
0.726713
0.588319
0.720903
1.368570
1.357051
0.956567
1.582326
0.287476
0.137621
1.358260
0.960644
1.145434
0.159819
1.375167
0.758020
0.657498
0.609973
0.708131
1.749276
0.317052
1.047450
0.685035
0.148949
1.798046
1.358129
0.405882
0.256138
0.208761
0.387966
1.794840
0.202115
1.640524
0.363831
1.357221
0.632061
1.657808
1.068892
0.963653
0.443069
1.671749
0.304078
1.058004
0.888350
0.256051
1.744207
1.244022
0.449078
0.406458
1.409229
0.175496
1.908632
0.665765
1.579888
1.906739
1.355887
0.142316
1.619172
1.705280
1.132724
0.325225
0.436223
0.268132
0.200652
1.354060
1.351876
0.150309
1.563602
1.144805
0.677601
0.223481
1.677097
1.640334
0.778546
0.367771
1.779612
1.567476
1.072686
0.449805
0.156871
1.646227
0.596668
1.661896
1.099458
0.145736
0.200003
0.585214
1.049621
0.191468
0.802519
1.447269
1.357880
1.906799
0.283341
1.786186
1.862795
1.150285
1.356942
0.411705
0.452314
1.634629
1.906562
1.495234
1.793609
1.645741
0.812844
1.370147
0.736991
1.795387
0.577051
0.535770
1.554131
1.637378
0.956311
0.487753
1.638435
0.249194
1.356631
0.243378
1.742446
1.906872
1.388029
0.668017
0.188874
0.281122
1.502204
1.123405
1.650885
0.400938
1.144907
1.908674
0.922423
0.336494
0.131575
1.361833
1.147059
0.241750
0.762595
1.805401
1.733346
1.576653
1.563820
1.148906
0.668112
0.696631
0.132845
1.715635
0.187471
0.649579
0.143125
1.365069
1.065263
0.180994
0.992674
1.564045
1.638240
0.688085
0.953292
0.146307
0.603196
0.608624
0.143295
0.615187
1.518877
0.756857
0.653751
0.273879
1.565494
0.760009
0.796715
0.434433
1.364777
1.059416
0.832743
1.356473
0.931989
0.355500
0.236193
1.095977
0.177425
0.130726
1.574438
1.797870
1.695761
1.041759
0.790566
0.737761
0.720431
1.401245
0.373088
1.698793
1.908320
0.679688
0.519438
0.985622
1.639359
0.664227
1.060117
0.955547
1.143911
1.078035
1.357155
1.791255
0.473179
0.963072
0.777013
0.289495
0.954868
0.965038
0.696624
1.357306
0.219646
0.220794
0.537118
1.525007
1.109106
1.152563
1.146625
1.359079
1.744776
0.275096
1.744003
1.332557
1.148215
0.140394
1.285208
0.275630
1.357162
0.958147
0.381915
0.549691
0.767620
0.608243
1.355893
0.652533
0.610295
1.847190
1.137565
0.419557
0.949510
1.037518
0.301227
1.070621
1.887642
1.351902
0.314932
1.786958
0.174202
0.376790
1.757605
1.128683
1.183487
1.098021
0.188568
0.270125
1.147650
0.365328
1.787440
1.081899
0.554067
0.215827
0.714594
0.475847
0.416238
0.646085
0.957636
1.760694
1.907934
1.578664
0.144068
0.804502
1.356989
1.357941
1.762085
0.712714
1.175056
0.415699
1.440197
0.720774
0.926306
0.563693
1.460868
1.141125
0.438098
0.140608
0.236057
1.362481
0.589402
1.414331
1.901641
1.147006
0.241087
0.358335
1.034936
0.858529
0.165019
0.145247
1.892417
1.351086
1.652289
0.590009
1.146949
0.968450
0.357374
1.324904
0.363096
0.676740
0.209620
0.158071
0.418408
0.959436
0.196389
0.184668
0.602336
1.148827
0.957161
0.759387
1.050967
0.901890
0.330431
0.964945
1.343752
0.702523
0.216957
0.212933
1.149382
1.359138
0.693479
1.638834
0.993618
1.180537
1.466037
0.540388
1.368971
1.359733
1.570727
0.206088
0.594305
1.150488
0.531071
0.985281
1.565825
0.953955
1.063756
1.644019
0.719701
0.288199
0.605070
1.561186
0.236801
0.666453
0.687528
0.698977
1.787175
1.797833
1.357114
0.287815
0.216236
0.686361
0.773347
0.795893
0.959448
1.091042
0.143565
0.439238
0.954378
0.461404
0.208986
0.178756
1.358104
0.938157
1.357231
0.584441
1.476068
1.067617
1.026679
1.905492
0.791721
0.141258
1.900055
1.005694
1.652462
0.220291
1.371664
0.859242
1.797113
0.676018
0.942006
1.355822
0.939255
0.303651
1.706341
1.147914
0.165961
0.980211
1.885939
0.153744
1.357283
0.685189
1.134924
1.121600
1.174279
1.399851
1.074138
0.395248
1.356705
1.908189
0.165652
0.972339
0.484547
1.377727
1.642085
0.293377
0.136158
0.163231
1.138368
0.535945
0.330791
0.966465
0.386281
1.356987
1.675581
0.511787
0.617132
1.698134
0.140150
0.968886
1.789279
1.357243
1.146415
1.636998
1.301442
0.262143
0.714284
1.138594
0.952885
0.171545
0.134615
0.183871
1.898564
1.115203
0.651437
1.150738
1.178522
0.986105
0.181040
0.710911
1.357298
1.357118
1.168812
0.145567
1.788994
0.444491
0.353660
1.789247
1.149100
1.775126
0.950043
1.559062
0.917014
1.157895
0.331195
1.359084
0.714825
1.656872
0.959780
0.154692
0.172576
0.859016
0.163418
1.648926
0.354641
1.045156
0.178782
1.029348
1.361871
1.558123
0.196192
0.440126
1.877101
1.357604
1.426607
1.149950
1.346220
0.479097
1.145747
1.789986
0.131391
0.718995
1.137515
1.355749
0.222451
0.138091
1.146470
0.612479
1.089273
0.959111
0.236414
0.221448
0.923875
1.144829
0.925805
0.586219
1.801801
0.228366
0.766806
0.472773
1.392403
1.356695
0.197274
1.571731
1.642434
1.638290
1.351748
1.894923
1.878447
0.361390
0.563751
0.249623
1.118306
1.356885
1.000436
1.897564
1.569497
0.616576
1.149720
0.718342
1.801289
1.439740
1.853545
1.541604
1.630590
1.908291
0.566181
1.738866
1.907926
1.071795
0.661373
1.148156
1.357324
0.728734
1.347664
0.228080
1.800450
0.470964
1.144621
1.357396
1.124387
0.846781
0.513311
1.903953
0.335083
1.781901
0.962407
0.669494
1.356071
0.268268
1.377108
0.323363
0.134351
0.962545
1.357334
0.975125
0.678147
1.357252
0.235218
0.694684
0.174799
1.588247
1.357420
0.935238
0.633901
0.532867
1.726603
0.132277
1.357429
1.624894
0.543806
0.329486
0.373608
1.642626
1.641984
1.638628
0.556460
0.804063
0.202611
1.750517
1.378944
1.903502
0.628850
1.357279
0.966605
1.354545
1.340799
1.646888
0.157056
0.564117
1.567386
1.138662
0.828826
1.868302
1.112727
0.592373
0.296636
1.357813
1.893720
0.214230
0.236113
0.533668
1.799106
1.149583
0.193585
1.564122
0.541627
0.576048
1.721814
1.762859
1.059880
0.961273
1.573287
1.356353
0.957842
0.786014
1.737027
0.482569
1.101166
1.767030
0.185848
1.297643
1.439235
1.792724
0.406870
0.956992
0.586048
1.357219
1.074342
1.137272
1.562801
0.181893
0.214141
1.575187
1.062417
1.660311
0.696673
0.364703
1.639047
1.357103
0.594668
0.566220
0.685605
1.143551
1.356048
0.318108
0.971636
1.136587
1.396339
1.351681
1.642225
1.659533
1.361864
0.949028
0.954670
0.515271
1.907949
1.385346
1.776361
1.125753
0.139378
0.177556
0.930244
0.844228
1.638628
0.816502
1.361852
1.357181
0.552723
1.139956
0.935767
0.549675
1.357145
0.180343
1.035936
1.357714
0.973979
0.847483
1.363785
1.511336
1.859902
0.916348
0.295988
1.356140
1.358269
1.908421
0.131901
0.173716
0.299663
0.479059
1.349700
1.565086
0.585882
0.640330
0.957153
1.356817
0.134901
0.433760
1.476948
0.304394
0.510952
1.002994
0.166180
1.372853
0.767009
0.817167
0.905595
1.405159
0.149265
1.356707
1.070592
0.616652
1.133082
1.756485
0.186726
1.096845
1.356317
1.357490
1.356832
1.263807
1.582046
0.416770
0.272579
1.357414
0.202570
0.280331
0.536046
0.678501
1.789688
0.682827
1.783077
1.906177
0.289344
0.763149
1.675224
1.569907
0.523291
1.626823
1.628525
1.446409
0.590624
0.958707
0.270530
1.382671
1.356803
1.643800
1.358477
1.908487
0.154102
1.705856
0.186555
0.232800
0.804752
0.859063
0.685573
0.229597
0.133434
1.357587
1.635656
0.520076
1.148603
0.967786
0.888783
0.147277
1.640756
1.134333
1.384025
0.263164
1.649012
1.218965
0.236134
0.942614
1.062723
0.548485
0.677287
1.140026
0.175436
1.147563
1.122313
0.555869
1.516939
0.766207
1.583528
1.357286
0.799571
1.579698
1.898846
1.876265
0.588431
1.357199
1.048499
0.250630
0.288304
1.907076
1.748682
1.631834
0.959293
0.135980
1.073752
1.094413
1.733963
1.359068
1.096289
1.643680
0.801067
0.473266
0.985515
1.563728
0.684990
0.555775
1.357666
1.706861
0.959434
1.643189
1.356198
1.364201
0.362557
1.137472
1.900058
1.748841
1.119000
0.377263
0.141983
0.198849
1.569039
1.148875
1.404418
1.556594
1.355196
1.151031
0.161697
1.357130
0.575709
1.249226
1.537616
0.242036
1.553096
0.900160
1.367515
1.124002
1.653639
1.356983
1.356591
1.906238
1.363674
1.788985
0.447503
1.650941
0.511892
1.192539
1.363133
0.832642
1.346177
1.800286
0.408866
0.137801
1.357638
1.014650
0.717374
1.862046
1.011620
0.439762
0.656872
1.358512
0.175081
1.571920
0.811250
1.510280
0.686375
1.378776
0.374097
0.660184
0.704792
1.902491
1.906619
0.533786
0.288656
0.690500
1.025990
0.603211
1.357479
0.681984
1.840737
1.782606
0.587634
1.359608
1.355618
0.488569
0.217203
1.780864
1.378774
0.940126
1.739091
1.672206
1.356733
1.563771
1.358203
0.944608
1.628253
1.535079
0.412078
0.543365
0.438204
1.564631
0.648405
1.107298
1.908062
1.353696
1.549351
1.563034
0.491522
1.668655
1.640169
0.625656
1.055074
1.356993
0.631015
0.963126
0.588873
0.792792
1.780745
1.753774
0.507576
1.647734
0.938763
1.740670
0.171593
1.788384
1.631810
0.577344
0.473603
0.209202
1.754375
1.694315
0.198158
0.167796
0.193411
1.080583
0.621391
0.519743
1.790360
1.357216
1.614601
1.170227
0.521692
0.429935
0.748188
1.044957
0.658996
1.054784
1.061949
0.154462
0.781382
0.615192
0.451202
1.563148
1.079435
0.167306
1.565836
0.761196
0.788387
1.134541
1.863451
0.143177
1.118046
1.061169
1.798093
0.406115
0.301730
1.357637
0.148858
0.538673
0.907947
0.768731
1.892373
1.385311
1.145412
1.565908
0.583111
1.839951
1.357038
0.373013
1.488181
0.820684
0.164400
0.256011
0.965147
1.777764
1.500022
0.939334
1.892632
0.535345
0.551848
1.799775
1.077456
1.009557
1.373643
0.848667
1.358636
1.355863
0.549074
1.633803
1.276865
1.793460
0.181195
0.341828
0.179270
1.799761
1.607599
0.251059
0.345317
1.091807
0.615477
0.382234
0.151830
0.280946
1.087048
0.588934
0.764134
1.147100
0.954128
1.154984
1.441690
0.975373
1.357603
1.737326
1.731986
1.845900
0.243539
0.354862
1.473262
0.326367
1.355690
0.716044
1.773901
0.666154
0.612028
0.532913
1.179731
0.967881
0.195884
0.953059
1.354830
0.159534
1.567477
1.798104
0.942728
1.821602
0.289059
0.163508
0.281649
1.115866
1.122085
0.637057
0.224003
0.129052
1.660980
0.612678
1.195901
0.644100
0.709492
1.908508
1.146137
1.905783
0.592324
0.916981
1.359325
0.956976
0.965953
0.527060
0.128453
0.420620
0.963765
1.524396
0.629643
1.150616
1.749339
0.952217
1.780789
1.369093
0.959877
0.307806
1.816645
0.739996
1.498981
1.357383
0.229316
0.301486
1.743508
1.905182
0.984342
1.127742
1.633036
1.644809
1.321278
0.278744
1.358620
1.591337
0.164061
1.799558
1.908263
1.142753
0.958134
0.432604
0.669889
0.954789
0.186823
1.782581
1.898981
1.472374
0.893484
0.958096
0.830794
1.357174
1.360312
0.244552
1.647266
1.717685
1.357129
1.606828
0.146359
1.057400
0.831125
0.189779
1.567411
0.418246
1.362045
0.560266
0.349136
0.604209
0.216901
0.195921
0.202990
1.732383
1.145475
1.359078
1.409973
1.563841
0.528190
1.386227
1.905606
0.958013
0.211867
0.223207
1.843938
0.276572
0.213118
1.148811
0.153991
0.741574
1.139067
0.169570
0.149529
1.900464
0.857707
0.209797
0.951783
0.457008
0.444569
0.138571
1.363861
0.357377
1.640075
1.093625
1.556890
0.283629
0.242967
1.378054
0.501975
0.892447
1.147885
1.095799
0.791391
0.807419
1.746810
0.971209
1.115052
1.010745
0.584652
0.645218
1.658974
0.200204
0.901784
1.563406
0.174299
0.597650
0.607196
1.757800
0.195514
0.929909
1.805242
0.209790
1.748942
0.386977
1.895949
1.569596
0.481221
0.223964
1.643884
0.727485
0.601829
0.310396
1.792761
1.149325
1.143650
0.379879
1.125126
1.813893
0.948987
1.576298
1.357419
0.611067
0.537800
0.781144
0.590382
0.934533
0.550472
1.114615
0.245481
0.153745
1.327358
1.775434
0.328441
1.357217
0.146828
0.233819
0.768166
1.790030
1.687304
0.714256
1.357441
0.746476
0.179044
0.236948
0.922542
0.639127
1.357247
0.205901
1.357280
0.966726
1.779645
0.701795
0.308508
1.798117
1.659580
0.695867
0.172538
1.057367
0.858021
1.360909
1.777976
0.880047
1.299518
1.463693
0.821114
0.617605
0.954084
1.349508
1.145284
0.681124
1.369850
1.404907
0.143438
1.904795
0.508554
1.377744
1.322957
0.279961
1.795934
1.148110
1.388398
0.956720
0.580865
1.357277
1.541435
0.964830
0.137149
1.791901
0.129040
1.656660
1.591710
0.844786
0.259789
0.443466
1.342514
1.908568
1.523753
1.068231
0.669177
0.711270
1.880817
1.663070
0.164998
0.954569
0.154598
1.753490
1.676123
1.643109
1.337874
1.673168
1.608800
1.903253
0.881949
0.323936
1.621640
0.484623
0.279805
0.484019
0.293684
0.734472
0.616962
0.442107
1.170453
0.745300
0.177814
0.954719
1.360578
0.793005
1.147087
1.550728
0.207921
1.884509
1.148533
1.798255
1.906135
0.514677
0.516847
0.167464
0.185851
1.357392
1.711019
0.463257
1.356071
0.198301
1.148868
0.360441
0.470840
1.358039
1.632142
1.149058
1.759374
0.796591
0.161083
1.356261
1.574540
1.133923
1.640757
0.714576
0.520113
0.283550
0.715872
0.257081
1.619496
1.156270
0.321929
1.545494
0.654971
1.357057
0.162065
1.126349
1.896892
1.417245
0.195713
1.352136
0.175956
1.460741
0.830071
0.608065
0.234220
0.316249
1.571871
1.589642
1.785391
0.158700
0.543326
0.173347
1.559743
1.357516
1.767408
1.852494
0.299394
0.325515
1.003577
0.145068
0.961355
1.007420
1.367555
1.777039
0.478933
1.907619
0.785094
1.717643
0.267082
1.349980
0.969756
0.822481
0.869576
1.080905
0.957002
1.801263
1.899135
1.834660
0.268322
1.358805
1.126359
0.985044
1.361481
0.193953
1.568503
1.356629
0.251237
1.908224
0.141805
1.357766
1.056158
1.364449
0.446568
0.931866
1.644170
0.340570
0.194921
1.882745
1.382430
1.357287
0.154968
0.959473
0.951200
0.341320
1.904312
1.363175
1.904342
1.652732
0.277316
0.176302
0.843111
0.724346
0.714665
0.513487
1.149457
0.342521
1.683008
0.390260
0.533143
0.222412
1.908636
1.048198
0.941365
1.142489
0.352840
1.908618
0.501478
0.768595
1.533358
0.299030
0.681533
0.660166
1.357364
0.169138
0.153190
1.148205
0.952997
0.227505
0.423739
1.370594
1.641382
1.144145
1.344281
1.124549
0.209983
1.722623
0.928468
1.034770
0.876046
1.490218
0.173138
0.651936
1.555853
1.659902
0.486497
0.183793
0.140065
1.356965
0.620631
0.298618
1.790028
1.357170
0.580997
0.566618
1.550828
0.256988
0.298762
1.149185
0.213208
1.380189
0.950704
1.787958
1.111977
1.357013
1.135797
1.011181
1.902721
1.357598
1.575251
0.953630
0.669236
0.213074
0.412627
1.131428
0.444566
1.648555
1.361998
1.040099
1.877011
1.755808
0.308281
0.577063
0.811654
1.085310
0.557970
1.561166
0.175931
1.642667
0.573982
1.381244
1.131859
1.341991
0.907677
0.171651
1.642271
1.149696
0.784052
0.958251
0.380899
0.223371
0.542847
0.503625
1.145703
0.154913
0.753439
1.706260
0.157100
0.133228
0.912810
1.357287
0.626269
0.582549
0.540437
0.957149
1.839528
0.298868
0.884341
1.799555
0.449822
1.624436
0.673232
1.562503
0.508935
0.653487
0.957836
1.634757
0.241196
1.277901
0.764382
0.495569
0.134645
1.344494
1.878162
1.794897
0.520397
1.905750
1.405544
0.186603
1.753910
0.437571
1.640743
0.952756
0.168026
1.792282
1.147380
1.119173
0.960086
1.336842
0.496924
0.724053
0.947268
0.953528
0.553494
1.907904
1.156286
1.646382
1.462969
1.359243
0.193212
1.388395
0.893935
0.676070
0.623694
1.388588
1.135550
0.163558
1.849625
1.674297
0.629743
1.259258
0.804518
0.632937
1.357377
0.599294
0.933571
1.680455
1.355983
1.607927
0.560925
0.177399
0.181833
0.185171
0.413212
1.135019
0.587502
0.699313
0.363930
1.358879
1.491024
1.397979
1.764987
0.538055
1.147198
1.357266
1.574220
1.644937
0.658297
1.772063
1.778615
0.702374
1.642126
1.787488
1.786587
1.148119
1.689668
1.188464
1.180239
1.906718
1.148830
1.650579
0.741462
1.113150
0.346229
1.147700
0.129416
1.138856
0.196281
1.069172
0.692728
0.889184
0.318752
0.687794
0.663307
1.691803
1.641598
1.416454
0.796302
0.623454
0.863913
1.379115
0.600364
0.168973
1.362318
1.699604
1.640203
1.025441
1.362700
1.652235
0.641504
0.168373
1.357281
1.812733
1.644062
1.006401
1.572812
0.283995
0.799536
0.666943
1.639511
1.360217
0.616718
0.163127
0.510897
0.509489
1.471847
0.165782
1.414695
1.362021
1.047215
1.907905
0.485487
0.412304
1.715261
0.758316
1.131370
1.908793
0.163843
1.908024
1.645038
1.792880
1.357127
0.146356
1.640628
1.173419
0.859385
0.141414
0.511047
0.446012
1.036934
0.744293
1.383725
1.147074
1.375647
0.147399
0.574084
1.571726
1.357219
0.162658
0.622128
0.665469
1.358650
0.262470
0.334717
1.358239
1.650677
0.385961
0.199719
0.461025
1.798127
0.178541
0.593144
0.582975
0.442710
0.679447
0.522116
1.564151
1.351733
1.907565
1.615676
0.784170
1.353800
0.831494
0.953430
0.614559
0.558435
1.869816
1.155285
0.275312
1.152082
0.213848
0.944751
0.700759
1.116844
1.646373
0.154330
1.788661
0.567837
0.481067
1.146317
0.275252
0.614246
0.700215
1.648568
1.357205
0.695456
0.664541
1.356000
1.382443
1.037836
0.955969
0.625365
0.882362
1.908701
0.625902
1.138041
1.349739
0.224000
0.582260
0.673399
0.815117
1.149562
0.614983
1.190912
1.564546
0.222223
1.589072
0.161510
0.210280
1.159616
1.529149
1.051666
0.337959
1.357639
1.842370
1.358278
0.451673
0.502059
0.222675
1.650042
1.904199
0.241949
1.357391
0.497985
0.276104
1.357201
0.553227
1.438006
0.818914
0.630272
0.577085
1.035179
1.354098
0.778126
1.565009
1.317528
0.539158
0.900541
0.787902
1.707761
0.906910
1.479713
1.357993
0.429486
1.882920
1.448261
0.785692
0.160530
1.070633
0.788540
0.615646
1.794618
1.900969
0.232249
1.875625
1.574425
0.172263
0.233911
1.908849
0.845156
0.579930
0.148774
1.903382
1.101174
1.231777
0.192210
1.363548
0.144040
1.677326
0.168682
0.776550
1.356576
0.893085
0.828154
0.742344
1.239807
1.174038
1.800409
0.342547
0.167512
1.357288
1.463456
1.388355
1.368972
1.029813
1.146301
0.150811
0.172034
0.969571
0.377405
1.800131
1.143959
0.655627
0.828333
0.365433
1.836174
0.436495
1.148554
0.957449
0.791158
0.395863
1.359248
0.182827
1.146181
0.983210
1.141910
1.148896
0.146669
0.790528
1.354649
1.359309
0.640562
1.084918
0.960086
1.357227
1.794002
0.153385
0.836022
1.577800
0.456505
0.263041
1.159887
0.262335
0.823394
1.369468
1.357467
0.891402
0.883863
1.702033
0.282029
0.695493
0.700688
0.941617
1.055937
1.906616
1.906290
0.240816
1.642668
1.357143
0.221895
1.355953
1.357370
1.839723
1.796914
0.420895
0.663087
0.907022
1.358130
1.801744
0.468767
1.680917
1.799121
1.858724
1.639354
0.857681
0.287938
0.885624
1.798018
1.349531
1.111627
0.900677
1.173190
0.644868
1.148414
0.555037
1.363590
0.237435
0.205232
0.518161
1.397981
1.356362
0.491265
0.578684
1.775812
0.588038
1.385203
1.325461
1.368773
1.851136
1.515848
1.356858
0.438345
0.420661
0.642696
1.163175
1.635951
0.166008
1.126528
1.794272
0.138646
1.617300
0.159452
0.659172
0.136644
0.959635
1.650235
0.237929
0.686024
0.888702
0.158665
1.905500
1.757742
1.558594
1.360344
1.573909
0.230251
0.679928
0.456654
1.145918
1.534075
0.970793
0.152279
1.519874
1.790244
0.175961
0.624773
1.901977
1.644902
1.358329
0.879435
1.631961
1.903623
0.141179
1.111863
1.114645
1.356347
1.791123
1.088380
1.768452
1.634371
1.006915
0.516765
0.149239
0.334810
1.748882
1.560860
1.143595
0.586917
1.186450
1.767367
0.614005
1.144335
1.903789
0.958924
1.101461
0.240817
1.672794
0.742482
0.135484
0.818827
0.160814
0.157735
1.907769
1.145544
1.563039
0.257401
1.140625
1.547826
1.862704
1.149192
0.201976
0.942083
1.149750
1.769378
0.260002
0.783195
0.739520
0.924721
0.322296
1.653686
1.738575
0.683794
0.144064
0.900128
1.357315
1.907827
0.975192
1.829171
0.151240
1.796067
1.857398
1.634262
1.774177
1.357621
0.782756
1.431280
1.451295
1.357449
0.144314
0.785111
1.631859
0.217921
1.361429
0.715170
1.902109
1.901017
1.734374
0.903161
1.785242
0.674595
0.585589
0.672641
1.905866
1.357666
0.820328
1.408741
0.836458
1.331691
1.395545
0.376522
0.910667
0.261227
1.127616
0.650172
0.934024
1.634938
0.984329
1.357060
1.344444
1.139292
1.059611
0.460946
0.345597
0.675804
1.358140
1.362200
1.639412
0.220358
1.001837
1.566026
0.156624
0.969924
1.357301
0.206112
1.645734
0.953355
0.627803
1.147457
0.618489
1.462022
0.371945
1.782918
0.579226
0.210524
1.357872
0.498161
1.127199
1.659090
1.286265
1.800113
0.313833
0.960449
1.641621
0.136759
0.607494
0.933653
1.774816
0.137087
0.808929
1.368919
0.454687
0.966053
1.354638
1.251962
1.906774
0.764907
1.119774
1.741158
1.360930
0.963620
1.145322
1.908113
0.925656
0.160878
1.643203
1.638850
1.686401
1.354336
0.140256
0.646830
1.357094
0.262423
0.923792
0.278966
0.197042
1.069144
1.613460
0.558701
0.570421
1.558731
1.795646
1.776897
1.867273
1.067840
0.208123
0.162291
0.291472
1.667029
1.569300
1.465718
1.636277
0.133531
1.646238
1.829920
0.705191
0.898748
0.758394
0.994222
0.688716
0.791854
1.551796
1.357538
0.717847
0.500311
1.907354
0.157270
1.733009
1.620855
1.357241
1.907555
1.590592
0.857214
1.665415
0.777808
1.564171
0.712396
0.171685
1.180791
1.369579
1.418352
0.688330
0.143243
1.357996
1.906348
0.585901
0.488787
1.791231
0.217575
1.559062
0.175755
0.406965
1.357267
1.357444
1.583380
1.126425
0.146585
1.143397
1.874487
1.147232
1.790828
1.419227
1.149222
1.040514
0.433661
0.172794
0.796642
0.553136
1.677198
0.282056
0.169843
0.204316
1.764682
1.633839
0.130939
0.958158
0.181249
1.893026
1.146421
0.196183
1.143328
0.586666
0.134028
1.023725
1.762180
0.590788
1.357473
1.358112
1.906802
1.141254
0.520904
1.681288
0.604589
1.643562
1.463495
1.615353
1.908559
1.795946
1.640409
0.854992
0.133133
1.357026
0.524374
0.331387
1.357311
1.356438
0.281291
0.503594
0.758157
0.572364
0.429916
0.242985
0.777677
0.221287
0.609448
0.453275
0.128698
0.729246
1.142390
1.469876
0.132499
1.357292
1.901864
1.806959
1.742297
0.664807
0.505301
1.148656
0.921793
1.355102
0.958567
1.586456
0.830287
1.014924
1.361333
1.541779
0.597772
0.954548
0.266835
0.969076
1.357234
1.146162
0.651128
1.907585
0.227650
0.224665
0.966389
0.606441
0.842571
1.567183
1.726240
1.630013
0.629122
1.601756
1.148010
1.583761
0.299229
1.163138
0.967282
0.208237
1.557995
1.363281
1.454529
1.764240
0.616553
1.357238
0.618211
0.530464
0.974658
0.323329
1.357137
1.360042
0.591989
0.248249
0.236799
0.668840
1.893567
0.785906
1.685920
1.584910
0.476516
0.269865
0.254745
0.820845
1.692932
1.366354
1.908043
1.908174
0.357500
1.003239
0.478513
1.135295
0.181606
1.878285
0.953348
1.569796
0.470739
0.624639
0.286447
0.673424
0.657556
1.533194
0.216364
1.363270
1.564570
0.396776
0.851883
1.463545
1.120452
1.357183
1.566467
1.900537
0.646712
0.602839
0.172244
0.602468
1.358609
0.224337
0.254782
1.637359
1.801792
1.440174
0.671374
1.896798
1.670828
1.145031
0.354152
0.793427
0.353805
1.357285
0.175828
0.561210
1.787031
1.899732
0.273808
0.662346
1.764016
0.471562
0.333399
0.433939
0.324844
1.569380
1.357239
0.676103
1.452336
0.183930
0.385267
0.456952
0.548806
0.904698
0.668752
0.425402
0.497271
1.082157
0.303268
0.216515
1.411246
0.477829
0.391814
0.398211
1.025086
1.668741
0.538260
0.390672
0.864013
1.557811
1.498403
0.946386
1.779702
0.499032
0.164718
1.533984
0.672793
1.541643
0.618496
0.452444
0.178944
1.694725
1.357377
1.907583
1.208092
0.946287
1.358840
1.564151
1.707570
0.971143
1.566362
0.667113
1.368507
0.688715
0.498147
1.356775
0.195244
0.534819
0.441698
0.283836
0.158431
1.890026
0.507116
0.695854
0.893264
0.605535
1.908284
1.357222
1.409595
1.357365
0.223474
0.360723
1.139339
1.147080
0.990521
0.533550
1.790877
0.887421
0.471946
0.971999
0.471906
0.740371
1.359293
1.641782
0.723223
1.365290
1.642673
1.354325
1.357474
0.438226
0.784031
1.698515
0.159255
0.996931
0.896913
0.486338
0.843776
0.192574
0.795083
1.358116
1.907513
0.767593
0.864024
0.504515
1.356875
1.346745
0.145468
0.654582
1.357908
1.567131
1.593462
0.957990
1.369948
1.643032
1.517857
0.934374
0.268602
1.799845
1.493246
1.359874
0.184212
1.140260
1.087598
1.907447
0.942351
1.616249
0.770127
1.791769
0.195656
0.484860
0.188436
0.671609
1.762197
1.101320
1.642039
1.357254
1.139826
0.182898
0.679290
1.357276
0.179340
0.257923
1.106769
1.646729
1.357995
0.256142
0.149997
1.148151
1.894001
0.690618
1.908627
0.956572
0.778371
1.412724
0.456792
0.800394
0.527714
0.615451
1.571941
1.742127
1.479252
1.544747
0.202501
0.172666
0.686945
1.640388
1.565934
0.182155
1.117768
0.900223
1.084545
0.790489
1.581978
0.167552
1.357280
0.442139
0.724329
1.683819
0.603207
1.102175
0.640458
1.535910
0.351982
0.145043
0.359686
1.905910
0.673423
1.369755
1.653222
0.904600
1.640694
0.313792
1.149155
0.153343
0.496367
0.268537
1.895445
1.516617
1.357269
1.356568
0.153666
0.338311
1.881068
0.578351
1.531438
1.357300
1.848833
0.961438
0.148777
0.520896
0.962810
1.674937
1.376804
0.739174
1.789330
1.356941
0.151492
1.642814
1.412286
1.141006
0.777485
0.585329
0.645521
0.851796
1.643121
0.159007
0.591152
0.432255
1.358871
1.127618
0.760976
1.149541
1.388932
1.369393
0.178216
0.134998
0.172767
1.144617
0.231833
0.682190
1.364071
0.625736
1.558393
0.656597
0.749584
1.599684
0.400505
1.112377
1.600990
1.147070
1.357136
1.533269
1.147755
0.572275
1.906280
1.703978
1.155413
0.982477
0.220247
1.137160
0.508431
0.765406
1.057748
1.156571
0.213861
0.297297
1.663924
1.908535
1.564953
0.163595
0.209456
1.360128
1.357279
1.568775
0.262399
0.580178
1.144811
1.731626
0.228786
0.278830
1.903165
0.162371
0.536432
1.272934
1.564768
1.744502
1.370095
1.148898
1.462406
0.160503
0.934358
0.879554
0.817149
1.358794
0.561476
0.812922
0.934863
1.125382
0.208634
1.062949
1.642132
0.689402
1.145267
1.370191
1.623250
0.302251
1.357253
1.867475
1.148593
1.352677
1.552843
0.277256
0.911715
1.357098
1.008853
0.942394
0.629893
1.319745
0.743633
1.031840
0.942624
1.584703
0.827571
1.352424
1.364741
1.148381
0.204391
1.148497
1.544111
0.344982
1.357760
0.147642
0.141127
1.469662
1.148397
1.646312
1.357248
0.257400
1.357247
0.785010
1.351120
0.443551
0.182755
0.271068
1.149000
0.630380
0.479847
0.946158
1.331271
0.633284
0.617988
0.602497
1.357328
1.075859
0.212244
1.880432
1.276812
1.361673
0.825617
1.358648
0.961327
0.367037
0.441467
0.924340
1.899590
1.908357
0.607173
0.736627
1.148513
1.582305
1.471918
1.357232
1.072278
0.163262
0.963384
0.956939
1.566749
0.647886
1.357228
1.766140
1.357444
1.565452
0.665441
1.653679
1.780163
0.164979
1.143788
1.357317
0.463678
0.146586
1.575427
0.443694
1.416321
0.930595
0.443062
0.865532
0.285783
0.753315
1.393444
1.382074
0.860907
1.566955
1.141867
1.701263
0.973514
1.626791
0.536341
1.907222
0.148545
1.357337
0.392870
1.358566
1.496181
0.957096
0.447794
0.676936
1.357095
1.371081
0.807709
1.066925
0.646708
1.901860
1.792127
1.357945
1.062704
1.641197
0.852352
0.407345
1.754014
1.359939
1.493129
1.656262
0.988657
0.467632
0.252287
1.718062
0.709005
0.287636
1.559170
0.645639
1.356707
0.132661
0.749357
1.771416
0.367187
0.138517
1.599968
1.574239
0.731349
0.302315
1.356835
0.485775
1.621244
0.607318
0.139754
0.866041
0.639801
1.230066
0.213957
0.575088
0.880037
1.495282
0.226232
0.212657
0.629944
1.357113
1.420897
1.637860
0.445401
0.481224
0.933371
0.309918
0.708770
1.363361
0.342453
1.357024
1.645843
1.148907
0.141350
1.132105
1.358199
0.349714
0.920542
0.143206
1.563834
0.717346
0.190009
0.922660
0.343878
1.472447
1.357412
1.357201
1.643469
0.778412
0.820447
0.301502
0.356637
1.098028
0.398808
1.908769
0.253246
1.791067
0.801068
0.229677
0.754814
0.259936
0.972970
0.959635
1.050791
0.391356
1.424487
1.149917
1.637684
0.730306
0.987745
0.275132
1.022786
1.861418
0.690299
0.820753
1.385344
1.560642
1.690862
1.901906
1.148823
1.568449
0.464461
1.906021
1.907690
0.258937
0.770082
1.357283
1.112091
0.399262
0.954183
1.463107
0.484393
1.898643
1.357199
1.426735
0.607352
0.196708
0.311334
1.357663
1.086044
0.226665
1.571487
0.168513
0.756472
1.830445
0.954574
0.350150
0.178313
0.685583
1.908523
0.434803
1.042092
0.180900
0.268558
0.185014
0.313704
0.645782
0.713198
1.336701
1.749760
0.951140
1.355392
1.895461
0.659289
1.330532
0.142356
0.584468
0.330645
1.313147
0.689632
0.954147
1.146857
1.676802
1.800810
1.761639
1.818651
1.364747
1.357129
0.267572
1.357539
0.573993
0.550468
1.147595
1.534265
1.354877
1.783848
0.758664
0.479805
1.357286
1.270391
0.952490
1.150560
0.729443
1.638623
1.347942
0.971681
1.357233
1.357490
0.229188
1.872930
0.588440
0.265028
1.359630
0.186516
0.148179
0.965398
1.902838
1.775889
0.332610
0.490136
1.645044
0.170748
0.664602
1.652971
0.391226
0.146256
1.907743
1.665424
0.175499
0.530185
1.573659
0.204459
0.211360
1.827286
1.588650
0.903960
0.294748
0.916533
1.334020
0.774534
0.635498
0.183332
1.599251
1.908433
1.860942
1.636965
0.147794
0.170121
0.735183
0.801039
0.319204
1.568473
0.937330
1.763912
1.367700
1.688617
1.370680
0.957936
1.638436
1.530977
0.339769
1.706080
1.117478
1.906943
1.639704
0.939035
0.745000
0.200325
0.964203
0.153955
1.147224
0.249646
1.641843
1.132715
1.143468
0.758943
0.341847
0.721811
0.385599
1.373597
0.519550
0.704076
0.238342
0.672343
1.355077
1.639756
1.908645
0.995498
0.376719
0.180624
1.145452
1.114336
0.141118
0.729469
1.544469
1.350618
0.954421
0.975904
0.366282
0.540020
0.833984
1.559459
0.774744
0.958799
1.788233
0.264291
0.662900
1.558288
1.669874
0.965943
1.643732
1.750589
1.597075
0.835826
0.950749
0.505097
0.134217
1.357310
1.639405
1.359681
1.855484
0.202362
1.358079
1.908408
1.357250
1.796660
0.661715
1.150215
0.842137
0.166968
1.642129
1.332040
0.864166
1.727035
0.226903
1.078332
1.366143
0.620942
0.393592
1.655212
1.648313
0.675705
0.535507
0.976682
0.275899
0.412879
1.136970
1.505461
1.122396
1.907988
0.134161
0.147250
0.922934
0.953492
1.584320
0.593014
0.576712
0.229894
0.589810
0.962467
1.354468
0.196453
0.529023
1.149254
1.641217
1.566954
0.249009
0.450751
0.156832
1.555112
1.141683
0.203501
1.355839
1.356994
0.603308
0.235533
1.774167
1.360981
0.960298
1.051113
1.357246
0.142629
0.164625
1.327930
1.063695
0.230538
0.679536
1.564079
1.801420
0.601387
0.171055
0.969699
1.359382
0.165993
0.134183
1.354841
1.138391
1.358718
1.165114
1.359999
1.360381
0.177764
1.371686
0.246992
1.087214
1.374359
1.906027
0.344183
0.557018
0.717904
0.413514
0.954185
1.374363
0.427823
1.357301
1.799006
0.934971
1.359789
0.976413
1.133941
0.637312
0.483500
1.140919
1.533885
1.155839
0.195828
1.797846
0.167647
0.167118
0.565915
0.755910
1.553977
0.692480
1.894614
0.565293
1.563484
1.374810
1.149032
0.547832
1.151380
1.356077
1.770792
1.359285
0.775794
1.566678
1.624200
1.420652
0.710315
0.833192
1.639751
0.684622
1.638695
0.574418
1.148642
1.645200
1.645771
1.861049
1.906528
0.599295
1.776476
1.654005
1.907731
0.540815
0.768968
0.515408
0.484021
1.136247
1.784228
1.869569
0.406741
0.216794
0.503200
1.150219
0.994454
0.426315
1.600802
0.177132
0.146015
0.286740
1.675992
1.145112
1.564922
0.190281
1.152263
0.218412
0.753713
1.707266
0.582388
1.143049
1.165913
0.550761
0.137533
0.181480
0.960526
0.431234
1.149683
0.369897
1.764878
1.564832
0.653461
0.617086
1.111033
1.149270
0.942076
1.065980
0.281477
1.902713
1.551286
0.788202
1.643267
1.195332
1.065536
1.852562
0.948022
0.891402
1.357484
0.588426
0.679886
0.411351
0.208079
1.907250
1.799312
1.653650
0.666358
1.146181
1.844043
0.680465
1.344623
1.908715
1.638748
0.935414
0.405015
0.982415
1.566308
1.089107
1.665258
1.581180
1.842648
0.564106
1.565449
0.267771
1.644534
0.345745
1.073666
1.356759
0.750357
0.207667
1.359739
0.556954
1.753119
1.011508
0.696542
0.638610
1.142217
0.174636
1.889075
0.457559
0.854828
0.776272
1.357177
0.959126
0.697302
0.300490
1.789786
0.233595
1.667426
0.775860
0.282593
1.641374
1.419235
1.138438
0.420535
0.215813
1.891223
1.322049
0.748255
0.488595
1.357983
1.752775
0.176880
1.359639
0.958314
0.863854
0.403881
0.304634
1.888719
1.569146
1.263984
1.373155
0.839652
1.874765
0.557875
0.149678
1.788914
1.892399
1.904857
1.355541
0.960013
1.782393
1.791987
1.896291
1.148986
0.165961
0.230733
0.733924
1.149756
1.908471
1.849343
1.904225
0.138967
1.046080
0.300058
1.826383
0.943275
0.952507
1.878068
1.357282
1.357239
1.626734
0.285944
0.206332
1.547528
0.214574
0.980565
1.070798
0.137113
1.135349
1.800398
0.342623
1.701729
1.644443
0.156347
1.149075
0.317253
1.151568
0.161856
1.819662
0.965939
0.704099
0.408186
1.802062
0.658102
0.152309
0.884897
0.640252
1.385772
1.356976
1.359047
0.571666
1.364667
0.131796
0.487394
0.208485
1.733564
0.852597
0.302565
0.331396
0.725324
0.891834
1.785485
0.897105
1.905406
1.149949
0.251233
1.351608
0.972227
0.301782
1.070410
0.269958
1.642078
1.523782
1.571153
1.900738
0.904171
0.188396
0.451879
0.441215
0.772506
1.787696
1.092276
1.144203
0.533183
0.957505
1.356688
0.656858
1.167942
0.975974
0.692245
0.568062
0.202537
1.358698
1.581852
1.778749
0.927373
1.356961
1.889865
0.955868
0.856582
1.597305
0.196119
0.506396
1.357767
1.734558
1.614933
1.683612
1.763077
1.006984
1.643965
0.145778
1.751557
1.639674
0.645545
1.352165
1.615834
0.152532
0.953948
0.250879
1.139341
0.247372
0.802390
1.425896
0.934255
0.277952
1.806357
0.246089
1.014212
0.169905
0.631535
1.357199
0.184772
1.394005
0.873745
0.884577
1.646288
1.048672
0.694920
1.357168
0.470588
1.639415
0.264283
1.374925
1.535642
0.986954
0.136082
0.215086
0.664342
1.613971
1.906859
1.763025
1.800160
1.796841
1.157236
0.498460
0.900566
0.528685
1.527086
1.357575
1.164327
1.675480
0.262003
1.355731
1.747277
0.458763
0.152623
0.378266
0.976185
1.357629
0.149806
0.200532
0.150878
1.653098
0.351238
0.567845
0.396127
0.764063
1.737062
1.420161
1.778471
1.357258
1.574230
0.716709
1.689606
0.617116
1.418218
0.220781
1.040236
0.249398
0.222654
1.712350
0.294532
0.581546
1.793042
1.636856
1.357269
0.139286
0.677454
1.357170
0.336001
1.790105
1.904515
1.566431
1.554172
0.543706
0.713501
1.732356
0.641920
1.143925
0.974266
0.206131
1.343509
0.283865
0.330522
0.393734
1.567007
0.224149
1.149363
0.342566
1.907544
0.419137
0.190094
0.749223
0.155604
0.728587
1.791319
0.925026
0.716422
1.567520
1.908655
1.750803
0.178097
1.138233
1.640889
1.162815
1.895914
1.661668
0.324972
0.566280
1.149142
0.246080
0.568798
0.241760
1.141492
0.209728
1.041622
0.756768
1.102759
0.622616
1.907612
1.327647
0.206625
0.600966
0.178244
0.828201
1.673568
0.655096
0.140018
0.181458
0.201071
0.732883
1.357299
1.143149
1.638075
1.906788
1.417804
0.679246
0.208386
1.517858
0.948337
0.199008
0.950114
0.705629
0.454082
1.357210
0.143588
0.150195
1.755603
0.185898
1.353616
0.624105
0.475512
1.805314
0.966977
0.174632
1.151191
0.681043
1.094986
1.617676
0.332902
0.433520
1.561135
0.953956
1.013918
0.603390
1.852481
0.970042
0.199832
1.133090
0.785121
0.163965
1.907399
1.327022
1.567852
0.643438
0.953373
1.565989
0.956002
0.927993
0.137980
0.401817
0.787678
1.696500
0.619735
1.784918
1.145320
1.357316
1.908297
1.357807
1.149597
0.956172
1.357080
0.955924
1.634133
0.869256
1.357289
0.132861
0.133580
0.239664
1.357260
1.733001
1.695258
1.358339
0.575666
1.434647
1.640377
1.204903
0.691127
1.567269
1.145825
0.178462
1.790178
1.072330
1.359561
1.029037
1.908153
1.162008
0.213443
1.357296
0.666834
0.397606
1.071731
1.143417
1.137105
0.153656
0.240898
1.564542
0.431493
0.487139
0.166134
1.637038
1.867948
1.362401
0.155847
1.379931
1.352463
0.307872
0.917868
1.774426
0.936610
1.433244
1.905395
0.616490
1.520792
0.766947
0.978172
1.855963
0.498636
1.044376
1.418190
1.670318
1.360552
1.854516
0.537858
0.973577
1.147320
1.364200
0.970810
0.192513
1.000617
0.690419
1.893960
1.357029
0.529901
0.298912
1.554500
1.357350
1.125394
0.164882
1.772829
0.595753
1.144628
1.722150
1.564502
0.319761
0.647997
0.965796
1.461438
1.359075
0.302642
1.794426
0.187116
1.634379
1.355868
0.560749
0.701930
0.314924
1.641745
0.326223
1.609057
1.908185
1.210777
0.161764
0.297601
1.757856
0.946955
1.553479
0.146496
0.368914
0.574482
0.957283
0.948010
1.756729
1.024623
0.825690
1.124931
0.151247
1.356009
0.213107
1.789858
1.357757
0.752023
1.357324
1.146796
1.333085
1.756632
1.756140
0.960764
0.660717
1.409047
0.430291
0.985296
1.563260
0.135021
1.560129
0.525125
1.754192
1.151293
1.358088
1.739837
1.343038
1.358142
1.765558
0.368818
0.415966
0.160678
0.619824
0.490867
0.941133
0.539768
0.676692
1.495352
0.170526
1.358270
0.520792
1.357237
1.906749
0.152287
1.419174
0.987000
1.149502
1.884328
1.614880
0.522317
1.799919
1.357292
0.178698
1.342343
0.369276
0.682923
0.527738
0.938483
0.184701
0.894526
0.607688
0.957373
0.392405
0.822677
0.858431
0.820305
0.355028
0.965323
0.574087
0.350787
0.554294
0.394610
1.716972
1.146993
0.938831
1.639075
0.962520
0.740654
1.900838
0.634954
1.357175
1.357726
0.984357
0.226453
0.195306
0.144666
0.141524
0.813521
0.971280
1.404843
1.712849
0.676981
0.702077
0.529091
1.358366
0.766526
0.350179
1.010952
1.141397
0.598954
1.885646
1.357835
1.150936
1.357072
0.159528
0.653177
0.629832
0.481196
0.983049
0.438559
0.747101
0.415295
1.694994
0.279528
0.535769
1.617602
1.185273
1.789201
1.139268
1.129357
0.708163
0.915390
1.768468
0.568647
1.365218
1.357299
0.925092
0.155138
0.139757
0.888920
0.295251
1.121843
0.191919
0.169718
1.385789
1.357031
1.249455
1.562114
0.640693
1.655560
0.409613
0.543200
1.908176
0.667715
0.282125
1.357262
0.967389
1.907705
1.798920
0.401523
1.566281
1.251454
1.789680
0.169442
0.888872
0.639052
0.191735
0.590412
1.243184
1.007511
1.117360
1.904271
0.701738
0.152095
0.171008
0.289122
0.573453
1.897216
0.524397
1.132783
1.776908
0.894426
0.159407
0.801199
1.908015
0.198233
1.359027
1.357229
0.605006
0.656752
1.357373
0.196571
0.682628
0.406693
0.161733
0.212268
0.568614
0.836330
0.146774
0.505764
1.832331
1.769649
1.216638
0.527352
1.908468
0.437888
0.550272
1.816233
0.514885
0.194479
0.363259
1.641215
1.357224
0.800130
1.564880
0.441081
1.031244
0.549094
0.622172
1.566184
0.707843
1.781480
0.284870
0.582557
0.483232
1.412953
0.681678
0.281314
0.172539
1.362766
0.901451
0.271424
0.233376
0.170431
0.810345
1.145159
1.085806
0.318144
0.202868
0.520420
0.138559
0.660334
1.668067
1.473886
1.082882
0.164456
0.163511
0.415414
0.281189
1.141098
1.673990
0.149525
0.443770
1.160255
1.121884
1.359031
1.566477
1.639713
1.768447
0.714906
1.595836
0.586961
1.380692
1.907742
0.958823
0.696442
1.357286
1.564606
0.468656
0.496786
1.904688
0.688195
1.367688
1.357826
0.765585
0.712931
0.702728
0.219138
0.140114
0.415930
0.155859
0.507092
0.311906
1.796240
0.173642
0.418015
1.369304
1.386390
0.271892
1.083514
0.238964
1.067719
0.522489
1.360502
1.611084
1.357467
0.940204
1.885849
0.845233
1.600941
0.797262
1.152305
0.382574
0.396327
0.167830
0.874757
0.790893
0.302177
0.288489
0.836950
1.357252
1.851105
0.679021
1.005656
0.865072
0.181195
1.718108
0.549212
0.675118
1.124189
0.679221
0.980438
1.484416
1.137256
1.354968
0.212157
0.578218
1.764486
1.149382
1.346555
1.835020
1.768544
1.547767
0.934737
1.797710
1.562257
0.308780
1.664142
0.819298
1.652334
0.181146
0.858861
1.146954
0.310299
0.881291
1.894094
0.382695
0.673002
0.936846
0.194933
1.359337
0.353640
0.248642
1.358996
0.143021
1.843964
1.141585
1.725991
1.678613
1.001682
1.421861
0.483124
0.958154
0.650288
1.891303
0.621490
1.373510
0.563081
1.350721
0.907257
1.356988
0.203664
1.358670
1.803070
0.203111
0.618757
0.554507
0.570834
1.563914
1.079505
0.205352
0.226336
1.908370
1.360165
0.555919
0.395945
0.625704
1.799918
0.971117
0.956442
1.908474
1.349885
0.554604
1.567012
0.160528
1.344094
1.806102
0.837294
1.356221
0.754429
0.234263
1.718688
1.692768
1.121063
1.372402
1.907403
1.633720
1.472052
1.659903
0.931656
1.701430
0.961484
1.358280
1.907544
1.459241
0.404176
1.357243
0.153241
1.356802
1.772107
0.346920
0.456536
1.569729
0.583907
0.538588
0.789265
1.689882
1.800008
1.466702
0.238144
0.469038
0.554780
0.891650
1.639091
0.873280
1.394703
0.461782
0.501622
0.650571
0.891486
1.354707
0.593191
1.906981
0.990230
0.699750
1.149057
0.268805
1.357276
1.643515
1.622222
1.356350
0.662411
1.356980
0.131947
1.145804
1.140625
1.357955
1.632696
0.653040
1.698299
1.096217
1.004418
1.357230
0.562199
0.980723
1.898920
1.714115
0.486549
0.497787
0.734565
1.757481
0.780416
0.603247
0.954628
1.139258
1.641682
1.131993
0.982611
1.072576
0.229388
0.949158
1.148802
1.357207
0.160545
1.741004
1.357178
1.563588
0.298348
0.684927
1.357267
1.887943
1.368651
0.593397
1.540584
0.239491
1.323263
0.516131
1.116718
0.904038
1.540449
1.098358
0.283808
1.900150
1.648891
1.784943
0.166585
1.125578
1.148758
0.353581
0.365148
0.289446
0.370535
1.793157
0.194870
1.357274
0.148610
0.391235
1.546124
0.906663
0.567325
1.646585
1.162350
1.771246
1.725965
0.233530
1.723034
1.145575
1.146299
0.137626
1.185363
0.801950
0.348266
1.145481
0.561121
1.740781
0.236139
1.034043
0.948604
0.183614
0.171713
1.142185
0.806067
1.744099
0.198504
1.117427
0.175321
0.701981
0.955749
1.117932
0.614847
1.884286
0.265723
0.957723
0.178873
1.426628
0.483856
1.627262
1.356680
1.081497
1.142407
1.797653
1.144173
1.358521
0.737295
1.907599
0.166466
0.820399
0.556686
1.094894
0.541484
0.419193
0.292186
1.327241
1.895957
1.395233
0.353975
1.701844
0.491333
1.139597
0.397454
1.359151
0.425954
1.646641
1.566538
1.085934
0.719349
1.140787
0.168728
0.181303
1.357262
0.135551
0.386663
1.795288
1.790436
0.226706
0.957015
1.106699
1.358013
1.357574
0.543193
0.174981
1.573114
0.779121
0.132592
0.317095
0.613588
0.200948
0.188402
0.161094
0.274961
0.538495
0.328825
0.444030
1.651012
1.175091
1.140126
0.953254
1.908340
1.350558
1.904153
0.168837
0.136371
0.680356
0.191940
0.761614
1.553558
1.564123
1.642863
0.565474
0.652715
0.959573
0.400038
1.147854
0.615951
0.956277
0.678207
0.323608
1.676083
1.751842
0.291018
0.956359
1.786605
0.414838
0.673589
1.613732
0.546962
1.069958
1.561551
0.684046
0.410676
0.216133
1.368797
0.745225
1.835057
1.905176
0.473433
1.148317
0.975016
0.135781
1.903530
1.539173
1.144155
1.770469
1.563599
1.774222
0.325498
1.630042
0.268127
1.771933
0.149736
1.596557
0.237339
0.961154
1.149218
1.356680
0.643480
0.441756
1.801462
0.274303
0.902030
0.962113
0.205393
1.906946
1.146040
1.907119
1.363550
0.335435
0.341101
1.762194
1.371941
0.471963
1.060119
0.636526
1.472186
1.610427
1.908385
0.643700
0.199674
1.136153
1.148955
0.311086
1.538060
0.217333
1.890664
1.555939
1.907259
1.787821
1.270347
0.979711
1.131572
0.746166
1.061872
0.173378
0.291155
0.493596
1.361827
0.251888
0.695103
0.966535
1.358777
1.342373
0.688457
1.596936
1.787086
0.258558
0.636742
0.960756
0.330660
1.362399
1.563194
1.684685
1.354712
1.051996
1.065086
1.387720
1.568633
1.055982
0.730099
1.652203
1.356823
1.780479
0.948472
0.810337
0.661309
0.313962
1.356485
0.758491
0.515415
1.362253
0.229708
0.826911
1.799625
0.685718
1.357306
0.412792
1.898235
1.640967
0.467505
1.886373
0.300954
0.470222
0.284635
0.338609
1.068078
0.864342
0.553574
0.581259
0.817007
0.241620
0.656279
1.565480
0.945175
0.956237
1.570850
0.138851
1.381547
1.908189
1.121927
1.720526
1.046737
1.637922
0.743919
0.141126
1.690916
0.646663
1.352947
1.906392
1.800654
1.789504
1.657248
1.884633
1.904903
0.700705
1.142475
0.922007
0.924141
1.898378
1.383514
0.711921
1.549248
0.467224
1.110123
0.624483
1.565676
0.927528
0.821258
0.602161
0.830489
1.690959
1.357450
1.357788
0.995852
0.991525
0.863729
1.901599
1.142228
1.359529
0.583840
0.179124
1.146875
1.132795
0.225011
1.145222
1.136365
1.117531
1.564260
1.370683
0.211532
1.821276
1.357295
1.149997
1.370739
1.589226
1.056874
0.209202
1.908413
1.566456
0.961666
0.999747
1.632702
1.645074
0.972052
0.147005
0.465191
0.203791
1.562680
1.183879
1.391171
1.148660
1.658328
1.334189
0.720104
1.562558
0.183750
0.574559
1.887251
1.354818
1.798752
0.789195
0.700919
0.403378
0.669225
0.347602
0.537044
1.455542
1.874200
1.148578
1.357198
0.139183
1.742918
1.886033
1.795855
0.938185
1.353211
1.565308
1.357507
0.498709
1.146594
0.176025
1.580285
1.129298
0.607412
0.930670
0.350192
1.360261
1.356560
1.908209
1.372906
1.361194
0.750631
1.728813
1.357165
0.220260
1.743820
1.646097
0.959351
0.702264
0.735273
0.497473
1.118672
1.599740
0.240261
1.270902
0.942055
1.640328
0.946465
0.524084
1.748983
1.143968
1.790456
0.888336
0.468663
1.148732
1.146591
1.904005
0.942248
0.190090
0.901055
0.712201
0.953546
0.534834
0.946650
1.780724
1.357226
1.369690
1.082394
0.453987
0.187029
1.314121
0.521864
0.594665
0.147665
0.510473
0.665794
1.147726
0.602017
1.577686
1.195745
1.144801
0.253872
1.155277
0.652385
1.578608
1.357408
1.908113
0.959807
0.670096
0.652216
1.357231
1.151491
1.559639
0.497208
1.357101
1.594515
1.906750
1.798990
1.554814
0.149014
0.945058
1.657821
0.532074
1.741273
1.357260
1.368001
1.638352
1.533893
1.787003
0.169246
0.954454
0.915191
1.357226
0.241947
1.357306
0.744617
1.742945
1.786308
1.577230
1.046895
1.875117
1.533586
1.166176
1.541997
0.687162
1.902506
1.357447
0.144067
0.937022
1.149385
0.611387
1.144948
0.614954
0.609106
1.356152
1.147698
0.252587
0.503667
1.904060
1.028793
1.634786
1.140410
0.484863
1.720235
0.150556
1.722906
1.899322
0.752384
1.078581
0.921520
1.565616
0.451278
0.136973
1.292156
1.140593
0.542312
1.370736
0.688760
1.184551
1.357163
0.181095
0.831989
0.625331
1.680827
1.797178
1.148396
0.809034
1.359877
0.766595
0.314546
0.968784
1.800642
1.638547
0.267156
1.898750
0.160310
0.997177
1.146013
1.634212
0.529411
1.357555
1.356948
0.944972
1.357208
1.563990
0.914789
1.636992
1.637891
0.964500
0.532516
1.363772
1.061781
1.147835
0.287198
1.149588
1.354731
0.594010
0.586417
1.558237
1.771181
0.233040
1.116820
0.904873
1.755940
1.379264
1.151734
1.145582
0.157151
1.578484
0.982334
0.696103
0.314615
0.716057
0.833562
1.790188
0.934442
1.771785
0.284531
1.247622
1.677207
0.135972
0.335572
1.540698
0.178346
1.147453
0.705647
0.528476
0.520559
1.546181
0.844921
0.961859
1.356734
1.609455
0.581327
1.147687
1.628991
0.439705
0.384189
1.259120
1.796916
0.592029
1.792344
1.625793
1.384819
0.240400
0.609421
1.532506
1.152884
0.520400
1.721353
0.452917
0.712606
1.652712
1.903492
1.140067
0.250589
1.025693
0.220900
0.166479
1.650022
0.149564
0.166460
1.695226
1.701122
1.572410
0.183104
0.187309
1.013816
0.582651
0.633640
0.254909
1.377705
0.972487
0.131405
1.101476
1.908485
1.907772
1.732243
1.785158
0.529180
0.902872
1.677448
1.155971
0.951259
1.698266
0.218835
1.663210
0.543840
1.147043
0.331190
1.356394
1.899973
0.680856
1.641247
1.356318
1.591119
1.798414
1.898524
1.148768
1.908154
1.858310
1.357105
1.359232
1.584059
0.159983
0.496252
1.089878
1.714046
1.670036
0.737272
1.371083
0.196741
1.149710
0.893218
0.649441
1.666206
1.359918
1.619125
1.567816
1.124756
0.181312
1.871696
1.890144
0.608196
0.253778
0.865358
0.967767
1.765398
1.639129
1.107545
1.357083
1.792912
1.120586
1.581360
1.643650
1.793860
1.008354
0.231606
1.357622
0.718767
1.877800
1.378604
1.356791
1.370229
1.564995
0.429206
1.142928
1.146313
0.197664
1.798050
1.765237
1.798028
1.744816
0.956907
1.817788
0.713912
0.562874
0.163222
1.357260
1.562859
1.682830
1.358025
1.357338
0.257044
1.791151
0.545924
1.146160
0.655271
1.638879
0.777740
0.281644
0.177677
0.167267
1.312635
0.894338
0.948181
1.360288
0.605303
1.355670
1.357273
1.009135
0.247318
1.072413
0.565129
1.705350
1.765337
1.732310
0.679008
1.564613
0.433895
0.281202
0.577239
0.886501
1.725590
0.158767
0.980923
0.174563
0.555397
1.178285
0.730565
1.378094
1.130634
1.357217
1.148273
1.343773
1.605038
0.698013
0.229697
1.652434
0.492606
1.146691
0.314609
0.850653
0.800558
1.744277
1.134840
0.382323
1.908289
0.548090
0.549651
1.890628
1.426879
1.642390
1.350972
1.147361
0.371751
0.290042
1.357184
0.725080
0.441276
0.183409
1.561584
1.759599
1.017561
0.775037
0.424163
1.146112
0.140193
1.323531
1.648748
1.357280
0.704160
0.618203
1.693456
0.758156
1.907993
0.537453
0.747681
0.804019
1.142850
0.798155
0.609218
1.366582
0.959312
1.797513
1.381385
1.350092
0.615281
1.789780
0.135076
0.424799
1.357230
1.766275
0.388664
1.141067
1.306478
0.330382
1.404675
1.357281
0.339683
0.688507
1.902162
1.357243
1.639694
0.789297
0.186553
0.961237
0.423474
0.740415
0.173711
0.621110
0.929668
1.795952
0.165919
1.055208
1.357605
0.947986
0.657169
1.342960
1.403387
1.498554
1.634664
0.296939
1.556793
0.947562
1.599772
0.575966
0.179065
0.874049
1.329707
1.152339
1.558959
1.357454
1.360838
1.599178
1.558929
0.232389
0.933910
0.947916
1.761675
0.789751
1.108363
0.335433
1.357860
1.358617
1.367030
1.146884
0.315356
0.560709
0.936488
0.664098
0.595161
1.357120
1.148186
0.154403
1.792988
1.352637
0.417834
0.899878
0.567552
0.443191
0.206435
0.527206
1.622974
0.820370
1.357364
1.776326
0.179676
0.158060
1.357547
1.148619
0.666786
1.357179
0.462011
0.435096
1.393778
1.777777
0.151410
1.357507
0.661507
1.149993
0.805978
1.765635
1.354656
0.557759
0.977624
0.386517
1.150184
0.562564
1.149107
1.504392
1.358997
1.784397
1.562540
0.283306
1.559410
0.611706
0.140120
1.907364
0.211449
0.366418
1.423768
0.256341
1.759988
1.722650
1.085594
0.285067
1.793639
0.197605
1.356940
0.197401
0.540962
1.357289
0.670911
1.906536
1.678432
1.378971
1.148564
0.189852
1.162401
0.218651
1.584164
1.149451
0.643265
1.795284
1.358767
1.417758
0.243990
1.344611
0.322541
1.052349
1.135030
1.359117
1.904986
0.816225
1.789094
1.150099
0.648589
0.941643
0.471328
1.801761
0.730743
0.148614
1.748559
1.044259
0.724365
0.736585
0.202661
1.171264
0.722743
1.355586
1.357742
0.269230
1.566041
1.067718
0.705022
0.183465
1.899134
1.357262
1.567381
0.448604
0.369827
0.195061
1.767112
1.570879
0.714573
1.908386
0.490984
0.210337
0.147426
0.153561
0.750321
1.623591
0.489223
0.197169
0.640905
0.594204
0.198036
1.712176
0.685419
0.333938
1.568015
1.563843
1.209426
1.357235
1.794132
1.848826
1.148909
1.420171
1.357218
1.482558
0.811608
1.544697
1.145357
