0.777482
0.734475
1.559243
0.198172
0.473985
1.841391
0.242988
1.571803
1.043537
0.652036
0.338794
1.829994
1.403509
0.126106
0.974529
0.988182
1.953846
0.295382
1.072325
1.684119
1.696063
1.149357
1.917144
0.840632
0.674280
1.362124
0.222306
1.518080
1.541975
1.338216
0.962855
1.241395
1.099712
0.635502
1.112491
0.987631
1.790424
1.653913
0.268018
0.788817
1.715193
0.549081
0.995203
1.461986
0.974168
0.475843
0.144024
1.211906
0.272428
1.536975
0.667218
1.809600
1.416539
1.144815
0.823627
0.661785
0.103399
0.211554
1.229402
0.903206
1.893554
0.389636
0.442457
0.477321
1.533861
0.179226
0.238129
0.562301
1.273924
0.163396
0.244359
1.809035
1.575599
0.082022
0.112403
0.488785
1.031014
1.290754
0.455122
1.649159
0.681200
1.057076
0.636997
1.809665
0.245664
1.016058
1.255308
1.915756
1.338544
0.089847
1.302500
0.432951
1.128467
1.875988
0.212456
0.084691
1.547130
0.971324
0.230335
0.396736
1.127943
0.738744
1.315634
0.316221
1.957363
0.608176
1.878453
1.877167
1.465172
1.348421
1.274474
0.493144
0.161739
1.738958
0.643987
1.128993
1.343692
1.411814
0.253944
1.878594
0.590743
1.390250
1.732758
0.695376
1.049033
1.090680
0.113639
0.697998
0.309179
0.161382
1.578699
1.226678
0.728009
1.454831
1.683277
1.342702
1.416126
0.588563
0.741501
1.163160
0.841281
0.463834
0.110021
1.109544
1.182825
0.910686
1.349612
0.217449
1.813967
0.362258
1.353611
0.494211
0.939302
1.903492
0.399338
0.972476
0.635424
1.749599
0.330091
0.085436
1.557977
0.259961
1.947948
1.546629
1.736073
0.084741
1.789219
1.914635
1.466195
0.500336
0.670712
1.122865
1.525873
0.586669
0.145209
0.916621
0.187677
1.905994
1.417310
1.655684
1.820781
1.737062
1.473153
1.337768
1.864159
0.825716
0.532502
1.381456
1.410002
0.694980
1.542876
0.704206
1.048244
1.215341
1.932399
1.809928
1.240828
1.679894
0.099561
1.836776
0.098581
1.955663
0.440018
1.308422
0.262583
0.235111
1.070346
1.202686
1.347162
0.574714
0.508337
1.911424
1.910197
0.451089
1.177346
0.990681
0.329150
0.151275
0.594943
0.702456
1.590081
0.825194
1.475246
0.729268
1.426288
0.374554
0.214838
1.559936
1.798139
1.727009
0.225002
1.736063
0.536210
0.512547
1.130148
0.436661
1.024552
0.202781
0.642948
0.240816
1.547459
1.625873
1.100971
1.770728
1.146338
1.145878
0.194139
0.734039
0.790677
0.302324
1.908767
0.310832
1.355559
0.808839
0.406005
0.648775
1.001786
1.517648
0.475505
1.355474
0.108088
0.674125
1.281366
1.278909
1.136351
0.704667
1.376969
1.038631
1.770833
1.648306
1.759619
1.156321
0.793178
1.727128
0.100959
0.845441
0.467697
1.223168
0.348929
1.266847
0.335803
0.300968
0.577828
1.933580
1.500587
1.641405
0.179559
0.959714
0.744867
0.992592
1.578640
1.509427
0.474916
0.199533
0.583696
0.855591
0.894702
0.757914
1.579193
0.590171
1.496566
1.145955
1.734086
1.550435
0.077998
0.659552
0.861389
0.266094
1.491291
0.905190
1.146158
1.350660
0.194105
1.522220
1.598573
1.731750
0.293460
0.878317
0.979106
0.547058
0.083675
1.713581
0.144988
0.162584
0.800043
0.426872
1.671069
0.497468
1.551778
0.190543
1.828848
1.725550
0.234881
1.182395
0.976300
1.911801
0.628760
1.917758
0.639814
1.228742
0.649836
0.557281
1.656435
1.738081
0.621691
0.277802
1.117472
1.737396
0.375873
0.902032
0.651809
1.030798
0.075194
0.506728
0.785320
1.139403
1.641681
1.904817
0.892761
0.708908
0.428332
0.866007
0.075223
1.121168
0.099050
1.886146
0.988119
0.232347
0.129964
0.240881
1.762190
0.909739
0.233486
0.215798
1.868165
0.642124
0.747092
1.558589
1.594938
0.078362
1.070365
0.648536
1.916995
1.307309
0.091172
1.659841
1.913416
1.473968
0.338815
0.991696
0.539364
0.419616
0.312312
1.358027
1.510271
1.581051
0.446954
1.348576
0.509247
1.428359
0.551304
1.340257
1.205673
1.133574
1.340873
1.064394
1.611064
0.869022
1.417783
0.702384
0.199737
1.957615
1.945738
0.398724
0.277991
0.971931
1.735595
0.173061
0.097414
1.730459
1.724261
1.513264
1.143982
1.040753
1.192458
0.537866
1.944506
0.574494
1.412150
0.441256
1.193408
1.232710
0.859846
1.194582
0.433612
1.563110
0.160862
0.863389
0.823531
0.773934
1.343854
1.616351
0.116307
1.276821
1.684314
0.350378
0.144495
0.831306
0.514392
0.747225
1.878295
1.917677
0.506565
1.722229
1.462162
0.117362
0.140747
1.646488
1.411081
1.630613
1.274152
1.920961
0.124695
0.192223
0.164574
0.634098
1.037083
1.111416
1.443993
1.730974
1.136976
0.118675
0.206747
0.890371
0.650509
1.583636
1.720811
0.325605
1.263512
1.530625
1.786783
0.624501
0.489987
0.107832
0.663164
0.911209
0.456713
1.134750
1.716576
1.686330
1.866178
1.129157
0.935120
1.421070
0.922604
0.318757
0.790513
0.728314
1.146150
0.302613
1.946036
1.042133
0.810837
1.777906
0.657647
1.644304
0.677841
0.486802
1.624245
0.917291
0.642441
1.338785
1.954486
1.728183
1.879751
0.984863
1.952589
1.106845
0.321875
0.609065
0.872634
0.990400
1.275372
0.884450
1.902725
1.914962
0.257767
1.689929
1.419304
1.827670
0.474194
1.944054
0.269647
1.313833
0.479434
0.100225
0.641892
1.733612
0.282146
1.325162
1.167139
1.277111
0.996607
0.838131
0.920635
1.810442
1.190221
0.278549
0.888572
0.137176
1.641300
1.137345
0.922541
1.219787
1.345168
1.145927
0.504967
0.636413
0.824901
0.874672
0.708660
0.942104
0.315080
0.077889
1.475343
1.188900
1.708673
0.802650
1.952609
1.035149
1.418868
0.078492
0.231965
1.495206
1.278287
1.329096
1.819205
1.560997
1.734382
1.511743
1.695356
1.583762
1.134246
0.419624
1.957299
1.750411
0.604293
1.919520
0.086448
1.918603
1.772769
0.336440
1.919465
0.826033
1.185680
1.957766
0.636420
0.302477
1.277388
0.516214
1.903810
0.155971
0.389295
1.150010
0.238066
0.158916
0.278188
1.040961
1.809582
0.974490
0.085381
0.439002
1.147435
1.740608
0.077164
0.551154
0.965021
0.614701
0.078034
0.290673
1.850620
1.704740
0.244785
0.920559
1.423190
0.327190
1.646253
1.360744
1.046063
0.654532
0.440975
0.469146
1.122914
1.527563
0.990424
0.108291
0.128077
1.275573
1.357736
1.809776
0.405885
1.877428
0.982156
0.774611
1.416931
0.108430
0.977676
0.507872
0.480513
0.195523
0.407308
1.287477
1.925972
0.251314
1.543595
0.650031
0.971333
0.237559
1.936647
0.648927
1.787322
0.722994
1.848620
1.474272
1.151714
1.358343
1.873610
0.204788
0.334177
0.100748
0.125134
0.405375
0.618528
0.818886
1.799200
0.105682
1.278606
0.480861
0.080438
1.893405
0.657946
1.935409
0.503758
1.214354
0.075961
1.587912
0.091289
1.954468
0.748038
1.952327
1.567270
1.803092
1.577024
1.122683
1.526823
1.202922
1.927016
0.807523
1.825066
1.365299
0.821771
1.473294
0.200212
0.280564
1.147260
1.657558
0.086556
1.290356
1.627754
0.529840
1.899458
0.986162
1.809638
0.216425
1.315473
1.336643
0.454004
0.735903
0.992299
1.948602
0.148587
1.808470
1.129825
1.654888
1.634753
0.981818
1.561908
1.412327
0.207425
1.952447
1.414362
1.810156
1.430701
0.192775
1.917355
1.060442
1.482603
1.952791
0.487171
1.311257
0.950839
1.541540
0.205755
1.712076
1.211489
1.524528
0.223108
1.836226
0.429861
1.398717
1.108703
0.491859
0.634475
0.859970
1.543019
1.181495
1.003697
1.656549
0.513678
0.390023
0.384372
0.557538
1.365539
0.504741
0.398740
1.507044
1.653094
1.348972
0.279127
0.292259
1.348041
0.507910
0.896355
1.810179
0.119259
0.435812
1.928654
0.508313
1.273735
1.948411
1.957779
0.274387
1.907173
1.146971
0.103787
0.979657
0.430280
1.470045
1.344428
0.189707
0.847733
0.219035
0.389418
1.417571
0.154547
1.343832
1.114717
1.890350
0.950171
0.184289
0.344511
0.524357
0.691611
0.905502
0.074686
0.130868
1.558709
0.198786
0.249803
1.641989
1.656452
0.494398
0.337726
0.493674
1.231590
1.550467
0.801995
0.363281
1.487048
0.289348
1.463310
1.573204
1.039480
0.927034
0.484892
0.115713
0.292355
0.887204
1.474963
0.112153
1.658308
1.682170
1.145677
1.369995
0.663561
1.106930
0.790156
0.315335
1.820513
1.658552
0.125888
1.541550
1.361098
0.320148
0.822813
1.115235
0.669853
1.121106
0.638684
0.658844
0.338171
0.659272
1.133025
0.279522
1.666755
1.811939
1.954159
0.748965
0.388261
0.907006
1.909745
0.462269
1.518561
1.725204
1.346809
1.337765
1.875484
0.923155
0.327750
0.314314
1.417361
0.831354
1.274881
0.495210
1.408107
1.514336
1.316468
0.455258
1.646727
1.473502
0.304869
0.582261
1.739445
1.418963
0.315046
0.605891
1.652166
0.482195
1.110941
0.480630
1.319999
0.585378
0.148401
0.805574
0.870916
0.431088
1.130247
0.084342
0.237127
0.953275
0.382435
0.080255
1.923868
0.418903
1.125014
1.441295
1.733653
1.903021
1.357382
1.137477
1.391164
0.675696
0.567196
0.310081
0.213758
1.275108
1.208075
1.555547
0.263486
0.560855
0.648952
1.809993
0.797321
1.949858
0.736996
0.249255
0.754441
1.344972
1.240467
1.355972
0.900732
1.752329
1.954600
1.593153
1.654489
0.975348
1.922868
0.603185
1.531113
0.291198
1.852609
1.196287
1.938396
0.785813
1.523994
1.364421
0.365743
1.828060
0.414856
0.389871
0.810961
0.472278
1.129513
1.421094
1.727914
0.634133
0.094478
0.990969
0.779145
0.384687
0.079904
1.873799
0.587448
0.132222
1.343692
0.989325
1.488837
0.376713
1.162540
1.468683
0.750395
0.566210
0.968524
1.194951
1.004502
1.542455
1.955055
1.950628
1.340479
0.461561
0.805516
0.330999
0.219731
0.120110
0.996076
1.696198
1.113463
1.115504
0.303599
0.801930
0.464556
0.266389
1.505151
1.833918
0.464321
0.976757
1.934666
0.575884
1.192487
1.912168
1.475992
0.487762
1.359809
1.137985
1.140219
1.809614
0.310668
0.648042
0.361041
0.571425
0.450131
0.811693
1.281566
0.165478
0.525393
0.410389
0.990243
0.185202
1.147349
1.144693
0.714388
0.736196
1.669183
1.801353
1.199673
0.963130
0.532020
1.780023
1.096015
0.413396
0.799832
1.809579
0.808664
0.494684
1.728730
0.556596
0.673056
1.419570
0.162594
0.756252
1.092325
1.666624
0.483205
0.085794
0.456085
0.077040
0.528475
0.671460
0.101403
0.195835
0.562087
1.646665
1.456467
0.525830
0.907704
0.769333
1.145877
1.809592
1.470370
0.876798
0.641133
1.822382
1.469458
0.286788
1.922565
0.975724
1.083983
0.541965
0.159142
0.331784
0.408083
0.076084
1.739336
1.566457
0.352238
0.890902
1.474140
0.292505
1.655370
1.128869
1.311055
0.902691
0.992763
0.444683
0.897652
0.096602
0.642447
0.472352
0.389039
0.078722
0.275814
0.717917
0.627927
0.442978
1.957204
0.858131
1.654424
1.417218
1.716108
0.454769
1.765523
0.558260
0.179309
0.386981
1.812595
1.554963
1.196775
0.884292
0.957856
0.563799
0.910509
1.046086
1.061932
1.926689
0.671387
0.281148
1.219681
1.654270
0.771511
0.094929
1.085497
0.781721
1.653421
1.809664
1.550592
0.188454
1.416196
0.789765
1.082155
1.900288
0.132071
1.926983
0.176191
0.796092
1.648700
0.315858
0.885935
0.611794
0.361048
0.513056
1.139328
0.631606
0.549735
1.335808
0.285374
1.528758
1.465134
1.277711
0.347913
0.936588
1.731840
1.900228
1.317923
0.888172
1.339417
0.536970
1.917809
1.809581
0.223786
0.249357
1.733242
1.106843
0.911847
0.498887
0.463880
1.521158
0.664052
0.115636
0.490872
1.182186
1.885663
0.214938
0.809242
0.662017
0.154759
0.431899
0.219701
0.180644
1.706030
0.954821
0.154131
1.434927
0.898809
1.596876
1.725295
1.317900
0.500497
1.354296
0.909442
0.787748
0.972728
0.506528
0.801033
0.752385
1.135780
1.416920
1.266729
0.932358
0.136079
0.784428
0.933093
0.582695
0.974514
0.364850
1.052344
1.541822
1.733059
1.517194
1.545159
0.770082
1.810197
1.952019
0.342343
0.172298
0.298527
1.766753
1.364532
1.119671
0.970985
1.574263
1.729010
0.115184
1.507721
0.530803
0.974285
0.148065
1.913129
1.401573
1.161197
0.476091
1.362826
1.447798
1.132894
1.338053
1.536822
1.142146
1.622813
0.629779
0.261674
0.221208
1.479822
1.416803
1.897454
0.381950
1.728898
1.341946
1.802852
1.251301
1.657344
1.545699
1.251057
1.136510
0.102791
0.246022
0.146803
1.547642
1.942443
1.952455
1.819774
0.078686
1.283222
0.491166
0.792672
1.328100
0.607328
0.650638
1.133047
1.544366
0.223959
0.631575
0.574993
1.735602
1.721940
1.140990
0.983697
0.823215
1.462307
1.605848
0.524567
1.564859
1.275608
1.935449
0.353311
0.134287
1.613072
1.093451
0.187627
0.100374
0.936655
0.571657
0.717391
0.087151
0.957810
1.137935
1.642012
1.216169
1.273015
0.961782
0.197992
0.766937
0.239446
1.082601
1.152062
0.760597
0.891475
1.946817
1.559599
0.375840
1.642523
0.741970
0.087803
0.624551
0.397579
1.564180
1.946686
0.193110
0.373486
0.691543
0.218054
1.076238
0.700860
1.459238
1.809550
0.603792
1.349194
1.805978
1.660948
0.709992
1.192508
0.497007
0.309333
0.256736
0.238671
0.893516
0.659786
0.935346
1.663939
1.704062
1.554034
0.244117
0.747397
0.680944
0.407141
0.429286
0.630089
0.121312
1.911450
0.646550
1.345507
0.671538
1.275176
0.757313
1.654738
1.444868
0.177810
1.600863
1.915706
1.350204
0.796012
0.961851
0.835028
1.625507
0.733814
0.358219
0.551114
1.923785
1.772504
0.980059
1.735583
1.369991
0.645943
1.114440
1.739270
1.002402
0.551803
0.866018
0.075917
0.621861
0.272679
1.924784
1.678267
0.231105
1.080458
1.951894
0.490123
0.301280
0.215792
1.205279
0.704989
0.354761
1.272684
1.809496
0.642445
0.981990
1.279809
0.287347
0.106821
0.547919
0.479508
0.282009
0.362583
0.789894
1.691706
1.139083
1.927854
0.484850
0.645727
1.277697
0.385357
0.639406
0.169474
1.561958
0.221118
0.176203
0.813497
0.357796
1.348696
1.595233
1.463234
0.984385
1.027665
1.585165
0.453088
0.530952
1.299996
1.957324
0.551202
0.717610
0.352465
1.147717
1.735739
0.898223
0.447261
0.091169
0.239493
1.852960
1.953112
1.736115
0.344329
1.241962
0.986615
1.143515
1.653928
0.787333
1.788939
0.320914
1.552713
1.116388
1.361094
1.954093
0.717480
0.811231
1.145394
1.532449
1.716051
1.359685
1.285894
0.815534
0.461911
1.863983
0.238358
0.986159
0.428860
1.768717
1.032401
0.174171
0.443329
0.518601
0.750520
1.797730
1.453751
1.695293
1.282639
0.644306
0.635912
1.934392
1.712746
0.960071
0.092880
1.783868
0.977736
0.577620
0.230090
0.685566
1.372521
1.814629
0.917287
0.368869
0.965931
1.174387
1.804375
0.658323
1.746666
1.580887
1.293535
0.463431
0.454095
1.720414
1.724823
1.414976
0.391833
1.654391
1.347185
1.173880
0.366000
1.714442
1.335491
0.883431
0.247373
0.112031
0.799680
0.918208
0.975930
1.642960
0.762378
1.673264
1.268312
0.157699
1.271446
1.902721
0.437195
0.307260
0.646527
1.320607
0.085896
1.441708
0.937873
0.988300
1.132458
0.764418
1.636458
1.433416
1.054160
0.658038
0.216303
1.957693
1.346491
0.473267
1.277524
1.462900
0.157008
0.956224
0.503038
0.493803
0.866969
1.191609
1.146742
0.084952
1.712379
0.634894
1.956622
0.799724
1.370683
1.283014
1.157263
1.485999
0.992061
0.290669
1.558435
1.380822
1.150711
0.523283
0.372518
1.037533
0.117137
0.911632
1.044359
1.583267
1.352035
1.628687
0.789084
1.303689
0.219796
1.090474
0.913687
0.270420
0.112074
1.031486
0.877017
1.205566
0.417874
0.690367
0.244289
1.957046
0.669670
0.481426
0.354659
0.682202
0.158764
0.811720
0.363952
1.260559
0.338075
0.305043
1.213342
0.764828
0.184403
1.516478
1.183193
0.681332
0.210701
1.020953
0.352848
0.877433
0.227884
1.647712
1.292204
0.158508
0.252134
0.228122
0.074642
0.387519
0.451013
1.276942
1.730223
0.280207
1.900776
0.303479
0.279037
0.812655
0.087287
1.132568
0.985368
0.975323
0.365844
0.538667
1.543060
0.353405
0.380470
0.243971
1.948460
1.386420
0.972976
0.474218
0.973907
1.133208
1.340360
1.809564
1.122871
0.169503
0.549172
1.654575
1.275042
1.657057
1.555937
1.465552
0.149042
0.409038
1.729698
1.570495
1.608558
1.272296
1.402993
0.769933
0.683572
0.878234
1.184180
0.262126
1.499622
1.336018
0.750185
1.464190
0.804998
0.264224
1.156459
0.804965
0.117966
1.809695
1.146543
1.147999
1.806575
1.912883
0.592501
1.528511
1.233381
0.215773
0.160846
0.613115
0.973530
0.462026
1.462965
1.921871
0.790141
1.531446
0.219248
1.123678
0.757961
1.949654
1.722658
1.887097
1.281653
1.163173
0.979690
1.079173
1.148355
0.981318
0.861002
1.396693
1.764184
1.419965
1.562044
0.545090
0.974484
0.265160
1.552181
0.964134
1.888812
1.674741
1.636434
0.396521
0.516167
1.904009
0.886914
0.946445
1.602561
1.921929
1.948582
0.262907
0.433372
0.323815
1.917984
1.336014
0.908488
1.953920
1.919422
1.593184
1.174399
0.190483
1.635418
0.927252
0.996902
1.809879
1.815080
0.224277
0.141922
1.812940
1.613929
1.713055
1.221016
0.137146
1.464246
1.525181
0.586923
0.923759
1.646694
1.453811
1.279408
0.166572
0.088352
0.082427
1.349306
0.812398
0.976186
1.145313
1.594020
1.239506
0.165277
0.820843
1.714491
0.427544
1.275643
0.200459
1.398816
1.137799
0.732476
1.727951
0.098670
1.679656
0.227721
0.633859
1.342719
0.657562
0.185476
1.513292
1.490165
0.534623
1.287051
1.556595
0.181279
1.809730
1.662560
0.547157
1.204295
0.161884
1.274569
0.525295
0.383880
0.968480
1.007122
1.101871
1.640505
0.502676
0.652489
1.409410
1.345959
1.355938
1.643612
0.793386
0.991740
0.657443
0.267164
0.997022
0.980704
1.341740
0.075428
0.486802
1.499576
0.598397
0.197922
1.472770
1.840157
1.953046
1.358161
0.428741
1.336445
1.321862
1.698484
1.576182
1.205945
0.959222
0.575417
0.311493
0.236343
0.982058
0.384680
0.913435
1.809581
0.935702
1.732002
0.840618
0.298115
0.506053
0.461002
1.478906
1.722565
1.144532
1.600266
1.362392
0.743333
0.683496
0.108071
1.151498
0.847556
1.617980
1.129830
1.464084
0.979901
1.082311
0.082160
1.473293
1.929490
0.114146
1.780465
0.330893
0.698477
0.286973
0.395896
1.308599
0.570029
0.766000
1.212704
1.591110
0.277833
1.807462
1.934005
1.415989
0.606507
0.421363
0.287365
1.276496
0.097385
1.136302
0.088027
1.536489
1.381141
1.544339
0.708294
0.499884
0.076171
1.898480
1.459123
1.848500
0.639850
1.736062
1.127678
0.310581
0.894006
1.546400
0.666935
1.547636
1.550214
0.345020
0.203106
0.210656
0.255446
0.216568
0.654254
0.599530
0.523189
0.229887
1.659972
0.122266
0.960374
1.574790
1.206935
1.132494
1.691108
1.349666
1.137039
1.292887
0.575958
0.816241
1.911126
0.499202
1.053936
0.098970
1.645316
1.675755
1.123498
1.279606
0.992857
1.953266
1.927144
1.330054
0.800767
1.676935
1.069891
0.351576
0.656951
1.461762
1.918760
1.562782
1.508126
1.213896
0.572785
0.308265
1.200155
0.099834
1.407599
1.363147
0.519068
0.076815
0.934569
0.991008
0.515111
0.781078
0.941257
0.361070
0.403842
0.742797
1.605329
1.069463
0.442499
0.713123
1.917809
0.130393
1.793132
1.275446
1.044233
0.336127
0.352847
1.110275
1.323946
1.162725
0.799387
1.213724
1.927494
0.811050
1.771964
1.501441
1.663754
0.170542
1.914148
0.897452
1.809626
1.392437
0.914992
0.620187
1.740351
0.879658
1.913049
0.409143
0.313443
1.911234
0.261487
1.273291
0.466498
1.284938
0.174960
1.808966
1.196867
1.462879
1.473819
1.622962
1.556681
0.104152
1.675559
0.244488
0.659722
1.111672
0.465465
1.925413
0.412878
1.946569
1.197636
0.615709
1.639855
0.573271
0.783652
0.509629
1.740800
1.348975
1.018903
1.416454
1.097731
0.489757
0.269572
1.734935
1.582728
0.250472
0.219446
0.169353
1.953340
0.518658
1.545140
0.712130
0.196438
0.450078
1.954063
0.081862
1.220230
1.149828
0.986116
0.698541
1.238414
1.636999
0.799746
0.533081
1.403345
0.724985
0.205073
0.519761
0.644092
0.563190
0.733909
0.550099
0.782175
0.481349
0.852059
0.757261
1.128041
0.252073
1.735829
0.869631
0.884741
0.271524
1.948806
1.884225
1.324942
0.472306
0.368037
0.562932
1.877764
0.266250
0.235460
1.869156
1.340469
1.205750
0.663249
0.981792
0.413926
0.174456
0.248009
1.337804
0.815677
0.877756
0.305913
1.357464
1.845199
1.954740
1.794230
0.140408
1.067730
0.163544
0.625035
1.670145
1.905252
0.508104
0.551779
1.580437
0.502883
0.664742
1.553707
1.633070
1.415565
1.345577
1.215716
0.639255
0.758499
1.064656
1.137780
1.675262
1.726117
1.869311
0.805667
0.137938
0.573951
1.639088
0.972907
0.990637
1.814008
0.796078
0.869153
1.230637
1.820382
1.651608
0.894450
0.355096
1.064433
1.572713
0.420917
0.382084
1.275265
1.361922
0.090143
1.042440
0.372519
0.592222
0.797010
1.953339
0.953865
0.294444
0.801708
0.490207
1.804544
1.221137
1.849623
0.800843
1.024329
0.303990
0.877591
0.991574
0.963515
1.900303
1.674138
0.913094
1.604517
1.044591
1.155600
0.845466
0.247536
1.335524
1.656896
0.834072
0.748064
1.374728
0.728859
1.170542
1.559356
1.107664
1.353010
1.416064
0.520726
0.237584
1.273108
1.064125
0.409362
1.917218
0.765988
1.766165
1.143260
0.587968
0.124936
1.662153
1.524241
1.336210
1.480969
1.108971
1.421968
1.730034
0.144589
0.190894
0.928632
1.855867
0.813506
0.089756
1.442504
0.477564
1.495683
1.758060
1.277326
0.739245
1.131334
1.813560
0.818482
1.128999
0.077634
0.998232
0.376061
1.132789
1.036833
1.347624
0.449963
1.569046
1.547397
1.945158
0.903196
0.075927
0.282069
1.919716
1.856006
0.426091
0.080233
0.813648
0.530809
0.302769
0.133816
1.571934
0.908768
1.357861
0.333430
1.362780
0.195437
1.788659
0.697284
1.145581
0.319010
0.306234
1.130083
1.642365
0.525239
1.878647
1.060258
1.733644
0.861349
0.818612
0.158335
0.291292
0.239495
1.273472
1.726104
0.296040
1.925201
1.825247
1.630865
1.885686
0.243825
1.547112
1.612346
0.640006
0.226160
1.955635
1.177329
1.318074
1.581967
0.379286
0.761205
1.918507
1.813363
1.909711
0.748109
0.476462
0.230159
1.656105
0.804552
0.783106
1.952113
0.877666
1.131731
0.477652
0.654475
0.895021
0.817781
1.389106
0.246426
0.818916
0.580968
1.360816
1.343529
1.462760
1.368495
0.843355
1.727084
1.926231
0.365545
0.443873
1.184210
1.369538
0.246131
0.674919
0.356914
0.487258
0.536871
1.119671
1.211420
1.885041
0.840994
1.953807
0.654924
1.140194
1.803923
1.705985
0.203773
1.581762
1.421306
0.091792
1.881773
1.252296
0.361486
0.430442
1.028762
0.413817
0.353452
1.371708
0.896576
0.496905
0.092372
0.363717
0.097721
0.258702
0.525341
0.282550
1.757658
1.424132
1.928001
0.571173
0.611894
1.704544
0.756652
1.579051
1.743600
0.803441
1.462898
0.331460
0.194251
1.583202
0.997968
1.754011
0.800893
1.361964
1.221846
1.922159
0.500947
0.614372
1.625142
0.985328
0.290438
0.368741
1.560567
1.569684
1.647837
1.592761
0.654397
1.948348
0.977631
1.525236
1.816077
0.791978
1.199039
1.590653
1.152027
0.602809
0.299181
0.208596
0.077507
1.083412
0.617845
1.810164
0.255131
0.228685
0.484796
0.868509
1.115728
1.563091
0.977051
0.430053
0.631860
1.949804
1.738336
1.878463
0.663046
1.751655
1.285428
0.620327
0.499167
0.275615
0.763948
0.786569
0.308186
0.943215
0.133487
0.115612
0.320100
0.747760
1.351759
1.546071
1.126320
0.941245
1.920886
0.985444
0.423942
1.832013
1.955652
0.163860
1.190018
0.940705
1.931037
0.422502
0.928213
0.995891
0.476992
0.080095
0.463473
0.600249
0.837116
0.948681
0.169569
1.132615
0.114749
0.710819
0.074932
1.031941
1.333960
0.813575
0.229445
0.110343
0.086345
0.154640
0.996664
0.725331
1.555961
1.452456
1.510198
1.541240
1.467777
1.152369
1.110263
0.277887
1.210122
1.007018
0.730428
1.139267
0.406892
1.355870
1.380662
0.480174
0.660045
0.594467
1.804660
0.081592
1.946446
1.372858
0.970147
1.516162
1.131997
0.903376
0.472237
0.915991
1.207711
1.146419
1.707220
0.887148
1.662739
0.679505
0.987716
1.118791
1.538675
0.700336
0.266253
1.923210
0.318956
0.150262
0.345713
1.735124
0.786641
1.803257
1.546117
0.917399
1.906059
0.990103
1.389123
1.049065
0.112074
0.600265
0.653198
1.133475
0.231593
1.146487
0.699952
0.117487
1.743704
0.091964
0.631151
0.331176
0.582784
1.646807
0.834487
1.184004
0.970967
1.132305
0.577115
0.838494
1.272976
0.344474
0.698926
1.329711
0.077026
0.883870
0.348913
0.120329
0.928888
0.497570
1.540395
1.375166
1.574920
0.976529
0.117834
0.153416
0.615147
1.416392
0.412767
0.998221
1.415814
1.492611
1.809626
0.785246
0.982803
1.729442
1.527170
0.188659
1.275513
0.493898
0.642753
0.505001
1.539462
1.649285
0.751993
1.547931
0.089740
0.211032
0.182853
0.346824
1.456897
0.627642
1.866590
0.483058
1.256199
0.430452
1.055425
0.583756
0.945108
0.825734
0.940269
0.151166
1.706779
0.509642
0.226573
1.305070
0.236068
0.181553
1.572902
0.485528
0.308227
0.230800
0.840932
1.889910
1.124271
0.255505
1.349092
0.214977
0.133275
0.990943
1.714912
0.269508
0.636989
1.543384
1.801032
1.588340
0.314423
0.674191
1.662704
0.273549
1.566697
1.957432
0.887209
0.930482
1.339306
1.884598
0.901736
0.075722
0.230988
1.952141
0.542953
0.420647
1.349160
0.330253
1.919388
0.384296
1.454516
0.968963
0.719991
0.173127
0.118344
0.803257
1.191919
0.814959
0.895520
1.122357
1.736200
1.368542
0.211196
1.809736
1.799623
1.584840
1.845499
0.755761
1.875434
1.484795
1.418758
0.439846
1.726972
1.359266
1.657499
1.280717
0.759397
0.335795
1.214012
0.764569
1.367522
0.232792
1.702099
0.746873
1.808048
1.416372
1.076223
1.365626
0.976089
1.457616
1.769731
1.204247
0.276000
0.985608
1.099097
0.123329
1.932768
0.819635
1.736181
0.145380
1.276202
0.110363
0.156201
0.252049
1.926627
1.825233
1.809207
1.756154
0.078660
0.696394
1.167846
1.199669
1.240183
0.514126
1.954031
1.553388
0.382450
1.123583
1.833404
0.584082
0.419018
0.098124
1.159490
1.562261
1.115934
1.947609
0.265000
0.717986
1.165116
1.265641
1.299539
0.389796
0.652653
1.137246
0.078314
0.779093
0.183879
0.512288
0.956145
1.300008
1.218052
0.834822
1.563439
1.606469
1.674013
0.168844
1.720034
0.359256
0.490756
1.363772
0.553584
0.469635
0.118876
0.922764
1.809630
0.245853
0.581055
1.872460
0.125704
0.432718
0.827681
1.350613
0.446890
1.908859
1.272684
0.290894
0.813700
0.075033
0.664339
1.041948
1.421099
0.678618
0.128710
1.701405
0.078654
0.240610
0.521610
1.416597
0.487454
1.604417
0.791177
1.105172
0.103059
0.111879
1.714677
1.346677
1.209734
1.952459
1.640380
0.103855
1.897499
0.663569
1.279864
1.131102
0.786143
1.869689
0.840041
0.650696
1.532377
0.265385
1.450743
0.900708
1.345175
1.726063
1.173689
1.805614
1.957576
0.986026
0.635028
0.935171
0.269778
1.907113
1.951062
1.274539
1.815004
1.626672
0.989212
1.833506
1.564327
0.482656
0.678361
0.945613
1.448448
1.917494
0.137868
0.216444
0.997195
0.461099
1.667156
1.925442
1.564268
1.471503
0.548675
1.942104
1.676890
0.326283
1.694651
1.416658
1.300510
1.358872
0.349894
0.076532
1.521185
1.947085
1.217687
0.460866
0.452778
0.344412
0.534070
1.520386
1.918387
1.435000
0.446966
1.603220
0.628663
1.482603
0.437431
0.475618
0.842597
0.336839
0.536041
0.156091
0.184402
1.674191
0.488559
0.184580
0.734227
0.210078
0.818939
0.343439
0.211186
0.877578
0.902527
1.405185
1.255961
1.067250
0.887798
0.835009
1.727022
0.690521
1.819230
1.347682
0.311054
1.904499
0.853193
1.169623
1.732803
0.458274
1.188543
0.148962
0.815212
0.557450
1.733609
1.458583
0.952126
0.537946
0.686993
1.922240
0.763076
0.134849
1.216838
0.587655
1.921944
1.651550
0.102901
1.136867
1.010263
0.226927
1.345182
0.132155
1.274857
1.645047
1.806560
1.870860
1.510441
1.614660
1.717404
1.551330
0.205438
0.506774
1.809753
1.520061
0.239324
0.985666
1.025049
0.344759
1.605694
0.137594
1.166351
0.307363
1.776847
1.147588
1.331512
0.365151
1.269615
1.646984
1.186334
0.741289
0.141824
1.814366
1.539889
0.200694
0.381748
0.715963
1.272439
0.786515
0.848754
0.349682
1.905819
0.996532
0.810332
0.666492
0.381242
0.195413
1.907042
1.196967
1.278833
1.917443
1.376765
0.665782
1.492903
0.084692
1.809231
0.632407
0.811814
0.209405
1.869000
0.691203
0.702569
1.566370
1.809565
1.872547
0.081321
1.724067
0.975034
1.752536
0.296931
0.171021
1.952218
0.973236
0.423078
0.791314
1.809876
1.809321
0.771087
0.968994
1.037530
0.154184
0.774204
1.331749
0.635759
0.448212
1.806947
1.342751
1.498475
1.733154
0.783599
0.491885
1.352489
0.791537
0.078187
0.536355
1.801102
0.380786
0.636230
0.102964
0.725119
1.936221
1.838761
1.273735
1.002879
0.214592
0.376307
0.794272
0.270888
0.614580
1.810103
0.921588
1.871121
0.726521
0.985906
0.420366
1.352677
0.975466
0.795428
0.088806
1.095636
0.075798
0.585131
0.085792
1.463492
0.314669
0.405992
1.692510
1.957664
0.658838
1.954232
0.100683
1.192064
0.937959
1.808209
0.078593
1.477217
1.526003
1.592005
0.232404
1.816388
1.514760
0.438469
0.481209
1.576161
0.902576
0.107155
0.956010
0.678396
1.421214
1.742992
1.272678
1.714527
0.305670
0.549483
0.975984
0.979992
1.275752
0.142213
0.346703
0.213627
0.089389
0.509763
1.802769
0.326758
1.917096
1.809262
0.101225
0.480399
1.661265
1.364904
0.965112
0.174586
1.202004
1.809651
0.229074
0.468626
1.612572
0.618441
1.028516
0.139138
1.142865
0.095185
1.148870
0.565905
0.184097
1.922742
1.449110
1.384281
1.786293
1.804302
1.145773
0.863062
0.241633
1.557853
0.592105
1.552065
1.053047
1.051751
0.521453
0.392652
1.361365
1.067869
0.141330
0.346795
1.463586
0.466691
0.146839
0.655400
1.425802
1.554770
1.315067
1.643149
1.439362
0.076698
1.110142
0.399737
1.049129
1.381667
0.077240
0.747348
1.924108
1.487301
0.248919
1.032669
0.716351
1.278051
1.550773
0.699912
1.801100
1.149625
0.813319
0.996029
0.979508
0.830926
0.139471
1.924766
1.954542
0.633033
1.826879
0.891664
0.269362
1.810601
1.249626
0.708971
0.446498
0.821856
0.120221
1.275601
0.583181
0.980616
1.768793
0.966551
0.624784
1.909649
1.909466
0.644258
0.120859
0.346110
0.227869
0.800807
1.154468
0.408902
0.980639
0.126332
0.921061
0.388337
1.725406
0.533349
0.161954
1.503592
0.488315
1.336591
0.110477
0.646415
0.238739
1.745457
0.884612
0.622910
0.112080
1.910271
0.981640
1.591013
1.168071
0.934080
0.205359
1.637356
0.450679
1.009547
0.878358
0.834493
1.273218
0.670520
0.198128
1.916841
0.356211
1.357501
0.395068
1.134502
0.560443
0.517964
1.735528
1.920669
1.914194
0.326456
1.563649
0.384507
0.794727
1.952660
1.917822
0.177656
1.282661
0.705354
0.932377
0.136552
0.266779
1.282500
0.282325
0.806776
1.739467
0.860248
1.380158
1.945667
0.351562
1.531088
0.719515
1.773286
1.926329
1.936440
1.282576
1.635498
0.176278
1.544824
0.247582
0.588188
0.178934
1.162599
1.273881
1.521888
0.844316
1.755489
1.644268
0.652310
0.460843
1.862907
1.233358
1.912328
0.374195
0.989874
1.628544
1.718291
1.217144
1.871205
1.162254
0.310437
0.233647
1.664723
1.210823
1.809704
1.526721
1.340395
0.382592
1.525298
0.450319
1.875079
1.315196
0.230764
1.490311
1.656440
0.540908
0.645562
1.346067
1.913106
1.536534
0.908214
0.322790
1.416106
0.289995
0.799337
0.483109
0.271743
0.288039
0.481122
1.146250
1.358701
1.108786
1.077240
1.715276
0.576991
1.628582
0.439186
1.064437
1.812483
1.125376
0.697504
0.234413
1.556922
1.212288
1.614676
0.958865
1.359292
0.202932
0.856621
1.895830
0.628211
0.733199
0.925111
1.413558
1.128966
0.228994
1.810070
0.100800
0.754584
0.642452
1.833503
1.139437
1.917566
0.612571
1.356871
1.188970
1.467804
0.922788
1.907773
1.408430
1.416210
1.147090
1.354117
0.644009
1.275146
1.464438
0.220820
1.045952
0.200471
1.955946
1.288980
0.792636
0.208372
1.109544
0.814466
1.478151
1.394044
1.343517
0.091410
1.171146
0.081858
0.446783
1.546336
0.919390
0.921923
1.531764
1.916733
1.757146
1.407839
1.020130
0.189285
0.286215
0.544490
0.534270
0.414806
1.464468
0.421887
0.235549
0.404367
1.803216
1.809715
0.152035
1.955960
0.743420
1.146572
1.565452
1.584998
1.869414
1.561285
1.359823
0.318650
0.905983
1.356908
0.101102
1.107992
0.579619
0.193233
1.120530
0.290358
0.887126
1.654303
1.006040
1.917589
0.653842
1.809658
1.821204
1.715170
0.171723
1.740771
0.689284
0.247594
0.736395
0.568052
1.199226
0.844693
0.970416
0.292332
1.915761
1.465710
0.992212
0.166218
0.826245
0.091852
1.541472
0.140892
0.368870
0.641729
1.543404
0.091576
1.687633
0.819791
1.138443
0.673449
0.708587
1.916888
1.049037
1.147969
1.133331
0.466867
0.399740
0.726895
1.753701
0.188953
0.864479
0.888063
1.533615
0.951636
1.466502
0.789237
0.077078
1.876575
1.922579
0.076921
0.358333
1.573099
0.630450
0.909456
0.935902
0.114983
1.341099
1.538325
0.418484
1.339425
0.147231
0.847888
0.585025
0.245430
0.248967
1.581549
1.650904
1.272775
0.970430
0.129628
0.804652
1.659203
0.111306
0.967300
1.529388
1.829903
0.858820
1.416430
1.738722
0.942727
0.664346
0.093103
0.247117
0.827082
1.273974
0.984161
0.410966
1.394097
1.824209
1.350825
0.699058
0.779814
0.881603
1.817203
0.321262
1.891052
0.813368
0.198357
0.086885
1.130809
1.813300
0.801215
0.139535
0.442608
1.647697
0.659668
1.736271
1.460021
0.096388
1.385588
0.945960
1.540525
0.181625
0.521814
0.921043
0.444906
0.187594
1.920947
0.869232
0.565909
0.999188
1.914371
0.158348
1.599204
0.579215
0.083563
1.743323
0.693925
1.954601
1.063102
0.247503
0.542057
0.327223
0.499591
0.229458
1.342573
1.824181
1.523926
1.714658
1.806684
0.915951
0.730938
1.133309
1.572876
0.324169
0.360595
1.128387
1.818572
0.625017
1.539099
0.368842
0.749357
0.578239
1.880073
1.572221
1.036664
0.715576
1.272701
0.128449
1.294643
0.923339
0.793251
0.328606
1.944319
0.232753
1.916404
0.886183
1.793981
1.949257
0.974385
1.417974
1.890083
1.407047
1.716906
1.643283
0.270256
1.276505
0.137518
1.952501
0.208618
0.444566
0.450108
1.705154
0.450224
1.610967
1.869202
1.149347
1.178491
1.272341
1.368024
0.415987
1.951780
1.933446
1.275325
1.543375
0.795115
0.215270
0.657691
1.249986
0.467953
1.845837
0.228540
1.956600
0.455737
0.578296
0.566729
1.279003
1.254038
1.471832
0.082884
0.889316
1.250454
0.790810
0.142271
0.830176
1.948281
0.358169
1.320965
1.808372
0.977859
0.421866
1.416271
1.035851
1.171671
0.248574
0.576874
0.291543
1.473928
1.008447
1.797172
0.653572
1.252052
0.517473
1.234674
0.211800
0.937424
0.535707
0.913938
0.582577
0.375277
0.798914
1.460502
0.874848
0.947852
0.345224
0.704389
0.515770
0.766454
1.604715
0.649624
1.113681
0.307949
0.163255
0.361175
1.186850
0.261420
0.291150
1.046618
0.904970
0.134318
0.800445
0.607514
1.168475
1.390549
0.221220
0.414885
1.728762
1.659568
0.927541
0.741851
1.831246
0.197307
0.756734
1.802444
0.209242
1.143088
0.253019
0.074408
0.985227
1.146747
0.769866
1.731728
1.201338
1.868803
1.573637
1.115353
0.641256
1.693693
0.141395
1.642853
0.406288
0.115512
1.356220
0.941764
0.095124
1.273265
1.734371
1.181036
1.595791
0.120249
1.439056
1.649696
0.702231
1.489759
1.662427
1.953853
1.344864
1.339006
1.917991
0.827663
1.542947
1.137754
0.330536
1.953932
1.544392
0.594300
1.813740
0.155888
1.710231
0.507411
0.387245
1.047382
0.759187
0.641221
1.646341
0.232420
1.187663
0.619885
0.292811
0.723860
0.598347
1.723861
1.655798
0.120420
0.705276
0.885689
1.844326
1.360372
0.550346
0.953331
1.926576
0.365561
1.387917
0.157852
0.612393
0.605309
1.272149
0.458192
0.373406
1.954314
1.928884
1.886700
0.659771
0.145592
1.760029
1.951449
0.166665
0.802542
0.574257
1.137306
0.938333
1.714571
1.020603
0.474567
0.830910
1.650056
1.867576
1.420704
0.946569
0.540439
1.524102
1.187658
1.057298
1.342486
0.882867
1.809515
1.832288
0.987907
0.575458
1.796624
1.646386
0.143885
1.361331
1.521282
1.707975
0.924695
0.915413
1.653723
1.468503
1.377217
0.644086
1.881797
1.649479
1.260131
1.348286
1.005222
0.978316
1.951574
0.735453
0.508263
0.646340
1.547621
0.367806
0.444776
1.176007
1.506682
1.602939
1.858741
1.653607
0.656807
0.779622
1.131713
1.941468
1.319716
1.469559
0.334454
1.541527
0.978460
1.606925
0.284295
1.846648
0.233361
0.100969
0.846915
1.843794
0.442031
0.289514
0.287064
0.962614
0.246173
0.480797
0.799837
0.812516
1.242875
1.270119
1.042718
0.324237
1.529091
1.380015
0.504944
1.346694
1.347254
0.551081
1.605465
1.915563
1.351760
0.103505
0.484139
0.565635
1.876719
0.133031
0.209607
0.516100
0.665521
1.234611
1.145869
0.233079
0.423660
1.654051
0.259291
0.816919
0.842760
1.280366
1.057176
0.771665
1.512514
0.658122
0.076583
1.208685
1.539668
1.207884
1.471007
1.258155
0.546108
1.271604
0.168238
0.543928
0.454418
0.623780
1.400310
0.981619
1.952990
1.463563
0.360562
0.104257
0.113717
1.567367
1.273674
1.197306
1.894122
1.219414
1.228969
0.443259
1.548126
1.314541
0.966750
1.296676
0.678007
1.356522
1.682762
1.271250
1.549561
1.739915
1.595534
1.545539
0.635482
0.437275
1.329898
1.733126
1.278095
1.107064
1.024992
0.205507
0.684385
1.463392
0.784638
0.316771
0.765406
0.599259
1.601372
0.544154
0.741958
0.915216
1.583488
1.530081
0.917273
0.750041
1.464239
1.839626
1.146834
1.261029
1.320195
0.490455
0.855551
1.905415
0.837887
1.568846
0.434307
1.529831
1.016174
1.129741
1.671549
0.529181
1.791551
1.511627
1.910183
0.841856
1.595292
1.305627
0.117181
0.095388
0.595182
1.625987
1.299663
0.317038
1.476609
1.797778
0.525993
1.399995
1.736379
0.981688
1.305248
1.556611
1.154931
1.345519
1.912985
1.005050
0.975218
1.060245
1.637728
0.292067
0.508350
0.224595
1.926744
1.476422
0.627443
1.877883
1.124419
0.079112
1.875811
0.938891
0.981404
1.917464
1.526383
1.544052
1.295922
0.683291
0.180153
0.931457
1.414670
0.217447
0.516906
1.698265
1.494215
0.670887
1.829301
1.529774
1.658539
0.542774
1.145688
0.737432
1.800947
1.923452
1.147528
0.997671
0.084652
0.663776
1.543705
1.283122
0.436635
0.813631
0.736589
0.895174
1.145385
1.537954
0.222384
0.202215
1.658383
1.123353
0.811258
0.707734
0.941472
0.787406
1.416551
0.349496
0.679624
0.287940
0.447467
0.542584
1.809495
1.786967
0.270465
0.789603
1.575541
1.650608
0.209266
1.463622
0.797582
1.228494
1.137178
1.645205
0.462658
0.937768
1.140213
0.102551
0.646481
0.272834
1.644501
0.531669
0.779983
1.956149
0.347822
1.273950
0.085829
0.734658
1.071295
0.622499
0.098448
0.213685
0.382038
1.463230
1.145070
1.710616
0.910880
1.600866
1.054384
1.868105
1.457958
1.109496
0.723302
1.415236
0.678775
0.383805
0.626351
1.348784
0.976220
0.440849
1.648450
0.143140
0.447209
0.979319
1.404748
1.786482
0.286847
0.473409
0.874086
1.277042
1.955921
1.133858
0.871687
1.093626
0.728936
0.841668
1.897379
0.567919
1.780551
1.628560
0.889907
0.928877
0.125028
1.927852
1.810093
1.645441
1.916393
1.821429
0.255764
0.200749
1.247481
0.301816
0.426791
0.498896
1.117432
1.279642
1.909311
0.290769
0.080477
1.830534
0.297894
0.881634
0.217252
0.140679
1.926780
1.280677
1.517432
0.472363
0.721168
0.123721
0.132393
1.171805
0.572414
1.561939
1.462714
0.511760
1.275717
0.986330
1.724632
0.472323
0.165187
0.088552
0.964972
0.753192
1.703449
1.957689
1.809231
1.557207
1.340949
1.951957
0.246313
1.485766
0.287143
0.610610
0.258484
1.532564
1.182037
1.042324
0.744174
1.546644
1.237532
0.279063
1.935692
1.204339
1.301615
0.963606
0.864094
0.123891
1.369666
1.303543
0.610550
0.832420
0.076497
0.085941
0.081143
1.413061
1.661763
0.595481
0.105995
1.149244
0.617490
1.837429
0.260882
1.465764
0.199970
0.774353
0.243866
1.190404
0.352859
0.431182
0.152584
1.407816
0.317181
1.663916
1.133964
1.227318
1.219266
1.166552
1.871336
0.508865
0.241666
0.712688
0.332849
0.872759
1.401065
0.220043
1.133597
0.798359
1.146141
1.908848
0.932097
0.257351
0.344715
0.631761
1.372367
0.985564
0.925039
0.083028
1.282598
1.675726
0.455158
0.451426
0.532408
1.955233
0.383017
0.219199
0.560396
0.974332
1.914532
0.657115
0.999074
0.294769
0.531287
1.113047
1.497194
0.364142
0.202923
0.486602
0.080947
0.214216
1.416252
0.833750
1.264688
1.853288
0.262799
0.350458
0.075528
0.232734
1.925072
1.296548
1.707354
0.642568
1.349922
1.657651
0.702280
1.848520
0.103252
0.395979
1.215207
0.879813
0.535548
1.533042
0.590672
0.909582
1.356546
1.133409
1.809882
0.947079
0.342547
1.820513
0.406924
1.577255
1.278472
1.767780
1.545560
0.905965
0.653721
0.866664
0.736845
1.462023
0.231825
1.917899
0.951465
1.019887
1.618282
1.672782
0.086826
0.087827
0.825758
1.314352
1.716916
1.505481
0.894137
0.446886
0.374162
1.154807
1.616021
0.452091
0.493960
0.248295
1.357909
0.468507
1.496631
0.091848
1.068484
0.229861
0.411676
0.932408
1.161295
0.817539
0.416353
0.633430
1.245858
0.470500
1.917908
1.514971
0.074444
0.132324
0.914212
0.236130
0.990008
1.341215
0.207229
1.089055
0.080339
0.634501
0.795884
1.129970
1.144233
0.094588
1.552445
0.797775
0.189413
1.597040
0.526516
0.201783
0.573856
0.515185
0.077402
0.151386
1.710873
1.377816
0.299322
1.478268
0.126632
1.894064
1.815005
0.464730
1.465919
0.149086
0.385241
0.451775
0.426630
1.855572
1.191087
0.665523
0.522635
0.500996
0.962877
1.757974
1.549886
0.793399
0.530659
0.172528
0.251757
0.810632
0.213857
1.868905
0.288746
0.573862
0.284681
1.725719
1.714818
1.135492
0.779249
0.514616
1.678741
1.649305
1.576981
1.310753
0.952302
0.646181
0.505628
0.238597
1.809442
1.452072
0.339775
1.124942
0.803593
0.712029
0.620393
0.151851
0.962416
0.924952
0.146858
1.124732
1.810421
0.790050
0.198305
1.914407
1.925028
0.230410
0.541038
0.838953
0.713681
0.249490
1.601981
0.369181
1.955194
0.420443
1.131307
1.489837
0.989256
0.076970
1.572351
0.402986
1.614411
0.849078
0.449193
0.755517
1.526274
0.260341
0.447992
1.666124
0.812395
0.165501
0.728712
1.908563
1.679966
0.611780
0.629448
1.547315
1.140253
1.483193
0.442255
1.726021
0.642470
1.146420
1.274877
0.301964
0.136289
1.316024
1.737998
1.153191
0.152978
0.428701
1.723865
0.983253
0.347151
0.131387
0.539760
1.146474
1.913289
0.648932
0.416459
1.734526
0.876451
1.303620
1.848170
0.316672
0.220759
1.136152
1.414885
1.693657
1.356090
0.567649
1.157035
0.784030
0.496091
1.575126
0.120522
1.573979
0.349858
1.274999
1.338847
0.467141
0.782925
1.100914
1.356508
1.540439
0.996925
0.881029
0.985217
1.415309
0.485038
0.918445
1.738195
0.452778
1.065841
0.140915
0.124541
0.192166
1.381390
0.990598
0.919315
0.864761
0.868502
1.463480
0.203233
1.811861
1.463767
1.654622
0.795263
1.350667
1.218742
1.927624
1.276355
1.545896
1.808117
1.212962
0.505198
0.337042
0.943268
0.215206
0.117426
0.604731
1.463561
0.226023
1.354389
0.980728
0.807537
0.793198
1.473114
0.488059
0.722412
1.292903
0.592218
1.417918
1.829789
1.948264
1.421347
0.126960
1.932715
0.319027
0.252761
1.761850
1.639020
1.557126
0.927448
1.277719
1.955648
0.255118
0.735281
0.206384
0.757504
1.659977
1.236266
1.039337
0.814338
1.788500
0.094816
0.449737
1.357919
1.092654
1.957310
0.487076
1.947592
0.772875
0.954969
1.284274
1.731403
1.560946
1.053003
1.900009
0.953687
1.115112
0.511651
0.930435
1.025124
1.625224
0.410200
1.636035
1.274933
0.309230
0.663549
1.356799
1.123756
1.340400
0.429165
1.363183
0.463659
1.160738
0.369175
0.875320
0.636040
0.183046
0.400915
0.688788
1.793622
0.500970
1.811989
0.651151
1.824681
0.189681
0.677345
0.098077
0.279020
1.727928
1.418579
0.475347
0.304875
1.668792
1.543714
1.012328
0.193064
0.320297
0.412027
1.858310
0.796535
1.888141
0.886228
0.938264
1.572511
0.625617
0.690225
0.085713
0.978957
0.345070
1.170635
1.432585
1.214792
0.682448
1.051494
1.734394
0.888208
0.276478
1.322507
0.783644
1.892990
1.621851
0.423097
0.278338
0.996879
0.242941
0.093409
0.112889
1.423249
1.537353
1.586717
0.643230
0.148520
0.821453
0.449853
0.879444
0.978215
0.220840
1.373133
1.276180
0.833928
1.924861
1.348270
0.210231
1.563094
0.123300
1.209238
0.866401
1.537491
0.884526
1.070659
0.662730
0.653162
0.084767
1.071759
0.784324
0.972068
0.115685
1.658718
1.843407
1.109603
1.144791
1.415706
0.128360
1.121738
1.729578
1.926165
0.320255
0.838495
1.272620
1.536350
0.119224
0.762048
0.270252
1.776978
1.519231
1.533479
0.691380
1.202847
0.676126
1.909544
0.258213
1.511283
0.919013
1.953397
0.605899
0.267678
1.663401
0.446223
0.285841
1.249768
0.077487
0.079176
0.213405
0.427227
0.259034
1.920038
0.439319
0.419632
0.802250
1.764879
0.754676
0.515973
0.750311
1.463239
1.343768
0.924108
1.597247
0.250510
0.083966
1.385558
0.967995
1.122434
0.105199
1.463560
0.762016
0.642455
0.568265
0.692982
1.821995
0.319390
0.980305
0.707323
0.081700
1.866231
1.407469
0.402091
0.268449
0.201954
0.360206
1.913971
0.195842
1.657299
0.323171
1.330240
0.640012
1.731942
1.112130
0.918855
0.390205
1.728433
0.253167
1.109397
0.866440
0.220417
1.735395
1.458731
0.413893
0.407649
1.504524
0.146799
1.926227
0.666527
1.564747
1.923556
1.268173
0.086824
1.592102
1.739028
1.061658
0.323350
0.439416
0.251964
0.187502
1.274521
1.275164
0.093638
1.546987
1.133443
0.664773
0.179497
1.667202
1.624328
0.788970
0.325613
1.639893
1.578548
1.108459
0.457227
0.108044
1.724103
0.506282
1.725167
1.067458
0.102816
0.195605
0.500155
1.010614
0.166554
0.807616
1.494977
1.404556
1.921958
0.308322
1.853175
1.954185
1.153746
1.280355
0.429347
0.449589
1.655102
1.957555
1.522546
1.951117
1.723366
0.830841
1.466492
0.790169
1.848833
0.527871
0.521965
1.543639
1.655054
0.958908
0.466174
1.648148
0.257468
1.207720
0.236876
1.739883
1.924354
1.478062
0.673420
0.180780
0.262429
1.538661
1.119012
1.745719
0.413630
1.132755
1.926204
0.897903
0.298952
0.077379
1.449412
1.136899
0.256783
0.778702
1.907602
1.720998
1.603501
1.549537
1.176283
0.661867
0.721156
0.075675
1.802289
0.189131
0.657014
0.078806
1.459134
1.000596
0.164234
0.973973
1.542987
1.652461
0.711548
0.940937
0.081350
0.581246
0.627879
0.079325
0.611546
1.525634
0.729583
0.608454
0.252861
1.594091
0.735299
0.790249
0.430023
1.453945
1.109238
0.814471
1.206669
0.901818
0.341473
0.223040
1.010827
0.127393
0.076648
1.585299
1.935508
1.679865
0.989415
0.780466
0.757654
0.713950
1.486834
0.360090
1.662825
1.954291
0.674043
0.489192
0.975975
1.624942
0.672297
0.995656
0.947570
1.137563
0.996699
1.357822
1.849766
0.411025
0.951731
0.802626
0.263855
0.943125
0.980129
0.710945
1.356759
0.215019
0.214252
0.483604
1.528418
1.052412
1.145875
1.207066
1.423031
1.801355
0.272217
1.771250
1.240137
1.145907
0.081930
1.288880
0.262333
1.299865
0.985724
0.382542
0.504067
0.777447
0.571067
1.279873
0.627269
0.579498
1.957587
1.116531
0.437313
0.932924
1.009992
0.332126
1.042200
1.809590
1.273098
0.332296
1.908221
0.170828
0.361851
1.866464
1.133749
1.195231
1.049185
0.161766
0.255241
1.145693
0.336714
1.734599
1.031998
0.519657
0.204594
0.747448
0.434998
0.397901
0.610838
0.971619
1.824052
1.952382
1.566701
0.080568
0.805705
1.213542
1.392992
1.874899
0.682901
1.004582
0.424029
1.530995
0.724463
0.880218
0.502708
1.525683
1.132603
0.437070
0.080766
0.260572
1.458999
0.535659
1.498489
1.887205
1.173882
0.286600
0.302045
1.029808
0.821139
0.117322
0.094400
1.809601
1.284249
1.754277
0.545246
1.137082
0.989401
0.364397
1.329016
0.377996
0.695057
0.178148
0.104939
0.372112
0.987582
0.160628
0.152219
0.543897
1.147079
0.956370
0.748153
1.036692
0.875527
0.336109
0.944171
1.189038
0.713682
0.192772
0.218018
1.335838
1.416738
0.713893
1.649943
1.030654
1.214267
1.496169
0.483947
1.466454
1.419264
1.567098
0.197841
0.609741
1.353677
0.523349
0.959144
1.562438
0.930079
1.042940
1.713167
0.751804
0.274791
0.568270
1.544583
0.219361
0.672001
0.669432
0.671778
1.927955
1.954557
1.304460
0.275903
0.177931
0.669232
0.790671
0.811147
0.975150
1.052115
0.092646
0.407544
0.944596
0.443323
0.203743
0.167677
1.410150
0.900350
1.327881
0.546732
1.524819
1.109491
1.002055
1.949804
0.780064
0.079407
1.809740
0.987671
1.690108
0.249791
1.458847
0.836257
1.731606
0.657112
0.919159
1.237046
0.896857
0.300149
1.738593
1.185536
0.166893
0.989922
1.874196
0.100354
1.342958
0.701807
1.196086
1.118956
1.273026
1.493467
1.187537
0.333987
1.351177
1.939704
0.125837
0.931997
0.491913
1.478049
1.652535
0.289847
0.084920
0.105018
1.125877
0.506400
0.306529
0.995788
0.415034
1.200604
1.740675
0.452522
0.630803
1.732206
0.078848
0.980834
1.848096
1.278983
1.126270
1.662414
1.150061
0.271306
0.744682
1.075085
0.955535
0.129579
0.077054
0.159237
1.923382
1.099702
0.663285
1.265365
1.146253
0.976476
0.178313
0.713159
1.346515
1.282520
1.145802
0.093562
1.844220
0.433257
0.344542
1.950631
1.146510
1.809794
0.931998
1.547992
0.894102
1.218580
0.305107
1.275910
0.702418
1.709619
0.953683
0.104710
0.150608
0.823572
0.119792
1.661018
0.357791
0.979145
0.151258
0.983857
1.458767
1.539579
0.161084
0.426378
1.917495
1.405919
1.483024
1.201655
1.146388
0.437819
1.132945
1.837795
0.076127
0.722237
1.128251
1.274904
0.205007
0.080133
1.145896
0.581538
1.109899
0.946265
0.312250
0.233007
0.892709
1.172034
0.857264
0.532587
1.739683
0.242733
0.772955
0.459552
1.498123
1.221796
0.240101
1.564323
1.661974
1.651694
1.447338
1.880272
1.878689
0.356899
0.497337
0.286181
1.004116
1.283185
0.976339
1.912192
1.588835
0.625018
1.272521
0.733258
1.956054
1.511416
1.811677
1.539858
1.608186
1.924396
0.530215
1.865847
1.909207
1.176366
0.626851
1.158999
1.362298
0.762176
1.390535
0.209997
1.911218
0.455758
1.140987
1.343995
1.058986
0.825818
0.499132
1.893435
0.303802
1.872282
0.926924
0.662713
1.236654
0.267200
1.464047
0.374292
0.077322
0.981981
1.360511
0.998191
0.694641
1.353273
0.252094
0.679655
0.157992
1.596370
1.355066
0.895517
0.615263
0.497670
1.776822
0.075705
1.367016
1.619429
0.497684
0.356934
0.348951
1.714981
1.656072
1.645121
0.550875
0.792826
0.216895
1.869931
1.462972
1.948205
0.582118
1.281376
0.976781
1.253170
1.336525
1.700043
0.144060
0.545725
1.562647
1.132221
0.822817
1.810340
1.114184
0.552578
0.332435
1.396068
1.823903
0.188973
0.219038
0.502716
1.952432
1.198736
0.181197
1.558770
0.487468
0.542568
1.707808
1.873684
1.024846
0.947676
1.580636
1.323685
0.983409
0.775857
1.722548
0.470739
1.056735
1.849215
0.150837
1.148811
1.512353
1.917611
0.390276
0.954752
0.536111
1.319849
1.109250
1.083150
1.561918
0.161705
0.193619
1.551091
0.986319
1.692150
0.695750
0.301634
1.651913
1.346604
0.552266
0.513101
0.694873
1.202446
1.275022
0.290289
0.988404
1.076349
1.513117
1.210532
1.656849
1.729028
1.461374
0.924224
0.936903
0.467165
1.952785
1.463827
1.876095
1.132478
0.084839
0.124585
0.904263
0.850444
1.660824
0.813928
1.436182
1.341717
0.498120
1.120501
0.896845
0.495910
1.239619
0.160503
0.987010
1.412172
0.980562
0.811253
1.446590
1.520045
1.810755
0.865611
0.306272
1.219436
1.416370
1.954630
0.075928
0.146640
0.329104
0.382742
1.356854
1.556110
0.554744
0.624066
0.991318
1.278857
0.076389
0.399348
1.529192
0.286430
0.484668
0.991055
0.142952
1.463302
0.784230
0.795356
0.905933
1.476022
0.095621
1.146221
1.011815
0.561025
1.124461
1.739071
0.185147
1.054547
1.229290
1.373952
1.275406
1.237543
1.601210
0.388137
0.261630
1.364485
0.181450
0.305008
0.504351
0.677087
1.738680
0.657121
1.902953
1.952966
0.334168
0.770675
1.684633
1.554200
0.479901
1.586309
1.645290
1.525576
0.549048
0.967432
0.294124
1.466417
1.357433
1.653797
1.360546
1.927709
0.094788
1.734893
0.188008
0.265034
0.805011
0.811228
0.688993
0.255821
0.074822
1.348980
1.653026
0.473560
1.204650
0.984815
0.868067
0.093906
1.654552
1.128817
1.465765
0.258312
1.657948
1.247759
0.227805
0.921798
1.051083
0.534155
0.668627
1.123497
0.133151
1.133145
1.105028
0.508799
1.539138
0.776394
1.611895
1.345794
0.787041
1.566019
1.812003
1.856581
0.543280
1.359324
1.045674
0.256729
0.262956
1.904025
1.867951
1.649051
0.989757
0.077127
1.100940
1.042263
1.825438
1.417002
1.003118
1.675508
0.786073
0.440534
0.986284
1.576926
0.668407
0.527627
1.359268
1.731628
0.963145
1.660508
1.271525
1.458183
0.340468
1.133572
1.925200
1.742326
1.116132
0.361639
0.080564
0.215222
1.548099
1.145583
1.488047
1.555841
1.287656
1.348942
0.125425
1.359704
0.531884
1.147528
1.574002
0.246012
1.543098
0.881601
1.466822
1.116004
1.708041
1.273043
1.273841
1.924028
1.462555
1.815720
0.434672
1.715530
0.466209
1.276999
1.457901
0.835383
1.137728
1.918266
0.402943
0.081360
1.398102
1.001654
0.701004
1.800491
0.980901
0.404253
0.650375
1.415539
0.153696
1.548451
0.826234
1.528707
0.707631
1.479147
0.330386
0.664844
0.699833
1.891188
1.906120
0.504803
0.270244
0.709771
0.988479
0.549622
1.362560
0.692160
1.826320
1.877665
0.580620
1.417276
1.345659
0.466266
0.203465
1.894783
1.473706
0.910529
1.800147
1.678961
1.383423
1.537551
1.360687
0.933142
1.618469
1.542665
0.410040
0.521330
0.456965
1.557980
0.626144
1.053940
1.957387
1.344153
1.568244
1.545103
0.456360
1.676413
1.621206
0.623472
1.002862
1.205908
0.629289
0.995339
0.565490
0.796399
1.870724
1.861901
0.469370
1.710011
0.907064
1.732796
0.162969
1.908439
1.660440
0.535857
0.446892
0.197322
1.788368
1.699315
0.203749
0.131882
0.159106
1.079981
0.597793
0.489601
1.839270
1.279014
1.632948
1.146878
0.497847
0.423812
0.765493
0.989300
0.657746
0.981314
1.094828
0.111084
0.791902
0.627362
0.441261
1.546787
0.985118
0.126548
1.549287
0.744360
0.812624
1.093910
1.956746
0.085875
1.196095
1.108669
1.875932
0.374793
0.312175
1.391206
0.080441
0.495942
0.878498
0.776229
1.809541
1.484332
1.270958
1.619174
0.544109
1.809500
1.294609
0.343042
1.522361
0.811900
0.120479
0.237787
1.006637
1.875561
1.530639
0.913926
1.901691
0.483458
0.515251
1.955444
1.021499
0.996685
1.463666
0.832929
1.416195
1.213041
0.496017
1.648129
1.212588
1.937297
0.163054
0.351251
0.165579
1.855631
1.615052
0.267187
0.342028
1.055615
0.619985
0.346021
0.113997
0.258440
0.994074
0.542508
0.744272
1.157951
0.927258
1.197273
1.515403
0.977420
1.373396
1.719624
1.716929
1.956751
0.265332
0.343387
1.523557
0.379013
1.281416
0.711855
1.758913
0.661741
0.555923
0.521713
1.137227
0.947130
0.178264
0.928844
1.280944
0.110660
1.558507
1.918282
0.928039
1.902265
0.299568
0.133142
0.283242
1.136142
1.058114
0.603750
0.225872
0.075696
1.738435
0.520110
1.282010
0.657610
0.732743
1.925997
1.138335
1.911704
0.565540
0.888537
1.417419
0.973715
0.971020
0.493282
0.075001
0.397941
0.950765
1.535932
0.599297
1.355007
1.803550
0.936665
1.765712
1.464241
0.973712
0.309169
1.808989
0.727297
1.547280
1.344703
0.252074
0.279008
1.732863
1.925334
0.980657
1.108448
1.577913
1.666466
1.196107
0.248779
1.409418
1.571477
0.136466
1.916821
1.923588
1.134487
0.950672
0.416804
0.643480
0.934033
0.172597
1.804730
1.810930
1.519032
0.852813
0.940454
0.807760
1.280351
1.421579
0.238575
1.666249
1.726874
1.275545
1.630655
0.107636
1.109143
0.803057
0.206973
1.556456
0.384480
1.442535
0.511932
0.362116
0.549967
0.223865
0.179672
0.183013
1.758284
1.139348
1.416694
1.530152
1.558616
0.490799
1.460772
1.892897
0.959612
0.212715
0.221087
1.954601
0.284333
0.203825
1.146358
0.107207
0.699358
1.130027
0.118399
0.095842
1.817728
0.841711
0.193622
0.932008
0.398476
0.404890
0.076865
1.459787
0.304991
1.654145
1.115351
1.555575
0.279873
0.233117
1.451695
0.463199
0.872242
1.155329
1.060613
0.794323
0.813696
1.739216
0.973619
1.052044
1.004577
0.529983
0.629786
1.661451
0.192766
0.866716
1.546742
0.142561
0.577165
0.563018
1.876471
0.166738
0.912772
1.801579
0.197832
1.875824
0.375823
1.814392
1.564903
0.456920
0.210412
1.721934
0.741150
0.586276
0.287754
1.822396
1.292115
1.131651
0.339721
1.189901
1.892563
0.928334
1.553402
1.358718
0.593975
0.489516
0.767968
0.597746
0.915153
0.524803
1.044587
0.238635
0.098105
1.196258
1.848274
0.332970
1.355762
0.093981
0.244066
0.758120
1.906445
1.712696
0.711499
1.378461
0.802543
0.162638
0.254946
0.888663
0.618176
1.275886
0.171966
1.356124
0.982114
1.809432
0.674384
0.348592
1.951490
1.684583
0.720025
0.138896
1.108333
0.849639
1.445487
1.866215
0.871072
1.204526
1.516689
0.817710
0.579659
0.934170
1.224990
1.123713
0.684198
1.464310
1.496631
0.079789
1.957449
0.469392
1.473885
1.164465
0.311889
1.917817
1.146187
1.501172
0.954884
0.562324
1.359603
1.530145
0.976509
0.083892
1.916020
0.075940
1.670768
1.583796
0.838938
0.244454
0.395781
1.341263
1.942153
1.531028
1.052010
0.654611
0.759991
1.885366
1.714577
0.133079
0.895114
0.119996
1.730630
1.710799
1.667700
1.225785
1.687348
1.646091
1.925783
0.840539
0.298327
1.645904
0.449290
0.271716
0.432443
0.295193
0.712132
0.558805
0.447322
1.249164
0.764503
0.189878
0.938036
1.418941
0.797609
1.194708
1.564252
0.189640
1.809558
1.144641
1.946622
1.890904
0.479078
0.471781
0.134547
0.223200
1.370628
1.717331
0.457163
1.223813
0.185103
1.204298
0.347824
0.480618
1.416955
1.652550
1.185043
1.872435
0.764554
0.133041
1.252270
1.567296
1.066360
1.653599
0.747211
0.480439
0.295304
0.722555
0.265348
1.645296
1.413812
0.299987
1.539826
0.645263
1.283208
0.127720
1.120590
1.811037
1.515911
0.174147
1.257289
0.145194
1.505042
0.822758
0.595876
0.235547
0.291515
1.635364
1.588731
1.876476
0.115682
0.497290
0.141672
1.561645
1.359922
1.736931
1.803342
0.306926
0.338475
0.979858
0.100788
0.987384
0.974356
1.453770
1.841835
0.459829
1.921815
0.796627
1.712482
0.264064
1.251979
0.974504
0.789878
0.860204
1.026019
0.978668
1.955667
1.809560
1.949489
0.241617
1.273077
1.116914
0.972581
1.420251
0.144299
1.560757
1.277874
0.267710
1.954307
0.115432
1.409707
1.005079
1.468111
0.403900
0.902464
1.667132
0.326531
0.239944
1.810086
1.547100
1.357605
0.124841
0.968194
0.935085
0.314861
1.948122
1.454522
1.922801
1.656075
0.294751
0.138345
0.839788
0.695334
0.722505
0.485279
1.325126
0.298703
1.735452
0.387070
0.483985
0.219515
1.926059
1.039286
0.914774
1.141540
0.322006
1.954305
0.438124
0.776241
1.518242
0.287495
0.671514
0.639931
1.364694
0.135883
0.094552
1.207860
0.917414
0.211454
0.426398
1.462214
1.702849
1.133370
1.173504
1.132795
0.172903
1.727461
0.892944
1.051218
0.828846
1.503167
0.157798
0.640271
1.543336
1.765495
0.457751
0.200129
0.084289
1.325957
0.598297
0.297470
1.913733
1.342082
0.555266
0.531866
1.543344
0.273782
0.277225
1.151386
0.182605
1.463819
0.935403
1.871403
1.068722
1.274683
1.054250
0.988386
1.901699
1.374785
1.589589
0.930303
0.669354
0.210147
0.396596
1.079883
0.454849
1.707434
1.422827
0.993994
1.920583
1.853727
0.313125
0.538791
0.806985
1.095036
0.488833
1.555908
0.148431
1.711858
0.545276
1.497569
0.990848
1.221629
0.851224
0.112699
1.670818
1.338096
0.794933
0.983029
0.354114
0.194016
0.509964
0.480934
1.130515
0.115429
0.773254
1.753708
0.105973
0.075884
0.867519
1.356494
0.620574
0.498244
0.504511
0.952521
1.924053
0.257082
0.849909
1.897152
0.458600
1.653225
0.659565
1.559708
0.476456
0.646553
0.969604
1.614251
0.258697
1.284691
0.782282
0.475560
0.075889
1.273204
1.808621
1.906344
0.479272
1.953317
1.513437
0.157587
1.738290
0.419917
1.658743
0.935709
0.112719
1.818593
1.139592
1.082045
0.973115
1.176213
0.479816
0.725383
0.926241
0.934581
0.503861
1.916095
1.193314
1.658355
1.531644
1.416344
0.193820
1.465278
0.846404
0.669289
0.590668
1.474822
1.123603
0.142411
1.809670
1.713006
0.621467
1.146670
0.817444
0.627352
1.342905
0.562491
0.902943
1.715171
1.224974
1.598222
0.538155
0.140725
0.179169
0.182798
0.401248
1.067818
0.596827
0.744513
0.328766
1.425503
1.516505
1.465104
1.800115
0.488266
1.280708
1.343256
1.613421
1.682729
0.637333
1.863141
1.809213
0.713838
1.722576
1.914522
1.903131
1.162207
1.733267
1.154470
1.182543
1.953419
1.202420
1.725568
0.757715
1.052733
0.299842
1.146003
0.074375
1.199918
0.160908
1.055158
0.692191
0.845033
0.298191
0.735170
0.637544
1.720453
1.653749
1.497126
0.804636
0.607820
0.845483
1.464101
0.605014
0.148538
1.420537
1.666620
1.657217
1.014523
1.454034
1.726286
0.612148
0.139171
1.361844
1.957936
1.705355
1.028556
1.617201
0.282663
0.808707
0.651569
1.661837
1.416145
0.578436
0.142305
0.486684
0.492202
1.540630
0.145546
1.466354
1.418678
0.990748
1.953184
0.442246
0.407959
1.948022
0.736908
1.059252
1.936442
0.152577
1.923203
1.655150
1.857242
1.278698
0.081568
1.650587
1.416703
0.801881
0.077981
0.479701
0.422085
0.990457
0.766692
1.474660
1.146672
1.465989
0.093319
0.518475
1.623711
1.353933
0.134347
0.601747
0.654996
1.341268
0.250183
0.320329
1.416517
1.722158
0.374147
0.202682
0.441020
1.919049
0.157978
0.569534
0.517349
0.425770
0.667804
0.521171
1.556178
1.282428
1.919322
1.598409
0.771388
1.273032
0.809482
0.944259
0.619205
0.524743
1.926002
1.256485
0.316914
1.291474
0.241860
0.909904
0.685400
1.109431
1.655691
0.100140
1.914828
0.528028
0.441581
1.148130
0.243181
0.606324
0.712813
1.709490
1.309897
0.687601
0.675363
1.275413
1.473948
1.045510
0.972694
0.640904
0.855673
1.932038
0.565714
1.132757
1.278366
0.190703
0.589604
0.671948
0.825269
1.139317
0.592768
1.214794
1.532539
0.197336
1.644715
0.133333
0.221352
1.148654
1.531414
1.036503
0.307575
1.382148
1.808926
1.414271
0.450727
0.450846
0.205890
1.659279
1.891376
0.199688
1.319639
0.476267
0.245998
1.331608
0.514849
1.528129
0.800378
0.626213
0.527507
1.022528
1.344394
0.776076
1.556083
1.219770
0.507538
0.887302
0.785188
1.910424
0.875732
1.503691
1.397517
0.435572
1.806716
1.510524
0.757624
0.129544
1.027770
0.786882
0.566500
1.937925
1.809614
0.231999
1.913460
1.625888
0.155749
0.214624
1.927894
0.820267
0.538151
0.107839
1.916650
1.048442
1.237096
0.156066
1.437641
0.081360
1.756153
0.173630
0.793098
1.327592
0.854513
0.816060
0.743153
1.206420
1.274470
1.955113
0.350257
0.104359
1.359345
1.534289
1.479934
1.462795
0.981951
1.145169
0.092438
0.138911
0.959947
0.318062
1.950751
1.133701
0.643703
0.778374
0.343804
1.792427
0.422691
1.145159
0.976539
0.784593
0.389494
1.416754
0.154803
1.145316
0.997396
1.114388
1.185743
0.089549
0.788952
1.286399
1.416304
0.633619
1.050779
0.970855
1.349102
1.915722
0.099801
0.828545
1.584940
0.439495
0.238321
1.148403
0.254237
0.786194
1.462009
1.359439
0.848675
0.850302
1.731278
0.306579
0.708612
0.710912
0.898606
0.988737
1.952175
1.909552
0.212906
1.692001
1.316931
0.225845
1.354789
1.362495
1.834844
1.858364
0.369736
0.692251
0.866981
1.399341
1.956081
0.445282
1.678081
1.922788
1.822627
1.630223
0.826526
0.265189
0.848367
1.896597
1.290532
1.006673
0.841384
1.174721
0.629501
1.174214
0.494999
1.457489
0.258564
0.209471
0.487791
1.462637
1.355192
0.467511
0.580118
1.876887
0.540618
1.464352
1.278870
1.461731
1.735906
1.536691
1.275057
0.443947
0.374219
0.636995
1.273889
1.625578
0.142026
1.077811
1.879517
0.079599
1.606030
0.113783
0.651122
0.076883
0.971272
1.705865
0.219103
0.703209
0.843755
0.095519
1.949121
1.829950
1.550301
1.419232
1.564788
0.236899
0.662320
0.407647
1.199392
1.556904
0.981081
0.096418
1.543295
1.917992
0.182888
0.569280
1.935803
1.667181
1.417335
0.849439
1.649481
1.853265
0.080393
1.116585
1.047137
1.233858
1.767892
1.113913
1.779951
1.633914
0.944229
0.475662
0.084580
0.316851
1.786155
1.551970
1.201281
0.536245
1.146266
1.724252
0.593681
1.259075
1.861696
0.967849
1.032747
0.266271
1.733518
0.757478
0.075894
0.811693
0.112702
0.115755
1.906758
1.139483
1.547151
0.259040
1.055991
1.543558
1.840719
1.204921
0.205908
0.902942
1.146880
1.871418
0.236883
0.767598
0.756891
0.873258
0.331318
1.723565
1.738859
0.679605
0.081966
0.859044
1.359748
1.944674
0.976968
1.736634
0.093931
1.850822
1.793352
1.590274
1.881526
1.385730
0.789582
1.513883
1.491380
1.360118
0.090628
0.786935
1.580471
0.256042
1.430792
0.730291
1.925215
1.937454
1.776517
0.882197
1.788336
0.661411
0.546144
0.680301
1.834641
1.392793
0.795256
1.495852
0.822653
1.263798
1.463550
0.385767
0.861037
0.243886
1.113801
0.645828
0.890107
1.663115
0.981252
1.340393
1.273101
1.135335
1.000808
0.452865
0.324956
0.651388
1.411427
1.414094
1.636859
0.199656
0.985734
1.546719
0.097049
0.976735
1.367343
0.227500
1.657114
0.931248
0.576205
1.137684
0.585536
1.520248
0.393237
1.777460
0.534596
0.203498
1.426119
0.464202
1.058204
1.690452
1.141881
1.918548
0.300883
0.967198
1.653625
0.080422
0.567958
0.898025
1.899283
0.076649
0.778829
1.462827
0.442364
0.973030
1.232809
1.416789
1.898755
0.775596
1.055622
1.773437
1.449467
0.923226
1.132645
1.934861
0.868353
0.127332
1.655030
1.670499
1.687483
1.281936
0.087131
0.646427
1.346511
0.244102
0.863696
0.287878
0.170299
0.973945
1.605579
0.535693
0.515381
1.545255
1.914627
1.741184
1.953932
1.008955
0.207550
0.114297
0.291375
1.710930
1.550795
1.534529
1.654532
0.077268
1.710113
1.827483
0.760494
0.878629
0.769719
0.989076
0.668143
0.787323
1.544943
1.388006
0.725051
0.453601
1.941218
0.116865
1.734532
1.656142
1.344039
1.918040
1.641580
0.827127
1.778151
0.801335
1.549735
0.685125
0.171536
1.238997
1.461154
1.494622
0.700889
0.078930
1.411502
1.825002
0.534154
0.448123
1.849642
0.205705
1.588408
0.150678
0.374898
1.347780
1.385110
1.566109
1.122375
0.088156
1.137760
1.813265
1.277410
1.863919
1.470525
1.281012
0.991153
0.463319
0.121171
0.803507
0.513580
1.715681
0.285654
0.130279
0.238863
1.735859
1.651488
0.075897
0.983193
0.155558
1.930572
1.202177
0.218317
1.201625
0.558998
0.078043
0.977001
1.941504
0.581322
1.370801
1.414814
1.888391
1.199128
0.478702
1.728751
0.563707
1.659863
1.527959
1.607144
1.926700
1.917222
1.648421
0.819093
0.075619
1.276928
0.482226
0.326118
1.359255
1.220529
0.247318
0.474142
0.750573
0.527826
0.386194
0.222504
0.796158
0.231060
0.588466
0.443341
0.074849
0.733587
1.177781
1.529004
0.074891
1.357170
1.929110
1.878667
1.729658
0.642915
0.467759
1.148388
0.884215
1.282498
0.989794
1.619208
0.833235
0.973041
1.425368
1.541642
0.550228
0.962154
0.267017
0.967925
1.312091
1.197229
0.651872
1.953614
0.229810
0.204007
0.972059
0.593726
0.805198
1.560944
1.847482
1.592792
0.600626
1.646038
1.322667
1.599254
0.278817
1.147089
0.983330
0.196710
1.544518
1.456562
1.483928
1.808810
0.604236
1.353454
0.576578
0.487885
0.962645
0.336275
1.272538
1.416977
0.550839
0.243764
0.227458
0.667637
1.809737
0.805475
1.781824
1.565578
0.453605
0.291937
0.254958
0.792941
1.709415
1.473689
1.954212
1.946444
0.334672
0.987534
0.445052
1.034099
0.171091
1.910309
0.943534
1.567815
0.439537
0.579717
0.303428
0.647685
0.631229
1.537604
0.200221
1.457836
1.548204
0.404670
0.810776
1.532718
1.123377
1.289066
1.560993
1.932752
0.633093
0.554592
0.119135
0.595717
1.417025
0.254189
0.278676
1.632983
1.955961
1.558609
0.633343
1.924276
1.745281
1.083217
0.328414
0.787635
0.328049
1.357160
0.167259
0.524324
1.895272
1.924916
0.299154
0.659179
1.733143
0.403489
0.377415
0.423364
0.342540
1.548126
1.358483
0.698392
1.530616
0.183017
0.359468
0.432022
0.494725
0.893837
0.646801
0.420690
0.449747
1.009392
0.280864
0.218444
1.492719
0.405441
0.366365
0.399806
1.028858
1.684424
0.512051
0.398083
0.834287
1.529602
1.539142
0.919540
1.773402
0.492880
0.145938
1.578321
0.684835
1.545389
0.636288
0.446034
0.160581
1.718026
1.368429
1.920366
1.334136
0.916662
1.415962
1.554113
1.796634
0.973021
1.560919
0.663057
1.463526
0.641290
0.440221
1.276155
0.188094
0.513218
0.403121
0.249614
0.109029
1.957162
0.463276
0.661441
0.848304
0.546048
1.922214
1.324382
1.516018
1.364454
0.205040
0.368269
1.120699
1.144471
0.974599
0.518304
1.908237
0.856866
0.440706
0.977897
0.444563
0.764121
1.413663
1.654656
0.713726
1.463141
1.650362
1.434165
1.371352
0.408315
0.787144
1.749517
0.108245
0.978629
0.845557
0.452016
0.821106
0.186044
0.820771
1.401325
1.918453
0.790562
0.848973
0.481841
1.211481
1.313146
0.091549
0.653657
1.413946
1.550193
1.642349
0.920429
1.463119
1.664611
1.543062
0.896476
0.271802
1.918391
1.524130
1.422876
0.177667
1.066936
1.119589
1.910657
0.906516
1.649026
0.796818
1.937037
0.212855
0.456492
0.166689
0.676890
1.737301
1.057411
1.658422
1.351675
1.132873
0.167163
0.664276
1.323143
0.149236
0.224558
1.109423
1.657132
1.413205
0.261842
0.094399
1.147523
1.809623
0.675650
1.929479
0.956230
0.811146
1.493382
0.458633
0.819596
0.486141
0.610460
1.565185
1.737251
1.515504
1.540034
0.188728
0.144903
0.675360
1.720073
1.572300
0.140005
1.118279
0.848692
1.109196
0.814449
1.571049
0.143637
1.356205
0.410265
0.731763
1.699853
0.570381
1.050003
0.651600
1.550156
0.338763
0.081700
0.371894
1.909159
0.686917
1.446393
1.667664
0.895118
1.653033
0.332978
1.226793
0.099750
0.469909
0.289451
1.951273
1.519489
1.360061
1.333117
0.092651
0.350284
1.809624
0.517281
1.536866
1.357314
1.812879
0.966826
0.094883
0.485898
0.986483
1.701086
1.474927
0.757463
1.907864
1.344892
0.114362
1.648068
1.470234
1.108164
0.795582
0.538032
0.582685
0.819423
1.716231
0.110999
0.538303
0.400681
1.416526
1.083166
0.742800
1.336349
1.504956
1.471062
0.156451
0.076211
0.160145
1.193571
0.216482
0.670417
1.440454
0.591120
1.545647
0.653360
0.762257
1.570600
0.376670
1.080003
1.592134
1.146067
1.354480
1.550014
1.140210
0.515376
1.920216
1.731950
1.269976
0.989880
0.222850
1.131897
0.454442
0.797516
0.978151
1.225593
0.196792
0.326425
1.691593
1.954176
1.546420
0.123246
0.217989
1.343762
1.360238
1.570682
0.217726
0.544686
1.116727
1.729732
0.226558
0.294344
1.809655
0.139216
0.515225
1.137877
1.567495
1.776667
1.466340
1.213234
1.523234
0.116378
0.899005
0.859860
0.802579
1.416097
0.527766
0.799069
0.917012
1.110589
0.176000
1.184769
1.646744
0.680459
1.305483
1.465187
1.603307
0.292483
1.282384
1.804229
1.243726
1.204934
1.585027
0.242613
0.871624
1.279477
0.977157
0.872066
0.569812
1.212207
0.796208
0.987170
0.911331
1.570440
0.820200
1.295198
1.462082
1.146126
0.204484
1.132324
1.537798
0.310848
1.399423
0.085553
0.095338
1.517403
1.212219
1.655825
1.355330
0.310720
1.316650
0.804953
1.417764
0.461017
0.201878
0.280149
1.273516
0.601474
0.430921
0.923880
1.273631
0.647730
0.580722
0.560095
1.360607
1.017703
0.192366
1.850609
1.281684
1.446861
0.821228
1.416637
0.934432
0.336901
0.430767
0.914472
1.821061
1.919123
0.581663
0.678808
1.170876
1.624122
1.523542
1.339863
1.046174
0.136518
0.982078
0.965656
1.562062
0.660810
1.325302
1.721835
1.383134
1.555624
0.655304
1.743749
1.874471
0.125071
1.132649
1.349633
0.427197
0.104080
1.538374
0.359496
1.476621
0.905956
0.445403
0.827061
0.273040
0.755498
1.467862
1.464445
0.825340
1.545060
1.195444
1.694474
0.977970
1.657950
0.512905
1.922138
0.086972
1.348872
0.370337
1.416792
1.544254
0.986899
0.417780
0.717728
1.278595
1.473555
0.834092
1.024954
0.644898
1.948788
1.876989
1.402009
1.187321
1.660123
0.840805
0.383791
1.740380
1.420414
1.606368
1.738542
0.974505
0.424283
0.272655
1.731868
0.702482
0.293038
1.544565
0.650543
1.356792
0.077967
0.764765
1.773183
0.376498
0.079262
1.565600
1.603643
0.718418
0.329279
1.313103
0.463940
1.366417
0.535631
0.078619
0.847212
0.632293
1.145933
0.202548
0.551709
0.846719
1.539172
0.247213
0.189483
0.636046
1.262987
1.508648
1.657059
0.392558
0.498830
0.895877
0.303652
0.704729
1.454692
0.302745
1.338453
1.709901
1.315296
0.087066
1.119297
1.401078
0.295550
0.883772
0.079839
1.580187
0.708425
0.165311
0.899791
0.326270
1.531272
1.381253
1.313592
1.711746
0.772858
0.813045
0.274711
0.327972
1.107910
0.408374
1.927691
0.230513
1.842557
0.813798
0.226515
0.747026
0.251666
0.964573
0.977260
1.004935
0.401272
1.484166
1.224297
1.684601
0.726931
0.925191
0.255615
0.974293
1.809434
0.654764
0.808550
1.463579
1.540358
1.726072
1.927024
1.179943
1.556919
0.445875
1.932935
1.953108
0.238676
0.782236
1.349480
1.116137
0.393361
0.932111
1.520102
0.432498
1.918930
1.340425
1.529586
0.537526
0.182308
0.311977
1.405066
1.110510
0.207117
1.629174
0.124003
0.754808
1.910950
0.937670
0.319381
0.165812
0.726706
1.925919
0.384855
0.996591
0.146657
0.268319
0.166207
0.314924
0.629510
0.691184
1.216875
1.791049
0.934724
1.253513
1.841021
0.650227
1.247787
0.086163
0.538346
0.325945
1.277705
0.667344
0.954278
1.200493
1.718765
1.949742
1.795994
1.877997
1.463175
1.358431
0.298692
1.375347
0.525365
0.501750
1.146468
1.540061
1.276039
1.877388
0.737439
0.477434
1.355872
1.337763
0.937218
1.137486
0.733116
1.646952
1.409850
0.963718
1.358045
1.380329
0.245670
1.882065
0.520989
0.289490
1.419815
0.160115
0.098066
0.987772
1.953532
1.815278
0.315756
0.464272
1.654469
0.144739
0.662053
1.714033
0.379528
0.083456
1.949364
1.707514
0.129402
0.498709
1.615396
0.217541
0.196175
1.809156
1.568262
0.887791
0.336669
0.888726
1.254343
0.783014
0.618378
0.158136
1.649145
1.925630
1.904210
1.653294
0.102335
0.155404
0.756697
0.795455
0.342443
1.583060
0.920877
1.739584
1.448753
1.731097
1.433236
0.961874
1.661303
1.541976
0.355705
1.711115
1.050273
1.949358
1.669236
0.898506
0.770938
0.173556
0.974303
0.097605
1.178900
0.250721
1.647551
1.072656
1.175204
0.776935
0.339660
0.742333
0.337761
1.473051
0.482333
0.705875
0.235136
0.666482
1.273368
1.627008
1.926086
0.977393
0.304566
0.158632
1.137140
0.993235
0.081466
0.725498
1.537040
1.218613
0.947752
0.981787
0.377508
0.492739
0.815959
1.543035
0.805301
0.961064
1.900582
0.290887
0.641465
1.592169
1.724673
0.977904
1.675458
1.861761
1.586509
0.808256
0.932432
0.478144
0.076262
1.357756
1.651357
1.416404
1.822394
0.194921
1.368930
1.954262
1.359171
1.913475
0.654975
1.137817
0.821662
0.133791
1.652777
1.284716
0.815643
1.737561
0.212247
1.167176
1.457394
0.574604
0.353783
1.684977
1.766490
0.651945
0.475441
0.986930
0.296863
0.418301
1.059023
1.505844
1.164675
1.910475
0.077220
0.087680
0.855196
0.939997
1.565726
0.527920
0.532321
0.235660
0.578032
0.974530
1.218798
0.176414
0.494095
1.239556
1.656742
1.548393
0.272488
0.400347
0.119758
1.542223
1.132779
0.181220
1.271287
1.297457
0.574066
0.223138
1.747627
1.461559
0.964320
1.087904
1.331744
0.090377
0.177838
1.155850
1.036775
0.230932
0.682153
1.559092
1.954975
0.534753
0.157312
0.981997
1.430692
0.151380
0.075685
1.273725
1.117013
1.411854
1.181060
1.416674
1.442355
0.137471
1.463327
0.228762
1.163153
1.467932
1.953046
0.305047
0.510179
0.737495
0.429911
0.939957
1.463792
0.416408
1.357085
1.916584
0.899971
1.420915
0.976964
1.051855
0.650388
0.428469
1.165636
1.545398
1.213932
0.189129
1.917710
0.161173
0.140591
0.559360
0.789491
1.542131
0.694273
1.809611
0.516065
1.545279
1.461794
1.271361
0.504566
1.343127
1.306697
1.746159
1.421782
0.777521
1.556912
1.620046
1.520506
0.739138
0.808146
1.655924
0.678522
1.654345
0.529687
1.139196
1.645186
1.656811
1.809335
1.924603
0.561730
1.876713
1.719289
1.931372
0.499634
0.770978
0.476402
0.457961
1.069776
1.924562
1.841915
0.399000
0.228967
0.435688
1.143824
0.973751
0.404664
1.592966
0.162777
0.082158
0.280766
1.730092
1.133962
1.561103
0.183185
1.142435
0.232719
0.783885
1.731515
0.526727
1.196527
1.200341
0.499025
0.078035
0.160950
0.968534
0.448872
1.205525
0.391078
1.803173
1.548394
0.664986
0.592196
1.110060
1.282282
0.907359
1.047168
0.263755
1.811095
1.571763
0.790473
1.699710
1.383331
1.106969
1.904324
0.926055
0.840705
1.383935
0.606500
0.645980
0.370654
0.174269
1.921603
1.955426
1.740628
0.671293
1.197295
1.956930
0.672786
1.275563
1.937605
1.692290
0.910072
0.392383
0.929738
1.587792
1.041302
1.680941
1.566793
1.810772
0.503777
1.600206
0.287725
1.713042
0.323675
1.114348
1.243022
0.754718
0.186434
1.419590
0.520752
1.746881
0.969195
0.686248
0.607355
1.131757
0.157538
1.809581
0.469217
0.828068
0.789713
1.278436
0.989011
0.684494
0.301487
1.861914
0.262060
1.725482
0.768147
0.256060
1.652703
1.525505
1.074069
0.392681
0.195258
1.955388
1.186754
0.767644
0.452443
1.367461
1.799477
0.150188
1.416273
0.946830
0.851042
0.339829
0.294174
1.809178
1.567032
1.147744
1.473966
0.821916
1.809866
0.509514
0.086196
1.838632
1.956953
1.957674
1.281348
0.970959
1.774556
1.848341
1.822781
1.197049
0.118692
0.214034
0.709756
1.274328
1.924637
1.728461
1.899243
0.078575
1.053108
0.292256
1.881833
0.913139
0.940079
1.809509
1.318209
1.331786
1.649888
0.267664
0.209778
1.569134
0.194301
0.992428
1.006697
0.076988
1.067073
1.751461
0.368777
1.724757
1.659457
0.123103
1.150820
0.298430
1.207613
0.092637
1.805318
0.972582
0.685397
0.417364
1.824191
0.651585
0.116091
0.843582
0.623575
1.473502
1.310225
1.416270
0.502337
1.423906
0.076181
0.452580
0.213181
1.733212
0.828787
0.297807
0.326200
0.755951
0.857062
1.875499
0.890654
1.910557
1.147352
0.256176
1.273736
0.958087
0.337326
1.121690
0.284582
1.657136
1.539258
1.615664
1.956895
0.848241
0.173070
0.371660
0.384708
0.791262
1.910672
1.106279
1.188376
0.499020
0.935775
1.317859
0.639344
1.338631
1.018625
0.680088
0.537427
0.158912
1.399151
1.602147
1.812313
0.894191
1.391908
1.842237
0.947289
0.820019
1.572475
0.171852
0.499153
1.318660
1.734400
1.644267
1.671675
1.808507
0.974337
1.655100
0.090782
1.739254
1.652903
0.607122
1.279486
1.623460
0.112435
0.945107
0.232411
1.096864
0.276709
0.793647
1.534550
0.918868
0.260734
1.825733
0.245217
0.990597
0.160090
0.639904
1.282812
0.161703
1.474210
0.842131
0.852583
1.656699
1.179637
0.694825
1.339860
0.466859
1.656474
0.274210
1.473959
1.539963
0.927640
0.076628
0.201799
0.647299
1.733945
1.917738
1.739586
1.918460
1.810310
1.209695
0.480548
0.836955
0.475263
1.515116
1.375428
1.146553
1.729796
0.257398
1.426980
1.766453
0.430467
0.091949
0.388126
0.973986
1.410371
0.099630
0.194566
0.090105
1.715283
0.305455
0.545495
0.372143
0.782978
1.872066
1.488635
1.838521
1.293449
1.607466
0.728621
1.727101
0.547928
1.574813
0.235399
0.987489
0.247263
0.199506
1.719574
0.276888
0.531106
1.909819
1.653601
1.357759
0.081685
0.651070
1.349392
0.298622
1.899863
1.912725
1.566934
1.566628
0.472131
0.714362
1.839251
0.618267
1.132367
0.969108
0.217374
1.142971
0.313917
0.358431
0.358742
1.550763
0.244391
1.146165
0.326032
1.954229
0.392457
0.151351
0.722424
0.116322
0.705554
1.911646
0.887426
0.719831
1.554278
1.954500
1.796083
0.157932
1.106610
1.697857
1.157623
1.886009
1.758750
0.309415
0.554578
1.146167
0.244500
0.528409
0.226116
1.186286
0.185723
1.035922
0.781260
1.080135
0.547635
1.929919
1.210079
0.232561
0.528749
0.160677
0.823909
1.742911
0.651748
0.082161
0.166024
0.199937
0.770852
1.357844
1.128126
1.647226
1.936338
1.505986
0.673107
0.190890
1.526280
0.925687
0.227948
0.922843
0.709956
0.423466
1.329653
0.092334
0.094525
1.877149
0.182829
1.390250
0.626792
0.444631
1.905445
0.970235
0.141276
1.316351
0.659626
1.054912
1.614054
0.300251
0.408593
1.577351
0.946076
0.988899
0.562632
1.808382
0.979346
0.179441
1.104288
0.763076
0.126119
1.917108
1.148297
1.562246
0.615345
0.943401
1.562247
0.955768
0.897183
0.078184
0.376682
0.791675
1.690909
0.581837
1.812177
1.115808
1.355909
1.954409
1.398445
1.145976
0.960545
1.341623
0.929252
1.578338
0.838523
1.357857
0.076975
0.076303
0.220431
1.340186
1.746529
1.734040
1.373239
0.542926
1.493052
1.677648
1.146345
0.689485
1.557971
1.146064
0.136904
1.945341
1.077327
1.418303
0.997190
1.922246
1.210877
0.234211
1.282556
0.673461
0.356043
1.111399
1.095257
1.101329
0.116806
0.237269
1.534789
0.391628
0.467630
0.106805
1.622008
1.957402
1.438081
0.104850
1.468628
1.273079
0.309780
0.880681
1.844643
0.893042
1.516523
1.941882
0.581224
1.528337
0.756973
0.971324
1.809428
0.463603
1.030699
1.517202
1.678677
1.417916
1.739528
0.514076
0.991326
1.270818
1.459055
0.940449
0.190045
0.985666
0.673199
1.809613
1.264720
0.489790
0.271373
1.543346
1.328621
1.038152
0.111285
1.762351
0.550802
1.204084
1.732459
1.597833
0.309716
0.631079
0.988705
1.524623
1.416523
0.321742
1.905337
0.200515
1.650355
1.275334
0.510353
0.697330
0.276054
1.622474
0.278719
1.578533
1.953636
1.260047
0.102864
0.299090
1.739555
0.915669
1.558423
0.088185
0.350744
0.536902
0.972130
0.929919
1.732815
1.022943
0.828403
1.282187
0.083764
1.234038
0.209319
1.816619
1.346822
0.780288
1.352395
1.139805
1.152844
1.865997
1.768989
0.970716
0.612886
1.526487
0.409461
1.004930
1.552431
0.077433
1.575237
0.479798
1.769200
1.147029
1.273301
1.741548
1.331142
1.416988
1.853725
0.375534
0.406307
0.119732
0.596722
0.467991
0.916790
0.494010
0.699605
1.531371
0.137359
1.416496
0.443320
1.300939
1.929057
0.093994
1.464593
0.986129
1.266199
1.952565
1.596170
0.488745
1.844631
1.355462
0.153288
1.278219
0.335520
0.678425
0.490319
0.889232
0.148993
0.858203
0.583073
0.936743
0.373949
0.804249
0.846325
0.833524
0.322799
0.965839
0.532832
0.314622
0.528392
0.361649
1.727329
1.145885
0.909931
1.618102
0.926543
0.753797
1.956966
0.608574
1.343386
1.367113
0.980013
0.200764
0.162364
0.082753
0.077657
0.791291
0.990074
1.474887
1.736694
0.685218
0.701607
0.479879
1.416604
0.802446
0.319140
0.975307
1.201787
0.597100
1.957587
1.405390
1.145818
1.274856
0.115704
0.604722
0.569716
0.443694
0.971435
0.425276
0.784193
0.426449
1.758290
0.297774
0.493599
1.576084
1.445548
1.777647
1.129486
1.118605
0.752679
0.896572
1.747098
0.512309
1.472247
1.359294
0.894555
0.102673
0.079233
0.847292
0.271276
1.122365
0.179712
0.163775
1.481201
1.336753
1.197226
1.559267
0.564840
1.722614
0.394738
0.499120
1.925986
0.622672
0.259778
1.386310
0.944269
1.919729
1.918445
0.362374
1.562687
1.182214
1.877801
0.144835
0.879362
0.630898
0.187091
0.536824
1.271922
0.997729
1.117446
1.918885
0.689680
0.099021
0.145873
0.253278
0.524764
1.811760
0.487444
1.123367
1.751401
0.849884
0.108698
0.777548
1.920920
0.214784
1.416806
1.281479
0.555307
0.660724
1.361552
0.154175
0.697666
0.395197
0.100592
0.198741
0.527348
0.795437
0.080283
0.462000
1.809378
1.801400
1.271047
0.490484
1.927612
0.457497
0.514623
1.939827
0.495282
0.212813
0.386953
1.655827
1.342300
0.812287
1.566110
0.439036
1.031775
0.506139
0.579305
1.568501
0.758732
1.809541
0.283707
0.542231
0.458465
1.482774
0.663019
0.267711
0.146388
1.457844
0.886836
0.253940
0.258044
0.151724
0.795630
1.132075
1.109494
0.294494
0.175396
0.489808
0.079291
0.649027
1.727951
1.451632
1.109566
0.126431
0.138241
0.418305
0.282740
1.082319
1.693336
0.091460
0.442869
1.282082
1.132186
1.416860
1.550287
1.651690
1.871625
0.691721
1.565485
0.559115
1.465140
1.919984
0.935657
0.667683
1.348348
1.564374
0.436964
0.484195
1.865446
0.685452
1.459655
1.412283
0.772960
0.707119
0.681334
0.252975
0.085562
0.344485
0.102922
0.500142
0.310581
1.904103
0.155431
0.403969
1.463334
1.474323
0.261132
0.993243
0.235088
1.092748
0.486472
1.420923
1.649026
1.369031
0.917282
1.809474
0.800973
1.587930
0.792061
1.158100
0.394264
0.359757
0.126806
0.836361
0.806925
0.263873
0.263498
0.826014
1.354629
1.809408
0.662655
0.987953
0.837704
0.175899
1.807963
0.482707
0.671045
1.083813
0.647603
0.974411
1.508321
1.125616
1.221935
0.237934
0.553750
1.754774
1.212322
1.211796
1.808361
1.804717
1.560670
0.908605
1.938963
1.566181
0.312913
1.687424
0.822985
1.665252
0.192677
0.817729
1.145876
0.293578
0.842606
1.957648
0.398304
0.694655
0.918893
0.188150
1.408611
0.336689
0.237865
1.416698
0.086733
1.809576
1.136311
1.803681
1.680553
0.976716
1.530655
0.436776
0.992727
0.641013
1.942224
0.555887
1.463087
0.507698
1.476383
0.855846
1.287212
0.210169
1.294172
1.955891
0.196818
0.612849
0.523521
0.498622
1.551611
1.038773
0.171363
0.246876
1.954237
1.418897
0.499954
0.415344
0.578703
1.903803
0.999853
0.946714
1.947294
1.274646
0.532365
1.544688
0.111744
1.239803
1.905526
0.793906
1.312471
0.792748
0.229599
1.786790
1.721190
1.012035
1.465306
1.953800
1.600597
1.522518
1.732814
0.910518
1.771299
0.966337
1.413682
1.954194
1.493188
0.403715
1.345784
0.127321
1.346963
1.737926
0.359698
0.429063
1.611641
0.547247
0.499009
0.799158
1.731941
1.951339
1.534567
0.258440
0.473973
0.507145
0.855848
1.649571
0.809033
1.487673
0.427483
0.453905
0.615777
0.872633
1.273113
0.574397
1.953545
0.979019
0.694055
1.213820
0.263575
1.352610
1.696651
1.635751
1.194320
0.672215
1.339671
0.075944
1.143172
1.202249
1.414238
1.648912
0.652291
1.717775
1.000281
0.962076
1.285004
0.513349
0.984262
1.819385
1.766399
0.467341
0.458971
0.737916
1.858852
0.792902
0.596601
0.948187
1.113658
1.683752
1.072820
1.005163
1.012304
0.233837
0.924232
1.208813
1.354536
0.124282
1.856684
1.274249
1.527345
0.296599
0.657740
1.339300
1.821879
1.445641
0.543326
1.523911
0.216072
1.215022
0.475328
1.004052
0.873855
1.541835
1.088608
0.293879
1.926461
1.660601
1.809512
0.149818
1.115558
1.137945
0.334511
0.362831
0.317364
0.353371
1.913365
0.194637
1.281953
0.096865
0.388349
1.540654
0.851026
0.528727
1.683061
1.146154
1.733578
1.753654
0.242160
1.828555
1.123688
1.158868
0.077080
1.209090
0.792099
0.345307
1.135449
0.528398
1.743023
0.229249
0.984711
0.928671
0.168050
0.147689
1.187887
0.803196
1.786741
0.140730
1.034331
0.134829
0.654863
0.942028
1.090174
0.595356
1.809057
0.273512
0.959122
0.158802
1.479078
0.459476
1.619031
1.280665
1.109912
1.047711
1.917460
1.194609
1.416213
0.720401
1.923569
0.111343
0.816521
0.502533
1.070138
0.497761
0.404882
0.262914
1.272761
1.912097
1.489643
0.303027
1.683899
0.470789
1.282938
0.389298
1.416319
0.400988
1.713609
1.601201
1.109047
0.692236
1.131273
0.164797
0.150169
1.384521
0.077613
0.376532
1.908528
1.901818
0.215661
0.963060
1.116166
1.324705
1.372246
0.496604
0.165774
1.606086
0.781805
0.075784
0.311514
0.593880
0.177629
0.167142
0.127864
0.250651
0.506182
0.293833
0.428723
1.687655
1.409532
1.131942
0.946236
1.924805
1.278146
1.864161
0.158904
0.083322
0.653810
0.207560
0.800315
1.555852
1.544930
1.650093
0.502597
0.635002
0.986537
0.413226
1.146352
0.603521
0.936228
0.665746
0.287098
1.731859
1.872267
0.252048
0.961593
1.836503
0.380118
0.654153
1.610844
0.507921
1.040110
1.544762
0.702539
0.416235
0.185871
1.455007
0.767338
1.808990
1.953473
0.469182
1.147977
0.988318
0.080507
1.859142
1.561278
1.133001
1.755458
1.545129
1.869271
0.346982
1.621164
0.281419
1.941829
0.083548
1.638189
0.232620
0.929419
1.338261
1.341440
0.619060
0.450340
1.904276
0.357353
0.856802
0.990913
0.213014
1.933753
1.178434
1.952884
1.426105
0.315565
0.354493
1.795845
1.463927
0.451337
1.042765
0.621493
1.521823
1.579935
1.948125
0.614174
0.213320
1.128325
1.224165
0.280328
1.542263
0.221022
1.955723
1.542142
1.957679
1.912039
1.230072
0.962270
1.116369
0.762874
1.077659
0.175840
0.279273
0.469992
1.316587
0.319896
0.729811
0.943964
1.415396
1.177915
0.668425
1.628846
1.830432
0.229789
0.606014
0.962174
0.342603
1.462683
1.551077
1.707253
1.289849
0.976304
1.108426
1.473942
1.563367
1.075258
0.772713
1.657887
1.309336
1.786904
0.931779
0.811198
0.639390
0.272217
1.276253
0.768224
0.480420
1.461410
0.216032
0.795866
1.952137
0.673842
1.359840
0.420703
1.918562
1.656503
0.461947
1.762525
0.279806
0.445562
0.308982
0.351574
1.011719
0.834954
0.512944
0.540706
0.817009
0.215982
0.625844
1.549785
0.918355
0.944692
1.575876
0.078814
1.462431
1.952044
1.061643
1.734597
0.980663
1.668281
0.745647
0.085566
1.731868
0.667650
1.273363
1.913203
1.899249
1.908328
1.707730
1.829193
1.818680
0.688730
1.131470
0.900586
0.903183
1.814023
1.462539
0.690118
1.542427
0.434574
1.045329
0.595165
1.561730
0.891724
0.821368
0.569506
0.818734
1.928429
1.371172
1.398294
0.979025
0.963248
0.841387
1.907776
1.129746
1.419089
0.525326
0.173237
1.202534
1.124024
0.205465
1.134523
1.093667
1.117044
1.554283
1.449977
0.203557
1.864015
1.343726
1.305175
1.446222
1.650045
1.044986
0.214214
1.923126
1.561461
0.951083
0.999447
1.608745
1.725861
0.975714
0.086533
0.435024
0.182775
1.572413
0.998935
1.466620
1.271184
1.692950
1.331796
0.683194
1.547198
0.216931
0.535853
1.811739
1.402725
1.887430
0.780856
0.716324
0.376191
0.648294
0.321859
0.509979
1.519955
1.815907
1.205955
1.361558
0.077852
1.744479
1.951647
1.916698
0.915682
1.342998
1.553253
1.379904
0.462250
1.333436
0.142037
1.571737
1.132271
0.592119
0.869171
0.414533
1.423215
1.343699
1.926197
1.449192
1.431516
0.762608
1.730656
1.273386
0.222732
1.739356
1.663095
0.981276
0.669390
0.760346
0.490076
1.109016
1.620480
0.220569
1.206748
0.919968
1.694461
0.936393
0.495905
1.833809
1.136833
1.903649
0.863737
0.446370
1.159062
1.134760
1.928307
0.916512
0.174236
0.844936
0.720594
0.932670
0.490059
0.930090
1.805903
1.349893
1.461873
1.042912
0.444033
0.181573
1.211973
0.482643
0.528894
0.091876
0.481472
0.654505
1.135472
0.630273
1.594300
1.150209
1.197348
0.241871
1.198696
0.632446
1.573810
1.365917
1.924544
0.992338
0.668698
0.663474
1.330771
1.283566
1.525897
0.453889
1.358151
1.631298
1.953309
1.917593
1.545136
0.093830
0.928705
1.725454
0.499883
1.832331
1.343854
1.464103
1.619178
1.543234
1.910632
0.117405
0.953275
0.887946
1.330125
0.235857
1.338073
0.758275
1.737443
1.909101
1.578871
0.986742
1.956445
1.541243
1.147174
1.527644
0.671124
1.949289
1.356428
0.088254
0.905767
1.281384
0.557428
1.133137
0.602029
0.595714
1.207162
1.147397
0.255980
0.466752
1.906506
1.003364
1.663482
1.133780
0.456987
1.800575
0.104681
1.733594
1.815532
0.757309
1.136387
0.884614
1.548663
0.446016
0.077373
1.328337
1.150454
0.507959
1.463228
0.674251
1.180336
1.268655
0.124943
0.812307
0.616817
1.736444
1.829698
1.252923
0.827206
1.420372
0.767591
0.340155
0.966961
1.955708
1.623609
0.259922
1.923958
0.142577
0.996322
1.136413
1.661664
0.474507
1.401848
1.285618
0.923480
1.364354
1.572293
0.888626
1.658351
1.653161
0.969373
0.504857
1.437380
0.986858
1.159634
0.265237
1.211804
1.379616
0.539949
0.549965
1.560647
1.740262
0.232589
1.070045
0.871237
1.736509
1.416695
1.281158
1.133267
0.128141
1.538017
0.974446
0.696464
0.290368
0.693318
0.809073
1.921755
0.920689
1.895661
0.272223
1.204295
1.726511
0.077663
0.322168
1.540024
0.162794
1.223990
0.721329
0.493591
0.482216
1.553122
0.817164
0.892619
1.273540
1.648404
0.605214
1.335661
1.654685
0.399081
0.377442
1.146003
1.817742
0.544542
1.812598
1.599952
1.473962
0.254010
0.556734
1.526571
1.339239
0.473512
1.733901
0.438365
0.724318
1.725341
1.809685
1.200498
0.248461
0.962628
0.227448
0.184266
1.695299
0.135504
0.181895
1.671349
1.740093
1.639071
0.143861
0.159425
0.990435
0.577140
0.633262
0.221509
1.464247
0.916212
0.077757
1.016406
1.922079
1.924363
1.738122
1.832730
0.502464
0.862513
1.719006
1.216391
0.935038
1.724531
0.220417
1.722924
0.491463
1.215548
0.316820
1.290089
1.956811
0.674895
1.678011
1.304467
1.622471
1.953560
1.957586
1.224493
1.949314
1.809503
1.274870
1.418347
1.580257
0.104182
0.471231
1.153859
1.753744
1.727330
0.748131
1.464007
0.197985
1.144811
0.875146
0.648099
1.720900
1.354438
1.598289
1.564939
1.060183
0.172571
1.809547
1.880176
0.564673
0.241789
0.847105
0.977097
1.800577
1.655614
1.044606
1.280297
1.864696
1.089670
1.629240
1.663693
1.912715
0.979568
0.205513
1.371410
0.706301
1.809566
1.487893
1.336285
1.463086
1.597465
0.426297
1.190226
1.144990
0.168075
1.951602
1.807115
1.933157
1.735490
0.948172
1.954439
0.721604
0.519967
0.158052
1.345070
1.533228
1.747059
1.402348
1.360341
0.258064
1.909172
0.481234
1.182481
0.650415
1.651074
0.803138
0.256457
0.125719
0.138823
1.290534
0.855923
0.925552
1.419770
0.590556
1.178905
1.359038
0.981411
0.269185
1.040052
0.502483
1.763496
1.867843
1.843392
0.665264
1.545064
0.407236
0.302835
0.532506
0.843804
1.797548
0.103728
0.975991
0.147217
0.500913
1.144983
0.720290
1.464133
1.058620
1.333344
1.279627
1.213693
1.630440
0.726514
0.205930
1.719922
0.465178
1.118699
0.304833
0.833950
0.804570
1.867807
1.123628
0.410455
1.923989
0.482956
0.500679
1.809547
1.510232
1.639535
1.273080
1.170322
0.334044
0.276841
1.326918
0.742611
0.420483
0.167283
1.532075
1.868541
0.986786
0.783793
0.461817
1.193435
0.094636
1.316801
1.706021
1.357383
0.732435
0.655812
1.808028
0.763728
1.953716
0.459196
0.763443
0.817159
1.098181
0.800971
0.563220
1.463120
0.968960
1.948047
1.468423
1.233783
0.612996
1.877768
0.076902
0.407660
1.333847
1.799899
0.349977
1.288059
1.211652
0.298665
1.469025
1.354804
0.300099
0.686891
1.900643
1.331082
1.649311
0.817866
0.180562
0.977336
0.394089
0.777161
0.168719
0.601753
0.897139
1.919181
0.142820
1.058559
1.376196
0.917279
0.635626
1.273037
1.515746
1.530263
1.604059
0.282917
1.543890
0.921709
1.599794
0.528570
0.134092
0.831428
1.375274
1.209981
1.520146
1.359741
1.421943
1.647987
1.545844
0.229797
0.917107
0.921358
1.855428
0.788436
1.078614
0.382897
1.342494
1.416734
1.467622
1.188744
0.276200
0.519466
0.913102
0.671788
0.563337
1.340857
1.277513
0.104951
1.942998
1.272513
0.421533
0.874870
0.522984
0.397640
0.219964
0.501798
1.592801
0.810368
1.340413
1.759541
0.173227
0.102323
1.412669
1.281172
0.624238
1.359308
0.446364
0.420134
1.512393
1.804893
0.091372
1.387517
0.640665
1.331566
0.791473
1.775328
1.275408
0.495270
0.978708
0.354175
1.292855
0.536263
1.228556
1.594154
1.420890
1.808809
1.558770
0.251171
1.594686
0.592256
0.079460
1.954410
0.239824
0.338660
1.474606
0.231986
1.774987
1.809574
1.062412
0.260382
1.921827
0.178536
1.289605
0.190171
0.529378
1.353582
0.644016
1.929302
1.726676
1.463458
1.212340
0.188262
1.154431
0.259632
1.644018
1.220096
0.633074
1.908506
1.416222
1.465734
0.231872
1.151428
0.302667
1.073738
1.126472
1.415593
1.878503
0.785195
1.924452
1.279409
0.639058
0.925384
0.431796
1.954606
0.753381
0.086383
1.735502
1.041661
0.757485
0.709942
0.185950
1.227177
0.752651
1.358847
1.410163
0.234427
1.569768
1.072750
0.685953
0.152048
1.911522
1.356021
1.584286
0.436678
0.345312
0.197509
1.876581
1.601612
0.708409
1.949911
0.446904
0.190503
0.084541
0.107941
0.738295
1.633634
0.442338
0.176667
0.638469
0.576588
0.169682
1.724271
0.690207
0.327730
1.562159
1.543328
1.153220
1.356036
1.787499
1.733605
1.155352
1.506592
1.346976
1.521843
0.795620
1.540154
1.133059
