0.813350
0.749200
1.712235
0.217846
0.462294
1.725646
0.240923
1.717667
1.060478
0.653330
0.327235
1.731365
1.620978
0.168785
0.909664
1.011152
1.728835
0.272315
1.164440
1.705549
1.615976
1.211260
1.735636
0.843058
0.687617
1.370271
0.216269
1.319197
1.714299
1.219713
0.913678
1.239384
1.150012
0.650367
1.183000
1.016153
1.231871
1.715281
0.283584
0.811758
1.727588
0.533934
1.082097
1.251295
0.880619
0.451483
0.178333
1.214102
0.254875
1.264086
0.679011
1.727579
1.487496
1.150677
0.845675
0.697894
0.135506
0.226207
1.222236
0.879354
1.734076
0.365661
0.421181
0.472677
1.584692
0.200867
0.274965
0.566631
1.224116
0.175730
0.256706
1.731497
1.228851
0.092090
0.126285
0.467334
1.077618
1.565881
0.420652
1.727171
0.686594
1.141119
0.607689
1.724923
0.238467
1.112976
1.222485
1.732514
1.238964
0.135761
1.225692
0.433430
1.112204
1.634537
0.222640
0.116053
1.248635
0.949208
0.235271
0.378908
1.196251
0.737338
1.225976
0.330379
1.735494
0.582085
1.728348
1.362217
1.683670
1.227186
1.224922
0.454411
0.184144
1.732770
0.635604
1.206546
1.231743
1.541064
0.286441
1.734352
0.595105
1.275256
1.731873
0.708869
1.075562
1.186157
0.159792
0.729617
0.279018
0.185526
1.715818
1.221587
0.740952
1.227983
1.731062
1.241341
1.472352
0.596404
0.743239
1.216411
0.857074
0.445294
0.169136
1.150332
1.215141
0.908053
1.227650
0.234308
1.733698
0.338706
1.234694
0.522493
0.899363
1.732979
0.408480
1.015531
0.620782
1.729008
0.331648
0.094141
1.713579
0.264178
1.735305
1.540711
1.732330
0.108018
1.731117
1.732767
1.231238
0.515570
0.705679
1.178015
1.250938
0.605295
0.151008
0.872154
0.213796
1.731205
1.563080
1.715519
1.718142
1.731388
1.228447
1.226061
1.426580
0.850774
0.533667
1.231964
1.227309
0.731189
1.342414
0.701583
1.124289
1.221643
1.732633
1.732013
1.221338
1.730029
0.123766
1.732872
0.151249
1.734612
0.411176
1.225299
0.259495
0.241807
1.151022
1.210980
1.273797
0.572165
0.477186
1.725079
1.732233
0.423890
1.112122
1.037381
0.338879
0.182004
0.604850
0.723955
1.724507
0.856923
1.694731
0.736415
1.703568
0.340924
0.252102
1.713703
1.727830
1.710781
0.257389
1.728848
0.528651
0.509121
1.179009
0.409094
1.124637
0.241537
0.641742
0.265725
1.717102
1.717355
1.081642
1.724514
1.208364
1.215077
0.204470
0.749514
0.802094
0.291842
1.734396
0.350432
1.232762
0.842432
0.370453
0.675193
1.013263
1.578196
0.453919
1.319876
0.152348
0.673379
1.213597
1.224857
1.198244
0.726273
1.229666
1.053903
1.732211
1.642559
1.591108
1.218766
0.813607
1.229838
0.138459
0.867728
0.453092
1.220519
0.332815
1.223878
0.289397
0.294144
0.564457
1.722910
1.228537
1.726985
0.185875
0.907817
0.738205
1.015081
1.724085
1.574248
0.453795
0.209738
0.583603
0.865251
0.874882
0.776628
1.723613
0.582398
1.702601
1.209553
1.731619
1.684511
0.083275
0.647649
0.876623
0.263452
1.708215
0.907231
1.212355
1.607048
0.217928
1.228336
1.719812
1.729333
0.322156
0.896375
1.038622
0.545320
0.114094
1.731621
0.163500
0.172347
0.833563
0.379361
1.617815
0.486730
1.694976
0.224405
1.734293
1.672729
0.241740
1.233221
1.335245
1.730960
0.625756
1.719774
0.622885
1.211504
0.658956
0.575621
1.723239
1.725410
0.615401
0.290434
1.177915
1.731242
0.345770
0.905071
0.628713
0.975303
0.028440
0.489100
0.815378
1.213094
1.719651
1.731831
0.875960
0.708326
0.394321
0.875405
0.044773
1.168260
0.133246
1.733681
1.045282
0.259071
0.171622
0.251898
1.732591
0.887584
0.261850
0.202964
1.236088
0.639638
0.778956
1.705345
1.233196
0.073080
1.099328
0.682348
1.731997
1.224009
0.134553
1.727179
1.733124
1.713552
0.313404
0.956543
0.495413
0.431244
0.291128
1.426215
1.709239
1.728415
0.416261
1.227329
0.508728
1.229036
0.546199
1.226624
1.228549
1.203781
1.498569
1.163972
1.712792
0.885059
1.270749
0.713013
0.220528
1.735690
1.735445
0.389217
0.288036
0.948807
1.730936
0.196623
0.124820
1.587858
1.725808
1.379126
1.200017
1.053632
1.215829
0.508584
1.733534
0.576158
1.663741
0.430409
1.224830
1.221437
0.857799
1.222284
0.395402
1.722352
0.177167
0.884559
0.850474
0.787883
1.232686
1.570530
0.133738
1.271763
1.713333
0.346720
0.152223
0.818793
0.531557
0.779206
1.697823
1.730669
0.507894
1.725515
1.684798
0.167383
0.187594
1.701974
1.228009
1.498983
1.223851
1.733347
0.174240
0.218312
0.201226
0.642807
1.005591
1.128183
1.227503
1.662602
1.189679
0.158887
0.218059
0.904158
0.664903
1.724831
1.613178
0.311948
1.238777
1.456634
1.717286
0.600691
0.435343
0.132216
0.657989
0.921379
0.445986
1.198593
1.725403
1.727308
1.675896
1.185427
0.949877
1.630352
0.911558
0.307164
0.808255
0.753677
1.222300
0.281193
1.691975
1.009358
0.830089
1.728837
0.664039
1.694583
0.712793
0.484070
1.629221
0.920365
0.654666
1.223821
1.734518
1.407781
1.734233
0.924229
1.721005
1.112343
0.306310
0.629333
0.889624
0.928719
1.334941
0.889427
1.735239
1.734206
0.270160
1.715042
1.578046
1.732294
0.465374
1.732357
0.265556
1.227852
0.472842
0.130560
0.655577
1.726348
0.276098
1.282534
1.216075
1.225380
0.941275
0.853330
0.909203
1.734394
1.260561
0.307992
0.887186
0.162726
1.729440
1.204752
0.895879
1.252214
1.288502
1.202500
0.463786
0.642035
0.905071
0.903218
0.720865
1.049363
0.325353
0.064226
1.244731
1.218851
1.723608
0.846099
1.731631
1.106955
1.228156
0.065049
0.239193
1.437562
1.225859
1.225033
1.510902
1.725464
1.732216
1.697965
1.732637
1.717069
1.210191
0.407999
1.735575
1.658525
0.596281
1.735462
0.109330
1.734729
1.643091
0.329649
1.727031
0.831241
1.218565
1.735927
0.645986
0.292685
1.345429
0.492238
1.733758
0.177870
0.412071
1.211146
0.252349
0.170207
0.300363
1.014068
1.730739
0.892284
0.107828
0.432134
1.205835
1.732426
0.078060
0.517199
0.939087
0.601060
0.088159
0.263041
1.733404
1.715259
0.248268
0.903730
1.700729
0.325226
1.656562
1.540959
1.116947
0.669518
0.419073
0.422251
1.144643
1.228473
1.013860
0.146485
0.158011
1.224393
1.541058
1.726697
0.380687
1.724267
0.989547
0.793361
1.658373
0.146325
1.015559
0.471301
0.490048
0.219051
0.408466
1.448222
1.733350
0.265255
1.716734
0.648483
0.931054
0.244820
1.733721
0.648932
1.732642
0.745219
1.729734
1.711605
1.213263
1.371396
1.730936
0.210811
0.337944
0.141639
0.170903
0.390492
0.619624
0.850946
1.721833
0.127641
1.223133
0.420538
0.100221
1.733517
0.675164
1.727246
0.507396
1.219903
0.046285
1.631169
0.117550
1.730778
0.756989
1.725250
1.329675
1.727540
1.229142
1.171163
1.710546
1.342071
1.733733
0.814119
1.734720
1.666592
0.858389
1.712979
0.203229
0.285245
1.211894
1.723260
0.133869
1.442580
1.417212
0.524916
1.734167
1.106899
1.732186
0.225737
1.226004
1.226119
0.415561
0.731886
0.978622
1.731556
0.200483
1.732806
1.171052
1.729667
1.715107
0.919474
1.716533
1.223927
0.250887
1.734961
1.618509
1.733618
1.698647
0.213485
1.730429
1.124071
1.228874
1.728776
0.454138
1.225867
0.881269
1.339782
0.200450
1.723335
1.219259
1.372951
0.212079
1.732594
0.396911
1.227504
1.026896
0.472323
0.624776
0.885648
1.570283
1.254035
1.012765
1.407515
0.546754
0.353652
0.347511
0.563181
1.264865
0.501291
0.350092
1.257069
1.229007
1.227826
0.286984
0.308455
1.227569
0.507034
1.118783
1.730397
0.179262
0.356235
1.733018
0.496212
1.246243
1.729939
1.736096
0.270211
1.733451
1.272053
0.131806
0.956027
0.419017
1.675956
1.232873
0.182394
0.856015
0.256578
0.344657
1.482520
0.185033
1.227133
1.154714
1.731870
0.960219
0.216406
0.345278
0.506235
0.698122
0.885849
0.000000
0.155919
1.710353
0.224092
0.259485
1.692466
1.229269
0.499910
0.311723
0.484836
1.222227
1.712760
0.807148
0.347367
1.689920
0.310487
1.659397
1.726143
1.041090
0.870407
0.463710
0.175304
0.270332
0.887629
1.717142
0.155119
1.729290
1.729471
1.203502
1.360679
0.693037
1.131265
0.824944
0.310034
1.732677
1.416260
0.151960
1.286496
1.475422
0.335675
0.849210
1.130215
0.696427
1.173961
0.619627
0.684566
0.343842
0.648971
1.197590
0.282396
1.726716
1.728134
1.728981
0.766507
0.354595
0.884813
1.732376
0.451542
1.645891
1.731311
1.227050
1.246546
1.280793
0.926794
0.319550
0.290911
1.601677
0.868332
1.529021
0.493019
1.226619
1.712173
1.247792
0.452190
1.727498
1.686133
0.269438
0.564772
1.733066
1.231775
0.304755
0.605353
1.719371
0.469286
1.162785
0.493611
1.225813
0.548592
0.218822
0.824526
0.906944
0.385342
1.199528
0.105666
0.237541
0.946612
0.382876
0.080917
1.734779
0.392829
1.202213
1.562129
1.732807
1.727890
1.406178
1.213559
1.601172
0.663118
0.580772
0.321145
0.236030
1.220432
1.222780
1.616065
0.269920
0.580222
0.680262
1.731743
0.854931
1.734942
0.741749
0.254882
0.779762
1.228650
1.224350
1.337293
0.901036
1.719713
1.734493
1.722629
1.725076
0.923752
1.733411
0.612123
1.692328
0.261685
1.730869
1.220063
1.729470
0.804827
1.715143
1.271456
0.368743
1.729572
0.389303
0.370260
0.818529
0.445671
1.189860
1.244844
1.728074
0.616453
0.140131
0.977455
0.796149
0.325719
0.111460
1.692354
0.599865
0.163622
1.286668
0.985362
1.229700
0.361325
1.215116
1.705997
0.748622
0.575122
0.885528
1.217975
0.983089
1.228868
1.734578
1.735122
1.226907
0.414040
0.835552
0.351160
0.234200
0.146463
1.006920
1.729094
1.167639
1.164444
0.324407
0.813061
0.459867
0.262125
1.254805
1.733403
0.449468
0.933747
1.728107
0.576497
1.202667
1.734316
1.228354
0.466258
1.238044
1.205860
1.184145
1.732999
0.317679
0.674975
0.367461
0.606650
0.408996
0.831177
1.232858
0.179850
0.532885
0.358892
1.015045
0.207499
1.212158
1.210590
0.742772
0.741691
1.728191
1.728220
1.219160
0.877203
0.513397
1.607131
1.172187
0.415564
0.820370
1.727566
0.842364
0.474777
1.731245
0.535710
0.668390
1.646990
0.235597
0.766321
1.168555
1.726119
0.475344
0.097032
0.425980
0.067296
0.532845
0.672560
0.154731
0.209415
0.563581
1.708297
1.228150
0.486352
0.900087
0.787113
1.232646
1.730860
1.286393
0.908678
0.623223
1.730915
1.673836
0.262034
1.734185
0.944230
1.093260
0.527803
0.174796
0.306662
0.400757
0.060688
1.253472
1.716491
0.336039
0.856055
1.699635
0.310323
1.704204
1.172760
1.224475
0.938453
0.990236
0.424362
0.912954
0.132569
0.662950
0.411411
0.383826
0.085549
0.288124
0.717119
0.650998
0.425065
1.735516
0.884242
1.229638
1.468866
1.728846
0.408952
1.727508
0.569521
0.184938
0.370290
1.728405
1.706721
1.218482
0.915357
0.897365
0.569556
0.876832
1.041372
1.140503
1.733697
0.688734
0.291363
1.221887
1.728389
0.783350
0.129054
1.182284
0.798556
1.728595
1.732099
1.241785
0.225699
1.231615
0.810930
1.126130
1.734823
0.166064
1.728622
0.194242
0.802398
1.715529
0.325024
0.848291
0.606987
0.382397
0.520922
1.196850
0.595489
0.543021
1.226233
0.247809
1.668120
1.443235
1.222997
0.329749
0.909781
1.726871
1.734851
1.257229
0.904604
1.226150
0.502696
1.733722
1.732995
0.227578
0.257147
1.731631
1.186636
0.899805
0.491732
0.458111
1.354433
0.667142
0.146023
0.475777
1.218686
1.733680
0.224869
0.823301
0.657409
0.178794
0.414930
0.225711
0.219430
1.655745
0.907533
0.174681
1.347315
0.954284
1.722510
1.730809
1.224602
0.497560
1.227006
0.908692
0.813239
0.919478
0.480149
0.805575
0.764645
1.182891
1.620763
1.379147
0.861245
0.174244
0.836367
0.902633
0.593986
0.954136
0.318752
1.051134
1.657807
1.728861
1.685876
1.589972
0.794185
1.730351
1.734631
0.304601
0.183837
0.313352
1.731024
1.657918
1.174251
0.899492
1.718360
1.729980
0.147143
1.676065
0.500202
0.921235
0.156972
1.732567
1.323896
1.218451
0.445040
1.290946
1.433884
1.192437
1.226121
1.430951
1.195001
1.727846
0.649456
0.242418
0.265250
1.318980
1.227774
1.726997
0.337478
1.730334
1.231940
1.727320
1.223000
1.728976
1.705988
1.222425
1.211698
0.140627
0.277582
0.180773
1.510907
1.731064
1.734498
1.733307
0.082045
1.196680
0.509242
0.820145
1.225375
0.620792
0.668077
1.196262
1.696388
0.231264
0.629326
0.577331
1.729182
1.722911
1.198635
0.910694
0.849298
1.651590
1.721667
0.495403
1.228757
1.225163
1.734398
0.340576
0.174868
1.691086
1.033200
0.181493
0.120167
1.000359
0.548502
0.751750
0.114194
0.935149
1.206932
1.720726
1.275965
1.224018
0.907079
0.210186
0.800745
0.235624
1.130748
1.216742
0.808489
0.892300
1.728927
1.722331
0.378818
1.712063
0.740929
0.113136
0.611148
0.378903
1.720196
1.724408
0.221817
0.365181
0.712904
0.230664
1.064759
0.732995
1.533324
1.732200
0.578832
1.230015
1.732949
1.725555
0.746242
1.216583
0.481341
0.305022
0.250700
0.221390
0.891352
0.647286
0.874973
1.727164
1.729882
1.619016
0.249295
0.766190
0.679853
0.426191
0.453207
0.654575
0.156744
1.734753
0.669100
1.228626
0.622187
1.369668
0.780769
1.729726
1.694965
0.189883
1.708903
1.732647
1.504463
0.810431
1.061157
0.856141
1.229238
0.765537
0.332389
0.545718
1.735363
1.732779
0.932656
1.724352
1.408476
0.630445
1.125060
1.732754
1.091607
0.534599
0.875974
0.054493
0.623672
0.271169
1.729292
1.731179
0.214083
1.156361
1.732313
0.463847
0.283263
0.230219
1.250806
0.717318
0.353823
1.222995
1.720824
0.658045
1.019787
1.313712
0.281266
0.147445
0.505962
0.462042
0.229860
0.345643
0.791271
1.581163
1.217652
1.733457
0.422031
0.657991
1.224406
0.374061
0.619079
0.190292
1.718048
0.250390
0.215373
0.828524
0.349623
1.227084
1.724188
1.645570
0.943718
0.993355
1.717881
0.421104
0.524553
1.268919
1.735634
0.556015
0.728634
0.353093
1.211331
1.280514
0.883174
0.414168
0.116915
0.242498
1.677142
1.735215
1.727515
0.311966
1.535963
0.890932
1.180428
1.721047
0.791210
1.732442
0.307492
1.713507
1.173403
1.551466
1.730982
0.753226
0.849694
1.199736
1.442045
1.564691
1.396153
1.225410
0.835236
0.447535
1.376424
0.237668
1.160716
0.394235
1.376524
1.113039
0.212994
0.420801
0.529425
0.755767
1.732444
1.229009
1.727540
1.224634
0.656433
0.624742
1.729496
1.729812
0.923587
0.161562
1.733024
0.963431
0.585104
0.230970
0.710016
1.430248
1.733429
0.890622
0.371873
0.940446
1.218236
1.720583
0.650662
1.728920
1.727434
1.225384
0.453447
0.414284
1.728126
1.716315
1.229714
0.319297
1.725920
1.233330
1.215376
0.356328
1.732543
1.225842
0.866336
0.275793
0.147630
0.816391
0.876751
0.942879
1.719354
0.807994
1.729902
1.223090
0.183183
1.229424
1.732245
0.437910
0.297601
0.633511
1.226261
0.128291
1.687056
0.879122
0.950195
1.185432
0.805267
1.715334
1.684143
1.131919
0.632468
0.210849
1.735197
1.228005
0.464020
1.224752
1.657180
0.188574
0.994789
0.487631
0.486982
0.871712
1.190253
1.208006
0.131247
1.729507
0.645632
1.735468
0.820293
1.453362
1.205347
1.212028
1.706666
1.013118
0.325308
1.322155
1.229438
1.278829
0.519540
0.337224
1.074163
0.155212
0.859711
1.151134
1.709278
1.236287
1.715228
0.798228
1.292199
0.237711
1.032606
1.004037
0.273035
0.142249
1.066129
0.895567
1.221552
0.390529
0.712446
0.258509
1.735808
0.688671
0.469921
0.341742
0.702126
0.183787
0.844436
0.345865
1.223972
0.327891
0.312232
1.220438
0.776854
0.213497
1.228466
1.218395
0.673733
0.237225
0.973591
0.344413
0.865492
0.240084
1.720528
1.227535
0.176706
0.278296
0.275247
0.033661
0.349468
0.426068
1.231440
1.730036
0.286138
1.732279
0.319193
0.282941
0.825009
0.130998
1.175650
1.014378
1.051648
0.334357
0.555981
1.298678
0.354195
0.353509
0.263173
1.731617
1.355150
1.037384
0.447991
1.356935
1.204393
1.226683
1.705705
1.196269
0.177416
0.556671
1.724674
1.224981
1.318192
1.720938
1.697866
0.156128
0.409899
1.229191
1.726037
1.642714
1.223722
1.682694
0.764516
0.710067
0.876616
1.224661
0.282931
1.692158
1.226391
0.747771
1.630792
0.818935
0.299080
1.214846
0.820101
0.145270
1.731114
1.213370
1.213577
1.729569
1.732763
0.622714
1.238125
1.210871
0.225913
0.202835
0.632810
0.955339
0.413233
1.474261
1.735031
0.809355
1.325997
0.236782
1.198248
0.773709
1.735356
1.695156
1.733990
1.236466
1.212643
0.933082
1.159329
1.219348
0.937429
0.979378
1.423566
1.731073
1.229284
1.716047
0.557981
0.962990
0.268472
1.503733
1.013164
1.734263
1.727426
1.717568
0.370647
0.490349
1.734516
0.845957
0.900490
1.332572
1.733632
1.734681
0.262970
0.409000
0.321095
1.733759
1.409713
0.901856
1.731914
1.734644
1.722248
1.200580
0.185131
1.728518
0.924417
1.144483
1.731580
1.732937
0.255552
0.179173
1.732590
1.727608
1.726460
1.264611
0.189084
1.317680
1.700818
0.596155
0.880691
1.678606
1.470764
1.303773
0.197975
0.125478
0.111317
1.227322
0.840839
0.914858
1.228343
1.724807
1.232170
0.178291
0.814538
1.245013
0.414052
1.332935
0.198951
1.652208
1.221369
0.737246
1.731539
0.141187
1.729009
0.228224
0.651451
1.232413
0.678814
0.220439
1.483766
1.690325
0.525008
1.227618
1.398748
0.197448
1.731319
1.709362
0.532072
1.220107
0.193538
1.224163
0.533305
0.328601
0.903499
1.097693
0.953601
1.727032
0.489303
0.654903
1.457977
1.305177
1.481671
1.721241
0.805304
1.016199
0.675206
0.247813
0.927993
0.967450
1.251478
0.054329
0.461636
1.716241
0.575676
0.225199
1.713342
1.733854
1.718515
1.402422
0.381695
1.268023
1.225869
1.229553
1.718383
1.218838
0.906343
0.570331
0.309123
0.245254
1.053539
0.360675
0.913109
1.731867
0.932609
1.731988
0.868940
0.315651
0.500578
0.469584
1.698536
1.732042
1.212577
1.689411
1.266447
0.762687
0.700944
0.124011
1.210885
0.877698
1.725944
1.194199
1.532012
0.910995
1.194359
0.103345
1.689896
1.734897
0.167115
1.728441
0.345654
0.700625
0.298890
0.359250
1.272578
0.568877
0.788288
1.221020
1.713243
0.292758
1.726532
1.733931
1.682687
0.608502
0.405934
0.286769
1.223455
0.138343
1.197633
0.104413
1.228632
1.237109
1.555554
0.699578
0.475382
0.049157
1.733643
1.689290
1.672286
0.641492
1.725842
1.188371
0.307044
0.831652
1.708021
0.664673
1.702349
1.694038
0.348449
0.216424
0.245274
0.277209
0.217633
0.653627
0.577531
0.473691
0.251816
1.729353
0.164636
0.914983
1.725929
1.226707
1.193104
1.723123
1.227227
1.200350
1.225616
0.573246
0.809104
1.733916
0.480463
1.125176
0.114146
1.229009
1.713819
1.194614
1.221033
1.003931
1.731847
1.734174
1.224144
0.833665
1.730453
1.075403
0.359832
0.672786
1.682856
1.733953
1.712922
1.574565
1.228429
0.548202
0.318574
1.231579
0.128198
1.444266
1.227256
0.541010
0.066115
0.895062
1.116957
0.526904
0.770889
0.873208
0.336842
0.401405
0.781241
1.718293
1.167548
0.393484
0.751133
1.732569
0.136154
1.727185
1.229156
1.104603
0.302356
0.326210
1.187756
1.267953
1.303620
0.831326
1.221871
1.735003
0.828343
1.715713
1.640694
1.234559
0.213503
1.731731
0.916372
1.728308
1.246698
0.952456
0.606077
1.730610
0.895849
1.728746
0.372072
0.336577
1.730332
0.259085
1.224394
0.439094
1.228850
0.189512
1.731067
1.218888
1.667761
1.672822
1.602644
1.281168
0.133790
1.729778
0.261314
0.675728
1.155300
0.414424
1.734276
0.377870
1.731467
1.221522
0.628765
1.716151
0.561689
0.798308
0.520925
1.732696
1.244938
1.009548
1.227597
1.165867
0.479182
0.281525
1.727459
1.359058
0.261412
0.201489
0.186220
1.735048
0.481477
1.706353
0.752595
0.208374
0.450299
1.733845
0.095893
1.236913
1.214435
0.926918
0.719943
1.224203
1.722861
0.813116
0.495772
1.499138
0.743711
0.207382
0.513452
0.609805
0.525852
0.733568
0.547725
0.775111
0.456838
0.836885
0.780001
1.177132
0.303659
1.687058
0.865921
0.889813
0.288661
1.734900
1.733769
1.225879
0.427718
0.385119
0.600545
1.694898
0.274127
0.259973
1.453261
1.257621
1.216527
0.708425
0.930022
0.392257
0.213327
0.269094
1.225332
0.838635
0.871401
0.291729
1.452070
1.732575
1.735341
1.724122
0.166907
1.146347
0.162761
0.603720
1.726020
1.721061
0.506965
0.541692
1.325022
0.476056
0.675030
1.705980
1.729082
1.230909
1.228478
1.221495
0.630695
0.774124
1.110802
1.207745
1.664088
1.727821
1.732314
0.838583
0.169877
0.590951
1.721023
1.012103
0.881390
1.733640
0.837205
0.862234
1.225324
1.722250
1.723062
0.871513
0.356303
1.083496
1.720369
0.414387
0.381272
1.578679
1.617586
0.129373
1.152441
0.348578
0.605078
0.823035
1.734599
0.914642
0.284035
0.823167
0.456267
1.731803
1.223297
1.733374
0.805418
1.072661
0.291206
0.884730
0.936703
0.923499
1.728334
1.726395
0.925163
1.709271
0.961683
1.216771
0.871823
0.254972
1.220730
1.724683
0.847115
0.752109
1.557450
0.744380
1.213926
1.717104
1.055669
1.640379
1.241830
0.516569
0.262167
1.224419
1.128670
0.399350
1.723804
0.789319
1.323744
1.190088
0.617357
0.177349
1.476568
1.700332
1.228380
1.312627
0.977994
1.628796
1.729637
0.163408
0.173742
0.885117
1.733887
0.835291
0.135358
1.247674
0.461040
1.434191
1.723214
1.231504
0.755733
1.193549
1.733267
0.842053
1.193479
0.088194
1.069026
0.376654
1.202749
1.072064
1.227335
0.455630
1.712643
1.711564
1.729331
0.898887
0.046160
0.267763
1.733416
1.729975
0.396978
0.106438
0.836629
0.533795
0.316222
0.178458
1.702329
0.928648
1.523535
0.326267
1.236914
0.202056
1.733614
0.711850
1.280577
0.313002
0.323487
1.196111
1.726716
0.516599
1.731616
1.112276
1.729885
0.888842
0.859169
0.200042
0.279428
0.247415
1.224487
1.714075
0.296454
1.734269
1.733824
1.724043
1.729305
0.316784
1.250688
1.726347
0.652053
0.221941
1.734971
1.260506
1.423957
1.723281
0.355641
0.770237
1.728936
1.733350
1.727017
0.783360
0.446360
0.225638
1.730857
0.807650
0.793149
1.729450
0.937162
1.202775
0.471430
0.648274
0.873082
0.832879
1.261982
0.234427
0.847069
0.575191
1.227130
1.227134
1.663733
1.257462
0.851083
1.729929
1.732062
0.358435
0.447449
1.197587
1.227074
0.262789
0.675404
0.368097
0.475317
0.513484
1.172235
1.220254
1.733767
0.870123
1.729715
0.660711
1.209294
1.733015
1.613764
0.222737
1.728243
1.304499
0.123799
1.732862
1.222608
0.352728
0.395926
1.122526
0.396179
0.359001
1.335180
0.880263
0.485386
0.135394
0.344539
0.118553
0.263305
0.486417
0.307761
1.728861
1.331584
1.734480
0.567299
0.599713
1.729263
0.772746
1.725294
1.726882
0.843071
1.393543
0.359548
0.200524
1.712656
1.055488
1.731621
0.830151
1.227667
1.253471
1.733961
0.526899
0.594365
1.687309
0.921093
0.299990
0.348582
1.622436
1.723015
1.564749
1.729379
0.657721
1.732391
0.923579
1.716148
1.719046
0.814741
1.220086
1.728217
1.149428
0.558905
0.315855
0.213151
0.083454
1.142173
0.599644
1.734065
0.250196
0.247717
0.470488
0.867768
1.155905
1.715691
0.913387
0.401681
0.640211
1.730518
1.729597
1.733862
0.679187
1.621044
1.562218
0.594475
0.490309
0.296275
0.781486
0.791559
0.322971
0.916012
0.158094
0.153059
0.301005
0.748684
1.287377
1.534990
1.178676
0.896609
1.733570
1.036355
0.395174
1.674659
1.735081
0.204005
1.216754
0.878693
1.734583
0.390756
0.885673
0.982970
0.428899
0.108317
0.444971
0.598866
0.870125
0.907215
0.179756
1.193763
0.157490
0.727367
0.080549
1.093082
1.226439
0.825910
0.218509
0.147784
0.127125
0.182388
1.032948
0.767220
1.352767
1.228326
1.351265
1.228681
1.692922
1.214249
1.200796
0.302920
1.222489
1.043474
0.763842
1.196061
0.356678
1.272240
1.652258
0.478609
0.662653
0.542170
1.731123
0.095655
1.729202
1.228475
0.916919
1.585869
1.193678
0.909006
0.455777
0.896245
1.226957
1.219737
1.727324
0.901800
1.715817
0.703416
0.937325
1.182025
1.694144
0.727478
0.252283
1.733775
0.335374
0.209184
0.305637
1.732650
0.844289
1.729384
1.713502
0.909533
1.735376
0.948317
1.227699
1.121054
0.168483
0.592684
0.655963
1.194969
0.225011
1.217981
0.714167
0.157017
1.733566
0.132538
0.641936
0.343500
0.549163
1.349314
0.865252
1.219647
0.916760
1.189446
0.587321
0.881035
1.224388
0.327940
0.720763
1.222289
0.095560
0.874042
0.334933
0.153797
0.876019
0.465463
1.270804
1.302806
1.715329
0.954638
0.148135
0.193022
0.588994
1.477978
0.371692
0.976489
1.232442
1.510693
1.731960
0.773074
1.018067
1.729267
1.228437
0.205588
1.216930
0.499377
0.633330
0.508159
1.686094
1.252724
0.778706
1.705160
0.110245
0.229588
0.196567
0.348174
1.489026
0.616551
1.731020
0.478336
1.230002
0.398100
1.171889
0.609386
0.874553
0.850907
0.889636
0.173572
1.727909
0.478967
0.234115
1.239147
0.240416
0.188526
1.722500
0.477143
0.330202
0.225316
0.829571
1.731269
1.189711
0.288356
1.379900
0.250609
0.155796
1.014441
1.730003
0.262323
0.656726
1.700909
1.731453
1.266461
0.340275
0.694658
1.729642
0.270143
1.723232
1.735699
0.882989
0.920822
1.226455
1.731903
0.884957
0.064676
0.235677
1.721298
0.494440
0.403283
1.227070
0.332910
1.734142
0.309019
1.227976
1.014921
0.753787
0.187533
0.145339
0.808517
1.153238
0.849038
0.895486
1.176661
1.730604
1.671432
0.228468
1.728627
1.731468
1.724347
1.648608
0.773187
1.555766
1.638427
1.231970
0.394057
1.295151
1.425349
1.728496
1.225113
0.760920
0.297568
1.220697
0.745974
1.497660
0.235182
1.723890
0.761127
1.732991
1.227591
1.119023
1.299237
1.110470
1.383837
1.430283
1.217928
0.267016
1.034528
1.175451
0.149297
1.718257
0.831299
1.732837
0.177637
1.225220
0.127329
0.181623
0.275126
1.732737
1.725557
1.730285
1.712983
0.100296
0.702978
1.192143
1.219679
1.222393
0.527541
1.728091
1.271313
0.383164
1.177200
1.729173
0.588823
0.407686
0.131784
1.232530
1.726331
1.151388
1.734177
0.249720
0.735198
1.215271
1.223556
1.229350
0.367949
0.660667
1.185467
0.086815
0.799095
0.187120
0.504411
0.916759
1.279259
1.221636
0.841503
1.722330
1.720336
1.730654
0.193686
1.722381
0.318005
0.478443
1.228323
0.553348
0.417855
0.156332
0.919325
1.732859
0.271717
0.550128
1.732858
0.188755
0.423666
0.901208
1.226802
0.393673
1.734181
1.223043
0.302317
0.834680
0.023111
0.707380
1.050602
1.240758
0.686170
0.163663
1.729613
0.088914
0.253389
0.507827
1.575958
0.487233
1.726157
0.814921
1.171866
0.130389
0.128558
1.716151
1.227045
1.221332
1.721655
1.727984
0.142668
1.730250
0.666357
1.222806
1.192797
0.773345
1.613731
0.851940
0.646511
1.417787
0.242898
1.222885
0.883197
1.226854
1.708561
1.218105
1.732316
1.735449
1.056552
0.616541
0.876108
0.277463
1.730881
1.730876
1.224454
1.734063
1.726812
1.001600
1.733303
1.697711
0.448600
0.705330
0.902812
1.245015
1.731879
0.170360
0.233301
0.959193
0.454678
1.728834
1.733019
1.721879
1.670052
0.517050
1.733955
1.674180
0.330142
1.727953
1.227596
1.379114
1.327448
0.330524
0.064893
1.560861
1.724890
1.222866
0.410132
0.436574
0.321867
0.530513
1.603389
1.732767
1.578926
0.395559
1.287965
0.604336
1.296600
0.385417
0.457780
0.855571
0.310717
0.569046
0.197980
0.200566
1.728918
0.460695
0.216220
0.755424
0.261747
0.849494
0.309679
0.222438
0.897217
0.881688
1.398216
1.238783
1.139825
0.890962
0.855916
1.714583
0.712749
1.733152
1.226981
0.317894
1.734955
0.854781
1.218605
1.730984
0.399956
1.223559
0.198555
0.820263
0.565043
1.732304
1.228234
0.926517
0.542537
0.722416
1.734185
0.764989
0.166338
1.218348
0.640356
1.734338
1.722762
0.127011
1.220129
0.970936
0.203986
1.226574
0.166847
1.298595
1.525625
1.728798
1.346355
1.396368
1.725752
1.730683
1.716136
0.224663
0.522449
1.730851
1.695994
0.242420
0.957512
1.031585
0.302624
1.312839
0.153419
1.217623
0.328070
1.728713
1.207490
1.235728
0.352220
1.224159
1.724810
1.217091
0.745350
0.193810
1.723476
1.680459
0.229108
0.374970
0.746318
1.223739
0.773831
0.878016
0.249693
1.734343
1.076297
0.815723
0.648300
0.381227
0.222060
1.733564
1.237700
1.224905
1.734091
1.677600
0.660785
1.228805
0.105083
1.728746
0.633207
0.865533
0.207149
1.710979
0.727778
0.714708
1.726931
1.730832
1.727817
0.108131
1.724431
0.893953
1.732865
0.306177
0.196702
1.732714
0.920653
0.401865
0.808104
1.733480
1.723329
0.798990
0.965781
1.040043
0.176298
0.793195
1.225823
0.642077
0.433829
1.722336
1.226892
1.228886
1.731492
0.774413
0.499871
1.226849
0.824816
0.089274
0.534210
1.731243
0.322128
0.648879
0.143135
0.722458
1.731513
1.732551
1.221801
1.089144
0.226140
0.378974
0.818594
0.275620
0.585961
1.733838
0.898806
1.720245
0.733565
0.925446
0.403129
1.573641
0.917486
0.810307
0.114145
1.099213
0.056208
0.558496
0.119331
1.526908
0.339945
0.389638
1.730371
1.735609
0.656320
1.722435
0.126574
1.276867
0.889568
1.730278
0.083184
1.671579
1.230958
1.723546
0.245273
1.699977
1.568565
0.392193
0.482957
1.716429
0.895083
0.142086
0.916148
0.708369
1.675655
1.571734
1.228204
1.730297
0.288770
0.523423
0.901372
0.941325
1.218039
0.187110
0.313035
0.229223
0.123313
0.524493
1.731030
0.334029
1.733665
1.733746
0.140430
0.459079
1.722111
1.686038
0.939859
0.195300
1.216372
1.728099
0.252032
0.435161
1.716215
0.599912
1.100632
0.171085
1.213686
0.134090
1.187352
0.534589
0.215583
1.733023
1.516770
1.632485
1.733960
1.726545
1.210210
0.889161
0.238347
1.723187
0.602550
1.320355
1.143631
1.135818
0.533609
0.398566
1.305097
1.138041
0.155227
0.341030
1.641921
0.441269
0.173110
0.646393
1.506826
1.551415
1.287814
1.720947
1.228023
0.055318
1.153255
0.380218
1.146278
1.534933
0.074828
0.772617
1.733784
1.228559
0.250330
1.059873
0.745133
1.547398
1.292989
0.714391
1.727754
1.335203
0.840702
1.274321
0.955019
0.877955
0.150419
1.734618
1.729659
0.647158
1.732380
0.867681
0.280944
1.731983
1.225174
0.752083
0.430055
0.831223
0.162156
1.497576
0.550916
0.956844
1.726122
0.907878
0.631150
1.734563
1.728465
0.655677
0.169827
0.338134
0.269008
0.817754
1.215026
0.400491
0.948097
0.187333
0.907119
0.373417
1.730270
0.531883
0.179784
1.228432
0.481013
1.229496
0.123040
0.612376
0.270528
1.732128
0.872434
0.628127
0.151410
1.731225
1.052673
1.228978
1.224483
0.894880
0.222251
1.728690
0.403353
0.936709
0.860011
0.841531
1.221623
0.697992
0.214130
1.733322
0.321023
1.394189
0.362937
1.205437
0.564587
0.507688
1.678386
1.734290
1.734363
0.294710
1.317212
0.338114
0.838774
1.712892
1.725326
0.192905
1.225854
0.733235
0.913564
0.165854
0.272840
1.225250
0.282091
0.818103
1.731299
0.849310
1.281866
1.728287
0.344281
1.342168
0.742018
1.730845
1.729719
1.734650
1.338751
1.691640
0.182830
1.690958
0.270730
0.532335
0.178057
1.172510
1.516866
1.697232
0.853349
1.733271
1.443050
0.645903
0.435674
1.729169
1.220568
1.735278
0.347385
1.017701
1.719988
1.726413
1.221781
1.732729
1.292111
0.280784
0.249927
1.722621
1.220574
1.733869
1.695860
1.461061
0.366462
1.664110
0.429800
1.714883
1.333286
0.228644
1.232075
1.701559
0.533317
0.636920
1.230459
1.731965
1.718285
0.878601
0.264715
1.227567
0.256735
0.817930
0.476938
0.288313
0.292524
0.457054
1.208932
1.633199
1.021170
1.155789
1.731051
0.585837
1.728287
0.426655
1.150837
1.733918
1.189217
0.743383
0.250877
1.446194
1.219774
1.729991
0.906709
1.605418
0.210603
0.869961
1.734472
0.629728
0.746068
0.918045
1.290623
1.194495
0.260900
1.732392
0.136071
0.767209
0.665497
1.733120
1.209784
1.724617
0.591134
1.641343
1.217156
1.636875
0.911741
1.726460
1.227510
1.227860
1.212181
1.275632
0.628093
1.462773
1.603982
0.223904
1.027408
0.234978
1.735777
1.222011
0.787437
0.225383
1.160468
0.867752
1.709993
1.461351
1.226655
0.117612
1.217543
0.086945
0.424922
1.670968
0.918187
0.931358
1.607539
1.725667
1.732475
1.227682
1.078732
0.220425
0.268497
0.537330
0.531977
0.393742
1.687878
0.372002
0.221037
0.390378
1.731901
1.729656
0.178820
1.735345
0.761324
1.210184
1.703923
1.369790
1.724362
1.718363
1.633645
0.332382
0.875054
1.660606
0.142858
1.144045
0.609726
0.207206
1.216530
0.295785
0.934143
1.725262
1.025535
1.732988
0.671541
1.728618
1.725424
1.730046
0.195566
1.718805
0.709435
0.274424
0.760459
0.607150
1.219291
0.886079
1.169265
0.298197
1.733175
1.705948
0.918253
0.178960
0.851954
0.111519
1.447684
0.159705
0.340206
0.627389
1.697291
0.123267
1.729618
0.888200
1.214646
0.691917
0.734007
1.735042
1.136079
1.220179
1.198578
0.427272
0.365053
0.751502
1.730982
0.198707
0.865965
0.875448
1.644801
0.867364
1.610032
0.797061
0.100168
1.729556
1.733862
0.085129
0.337549
1.698548
0.637894
0.872643
0.916138
0.140220
1.545247
1.676981
0.391966
1.227815
0.176612
0.867152
0.565585
0.273418
0.245404
1.722955
1.723219
1.224361
0.889994
0.174419
0.834230
1.701479
0.165321
0.877645
1.364756
1.734021
0.898559
1.244502
1.732016
0.908085
0.705245
0.126087
0.260545
0.859559
1.225156
0.918642
0.397006
1.335114
1.725563
1.234911
0.718580
0.804124
0.945053
1.731980
0.329099
1.731365
0.843092
0.216101
0.116695
1.218689
1.730807
0.827149
0.150552
0.410426
1.523643
0.677425
1.728978
1.485727
0.124090
1.679811
0.909662
1.701800
0.202466
0.508335
0.914280
0.387973
0.194248
1.734833
0.872343
0.576021
0.980304
1.733999
0.193648
1.723563
0.588423
0.124909
1.682662
0.727140
1.727723
1.133917
0.237070
0.533719
0.333761
0.471462
0.265511
1.226552
1.733627
1.632641
1.730761
1.733313
0.895013
0.759505
1.204151
1.237245
0.303880
0.318861
1.184371
1.731955
0.589664
1.653310
0.353544
0.781997
0.580688
1.730373
1.622770
1.030041
0.725067
1.224523
0.155260
1.225224
0.877501
0.829599
0.300098
1.730888
0.231010
1.730642
0.865576
1.729204
1.730213
0.959625
1.228526
1.733397
1.565439
1.718187
1.344019
0.260711
1.289456
0.142635
1.734644
0.234389
0.424439
0.413424
1.732567
0.425250
1.723937
1.733551
1.214575
1.214300
1.224720
1.227379
0.393807
1.725785
1.733656
1.478824
1.622435
0.805424
0.246862
0.671778
1.252184
0.463563
1.733113
0.273881
1.734961
0.436646
0.560681
0.570765
1.224205
1.222883
1.704789
0.094512
0.886444
1.221852
0.832965
0.181342
0.845019
1.734642
0.367279
1.225492
1.727593
0.930231
0.397269
1.229715
0.970485
1.205414
0.234496
0.609827
0.270066
1.709018
0.909599
1.728846
0.640370
1.223357
0.521900
1.242600
0.233918
0.926608
0.507369
0.888825
0.555236
0.372543
0.819091
1.408031
0.887163
0.911185
0.342939
0.717175
0.517738
0.772517
1.729702
0.689111
1.159314
0.301798
0.195130
0.332106
1.210529
0.246651
0.283978
1.125177
0.882488
0.161595
0.844041
0.606763
1.219772
1.619854
0.176621
0.365896
1.718024
1.714350
0.942532
0.770280
1.734280
0.225912
0.751580
1.720548
0.244891
1.205052
0.250513
0.021070
0.917167
1.212017
0.834873
1.626533
1.214725
1.734196
1.721369
1.161021
0.603005
1.695688
0.164842
1.719778
0.390264
0.139231
1.604485
0.923537
0.120903
1.235440
1.468010
1.217877
1.231231
0.153292
1.417321
1.717582
0.734175
1.247785
1.676964
1.725467
1.226876
1.226643
1.733659
0.841153
1.489252
1.194406
0.349616
1.733803
1.240939
0.617447
1.234036
0.174197
1.732943
0.518664
0.374376
1.148393
0.748889
0.612931
1.569747
0.241108
1.216866
0.613673
0.295321
0.724570
0.578229
1.684851
1.721145
0.135590
0.715790
0.889249
1.733752
1.367273
0.530971
0.887906
1.734706
0.380618
1.345597
0.187985
0.613321
0.586873
1.224797
0.448050
0.342660
1.731503
1.734438
1.732559
0.676364
0.154340
1.628248
1.716525
0.188620
0.799808
0.566239
1.208697
0.899062
1.665463
1.066581
0.448579
0.837978
1.229014
1.733478
1.689235
0.920362
0.538228
1.228473
1.191426
1.104221
1.226586
0.868947
1.713061
1.734127
1.042912
0.544865
1.728048
1.664655
0.157184
1.303869
1.228889
1.730154
0.906454
0.887468
1.388520
1.251721
1.552840
0.701723
1.734203
1.697631
1.199912
1.227076
1.014770
0.970699
1.720482
0.725921
0.524006
0.652838
1.687448
0.338578
0.402244
1.214685
1.646636
1.711461
1.733964
1.722511
0.659337
0.794773
1.163003
1.729385
1.225644
1.406255
0.271170
1.717527
0.925023
1.720791
0.296064
1.729643
0.246122
0.141950
0.873112
1.732554
0.444722
0.291765
0.287109
0.909624
0.253306
0.475608
0.814892
0.846408
1.458148
1.223573
1.130432
0.328110
1.229468
1.408109
0.497378
1.254458
1.226900
0.552905
1.724833
1.733983
1.287662
0.144402
0.477920
0.556219
1.703423
0.169382
0.222105
0.506342
0.672000
1.222635
1.208818
0.247820
0.391871
1.727765
0.282686
0.837176
0.883478
1.439397
1.134149
0.855933
1.233254
0.640799
0.072547
1.209482
1.681573
1.219361
1.228692
1.223179
0.540573
1.224168
0.207175
0.542130
0.447563
0.613810
1.258476
0.948684
1.735112
1.389962
0.365396
0.144050
0.151213
1.721861
1.223827
1.219390
1.734484
1.222384
1.222426
0.386887
1.239916
1.224220
0.914879
1.225811
0.685239
1.474585
1.694934
1.222974
1.671958
1.731770
1.499341
1.339012
0.621758
0.392450
1.243629
1.732270
1.235233
1.074089
1.121333
0.223767
0.695455
1.364793
0.826880
0.287682
0.808204
0.570601
1.237255
0.535890
0.792327
0.902333
1.720418
1.683160
0.901678
0.772334
1.683762
1.728437
1.210642
1.219034
1.227396
0.497344
0.861633
1.733167
0.878007
1.570019
0.402398
1.228527
1.067854
1.188279
1.725329
0.498649
1.733483
1.706951
1.734419
0.863768
1.597659
1.235078
0.158730
0.128505
0.608994
1.714314
1.224546
0.325686
1.712733
1.256927
0.509286
1.472938
1.705176
0.923500
1.225816
1.686230
1.210216
1.227139
1.731348
1.033540
0.925260
1.110114
1.305540
0.280266
0.492625
0.240588
1.731199
1.709342
0.602349
1.355610
1.164597
0.093971
1.734320
0.945020
0.988193
1.734403
1.710733
1.244704
1.229720
0.713818
0.199677
0.908127
1.262559
0.223685
0.497751
1.722414
1.657302
0.683412
1.731569
1.242721
1.726617
0.551815
1.202780
0.732446
1.729427
1.731478
1.206457
0.983457
0.107244
0.682618
1.581482
1.224377
0.425989
0.832023
0.756790
0.881071
1.205050
1.704336
0.244773
0.225135
1.730779
1.182481
0.835308
0.743842
1.109344
0.794599
1.227514
0.322644
0.691084
0.281053
0.385504
0.561185
1.731915
1.732093
0.288110
0.805426
1.726014
1.631071
0.231348
1.405692
0.809632
1.222471
1.270005
1.725811
0.426021
0.858232
1.194642
0.146750
0.669574
0.284822
1.713277
0.527935
0.802845
1.735571
0.299056
1.224068
0.138609
0.761544
1.155114
0.613627
0.130491
0.226075
0.370879
1.680590
1.214687
1.726707
0.939367
1.728091
1.137280
1.664694
1.228081
1.101365
0.745541
1.485298
0.701994
0.389482
0.604545
1.226655
0.895710
0.420084
1.470613
0.183715
0.446790
1.109946
1.681946
1.727526
0.284284
0.466353
0.891740
1.456921
1.734909
1.212126
0.889771
1.180785
0.737631
0.858725
1.726487
0.538319
1.732641
1.718612
0.873351
0.907121
0.160921
1.734551
1.733654
1.685761
1.734693
1.733838
0.216124
0.218115
1.265443
0.287983
0.417742
0.479126
1.139983
1.225371
1.733256
0.290562
0.096126
1.732068
0.287708
0.887432
0.237796
0.187738
1.726220
1.224917
1.228543
0.452938
0.774629
0.177824
0.171556
1.206432
0.594243
1.691771
1.377293
0.516836
1.294259
0.980025
1.229423
0.469609
0.202390
0.107664
0.939205
0.776181
1.731450
1.735725
1.731400
1.230497
1.226775
1.732944
0.242280
1.593199
0.289691
0.592215
0.286833
1.691970
1.216411
1.112494
0.762433
1.229034
1.222160
0.279424
1.735392
1.308867
1.235615
0.894592
0.868863
0.146323
1.308500
1.226300
0.611605
0.883434
0.090332
0.119466
0.110401
1.695699
1.726085
0.599426
0.145236
1.220072
0.609548
1.728719
0.280438
1.249872
0.204894
0.807107
0.286115
1.216971
0.342782
0.409366
0.188143
1.451795
0.314069
1.712961
1.202065
1.237232
1.223222
1.215724
1.398000
0.531068
0.261030
0.751127
0.335699
0.875004
1.229562
0.261441
1.207447
0.797852
1.209677
1.735456
0.893035
0.285750
0.341228
0.623881
1.582058
0.951644
0.883582
0.123447
1.561656
1.731699
0.420865
0.407753
0.553577
1.735210
0.363603
0.209983
0.560407
0.941915
1.733631
0.680147
1.035341
0.293202
0.550594
1.169748
1.702093
0.349726
0.242724
0.472124
0.112118
0.213929
1.227301
0.860451
1.223460
1.718206
0.272956
0.302483
0.044450
0.251829
1.734092
1.225995
1.725150
0.664762
1.227713
1.265952
0.712957
1.592011
0.140891
0.370207
1.220383
0.911495
0.547432
1.652015
0.603367
0.884467
1.644132
1.208724
1.734315
0.871874
0.358356
1.732505
0.381003
1.467007
1.225462
1.731985
1.365225
0.905216
0.677569
0.851582
0.748810
1.244001
0.250706
1.729174
0.920607
1.131638
1.526912
1.230281
0.109718
0.120156
0.844956
1.226158
1.653885
1.501298
0.887290
0.408904
0.359755
1.215329
1.727695
0.446554
0.476985
0.278449
1.586042
0.439851
1.601194
0.132390
1.154957
0.251588
0.417202
0.921425
1.197147
0.825299
0.384519
0.641435
1.458228
0.462891
1.733072
1.705962
0.009072
0.152232
0.904551
0.250155
1.019529
1.232320
0.196793
1.140704
0.111723
0.627778
0.808308
1.185676
1.226168
0.133909
1.720236
0.798422
0.212212
1.722651
0.509343
0.213577
0.563519
0.507614
0.070391
0.186793
1.590378
1.510277
0.291770
1.387322
0.178362
1.731453
1.733360
0.441648
1.649268
0.158698
0.353790
0.456852
0.394957
1.719867
1.211889
0.692511
0.492101
0.498080
0.904833
1.731565
1.705531
0.813390
0.530529
0.192172
0.293530
0.832722
0.259712
1.721107
0.294370
0.574484
0.299122
1.610581
1.705602
1.251281
0.794815
0.516623
1.729350
1.253035
1.724629
1.224970
0.895124
0.655305
0.491339
0.257855
1.727487
1.700928
0.327452
1.166164
0.814317
0.748050
0.648109
0.174351
0.920803
0.942426
0.166846
1.215144
1.733430
0.827031
0.221867
1.730975
1.734499
0.265028
0.533006
0.877117
0.741324
0.274361
1.239106
0.357245
1.735193
0.402259
1.191804
1.711239
1.039726
0.065990
1.715647
0.391673
1.725629
0.867911
0.398425
0.755058
1.273074
0.259329
0.419190
1.726839
0.808477
0.201141
0.737012
1.733648
1.728345
0.611495
0.650797
1.595712
1.212188
1.689918
0.410155
1.654042
0.620778
1.208518
1.495283
0.301687
0.165245
1.611534
1.728628
1.283965
0.184090
0.393529
1.730843
0.983175
0.359057
0.155111
0.519304
1.229807
1.734254
0.664446
0.389622
1.732686
0.903575
1.225759
1.653477
0.318667
0.274494
1.202902
1.227868
1.729194
1.264693
0.558687
1.205836
0.845328
0.455382
1.705966
0.152936
1.717059
0.338230
1.272115
1.227832
0.423418
0.765229
1.179180
1.313983
1.608143
1.087482
0.888987
0.960521
1.660927
0.450214
0.903398
1.732063
0.422985
1.157958
0.175480
0.141243
0.205217
1.529275
0.898615
0.929628
0.891478
0.940063
1.629005
0.227634
1.732420
1.472712
1.630970
0.810863
1.233050
1.222779
1.733309
1.225091
1.308809
1.729970
1.221541
0.502919
0.324502
0.859808
0.216317
0.149048
0.585841
1.706725
0.252516
1.260295
1.013145
0.824923
0.827203
1.716540
0.466831
0.738471
1.221912
0.602984
1.682647
1.734556
1.734326
1.670526
0.157048
1.729599
0.334940
0.277048
1.732789
1.265988
1.719924
0.893128
1.254102
1.735200
0.272487
0.743645
0.200052
0.779923
1.229441
1.253909
0.996624
0.849102
1.728371
0.135621
0.416731
1.278666
1.141391
1.735280
0.449941
1.734577
0.782798
0.919788
1.222947
1.708276
1.718094
1.118179
1.728201
0.952786
1.150226
0.486067
0.907594
0.893467
1.669176
0.368258
1.718671
1.403461
0.307684
0.699353
1.256278
1.195760
1.414582
0.402784
1.236150
0.453456
1.212222
0.381598
0.899156
0.629892
0.203920
0.392414
0.694503
1.732172
0.495518
1.731554
0.637046
1.733251
0.213161
0.701832
0.134931
0.277296
1.726997
1.252547
0.440397
0.305326
1.713543
1.721557
1.021955
0.222033
0.331827
0.373238
1.731427
0.811558
1.733669
0.861428
0.887366
1.672266
0.625405
0.688740
0.100160
0.911651
0.343397
1.214612
1.651641
1.248531
0.696365
1.073440
1.728626
0.882725
0.282065
1.257959
0.823561
1.728132
1.724773
0.397549
0.274604
0.978708
0.239108
0.110619
0.176114
1.227738
1.676862
1.728563
0.655066
0.178347
0.837931
0.423090
0.863740
1.203744
0.237894
1.538007
1.388885
0.862137
1.734687
1.229126
0.206218
1.723116
0.152786
1.221482
0.891728
1.554744
0.900740
1.158831
0.670891
0.653741
0.106914
1.167736
0.795546
0.947512
0.154257
1.729707
1.734261
1.124177
1.227414
1.230398
0.161299
1.190315
1.723532
1.735209
0.320705
0.867719
1.225842
1.378846
0.151391
0.784830
0.261934
1.683609
1.228392
1.701582
0.721804
1.225388
0.697793
1.735045
0.243359
1.227996
0.955534
1.732736
0.639124
0.285230
1.716800
0.426757
0.260799
1.223972
0.062386
0.080213
0.235237
0.416298
0.261374
1.733214
0.401264
0.411727
0.832019
1.731717
0.749111
0.525585
0.763174
1.655892
1.231865
0.891776
1.510605
0.280105
0.110382
1.227735
0.905499
1.190720
0.146426
1.673535
0.790551
0.648929
0.550896
0.715815
1.715405
0.332700
0.986104
0.722874
0.115760
1.734296
1.229029
0.359673
0.275393
0.196997
0.368950
1.731369
0.205210
1.718112
0.342179
1.414803
0.641283
1.231147
1.112896
0.885865
0.386928
1.706385
0.292340
1.099703
0.875676
0.253059
1.730428
1.227682
0.393265
0.394904
1.657225
0.181415
1.734138
0.678072
1.705478
1.734439
1.223706
0.099690
1.726461
1.731761
1.140870
0.297497
0.386526
0.249062
0.214867
1.242806
1.487904
0.105749
1.379281
1.199400
0.686577
0.205368
1.730687
1.729235
0.805953
0.351734
1.228768
1.725837
1.125839
0.417857
0.162949
1.576931
0.542538
1.687872
1.110799
0.134886
0.198697
0.522443
0.999557
0.185224
0.832902
1.690174
1.227500
1.730948
0.304930
1.733837
1.734391
1.219057
1.247022
0.401410
0.416342
1.275818
1.735448
1.650756
1.733161
1.623733
0.848839
1.228232
0.773445
1.733896
0.540599
0.538399
1.581329
1.716854
0.910646
0.438703
1.711231
0.250814
1.232901
0.251019
1.731671
1.730530
1.493465
0.661629
0.174416
0.274234
1.228563
1.159483
1.496978
0.356886
1.193339
1.735070
0.895790
0.321940
0.058476
1.227966
1.202372
0.260875
0.794199
1.735536
1.730945
1.494460
1.443316
1.221022
0.656834
0.732959
0.054820
1.727417
0.194872
0.662914
0.094072
1.596848
1.064361
0.178199
1.020524
1.697359
1.724062
0.689783
0.927974
0.113276
0.591388
0.620632
0.106657
0.605795
1.512971
0.760662
0.634443
0.275317
1.726489
0.765931
0.813135
0.377374
1.345505
1.094704
0.844776
1.252927
0.874734
0.328645
0.232427
1.116531
0.178226
0.062396
1.720684
1.734533
1.730921
0.973841
0.796248
0.796962
0.739900
1.228496
0.351501
1.729019
1.730812
0.684071
0.482773
0.938815
1.728114
0.683573
1.072675
0.950003
1.206929
1.292784
1.431209
1.733097
0.406110
0.884308
0.812950
0.269469
0.891782
0.905025
0.741110
1.501896
0.233284
0.230547
0.473102
1.707172
1.115294
1.210709
1.216825
1.242686
1.728310
0.290751
1.722097
1.229879
1.213174
0.109417
1.225329
0.272458
1.251150
0.878833
0.334358
0.516756
0.804869
0.576069
1.534873
0.604515
0.558081
1.735042
1.168883
0.379873
0.924790
1.031626
0.298645
1.094504
1.728395
1.225062
0.304733
1.727231
0.164155
0.364558
1.229375
1.194445
1.223272
1.112640
0.181990
0.249039
1.201016
0.356032
1.732604
1.046482
0.510521
0.197801
0.739720
0.424951
0.365892
0.621700
0.880796
1.726495
1.730620
1.723804
0.094468
0.837691
1.321238
1.425418
1.573246
0.712449
1.108825
0.381626
1.344186
0.777069
0.900202
0.528466
1.712699
1.203248
0.394457
0.095137
0.255245
1.353099
0.538962
1.228464
1.731507
1.216725
0.305976
0.321930
0.961965
0.843171
0.153924
0.117774
1.730428
1.225074
1.423400
0.532250
1.204367
0.934741
0.373649
1.227072
0.348786
0.690623
0.196117
0.131003
0.406790
0.956478
0.180668
0.178695
0.566930
1.210210
0.891003
0.818665
0.985976
0.849310
0.300756
0.932451
1.287883
0.731677
0.222000
0.234249
1.226038
1.632085
0.749674
1.727332
0.921046
1.220881
1.720088
0.471858
1.698300
1.497918
1.723842
0.222776
0.594495
1.226171
0.495402
0.936592
1.719824
0.895599
1.005720
1.559682
0.752685
0.314446
0.530760
1.578749
0.234083
0.709204
0.699330
0.695762
1.724232
1.734910
1.263991
0.305563
0.200029
0.662141
0.834829
0.841224
0.899882
1.098244
0.121390
0.394572
0.918302
0.400397
0.213126
0.195177
1.637274
0.904806
1.261086
0.547772
1.710088
1.111858
0.996382
1.728972
0.798378
0.083686
1.731380
0.904059
1.715825
0.242338
1.505946
0.865011
1.730201
0.646585
0.897491
1.236212
0.890047
0.299431
1.719218
1.213840
0.153199
0.950312
1.730396
0.134340
1.378028
0.719456
1.185969
1.159170
1.223592
1.228572
1.158463
0.362613
1.482342
1.733032
0.145882
0.923483
0.453991
1.255572
1.725302
0.307681
0.087538
0.148904
1.172086
0.473609
0.307537
1.047563
0.367319
1.219706
1.717660
0.440679
0.604107
1.728905
0.084955
0.944810
1.731869
1.312307
1.203039
1.267920
1.252111
0.285355
0.757464
1.167168
1.115898
0.161046
0.085138
0.184282
1.734411
1.134498
0.669967
1.223950
1.213370
0.897555
0.199688
0.716652
1.233608
1.243393
1.207962
0.136057
1.733872
0.366687
0.340348
1.705966
1.218950
1.732466
0.929602
1.245925
0.916927
1.222754
0.322638
1.224376
0.737382
1.727814
0.958851
0.128609
0.172695
0.864199
0.160446
1.729623
0.354654
0.903075
0.171532
1.024227
1.272032
1.638458
0.200414
0.397741
1.733427
1.328892
1.698344
1.220739
1.212306
0.438247
1.206165
1.733338
0.067028
0.722925
1.179299
1.234930
0.226909
0.081277
1.201862
0.572532
1.148722
0.911466
0.257454
0.208631
0.882481
1.205777
0.876970
0.511546
1.731625
0.247877
0.769010
0.431070
1.595055
1.221197
0.233441
1.721098
1.708762
1.716140
1.695365
1.732753
1.733404
0.371815
0.508912
0.275154
1.102375
1.423147
0.997994
1.733817
1.229501
0.623888
1.222814
0.744819
1.735263
1.642490
1.733446
1.644010
1.728607
1.733859
0.513352
1.397812
1.733596
1.152478
0.647108
1.208086
1.293308
0.734963
1.227647
0.206014
1.734756
0.418794
1.199854
1.226371
1.155183
0.848686
0.457924
1.729326
0.320300
1.712028
0.892448
0.677654
1.223125
0.268545
1.362614
0.353126
0.076116
0.941339
1.304012
1.022378
0.731903
1.604501
0.240402
0.709106
0.177569
1.726592
1.230080
0.885422
0.623634
0.492973
1.731389
0.051234
1.285183
1.702156
0.490952
0.336871
0.342990
1.279456
1.725662
1.718240
0.510044
0.799182
0.236040
1.579458
1.674573
1.726832
0.592188
1.542672
0.958953
1.223745
1.226621
1.688641
0.160161
0.549918
1.716624
1.191768
0.851727
1.731509
1.165579
0.556617
0.316770
1.227534
1.726281
0.218078
0.235226
0.507631
1.734446
1.220898
0.197003
1.724338
0.457794
0.545439
1.731149
1.483543
1.031314
0.938283
1.718932
1.225954
0.925554
0.810313
1.731697
0.433364
1.122212
1.717486
0.183518
1.273540
1.228427
1.727040
0.353979
0.931634
0.550872
1.263423
1.134544
1.184222
1.717348
0.170631
0.208810
1.703755
1.054911
1.731963
0.730684
0.323576
1.678766
1.246155
0.545488
0.501408
0.715140
1.215171
1.393745
0.299413
0.985186
1.137734
1.493618
1.235097
1.720972
1.652828
1.690008
0.897117
0.859386
0.445625
1.732375
1.662739
1.661576
1.180432
0.094156
0.164621
0.917803
0.863333
1.715123
0.829426
1.556989
1.325968
0.484921
1.173300
0.886280
0.498507
1.222217
0.159048
1.038030
1.230541
0.941805
0.816508
1.551821
1.685111
1.733122
0.869206
0.294608
1.290953
1.576765
1.729629
0.046642
0.176075
0.271775
0.391441
1.617988
1.229113
0.536465
0.641223
0.960923
1.242999
0.062852
0.415161
1.662665
0.302251
0.482266
0.894778
0.150826
1.576494
0.786849
0.833604
0.885263
1.678131
0.135999
1.212406
1.093584
0.568589
1.193385
1.731465
0.189066
1.101227
1.223538
1.640971
1.404274
1.222800
1.726576
0.383402
0.276228
1.363708
0.200620
0.302826
0.492181
0.680465
1.732726
0.683370
1.716853
1.727744
0.314424
0.756791
1.729259
1.703005
0.473576
1.727132
1.670978
1.228497
0.546788
0.901396
0.239795
1.253446
1.621307
1.726024
1.227301
1.733780
0.126621
1.727922
0.205292
0.226045
0.812572
0.860202
0.702853
0.250371
0.074366
1.226929
1.723682
0.447057
1.220715
0.935600
0.925068
0.119182
1.724716
1.188540
1.229233
0.273328
1.728153
1.224145
0.251754
0.897734
1.078826
0.493680
0.688200
1.188659
0.186308
1.205864
1.145919
0.523050
1.239568
0.820974
1.230672
1.228771
0.813405
1.714370
1.729232
1.733556
0.557208
1.548632
1.032815
0.221819
0.296496
1.731933
1.696767
1.724060
0.969096
0.076479
1.115592
1.077715
1.684388
1.556103
1.136474
1.707889
0.803156
0.432757
0.962374
1.710601
0.683493
0.538103
1.227512
1.728208
0.948629
1.728852
1.262732
1.678557
0.344811
1.195284
1.733826
1.730169
1.168519
0.348764
0.096233
0.205774
1.715214
1.213597
1.229249
1.723307
1.228744
1.224411
0.146118
1.537253
0.500093
1.214527
1.721621
0.244200
1.661320
0.897573
1.228107
1.164137
1.725786
1.232313
1.296022
1.734880
1.313637
1.733096
0.410079
1.721434
0.453787
1.224149
1.267787
0.845485
1.212685
1.734608
0.359391
0.104193
1.392666
1.049972
0.717833
1.733070
0.941707
0.368363
0.686512
1.566764
0.148546
1.717598
0.887302
1.619819
0.735024
1.678197
0.358411
0.651811
0.724358
1.728648
1.732874
0.509727
0.275616
0.694100
0.927706
0.544034
1.239565
0.703535
1.734760
1.258330
0.564158
1.227956
1.227072
0.479440
0.224913
1.730206
1.709792
0.931943
1.729353
1.731298
1.671510
1.228938
1.227410
0.935009
1.229311
1.602060
0.375662
0.484327
0.434609
1.232157
0.616702
1.110282
1.735621
1.307402
1.712082
1.670296
0.448154
1.731894
1.726777
0.646946
1.043679
1.272446
0.622586
0.967342
0.561887
0.801361
1.703841
1.310141
0.463139
1.695591
0.901433
1.730980
0.172276
1.726813
1.263382
0.516030
0.416096
0.221756
1.721388
1.731400
0.194954
0.156568
0.214760
1.082070
0.593455
0.462225
1.733617
1.291914
1.663761
1.230261
0.452345
0.371856
0.776832
0.991639
0.658547
0.958460
1.042020
0.139293
0.821362
0.632360
0.414588
1.258976
1.076342
0.164601
1.669548
0.766935
0.829979
1.149966
1.735070
0.111177
1.176598
1.057895
1.734190
0.382461
0.295038
1.260920
0.116256
0.484311
0.868946
0.796410
1.732121
1.684896
1.220635
1.228931
0.539003
1.723219
1.373115
0.353453
1.551808
0.843245
0.143284
0.271130
0.932585
1.641014
1.706580
0.918882
1.732624
0.482900
0.494346
1.735211
1.067985
0.968704
1.573514
0.869312
1.227785
1.221166
0.500240
1.703874
1.222903
1.721226
0.180018
0.308315
0.183562
1.734833
1.716735
0.277261
0.332704
1.129835
0.620632
0.370130
0.133770
0.264502
1.076271
0.534326
0.757769
1.214711
0.892664
1.221064
1.423687
0.973939
1.561487
1.732350
1.732509
1.735412
0.258658
0.334930
1.714509
0.343407
1.555812
0.735116
1.732536
0.679948
0.566747
0.503720
1.221472
0.954468
0.209859
0.929452
1.224595
0.147526
1.706107
1.728880
0.913388
1.735367
0.275540
0.153402
0.291854
1.173685
1.131781
0.594047
0.231849
0.050355
1.229227
0.529969
1.225747
0.648817
0.741484
1.735314
1.197553
1.731030
0.562152
0.891418
1.232176
1.047991
1.025633
0.483468
0.043713
0.386967
0.909122
1.661132
0.598837
1.225682
1.728034
0.970254
1.733065
1.234559
0.908480
0.318344
1.734286
0.726060
1.716872
1.227048
0.247796
0.302278
1.730734
1.734625
0.892628
1.147030
1.728108
1.729295
1.228121
0.270962
1.648852
1.717448
0.173552
1.734164
1.734414
1.205349
0.912330
0.381732
0.672611
0.893425
0.207480
1.734555
1.731525
1.228778
0.862396
0.932467
0.849064
1.339113
1.543508
0.262162
1.729265
1.728804
1.428968
1.436136
0.138361
1.078672
0.830175
0.215078
1.560012
0.367350
1.699043
0.531976
0.346772
0.556705
0.246372
0.201641
0.186387
1.731080
1.206911
1.227807
1.257508
1.707237
0.478147
1.228127
1.730597
0.943291
0.207646
0.248804
1.735303
0.282332
0.230733
1.208458
0.136665
0.728173
1.190724
0.162524
0.129154
1.729333
0.853657
0.207280
0.861266
0.368920
0.393560
0.090065
1.313696
0.314585
1.721390
1.146731
1.693331
0.282601
0.238058
1.709372
0.458675
0.944124
1.213226
1.117663
0.816269
0.813657
1.733114
0.922877
1.126373
1.022267
0.527847
0.610010
1.727381
0.215018
0.854314
1.414249
0.166536
0.569857
0.580816
1.300656
0.205928
0.908502
1.733322
0.236018
1.712155
0.353821
1.729990
1.719432
0.450714
0.214089
1.230652
0.748943
0.541107
0.293073
1.733542
1.226375
1.194689
0.339444
1.188131
1.734600
0.878630
1.668825
1.233700
0.581616
0.491623
0.781691
0.584370
0.901193
0.493320
1.120060
0.249418
0.136855
1.327594
1.730772
0.324947
1.600895
0.102066
0.256930
0.786632
1.732812
1.730141
0.753280
1.432985
0.863256
0.186132
0.260212
0.850038
0.639172
1.276945
0.185321
1.278445
0.934802
1.732211
0.704227
0.309182
1.734670
1.718696
0.764613
0.161775
1.017743
0.853133
1.696871
1.717740
0.883214
1.222125
1.717061
0.848807
0.586748
0.876799
1.549898
1.194569
0.713081
1.476614
1.634110
0.102415
1.735617
0.461558
1.708764
1.219269
0.260952
1.730843
1.206136
1.228395
0.931711
0.533036
1.309126
1.710170
0.964686
0.093624
1.729491
0.043226
1.727890
1.726112
0.843140
0.280807
0.401058
1.226462
1.732823
1.609525
1.045994
0.686978
0.775436
1.733617
1.726918
0.168410
0.911981
0.133864
1.729726
1.729259
1.727274
1.418977
1.730309
1.379925
1.734987
0.871574
0.298885
1.724026
0.413077
0.272486
0.415270
0.275054
0.735617
0.590218
0.412076
1.223700
0.802767
0.180088
0.892366
1.227867
0.822617
1.215835
1.722920
0.210701
1.731765
1.201372
1.734400
1.732931
0.452592
0.463965
0.164000
0.239798
1.375790
1.731516
0.416202
1.252821
0.206946
1.219510
0.332616
0.429975
1.492218
1.287139
1.219026
1.290501
0.771017
0.163728
1.224698
1.721645
1.141881
1.726136
0.742151
0.465764
0.291125
0.737118
0.265028
1.482963
1.227251
0.307724
1.231380
0.681034
1.325668
0.183216
1.187413
1.732224
1.229898
0.203020
1.222876
0.197564
1.717578
0.844893
0.597543
0.258845
0.310691
1.718989
1.725380
1.709140
0.158337
0.477852
0.172655
1.713549
1.227202
1.729489
1.733567
0.293456
0.310253
0.991616
0.092873
0.944393
0.935385
1.627095
1.731152
0.424366
1.732878
0.811942
1.728801
0.293261
1.223444
0.901559
0.843203
0.880987
1.098792
0.978159
1.734901
1.731419
1.735005
0.287958
1.223465
1.184782
0.907721
1.630091
0.198521
1.606084
1.370414
0.273315
1.730574
0.131519
1.508027
1.049250
1.692542
0.420916
0.875424
1.708188
0.329532
0.219373
1.731786
1.708947
1.276833
0.156206
0.906167
0.890858
0.334138
1.727763
1.277019
1.728897
1.727455
0.291779
0.198446
0.838194
0.714302
0.766752
0.466705
1.225343
0.311541
1.725738
0.360542
0.450503
0.230637
1.735471
1.003085
0.895070
1.197990
0.357410
1.733424
0.438416
0.800880
1.228722
0.310426
0.691937
0.648587
1.316514
0.180165
0.148480
1.220254
0.900903
0.235833
0.368085
1.228510
1.722364
1.200658
1.217649
1.197215
0.187864
1.731915
0.910823
1.069659
0.849276
1.715327
0.179623
0.653677
1.723598
1.725652
0.423962
0.197994
0.099492
1.226093
0.578122
0.284201
1.730806
1.231178
0.564870
0.546511
1.564921
0.292787
0.294693
1.215958
0.208777
1.309694
0.941328
1.733323
1.144279
1.241095
1.150977
0.986351
1.733603
1.227425
1.715441
0.919735
0.682307
0.221206
0.385438
1.168845
0.412321
1.713277
1.261877
1.008482
1.733588
1.708798
0.271179
0.552424
0.803865
0.989152
0.509778
1.720224
0.159475
1.722780
0.541981
1.335933
1.004012
1.222988
0.889613
0.161927
1.723146
1.226540
0.813656
0.933068
0.324402
0.211968
0.507379
0.453223
1.201145
0.148724
0.781958
1.698954
0.155730
0.082091
0.866513
1.413512
0.594398
0.509167
0.499429
0.905839
1.734969
0.304771
0.867121
1.734431
0.409415
1.710696
0.672941
1.714935
0.477019
0.657882
0.959517
1.727891
0.259656
1.225575
0.800870
0.443334
0.063706
1.234275
1.728271
1.733820
0.453439
1.727729
1.359628
0.183282
1.731646
0.390154
1.724304
0.919751
0.164577
1.733636
1.212964
1.127829
0.944257
1.219257
0.441017
0.726083
0.873923
0.908323
0.508668
1.734564
1.216736
1.726535
1.706788
1.229674
0.216463
1.687317
0.891483
0.683450
0.624836
1.228760
1.194605
0.162291
1.732541
1.729436
0.614254
1.212456
0.813663
0.600935
1.226396
0.584017
0.912445
1.725522
1.222472
1.722643
0.505274
0.174376
0.202418
0.186359
0.377173
1.163614
0.547155
0.773582
0.332107
1.388741
1.711971
1.694558
1.731549
0.421736
1.222834
1.241918
1.231537
1.700165
0.649192
1.732532
1.732532
0.732897
1.718868
1.729680
1.730812
1.219323
1.725002
1.220616
1.221424
1.728333
1.220552
1.665842
0.773482
1.121135
0.325046
1.210909
0.014945
1.207464
0.182954
1.092053
0.730911
0.873929
0.293437
0.744217
0.644329
1.730940
1.728381
1.263031
0.820685
0.612858
0.856449
1.658533
0.569154
0.165036
1.693250
1.730708
1.719035
1.008412
1.227928
1.622115
0.605785
0.188913
1.459409
1.735791
1.686933
0.985415
1.595277
0.296902
0.839154
0.666693
1.569355
1.227423
0.604137
0.162467
0.462359
0.457016
1.278547
0.175921
1.674221
1.631610
0.952453
1.731719
0.438114
0.393269
1.700735
0.743133
1.153374
1.733824
0.160496
1.734004
1.727486
1.733047
1.224887
0.097948
1.726136
1.227524
0.835510
0.087097
0.449468
0.381989
0.952266
0.793947
1.488197
1.209047
1.532050
0.140199
0.508742
1.229223
1.556802
0.148763
0.598183
0.643258
1.226248
0.287993
0.329396
1.227705
1.725792
0.377759
0.198742
0.393376
1.734895
0.166731
0.542844
0.519863
0.405270
0.685733
0.489038
1.701446
1.224550
1.733679
1.724332
0.806045
1.241473
0.863337
0.934834
0.616478
0.515767
1.717414
1.223257
0.299173
1.225156
0.214283
0.917240
0.692418
1.147816
1.729372
0.121359
1.733652
0.520073
0.428467
1.203031
0.269403
0.593987
0.731216
1.731903
1.344787
0.691774
0.689312
1.369804
1.701699
1.018923
0.950668
0.635227
0.943732
1.734134
0.580174
1.190016
1.280709
0.216767
0.563968
0.681175
0.828915
1.217763
0.605318
1.222700
1.229047
0.239728
1.439829
0.161444
0.213224
1.215149
1.674737
0.954876
0.339911
1.625330
1.729151
1.256836
0.387374
0.452933
0.224153
1.729395
1.732290
0.241226
1.225885
0.436829
0.251689
1.438618
0.516914
1.565461
0.837195
0.601937
0.526186
0.960749
1.232417
0.803682
1.228862
1.221295
0.492279
0.885152
0.811266
1.703423
0.879960
1.715056
1.227276
0.405164
1.732156
1.690100
0.865594
0.143742
0.913675
0.811022
0.560195
1.724612
1.732207
0.246893
1.734319
1.728400
0.180905
0.227658
1.735353
0.860066
0.537753
0.131032
1.730603
1.074922
1.223202
0.167765
1.672674
0.085232
1.621783
0.189694
0.833482
1.226485
0.865255
0.821041
0.787935
1.220841
1.224954
1.735122
0.319441
0.152647
1.452109
1.662313
1.237680
1.228107
0.996458
1.204168
0.140830
0.153046
0.979710
0.338298
1.734829
1.201055
0.666751
0.815794
0.339881
1.726513
0.402296
1.194727
0.901356
0.828725
0.374456
1.564837
0.200974
1.196455
0.936928
1.183885
1.218366
0.130630
0.829525
1.557266
1.227919
0.637181
1.124156
0.939658
1.226994
1.730364
0.147896
0.852973
1.659164
0.415943
0.253615
1.213365
0.262601
0.821343
1.555933
1.230691
0.864092
0.920398
1.720278
0.299957
0.725013
0.720483
0.896705
1.024550
1.730136
1.732796
0.250390
1.662056
1.522821
0.221934
1.577725
1.416422
1.731451
1.734674
0.352420
0.698646
0.865143
1.540028
1.735517
0.416815
1.730461
1.734617
1.733809
1.724326
0.838486
0.266707
0.880854
1.732800
1.231791
1.099909
0.881169
1.283126
0.619729
1.213922
0.497549
1.253367
0.251126
0.215131
0.489804
1.228281
1.511166
0.445045
0.533767
1.665944
0.534680
1.657101
1.240430
1.430041
1.731575
1.645257
1.253869
0.399529
0.381271
0.655548
1.225713
1.725576
0.177844
1.163744
1.733253
0.083552
1.727338
0.127117
0.665833
0.088335
1.023755
1.724469
0.242271
0.678297
0.862394
0.124398
1.726353
1.719339
1.296010
1.227790
1.722437
0.254983
0.679933
0.407520
1.216918
1.711967
0.953624
0.141025
1.710413
1.723851
0.209344
0.583889
1.727247
1.725612
1.336527
0.836614
1.452568
1.730833
0.089201
1.183118
1.091794
1.222834
1.732272
1.024842
1.725985
1.724868
1.002534
0.461107
0.103080
0.321730
1.723005
1.723223
1.209044
0.530596
1.214883
1.729890
0.569403
1.218393
1.732714
0.898238
1.072352
0.255480
1.719706
0.779884
0.063058
0.833775
0.154798
0.160404
1.733662
1.213286
1.590957
0.280624
1.199183
1.719520
1.732875
1.220302
0.220864
0.885725
1.210941
1.728376
0.281504
0.793271
0.765903
0.905923
0.312829
1.694802
1.730216
0.705947
0.119588
0.834856
1.403618
1.730703
0.954490
1.731416
0.138319
1.733489
1.734054
1.722406
1.729273
1.443507
0.829449
1.721184
1.697869
1.227098
0.110653
0.812903
1.726276
0.223561
1.572280
0.770883
1.734359
1.725210
1.721196
0.896598
1.731839
0.659607
0.527512
0.713197
1.733308
1.282354
0.845228
1.626328
0.849069
1.253169
1.706700
0.339362
0.871320
0.250275
1.166445
0.644987
0.901185
1.400746
0.997839
1.227854
1.224360
1.191871
0.995040
0.409090
0.318892
0.644330
1.523608
1.227932
1.713113
0.207365
1.013579
1.700678
0.153818
0.883111
1.410660
0.204354
1.729229
0.902772
0.590119
1.205086
0.579778
1.653873
0.388650
1.732561
0.529851
0.224671
1.679971
0.444374
1.142990
1.728792
1.263574
1.732669
0.315508
0.911621
1.726795
0.079837
0.589487
0.873849
1.725318
0.070067
0.852990
1.664553
0.419114
0.904790
1.222993
1.222190
1.732304
0.804677
1.115706
1.725069
1.232868
0.957876
1.199542
1.731897
0.872774
0.163212
1.727671
1.229088
1.731231
1.232150
0.114518
0.628488
1.417817
0.246911
0.884470
0.282956
0.203093
1.126683
1.727325
0.505104
0.501676
1.454440
1.733364
1.728375
1.734285
1.117679
0.207763
0.152243
0.278295
1.724040
1.684179
1.245390
1.704632
0.074770
1.677352
1.733194
0.776729
0.918078
0.775611
1.218763
0.701623
0.793179
1.372146
1.293434
0.758982
0.439285
1.729917
0.149734
1.725806
1.229979
1.226749
1.733686
1.443934
0.853704
1.726830
0.820027
1.443188
0.719104
0.176339
1.223331
1.228225
1.686663
0.716169
0.094909
1.227665
1.732729
0.539398
0.443992
1.732887
0.227102
1.722135
0.190599
0.372123
1.251003
1.641350
1.723225
1.183656
0.114503
1.203180
1.732751
1.223470
1.733294
1.228489
1.225127
1.062887
0.396190
0.166383
0.828431
0.480296
1.728090
0.282184
0.174507
0.213910
1.728806
1.722970
0.053649
0.922713
0.174321
1.721977
1.216431
0.233749
1.203161
0.504693
0.065668
0.926603
1.705898
0.573606
1.564239
1.514635
1.732818
1.204005
0.467300
1.724792
0.549094
1.730940
1.305781
1.715399
1.734292
1.732833
1.725733
0.867514
0.045275
1.232950
0.464233
0.321212
1.414859
1.231887
0.265198
0.470735
0.761338
0.539661
0.368717
0.256487
0.832364
0.243572
0.592266
0.403242
0.016944
0.752479
1.210109
1.237139
0.032439
1.395272
1.727613
1.734183
1.732409
0.630023
0.434239
1.212324
0.877470
1.225186
0.959815
1.721399
0.859293
0.939387
1.440645
1.655983
0.574963
0.948287
0.272017
1.082189
1.440030
1.217787
0.664204
1.730279
0.223237
0.236762
1.012548
0.560428
0.859588
1.242340
1.229574
1.729202
0.620679
1.457131
1.224842
1.658226
0.285663
1.214530
0.975215
0.214214
1.629849
1.650347
1.228510
1.732555
0.579443
1.371440
0.562596
0.478136
0.889722
0.297782
1.224381
1.683980
0.548820
0.241495
0.267672
0.673313
1.728484
0.832904
1.436583
1.701722
0.421279
0.272693
0.255682
0.849599
1.729949
1.699085
1.730372
1.732489
0.329366
1.006486
0.440639
1.145778
0.196240
1.733250
0.911454
1.604632
0.436911
0.589152
0.303216
0.671189
0.647678
1.628270
0.226533
1.604427
1.646595
0.383557
0.841254
1.534595
1.166204
1.227099
1.235629
1.724926
0.628501
0.552767
0.160711
0.585646
1.600984
0.247110
0.245101
1.727361
1.735370
1.704037
0.652252
1.734609
1.235866
1.177984
0.334811
0.807995
0.339243
1.523875
0.169548
0.502030
1.733167
1.734898
0.315604
0.659333
1.732498
0.419979
0.330517
0.413606
0.326003
1.709386
1.371729
0.693713
1.229749
0.181119
0.357798
0.403176
0.506854
0.988647
0.647906
0.392809
0.432991
1.081571
0.308022
0.210715
1.312532
0.397096
0.344449
0.352988
0.998571
1.729156
0.510689
0.360723
0.900779
1.631007
1.512745
0.948481
1.731976
0.475107
0.176109
1.722305
0.683871
1.232435
0.618159
0.407778
0.171587
1.727180
1.279495
1.733606
1.226413
0.895864
1.228647
1.438163
1.683180
0.934266
1.308728
0.672280
1.308503
0.661275
0.458424
1.298885
0.221531
0.464502
0.373005
0.270897
0.165765
1.735459
0.457377
0.679322
0.867572
0.558691
1.733008
1.237462
1.369349
1.446881
0.227271
0.354309
1.191013
1.204036
0.965418
0.453646
1.730827
0.887214
0.426407
0.915429
0.405183
0.751622
1.430648
1.727491
0.709507
1.414821
1.728003
1.696075
1.557708
0.405327
0.834206
1.720881
0.148522
0.921551
0.865156
0.424057
0.864555
0.197500
0.797755
1.249475
1.733672
0.816852
0.868735
0.456327
1.221193
1.227009
0.100097
0.649476
1.227505
1.641711
1.230297
0.938282
1.247263
1.715875
1.275082
0.871399
0.258305
1.734384
1.678135
1.228028
0.189264
1.152287
1.111778
1.733191
0.880046
1.718710
0.803770
1.734397
0.200358
0.434025
0.200037
0.707335
1.726982
1.119160
1.719531
1.246163
1.197065
0.197436
0.696496
1.444438
0.164635
0.266804
1.146955
1.729461
1.465341
0.284235
0.150046
1.217966
1.732811
0.680609
1.734584
0.912563
0.802208
1.517557
0.422391
0.863140
0.491682
0.640339
1.718419
1.731277
1.717591
1.228682
0.228189
0.163140
0.694263
1.427615
1.717567
0.179788
1.172078
0.865797
1.150478
0.821192
1.715295
0.154202
1.251396
0.394738
0.752098
1.731889
0.585341
1.045448
0.655236
1.718578
0.336358
0.101304
0.359519
1.732239
0.676847
1.687706
1.727947
0.861948
1.729261
0.305782
1.222368
0.131639
0.426867
0.264797
1.720209
1.228784
1.386309
1.624357
0.121770
0.319081
1.730628
0.515684
1.694649
1.271389
1.732394
0.950884
0.125886
0.456978
0.991378
1.729138
1.694191
0.758781
1.730967
1.227290
0.148451
1.731783
1.626862
1.149763
0.813325
0.548342
0.583364
0.860672
1.229683
0.148862
0.521241
0.374997
1.242795
1.162973
0.754731
1.215429
1.228363
1.699448
0.187432
0.062426
0.194172
1.204323
0.234510
0.699927
1.664667
0.628057
1.247302
0.650628
0.772361
1.724868
0.362939
1.134732
1.725323
1.205798
1.438012
1.702502
1.211089
0.526960
1.731254
1.726169
1.224234
0.971808
0.235135
1.191124
0.435924
0.788644
1.065849
1.222597
0.203653
0.307446
1.725964
1.733027
1.645322
0.145773
0.229850
1.226496
1.620837
1.546131
0.236454
0.544378
1.224586
1.731766
0.267098
0.310692
1.732769
0.152764
0.521734
1.213535
1.715140
1.729500
1.310487
1.220368
1.629701
0.160421
0.879482
0.897117
0.826249
1.227824
0.537061
0.842559
0.912157
1.165832
0.190970
1.119574
1.729113
0.695419
1.205508
1.229725
1.725961
0.307670
1.245231
1.728408
1.218505
1.226449
1.718861
0.248537
0.873905
1.226233
0.953975
0.840561
0.554960
1.220936
0.801798
1.025808
0.893028
1.710618
0.852587
1.230945
1.610947
1.212482
0.217352
1.209891
1.228676
0.315346
1.228178
0.107716
0.117776
1.234504
1.220479
1.727852
1.260589
0.303916
1.381961
0.824700
1.673082
0.418136
0.180193
0.282797
1.223525
0.618803
0.394541
0.902504
1.224631
0.644302
0.602016
0.551137
1.247560
1.121882
0.215922
1.729378
1.225496
1.598811
0.836618
1.232132
0.994192
0.331976
0.413652
0.879822
1.730018
1.734361
0.581451
0.713775
1.214750
1.287344
1.438774
1.259939
1.096108
0.164692
0.969930
0.921962
1.721291
0.652435
1.242665
1.730953
1.321173
1.717245
0.657414
1.334748
1.673900
0.175264
1.188071
1.238316
0.426653
0.149944
1.713062
0.386193
1.715440
0.887643
0.409009
0.840693
0.295864
0.772739
1.640765
1.228368
0.850335
1.704092
1.212200
1.730852
0.943063
1.231666
0.521941
1.731168
0.120529
1.227259
0.363976
1.342443
1.275388
0.955635
0.379247
0.721103
1.228983
1.700720
0.840703
1.054419
0.645827
1.726167
1.717111
1.253234
1.127636
1.726382
0.894989
0.388786
1.730682
1.637038
1.717048
1.247264
0.954568
0.419311
0.278714
1.729075
0.720457
0.285801
1.247339
0.644013
1.314989
0.059704
0.765593
1.732220
0.358468
0.096539
1.707977
1.723653
0.736360
0.312046
1.236567
0.438571
1.203148
0.533982
0.102669
0.876620
0.629367
1.216551
0.212080
0.559667
0.973712
1.710232
0.228890
0.211338
0.617017
1.224881
1.234519
1.571704
0.393228
0.495604
0.886114
0.288079
0.758688
1.621833
0.309816
1.325136
1.696005
1.224704
0.108505
1.172138
1.228199
0.329229
0.876962
0.094784
1.709023
0.738558
0.204212
0.943469
0.350151
1.650867
1.433883
1.247343
1.693249
0.799097
0.822987
0.263907
0.329171
1.108156
0.360093
1.734684
0.241333
1.733414
0.837410
0.225330
0.740088
0.257003
0.904350
0.924875
1.068976
0.400122
1.692358
1.223539
1.720410
0.746209
0.954000
0.268656
0.971490
1.724616
0.688954
0.829203
1.695960
1.705166
1.730291
1.727342
1.217486
1.695833
0.417710
1.730108
1.731118
0.259720
0.814610
1.238473
1.154256
0.354533
0.891873
1.707479
0.434822
1.733761
1.233381
1.228563
0.540656
0.199151
0.276778
1.240442
1.141026
0.224175
1.229183
0.155505
0.795468
1.714607
0.885453
0.296312
0.203655
0.737349
1.733765
0.377668
0.943089
0.195053
0.275358
0.191816
0.295851
0.622636
0.702371
1.353894
1.733011
0.859066
1.254320
1.732064
0.663581
1.229859
0.105665
0.516412
0.331517
1.223994
0.711157
0.891069
1.219417
1.726442
1.734466
1.732071
1.734861
1.532851
1.636651
0.292925
1.242716
0.510578
0.509296
1.205796
1.228711
1.224877
1.652293
0.779309
0.450226
1.457526
1.226293
0.881547
1.209000
0.752153
1.726431
1.695344
0.957785
1.472572
1.309096
0.253692
1.719146
0.526969
0.267259
1.378533
0.201548
0.128288
0.961545
1.722221
1.732018
0.328180
0.415772
1.727359
0.159004
0.649008
1.723179
0.376951
0.117820
1.731943
1.731800
0.182282
0.505041
1.235452
0.198975
0.212116
1.731073
1.725082
0.903470
0.293364
0.904457
1.250145
0.818876
0.602923
0.179497
1.490092
1.733202
1.734354
1.408045
0.125502
0.167801
0.761086
0.827265
0.312497
1.498595
0.911825
1.733140
1.673330
1.725742
1.228201
0.902230
1.686106
1.601958
0.293973
1.728887
1.139673
1.729381
1.572116
0.926987
0.778899
0.187458
0.946968
0.132379
1.216514
0.271567
1.721502
1.169348
1.215952
0.815252
0.326652
0.767491
0.341842
1.308886
0.471003
0.707075
0.242475
0.643932
1.234934
1.729549
1.735363
0.938002
0.329141
0.185656
1.206342
1.033029
0.100208
0.731888
1.630362
1.406926
0.892390
0.980114
0.321273
0.487242
0.830540
1.687698
0.810273
0.899849
1.732286
0.288815
0.649692
1.722100
1.705210
0.958414
1.729956
1.507236
1.690745
0.815934
0.895710
0.456309
0.058922
1.578792
1.725360
1.232759
1.730882
0.204006
1.227764
1.731175
1.556737
1.733414
0.659746
1.215986
0.855408
0.161575
1.727707
1.224862
0.872783
1.731035
0.240393
1.152306
1.602002
0.576739
0.357083
1.728920
1.721428
0.677630
0.460870
0.915270
0.280560
0.378082
1.160188
1.228538
1.172674
1.733897
0.076024
0.110175
0.879078
0.913601
1.721431
0.555646
0.551973
0.243949
0.569496
0.917784
1.253735
0.184257
0.500586
1.223202
1.725181
1.624594
0.250633
0.401518
0.149066
1.588584
1.203835
0.199627
1.226689
1.468557
0.535288
0.242522
1.732862
1.266948
0.891144
1.007056
1.368772
0.118788
0.199830
1.289292
0.934974
0.254008
0.702819
1.721256
1.735342
0.533162
0.181359
0.907143
1.695737
0.178072
0.075980
1.253710
1.190637
1.261590
1.245130
1.625093
1.259000
0.174549
1.276029
0.239517
1.151747
1.529464
1.727411
0.326185
0.518090
0.748997
0.389157
0.958349
1.370063
0.387624
1.474380
1.734179
0.919402
1.372625
0.904055
1.138978
0.650064
0.423307
1.208186
1.707054
1.221169
0.229620
1.732215
0.167607
0.156550
0.533115
0.772735
1.228725
0.715845
1.730646
0.526724
1.675797
1.581263
1.222944
0.513378
1.227103
1.225559
1.731601
1.278024
0.799327
1.442820
1.676556
1.622061
0.762390
0.839570
1.722600
0.683478
1.708008
0.518942
1.211610
1.730701
1.729509
1.725174
1.734842
0.561576
1.284285
1.720970
1.732776
0.492425
0.763889
0.455719
0.435150
1.152897
1.722799
1.732535
0.375866
0.235228
0.426340
1.204387
1.027612
0.390174
1.723302
0.175759
0.093348
0.293164
1.727253
1.208079
1.724321
0.188237
1.198940
0.261151
0.779684
1.726048
0.531112
1.215257
1.219061
0.491035
0.094554
0.191638
0.919697
0.398578
1.218861
0.360458
1.732145
1.680887
0.640705
0.600801
1.173481
1.224066
0.905899
1.088833
0.302158
1.732769
1.720631
0.808196
1.709554
1.221657
1.113183
1.733604
0.894996
0.845749
1.240282
0.593284
0.668088
0.360206
0.199036
1.732352
1.734507
1.229167
0.676547
1.204253
1.734942
0.696946
1.226046
1.735006
1.229187
0.892624
0.385827
0.927260
1.714973
0.972675
1.729855
1.722414
1.734169
0.484273
1.721130
0.286076
1.685735
0.312729
1.126512
1.324541
0.766833
0.215780
1.632508
0.492704
1.727495
0.917063
0.708908
0.596884
1.186054
0.186285
1.728113
0.427400
0.867182
0.797020
1.272120
0.951602
0.720518
0.276373
1.733369
0.256028
1.626849
0.785675
0.277044
1.720813
1.699696
1.229690
0.371625
0.232548
1.734977
1.221128
0.781865
0.426684
1.227406
1.730385
0.185182
1.228978
0.891604
0.875584
0.388612
0.316876
1.730386
1.373443
1.226067
1.699570
0.820981
1.728902
0.515848
0.122373
1.733817
1.735470
1.735764
1.554108
0.900273
1.732661
1.723106
1.732981
1.215751
0.166239
0.238292
0.724056
1.224140
1.734546
1.730211
1.730624
0.093622
1.070858
0.271503
1.734386
0.940199
0.952050
1.732124
1.241219
1.264373
1.524455
0.287773
0.232208
1.705782
0.218850
1.007532
1.029063
0.074118
1.172341
1.731331
0.358529
1.729712
1.730549
0.147956
1.215867
0.313700
1.219112
0.138512
1.732508
0.928651
0.685854
0.390592
1.733918
0.665699
0.153551
0.868733
0.616291
1.703729
1.225581
1.228165
0.522415
1.695235
0.054944
0.417092
0.218619
1.730118
0.868214
0.289245
0.338442
0.729876
0.886273
1.705443
0.881347
1.731624
1.206587
0.275279
1.305804
0.893291
0.287612
1.149089
0.261287
1.723973
1.228712
1.228832
1.736039
0.911796
0.196256
0.395046
0.383157
0.828029
1.730833
1.126007
1.212430
0.496348
0.888342
1.402476
0.654082
1.226388
0.962953
0.712268
0.514724
0.197466
1.227444
1.725251
1.732681
0.865720
1.683079
1.730148
0.914094
0.844942
1.724864
0.221503
0.495475
1.226862
1.728737
1.526497
1.730735
1.732074
0.916540
1.729903
0.118502
1.730729
1.679666
0.606660
1.236086
1.665663
0.127745
0.955394
0.252342
1.172976
0.264642
0.804022
1.713491
0.896329
0.262414
1.733249
0.250129
0.950674
0.163165
0.657672
1.244336
0.180906
1.631347
0.847370
0.909524
1.729381
1.065206
0.720358
1.629939
0.444139
1.719851
0.251494
1.704115
1.229750
0.920280
0.083500
0.233244
0.658226
1.673269
1.731712
1.731113
1.733168
1.734671
1.220812
0.456596
0.859646
0.466181
1.228418
1.513201
1.212050
1.724392
0.261329
1.226217
1.732227
0.419745
0.133036
0.349015
0.909450
1.641394
0.135712
0.210701
0.127588
1.706298
0.324598
0.537159
0.360142
0.820112
1.721551
1.688097
1.727638
1.384877
1.271181
0.742646
1.728820
0.545993
1.713431
0.219301
1.027588
0.243583
0.219310
1.730748
0.308892
0.523379
1.732991
1.718092
1.275783
0.090467
0.660204
1.256898
0.312412
1.733398
1.730699
1.229210
1.719381
0.462510
0.728235
1.234729
0.595761
1.189866
0.884302
0.221776
1.218628
0.299917
0.317733
0.385063
1.244880
0.241604
1.211698
0.290800
1.727772
0.396358
0.181148
0.747788
0.154260
0.737517
1.731605
0.867998
0.746132
1.591603
1.732871
1.729763
0.173354
1.171775
1.258089
1.229329
1.724049
1.438534
0.333653
0.557140
1.220707
0.270315
0.549490
0.244117
1.201534
0.192242
1.001826
0.789388
0.991611
0.562099
1.731046
1.231193
0.199128
0.543002
0.185734
0.842130
1.691938
0.665028
0.099856
0.197116
0.217221
0.773483
1.280495
1.189289
1.721774
1.731369
1.228668
0.692043
0.220217
1.705160
0.897424
0.238466
0.897214
0.749057
0.400928
1.271054
0.111327
0.129300
1.330016
0.178451
1.675274
0.587006
0.443077
1.734979
0.906123
0.163755
1.225542
0.672492
1.127279
1.722774
0.306159
0.370540
1.721071
0.906577
0.977559
0.559690
1.731357
0.969533
0.201674
1.177741
0.786111
0.155009
1.734013
1.254987
1.723526
0.610992
0.908985
1.283200
0.941513
0.886139
0.073462
0.354403
0.811096
1.729653
0.593547
1.732768
1.185368
1.270991
1.730916
1.568771
1.210114
0.915471
1.226473
0.878172
1.729776
0.848693
1.518472
0.059853
0.060208
0.247035
1.234732
1.727463
1.722644
1.248584
0.559312
1.616361
1.723616
1.218618
0.714970
1.709848
1.210502
0.169143
1.733330
1.088785
1.252072
1.030807
1.733610
1.226357
0.245391
1.225333
0.703074
0.365255
1.115292
1.185371
1.184131
0.142260
0.280370
1.228988
0.388693
0.450948
0.167201
1.727539
1.735125
1.233551
0.150106
1.247606
1.225619
0.317848
0.877663
1.729811
0.853419
1.374847
1.726802
0.599017
1.701813
0.799401
1.021872
1.732691
0.460764
0.963944
1.228497
1.728979
1.235978
1.729032
0.499806
0.953334
1.223119
1.626586
0.862666
0.197959
0.993816
0.691200
1.732794
1.225500
0.517268
0.270148
1.228789
1.240447
1.118357
0.190096
1.731060
0.555583
1.217618
1.729559
1.721991
0.323636
0.627439
0.960873
1.351339
1.229204
0.296812
1.732929
0.191783
1.697562
1.292764
0.520874
0.711704
0.316549
1.731039
0.328187
1.723213
1.730573
1.223461
0.148440
0.317417
1.731323
0.871224
1.715256
0.114253
0.340325
0.538224
1.295825
0.948705
1.730813
0.945023
0.813508
1.190875
0.127804
1.531549
0.200446
1.733857
1.227012
0.786467
1.241640
1.189147
1.224354
1.724856
1.725187
0.899334
0.620777
1.615168
0.388029
0.923973
1.723612
0.084506
1.714687
0.471481
1.728319
1.215977
1.226049
1.729792
1.226887
1.238619
1.709391
0.344431
0.388532
0.149276
0.580194
0.438045
0.901477
0.492254
0.711050
1.544665
0.190311
1.475192
0.459354
1.572632
1.731799
0.136974
1.706761
1.019547
1.223804
1.716753
1.716797
0.473914
1.734723
1.453486
0.192785
1.224707
0.330811
0.680370
0.451582
0.898113
0.179430
0.853792
0.564736
0.902368
0.369782
0.832144
0.868388
0.853377
0.323556
0.895446
0.525081
0.327523
0.518074
0.362608
1.715723
1.203521
0.943393
1.727063
0.896620
0.747775
1.735313
0.622373
1.226967
1.227287
0.944836
0.237909
0.190609
0.104037
0.110804
0.823909
0.929581
1.705222
1.726652
0.699344
0.714391
0.459511
1.645768
0.821568
0.346926
0.936926
1.214069
0.552259
1.735482
1.230901
1.204770
1.263892
0.151718
0.620018
0.588432
0.422917
0.904919
0.419721
0.776352
0.356814
1.680325
0.303625
0.468232
1.725293
1.228044
1.731650
1.202422
1.189731
0.766678
0.897275
1.731441
0.484315
1.691398
1.278666
0.862137
0.125020
0.077130
0.859700
0.286129
1.182601
0.225119
0.161981
1.487046
1.273044
1.234208
1.716952
0.613808
1.725701
0.407754
0.479259
1.733694
0.632773
0.300581
1.677426
0.942488
1.732553
1.729040
0.381149
1.721821
1.244285
1.660855
0.176342
0.876171
0.626087
0.216129
0.533683
1.222483
1.035450
1.154824
1.732994
0.714672
0.131241
0.194014
0.297864
0.521574
1.729582
0.493098
1.186635
1.731334
0.859931
0.145260
0.807852
1.733601
0.218002
1.227933
1.225299
0.547269
0.639633
1.606179
0.191087
0.707919
0.370757
0.159911
0.218804
0.526574
0.822967
0.101345
0.481381
1.724808
1.732705
1.224618
0.467669
1.733342
0.415849
0.497761
1.734046
0.484326
0.230032
0.347757
1.724443
1.230248
0.814571
1.721806
0.406412
0.942370
0.465364
0.593191
1.713967
0.779880
1.730231
0.291812
0.544612
0.449958
1.706745
0.650872
0.259814
0.183719
1.590677
1.092003
0.255299
0.255976
0.166661
0.821533
1.202131
1.146694
0.313762
0.196431
0.483784
0.076472
0.648060
1.671250
1.226966
1.148634
0.157767
0.163968
0.365553
0.298040
1.174525
1.730742
0.108814
0.404633
1.225494
1.180013
1.697054
1.688956
1.722368
1.251295
0.720258
1.724499
0.531164
1.542169
1.731843
0.912257
0.689391
1.253704
1.712663
0.448590
0.438138
1.730589
0.702672
1.675576
1.402833
0.789685
0.723507
0.709307
0.240954
0.118079
0.350023
0.128181
0.455973
0.280101
1.734076
0.176995
0.365257
1.228173
1.705379
0.267714
1.094495
0.254604
1.083819
0.467789
1.584433
1.232817
1.412169
0.879707
1.729871
0.857185
1.720761
0.798633
1.219958
0.338390
0.381626
0.166978
0.873267
0.834364
0.280225
0.294805
0.850447
1.405559
1.723210
0.677912
1.018069
0.887044
0.170847
1.269589
0.478405
0.669134
1.148598
0.674417
0.968695
1.723530
1.181303
1.220648
0.220702
0.508258
1.731672
1.222259
1.243657
1.731753
1.731799
1.716058
0.902740
1.734492
1.717156
0.309661
1.730166
0.882865
1.728609
0.180614
0.818008
1.206285
0.304877
0.856183
1.736047
0.387742
0.710483
0.874657
0.192732
1.590170
0.328189
0.262673
1.230658
0.118498
1.719574
1.201366
1.730229
1.730248
0.929703
1.254418
0.401455
0.949116
0.643618
1.734638
0.570412
1.592808
0.487282
1.698551
0.897211
1.229112
0.204714
1.225198
1.735780
0.215074
0.598607
0.500585
0.526245
1.401338
1.064026
0.199504
0.250906
1.731176
1.231075
0.502207
0.387073
0.608345
1.734188
0.981510
0.924437
1.732783
1.348221
0.528173
1.708555
0.158472
1.223214
1.735478
0.831250
1.226463
0.809564
0.253539
1.719340
1.727460
1.119079
1.520819
1.728908
1.724475
1.638407
1.656143
0.872894
1.685915
0.930843
1.227945
1.728810
1.623174
0.378182
1.252233
0.156305
1.232323
1.731308
0.343463
0.434364
1.229122
0.531468
0.467861
0.807248
1.726437
1.734518
1.413521
0.266223
0.452929
0.511996
0.867333
1.716959
0.850530
1.690550
0.432981
0.438040
0.638663
0.888540
1.243712
0.555492
1.728329
0.999263
0.724256
1.219987
0.269124
1.423254
1.694340
1.702094
1.282010
0.685428
1.238142
0.040620
1.203533
1.206932
1.229106
1.657724
0.640576
1.730324
1.060483
0.920268
1.328775
0.503497
0.927143
1.732444
1.730809
0.446408
0.442462
0.763865
1.694937
0.781216
0.572341
0.909746
1.173537
1.645480
1.161865
0.946530
1.098347
0.232813
0.899979
1.218824
1.368927
0.158737
1.591690
1.230275
1.660541
0.295853
0.658347
1.432371
1.727483
1.657663
0.536369
1.383438
0.233383
1.221307
0.490212
1.096495
0.891061
1.390508
1.092770
0.259058
1.734815
1.728425
1.733755
0.163085
1.180876
1.209857
0.321205
0.342662
0.279235
0.340382
1.729607
0.213580
1.525906
0.127856
0.358901
1.431608
0.863914
0.541695
1.720965
1.211183
1.726394
1.714823
0.243516
1.670264
1.197742
1.213514
0.079551
1.222376
0.826681
0.336307
1.210535
0.535537
1.732697
0.259631
0.978130
0.927037
0.195292
0.166424
1.200866
0.844410
1.732753
0.182116
1.138576
0.175105
0.687492
0.897167
1.119686
0.597959
1.729973
0.279648
0.915611
0.178296
1.719175
0.432175
1.707800
1.409739
1.162735
1.146266
1.732153
1.206611
1.235022
0.744620
1.732902
0.173280
0.828568
0.497387
1.037171
0.506676
0.406980
0.288399
1.223868
1.734009
1.362782
0.323524
1.730105
0.441639
1.200480
0.379630
1.243582
0.421378
1.714648
1.723621
1.133355
0.713236
1.193565
0.179638
0.157831
1.676300
0.067403
0.343049
1.734120
1.732942
0.224299
0.931676
1.165802
1.225705
1.238632
0.494436
0.207827
1.413882
0.806071
0.054088
0.319456
0.595825
0.192867
0.191360
0.160768
0.275265
0.507673
0.313125
0.393304
1.725694
1.227593
1.190431
0.879156
1.734556
1.518929
1.731477
0.162945
0.103504
0.672001
0.203493
0.807086
1.716232
1.703936
1.727799
0.497899
0.643113
0.907243
0.373409
1.207611
0.598885
0.894452
0.692140
0.307197
1.229440
1.425147
0.264133
0.894330
1.732514
0.372678
0.663263
1.722618
0.524386
1.078961
1.441463
0.709314
0.397134
0.225549
1.660836
0.794807
1.730246
1.725860
0.418142
1.212590
1.227847
0.096652
1.729771
1.716573
1.198504
1.731200
1.678380
1.729388
0.325964
1.708432
0.284418
1.719316
0.123008
1.229465
0.232240
0.968410
1.222153
1.227398
0.610346
0.419068
1.735017
0.289410
0.880304
0.987587
0.220746
1.735220
1.212001
1.728886
1.578864
0.312855
0.336709
1.732067
1.642551
0.448340
0.966368
0.636191
1.636448
1.722792
1.732711
0.616451
0.223515
1.180731
1.223023
0.306960
1.668856
0.212958
1.734925
1.228682
1.735415
1.729632
1.222107
1.031981
1.166933
0.790230
1.061580
0.184383
0.289894
0.453649
1.225725
0.266262
0.760148
0.901876
1.648025
1.325593
0.689969
1.719103
1.732557
0.269866
0.597345
0.932738
0.309960
1.289939
1.304209
1.729638
1.534846
0.971629
1.117927
1.707109
1.288391
1.060868
0.806644
1.730461
1.231046
1.731656
0.964162
0.832346
0.639481
0.287356
1.562385
0.760814
0.456854
1.580741
0.239374
0.836205
1.734505
0.715400
1.424824
0.360910
1.733395
1.726938
0.435345
1.730975
0.288147
0.449970
0.302431
0.320096
1.004357
0.849961
0.506881
0.544071
0.851825
0.240413
0.611434
1.639407
0.913923
0.930323
1.229800
0.096614
1.239889
1.732350
1.158840
1.726155
0.947755
1.229158
0.776574
0.106094
1.723309
0.660028
1.291389
1.733204
1.734677
1.730860
1.728775
1.725881
1.733299
0.746149
1.182459
0.895135
0.940312
1.731940
1.702101
0.726561
1.676646
0.431469
1.084060
0.599005
1.720377
0.898619
0.838056
0.534514
0.846981
1.699043
1.320869
1.227496
0.937356
0.878139
1.000425
1.729646
1.185905
1.228518
0.536479
0.191493
1.219373
1.197120
0.232681
1.195924
1.161536
1.184705
1.320925
1.687249
0.209596
1.734329
1.232102
1.226266
1.669966
1.230912
1.035542
0.221937
1.734482
1.228910
0.900195
1.487576
1.727020
1.236809
0.931161
0.113960
0.421366
0.182453
1.723392
1.087345
1.674951
1.221583
1.726383
1.226079
0.721529
1.240787
0.205567
0.506184
1.729383
1.707499
1.734472
0.784686
0.729994
0.368735
0.661701
0.336599
0.488638
1.231561
1.732755
1.218749
1.672165
0.076173
1.726562
1.715987
1.732759
0.922887
1.226750
1.712920
1.305398
0.459507
1.222825
0.169082
1.594425
1.180411
0.589558
0.880643
0.391885
1.282465
1.227036
1.733447
1.228427
1.440178
0.783126
1.723677
1.237937
0.224947
1.732216
1.726485
0.940066
0.681738
0.770749
0.439986
1.171266
1.674712
0.256129
1.220887
0.904350
1.273861
0.901386
0.480466
1.726314
1.190420
1.732289
0.903857
0.431808
1.213913
1.208084
1.728009
0.895246
0.218588
0.881305
0.747901
0.920990
0.460357
0.876017
1.732961
1.227525
1.570421
1.058647
0.423171
0.195774
1.222376
0.478730
0.543885
0.117926
0.478034
0.673956
1.206058
0.621933
1.715844
1.213935
1.201249
0.246321
1.218692
0.627559
1.668164
1.458373
1.732582
1.040865
0.685928
0.683139
1.225804
1.225596
1.706728
0.458899
1.370667
1.430746
1.728105
1.733372
1.250665
0.129674
0.895202
1.479986
0.482885
1.671068
1.229181
1.350054
1.728191
1.619857
1.729235
0.168991
0.928077
0.885400
1.226089
0.260738
1.226075
0.780537
1.730887
1.731140
1.675912
1.020609
1.734993
1.604026
1.209562
1.412893
0.698907
1.726118
1.227439
0.105236
0.906237
1.224639
0.560554
1.200710
0.573897
0.582444
1.223666
1.218217
0.268722
0.463687
1.732141
0.992719
1.466791
1.191641
0.405427
1.229314
0.142721
1.728315
1.729027
0.755024
1.155314
0.877332
1.699835
0.430286
0.079330
1.225631
1.195502
0.529354
1.245422
0.710608
1.217522
1.289140
0.205692
0.844681
0.605113
1.725203
1.733827
1.223366
0.808926
1.355024
0.795404
0.295201
0.875957
1.735012
1.727639
0.277112
1.734539
0.145054
1.012177
1.201582
1.440410
0.451997
1.690501
1.227746
0.892117
1.617369
1.707176
0.885054
1.660848
1.678057
0.898612
0.480867
1.663076
1.067272
1.216628
0.267963
1.222219
1.675549
0.542607
0.540323
1.712885
1.732043
0.250657
1.147160
0.873883
1.731787
1.228004
1.225397
1.206359
0.142498
1.708741
0.875793
0.707939
0.325118
0.725934
0.852682
1.718056
1.099541
1.729180
0.282115
1.229751
1.719778
0.075958
0.340253
1.720423
0.204066
1.222815
0.704640
0.488200
0.482608
1.721539
0.850804
0.912347
1.223940
1.230788
0.542514
1.217825
1.230682
0.374147
0.383463
1.208102
1.733278
0.545786
1.732979
1.727501
1.708357
0.244268
0.573365
1.717236
1.220292
0.434460
1.723338
0.420549
0.733477
1.649123
1.731521
1.199992
0.278986
0.929032
0.254874
0.195596
1.721116
0.139340
0.208082
1.730701
1.715946
1.229167
0.191704
0.202719
0.989421
0.573840
0.626750
0.239801
1.598150
0.908188
0.049575
1.069617
1.734303
1.734553
1.731484
1.729475
0.508142
0.901189
1.723756
1.223743
0.880111
1.728917
0.221566
1.724993
0.490868
1.219057
0.291246
1.350980
1.735131
0.694171
1.230319
1.507715
1.251684
1.735054
1.735332
1.222281
1.731614
1.725470
1.372972
1.518733
1.722672
0.134700
0.432973
1.151313
1.726084
1.710045
0.754515
1.260671
0.206499
1.223711
0.913208
0.629996
1.725946
1.227483
1.730169
1.308665
1.126375
0.199630
1.731174
1.733997
0.590382
0.242254
0.837338
0.908493
1.733175
1.722876
1.088494
1.226137
1.733905
1.139835
1.440018
1.728102
1.732710
1.016448
0.230320
1.227214
0.739704
1.726663
1.332249
1.231358
1.326299
1.726034
0.384227
1.206856
1.195445
0.198213
1.734262
1.732110
1.734458
1.732099
0.885698
1.734982
0.720922
0.491361
0.180454
1.310604
1.386736
1.477529
1.227541
1.519559
0.271140
1.731567
0.488597
1.204866
0.672677
1.677125
0.820244
0.264046
0.181043
0.176835
1.225220
0.852984
0.907685
1.378590
0.573946
1.227865
1.255013
1.002744
0.266926
0.948647
0.522128
1.727127
1.710106
1.667152
0.671471
1.681710
0.403545
0.287044
0.560530
0.895386
1.711203
0.159114
0.944439
0.176394
0.529959
1.206363
0.747945
1.700194
1.138098
1.236239
1.223852
1.262280
1.707626
0.733640
0.241378
1.701441
0.438575
1.207315
0.316680
0.860127
0.829357
1.560580
1.183468
0.366214
1.733191
0.487826
0.499835
1.729891
1.699589
1.727925
1.224712
1.216788
0.324183
0.285382
1.226167
0.750574
0.409364
0.191549
1.228949
1.689124
0.980163
0.795899
0.400130
1.209474
0.102536
1.225711
1.696301
1.436836
0.753342
0.650166
1.710346
0.779947
1.730845
0.451218
0.789037
0.830638
1.179192
0.816100
0.568893
1.279764
0.909150
1.734046
1.334225
1.442509
0.581509
1.711340
0.065394
0.413721
1.241540
1.731525
0.355806
1.219242
1.223444
0.317382
1.699768
1.254601
0.322879
0.703973
1.733705
1.226194
1.720974
0.839857
0.209558
0.912466
0.407470
0.762668
0.201262
0.579313
0.894481
1.726542
0.142894
1.040511
1.441998
0.908988
0.645038
1.229817
1.228438
1.240184
1.727529
0.301325
1.301749
0.907429
1.726772
0.542775
0.155974
0.854391
1.683057
1.219699
1.703380
1.239026
1.656346
1.491643
1.265805
0.220318
0.944945
0.895101
1.726748
0.799239
1.147563
0.369346
1.226570
1.263103
1.228022
1.212593
0.299976
0.512691
0.978391
0.661486
0.567969
1.386376
1.223923
0.135124
1.719736
1.238297
0.391765
0.908744
0.521239
0.390565
0.203015
0.496563
1.717884
0.818638
1.226130
1.732622
0.173513
0.144534
1.297042
1.221952
0.653748
1.503173
0.425254
0.394769
1.278865
1.731171
0.119096
1.418296
0.649105
1.225765
0.830395
1.732903
1.455253
0.498018
0.966261
0.325962
1.225914
0.523790
1.222063
1.706096
1.282716
1.733383
1.718361
0.261911
1.719910
0.596432
0.114590
1.726805
0.219453
0.334946
1.715761
0.252474
1.731943
1.710557
1.135495
0.271547
1.718598
0.190825
1.226078
0.186341
0.497866
1.387973
0.642951
1.731025
1.716602
1.671679
1.222415
0.211071
1.307457
0.238975
1.229096
1.222337
0.617199
1.733543
1.229845
1.677797
0.243137
1.224994
0.293581
1.005663
1.170286
1.651409
1.730508
0.827556
1.720828
1.224576
0.657568
0.896158
0.428776
1.734513
0.746743
0.119114
1.728516
1.003362
0.767111
0.746446
0.201829
1.222903
0.775052
1.339846
1.247044
0.256645
1.236097
1.088622
0.696966
0.213391
1.734249
1.469247
1.723112
0.382077
0.316254
0.201637
1.614696
1.720433
0.703941
1.732154
0.447627
0.207806
0.122156
0.139644
0.767506
1.695566
0.418768
0.213931
0.629467
0.563160
0.198680
1.731100
0.688603
0.322672
1.725924
1.675990
1.283880
1.510683
1.732693
1.729128
1.212758
1.698923
1.333446
1.682164
0.827201
1.633925
1.205757
