1.599832e-01 1.157582e-01
1.056522e-01 9.942061e-02
9.630546e-02 9.430664e-02
9.249850e-02 9.124805e-02
8.984856e-02 8.891901e-02
8.777828e-02 8.703870e-02
8.604222e-02 8.541398e-02
8.453787e-02 8.400404e-02
8.319678e-02 8.271916e-02
8.197971e-02 8.156806e-02
8.087475e-02 8.050233e-02
7.985519e-02 7.951765e-02
7.891372e-02 7.861898e-02
7.804595e-02 7.778353e-02
7.723858e-02 7.700783e-02
7.648846e-02 7.629042e-02
7.579110e-02 7.562405e-02
7.513817e-02 7.499218e-02
7.452737e-02 7.439015e-02
7.395484e-02 7.383545e-02
7.342000e-02 7.332538e-02
7.291605e-02 7.282614e-02
7.244573e-02 7.237971e-02
7.200268e-02 7.193808e-02
7.158414e-02 7.155583e-02
7.118647e-02 7.115075e-02
7.081207e-02 7.079281e-02
7.045600e-02 7.044694e-02
7.011930e-02 7.010468e-02
6.979717e-02 6.979263e-02
6.949045e-02 6.949324e-02
6.919723e-02 6.920903e-02
6.891515e-02 6.893974e-02
6.864049e-02 6.866276e-02
6.837755e-02 6.840419e-02
6.811996e-02 6.814825e-02
6.786881e-02 6.789920e-02
6.762370e-02 6.765802e-02
6.738351e-02 6.742505e-02
6.714690e-02 6.718914e-02
6.691541e-02 6.695960e-02
6.668936e-02 6.673371e-02
6.646719e-02 6.652048e-02
6.624940e-02 6.631964e-02
6.603620e-02 6.608898e-02
6.582900e-02 6.588362e-02
6.562569e-02 6.568149e-02
6.542804e-02 6.548082e-02
6.523315e-02 6.528752e-02
6.504155e-02 6.510024e-02
6.485312e-02 6.494029e-02
6.466988e-02 6.473780e-02
6.448971e-02 6.458966e-02
6.431337e-02 6.437722e-02
6.414119e-02 6.420451e-02
6.397264e-02 6.408028e-02
6.380761e-02 6.392102e-02
6.364646e-02 6.372535e-02
6.348811e-02 6.359540e-02
6.333506e-02 6.345186e-02
6.318449e-02 6.331407e-02
6.303782e-02 6.316806e-02
6.289601e-02 6.303393e-02
6.275627e-02 6.287382e-02
6.262028e-02 6.277801e-02
6.248791e-02 6.262169e-02
6.235812e-02 6.248460e-02
6.223169e-02 6.237328e-02
6.210799e-02 6.223569e-02
6.198796e-02 6.208528e-02
6.187008e-02 6.197727e-02
6.175467e-02 6.190420e-02
6.164353e-02 6.185536e-02
6.153447e-02 6.167604e-02
6.142834e-02 6.161650e-02
6.132557e-02 6.145459e-02
6.122420e-02 6.134233e-02
6.112517e-02 6.127914e-02
6.102812e-02 6.117569e-02
6.093480e-02 6.113862e-02
6.084276e-02 6.099076e-02
6.075371e-02 6.088808e-02
6.066693e-02 6.079358e-02
6.058063e-02 6.074208e-02
6.049694e-02 6.067372e-02
6.041487e-02 6.060206e-02
6.033463e-02 6.049748e-02
6.025574e-02 6.038875e-02
6.017912e-02 6.033176e-02
6.010225e-02 6.025145e-02
6.002936e-02 6.015298e-02
5.995618e-02 6.007641e-02
5.988392e-02 6.003975e-02
5.981270e-02 6.000855e-02
5.974408e-02 5.991479e-02
5.967629e-02 5.982636e-02
5.960860e-02 5.979343e-02
5.954293e-02 5.967614e-02
5.947759e-02 5.961309e-02
5.941387e-02 5.956423e-02
5.875992e-02 5.891846e-02
5.870470e-02 5.889344e-02
5.865035e-02 5.879723e-02
5.859695e-02 5.877740e-02
5.854332e-02 5.871715e-02
5.849055e-02 5.870922e-02
5.843903e-02 5.860786e-02
5.838744e-02 5.859379e-02
5.833670e-02 5.847436e-02
5.828651e-02 5.857840e-02
5.823777e-02 5.846386e-02
5.818884e-02 5.846631e-02
5.814079e-02 5.835971e-02
5.809296e-02 5.826517e-02
5.804529e-02 5.820566e-02
5.799945e-02 5.823701e-02
5.795304e-02 5.812086e-02
5.790838e-02 5.813063e-02
5.786352e-02 5.811920e-02
5.781932e-02 5.803660e-02
5.777525e-02 5.800375e-02
5.773238e-02 5.792427e-02
5.769104e-02 5.789149e-02
5.764862e-02 5.782624e-02
5.760712e-02 5.781520e-02
5.756690e-02 5.778557e-02
5.752624e-02 5.777227e-02
5.748715e-02 5.768599e-02
5.744789e-02 5.767648e-02
5.740980e-02 5.760437e-02
5.737243e-02 5.756539e-02
5.733411e-02 5.752220e-02
5.729720e-02 5.749935e-02
5.726070e-02 5.746100e-02
5.722388e-02 5.744734e-02
5.718942e-02 5.738648e-02
5.715386e-02 5.744419e-02
5.711917e-02 5.732730e-02
5.708491e-02 5.729766e-02
5.705132e-02 5.729591e-02
5.701766e-02 5.720887e-02
5.698542e-02 5.718747e-02
5.695268e-02 5.710991e-02
5.692065e-02 5.710712e-02
5.688864e-02 5.708977e-02
5.685814e-02 5.706949e-02
5.682750e-02 5.703132e-02
5.679611e-02 5.701879e-02
5.676724e-02 5.700290e-02
5.673705e-02 5.696485e-02
5.670832e-02 5.688698e-02
5.667881e-02 5.684825e-02
5.665021e-02 5.683395e-02
5.662225e-02 5.679206e-02
5.659413e-02 5.681542e-02
5.656663e-02 5.683383e-02
5.654003e-02 5.675402e-02
5.651248e-02 5.672874e-02
5.648588e-02 5.670326e-02
5.645956e-02 5.665408e-02
5.643417e-02 5.664954e-02
5.640790e-02 5.660760e-02
5.638225e-02 5.658874e-02
5.635765e-02 5.657200e-02
5.633227e-02 5.654013e-02
5.630864e-02 5.649195e-02
5.628449e-02 5.647675e-02
5.625986e-02 5.648371e-02
5.623654e-02 5.641225e-02
5.621328e-02 5.641053e-02
5.619008e-02 5.636746e-02
5.616708e-02 5.633044e-02
5.614449e-02 5.632435e-02
5.612240e-02 5.633574e-02
5.610016e-02 5.632100e-02
5.607890e-02 5.627255e-02
5.605637e-02 5.624763e-02
5.603602e-02 5.621936e-02
5.601389e-02 5.620049e-02
5.599344e-02 5.619281e-02
5.597215e-02 5.616593e-02
5.595220e-02 5.611835e-02
5.593102e-02 5.611938e-02
5.591117e-02 5.609212e-02
5.589283e-02 5.606179e-02
5.587156e-02 5.603408e-02
5.585264e-02 5.600434e-02
5.583333e-02 5.602962e-02
5.581364e-02 5.597612e-02
5.579548e-02 5.598740e-02
5.577690e-02 5.595258e-02
5.575793e-02 5.591539e-02
5.574018e-02 5.589099e-02
5.572142e-02 5.596671e-02
5.570336e-02 5.586735e-02
5.568609e-02 5.583870e-02
5.566769e-02 5.583872e-02
5.565022e-02 5.582304e-02
5.563329e-02 5.579423e-02
5.561541e-02 5.578885e-02
5.543739e-02 5.559860e-02
5.542098e-02 5.557288e-02
5.540719e-02 5.562174e-02
5.539160e-02 5.557035e-02
5.537656e-02 5.554244e-02
5.536232e-02 5.552708e-02
5.534706e-02 5.553854e-02
5.533332e-02 5.548200e-02
5.531902e-02 5.549475e-02
5.530348e-02 5.546492e-02
5.529094e-02 5.546136e-02
5.527742e-02 5.543305e-02
5.526409e-02 5.544728e-02
5.524893e-02 5.546075e-02
5.523532e-02 5.538355e-02
5.522071e-02 5.543820e-02
5.520852e-02 5.540216e-02
5.519475e-02 5.536294e-02
5.518174e-02 5.536019e-02
5.516849e-02 5.534463e-02
5.515522e-02 5.532217e-02
5.514218e-02 5.532009e-02
5.513014e-02 5.528685e-02
5.511741e-02 5.526478e-02
5.510406e-02 5.531313e-02
5.509237e-02 5.525211e-02
5.507999e-02 5.527326e-02
5.506736e-02 5.528379e-02
5.505525e-02 5.520572e-02
5.504306e-02 5.522343e-02
5.503200e-02 5.521082e-02
5.501984e-02 5.518109e-02
5.500857e-02 5.516843e-02
5.499658e-02 5.530474e-02
5.498454e-02 5.516840e-02
5.497316e-02 5.514494e-02
5.496122e-02 5.512650e-02
5.495071e-02 5.510733e-02
5.493967e-02 5.514324e-02
5.492802e-02 5.512089e-02
5.491728e-02 5.508695e-02
5.490595e-02 5.507856e-02
5.489552e-02 5.507550e-02
5.488409e-02 5.510423e-02
5.487474e-02 5.505550e-02
5.486362e-02 5.502323e-02
5.485266e-02 5.503487e-02
5.484212e-02 5.501856e-02
5.483222e-02 5.502557e-02
5.482191e-02 5.499942e-02
5.481118e-02 5.501164e-02
5.480189e-02 5.499372e-02
5.479110e-02 5.495826e-02
5.478154e-02 5.495781e-02
5.477225e-02 5.493569e-02
5.476192e-02 5.499497e-02
5.475225e-02 5.496049e-02
5.474226e-02 5.488652e-02
5.473223e-02 5.490778e-02
5.472226e-02 5.490109e-02
5.471340e-02 5.487414e-02
5.470343e-02 5.488513e-02
5.469365e-02 5.487019e-02
5.468552e-02 5.488228e-02
5.467586e-02 5.486849e-02
5.466704e-02 5.483558e-02
5.465768e-02 5.484311e-02
5.464933e-02 5.483842e-02
5.463925e-02 5.487642e-02
5.463130e-02 5.483734e-02
5.462152e-02 5.483362e-02
5.461292e-02 5.479071e-02
5.460511e-02 5.478494e-02
5.459595e-02 5.476151e-02
5.458728e-02 5.475634e-02
5.457956e-02 5.482049e-02
5.457041e-02 5.471936e-02
5.456124e-02 5.478950e-02
5.455299e-02 5.470887e-02
5.454559e-02 5.472299e-02
5.453660e-02 5.476068e-02
5.452818e-02 5.477045e-02
5.452111e-02 5.477733e-02
5.451257e-02 5.468783e-02
5.450445e-02 5.469642e-02
5.449605e-02 5.476111e-02
5.448812e-02 5.465566e-02
5.448052e-02 5.466788e-02
5.447261e-02 5.467561e-02
5.446480e-02 5.467656e-02
5.445775e-02 5.459917e-02
5.444925e-02 5.472852e-02
5.444115e-02 5.459631e-02
5.443441e-02 5.466620e-02
5.442628e-02 5.459236e-02
5.441907e-02 5.471180e-02
5.441137e-02 5.464991e-02
5.440476e-02 5.462135e-02
5.439682e-02 5.462100e-02
5.438880e-02 5.459392e-02
5.431062e-02 5.457840e-02
5.430478e-02 5.449422e-02
5.429791e-02 5.450650e-02
5.429002e-02 5.455530e-02
5.428511e-02 5.445769e-02
5.427751e-02 5.452051e-02
5.427140e-02 5.448348e-02
5.426462e-02 5.445489e-02
5.425814e-02 5.441799e-02
5.425165e-02 5.442576e-02
5.424437e-02 5.441300e-02
5.423803e-02 5.446110e-02
5.423114e-02 5.442229e-02
5.422521e-02 5.439740e-02
5.422001e-02 5.442162e-02
5.421282e-02 5.445939e-02
5.420714e-02 5.444765e-02
5.420023e-02 5.437921e-02
5.419372e-02 5.440676e-02
5.418728e-02 5.439737e-02
5.418149e-02 5.437337e-02
5.417455e-02 5.452666e-02
5.416935e-02 5.433962e-02
5.416309e-02 5.434407e-02
5.415691e-02 5.446391e-02
5.415114e-02 5.439066e-02
5.414528e-02 5.433380e-02
5.413870e-02 5.436209e-02
5.413307e-02 5.434965e-02
5.412714e-02 5.428432e-02
5.412220e-02 5.429887e-02
5.411475e-02 5.426993e-02
5.411047e-02 5.430126e-02
5.410404e-02 5.424647e-02
5.409818e-02 5.430117e-02
5.409331e-02 5.426742e-02
5.408674e-02 5.426399e-02
5.408073e-02 5.423419e-02
5.407517e-02 5.422762e-02
5.406922e-02 5.439088e-02
5.406370e-02 5.422175e-02
5.405752e-02 5.431832e-02
5.405230e-02 5.422229e-02
5.404694e-02 5.426227e-02
5.404178e-02 5.436678e-02
5.403662e-02 5.425055e-02
5.403073e-02 5.425287e-02
5.402568e-02 5.421728e-02
5.401953e-02 5.423369e-02
5.401412e-02 5.422720e-02
5.400907e-02 5.420990e-02
5.400373e-02 5.421961e-02
5.399875e-02 5.418629e-02
5.399321e-02 5.413964e-02
5.398819e-02 5.413404e-02
5.398292e-02 5.418375e-02
5.397651e-02 5.416694e-02
5.397263e-02 5.436037e-02
5.396664e-02 5.414852e-02
5.396138e-02 5.427275e-02
5.395653e-02 5.418698e-02
5.395127e-02 5.411723e-02
5.394577e-02 5.412831e-02
5.394114e-02 5.424234e-02
5.393684e-02 5.410459e-02
5.393145e-02 5.415114e-02
5.392636e-02 5.415788e-02
5.392079e-02 5.406294e-02
5.391614e-02 5.408481e-02
5.391052e-02 5.415633e-02
5.390692e-02 5.407251e-02
5.390162e-02 5.409304e-02
5.389602e-02 5.408354e-02
5.389130e-02 5.406489e-02
5.388655e-02 5.411785e-02
5.388158e-02 5.412011e-02
5.387675e-02 5.418616e-02
5.387146e-02 5.404482e-02
5.386777e-02 5.409775e-02
5.386236e-02 5.402533e-02
5.385722e-02 5.408370e-02
5.385226e-02 5.408480e-02
5.384797e-02 5.410512e-02
5.384310e-02 5.412852e-02
5.383763e-02 5.399712e-02
5.383365e-02 5.403634e-02
5.382901e-02 5.401990e-02
5.382480e-02 5.403004e-02
5.381985e-02 5.401827e-02
5.381425e-02 5.404471e-02
5.381083e-02 5.395137e-02
5.380643e-02 5.399671e-02
5.380125e-02 5.402995e-02
5.379591e-02 5.401619e-02
5.379180e-02 5.399974e-02
5.378787e-02 5.396989e-02
5.378403e-02 5.398428e-02
5.377911e-02 5.416272e-02
5.377464e-02 5.396234e-02
5.377001e-02 5.399978e-02
5.368043e-02 5.388333e-02
5.367629e-02 5.387789e-02
5.367242e-02 5.388505e-02
5.366807e-02 5.380461e-02
5.366295e-02 5.393538e-02
5.365877e-02 5.389355e-02
5.365538e-02 5.384791e-02
5.365145e-02 5.400583e-02
5.364720e-02 5.380656e-02
5.364279e-02 5.391413e-02
5.363967e-02 5.383068e-02
5.363671e-02 5.378450e-02
5.363250e-02 5.395182e-02
5.362797e-02 5.376325e-02
5.362288e-02 5.385935e-02
5.361927e-02 5.376702e-02
5.361614e-02 5.375213e-02
5.361241e-02 5.379806e-02
5.360795e-02 5.376027e-02
5.360488e-02 5.381624e-02
5.360009e-02 5.377424e-02
5.359585e-02 5.376279e-02
5.359277e-02 5.379405e-02
5.358720e-02 5.381718e-02
5.358385e-02 5.382179e-02
5.358019e-02 5.379600e-02
5.357697e-02 5.378660e-02
5.357304e-02 5.391654e-02
5.356928e-02 5.370049e-02
5.356628e-02 5.376503e-02
5.356076e-02 5.380901e-02
5.355745e-02 5.384837e-02
5.355415e-02 5.382908e-02
5.354982e-02 5.375306e-02
5.354617e-02 5.371372e-02
5.354302e-02 5.374737e-02
5.353968e-02 5.372912e-02
5.353473e-02 5.367120e-02
5.353221e-02 5.369315e-02
5.352809e-02 5.371262e-02
5.352507e-02 5.379954e-02
5.352118e-02 5.373927e-02
5.351732e-02 5.372726e-02
5.351309e-02 5.374386e-02
5.351048e-02 5.370026e-02
5.350663e-02 5.378404e-02
5.350362e-02 5.383705e-02
5.350022e-02 5.366989e-02
5.349616e-02 5.373882e-02
5.349156e-02 5.365577e-02
5.348863e-02 5.368623e-02
5.348546e-02 5.371050e-02
5.348239e-02 5.372653e-02
5.347801e-02 5.372543e-02
5.347466e-02 5.367940e-02
5.347010e-02 5.371227e-02
5.346738e-02 5.360503e-02
5.346359e-02 5.363924e-02
5.346131e-02 5.367614e-02
5.345719e-02 5.370152e-02
5.345463e-02 5.364207e-02
5.345036e-02 5.362787e-02
5.344663e-02 5.366063e-02
5.344383e-02 5.364226e-02
5.344076e-02 5.361561e-02
5.343715e-02 5.360830e-02
5.343295e-02 5.371503e-02
5.343016e-02 5.366932e-02
5.342667e-02 5.361283e-02
5.342289e-02 5.367648e-02
5.341958e-02 5.365679e-02
5.341700e-02 5.365090e-02
5.341326e-02 5.359557e-02
5.340962e-02 5.356176e-02
5.340689e-02 5.361633e-02
5.340333e-02 5.362097e-02
5.339909e-02 5.362351e-02
5.339675e-02 5.362275e-02
5.339337e-02 5.362218e-02
5.338961e-02 5.359511e-02
5.338681e-02 5.362564e-02
5.338392e-02 5.359923e-02
5.337995e-02 5.366400e-02
5.337767e-02 5.366792e-02
5.337417e-02 5.374040e-02
5.337041e-02 5.354918e-02
5.336672e-02 5.360778e-02
5.336421e-02 5.358917e-02
5.336115e-02 5.356484e-02
5.335721e-02 5.354756e-02
5.335477e-02 5.365281e-02
5.335147e-02 5.358334e-02
5.334710e-02 5.350239e-02
5.334432e-02 5.351025e-02
5.334193e-02 5.358822e-02
5.333840e-02 5.371059e-02
5.333469e-02 5.350447e-02
5.333278e-02 5.348586e-02
5.332914e-02 5.346513e-02
5.332559e-02 5.350888e-02
5.332203e-02 5.358049e-02
5.331935e-02 5.347007e-02
5.331591e-02 5.348880e-02
5.331333e-02 5.361581e-02
5.331051e-02 5.355146e-02
5.330765e-02 5.351099e-02
5.330488e-02 5.353214e-02
5.329977e-02 5.355201e-02
5.329829e-02 5.352156e-02
5.329528e-02 5.356241e-02
5.329172e-02 5.345998e-02
5.328866e-02 5.347957e-02
5.328595e-02 5.352380e-02
5.328278e-02 5.354225e-02
5.328018e-02 5.348014e-02
5.327632e-02 5.353081e-02
5.327369e-02 5.350088e-02
5.327176e-02 5.357422e-02
5.326803e-02 5.346558e-02
5.326483e-02 5.355402e-02
5.326213e-02 5.350782e-02
5.325856e-02 5.340418e-02
5.325610e-02 5.345488e-02
5.325335e-02 5.342213e-02
5.325057e-02 5.345149e-02
5.324741e-02 5.342251e-02
5.324521e-02 5.348893e-02
5.324181e-02 5.340094e-02
5.323889e-02 5.356000e-02
5.323598e-02 5.341704e-02
5.323326e-02 5.343596e-02
5.323071e-02 5.337798e-02
5.322760e-02 5.343879e-02
5.322444e-02 5.343303e-02
5.322253e-02 5.348954e-02
5.321922e-02 5.338366e-02
5.321667e-02 5.345877e-02
5.321426e-02 5.341343e-02
5.321003e-02 5.336494e-02
5.320836e-02 5.338670e-02
5.320507e-02 5.338610e-02
5.320203e-02 5.338204e-02
5.319975e-02 5.339292e-02
5.319642e-02 5.340751e-02
5.319463e-02 5.373837e-02
5.319139e-02 5.347845e-02
5.318785e-02 5.335952e-02
5.318579e-02 5.347326e-02
5.318263e-02 5.335956e-02
5.317985e-02 5.345122e-02
5.317744e-02 5.333654e-02
5.317428e-02 5.337863e-02
5.317162e-02 5.341877e-02
5.316991e-02 5.331711e-02
5.316532e-02 5.338900e-02
5.316381e-02 5.333885e-02
5.316202e-02 5.334593e-02
5.315893e-02 5.331210e-02
5.315614e-02 5.332432e-02
5.315259e-02 5.346686e-02
5.314992e-02 5.330907e-02
5.314722e-02 5.345405e-02
5.314538e-02 5.330420e-02
5.314274e-02 5.333760e-02
5.313993e-02 5.348187e-02
5.313812e-02 5.338008e-02
5.313453e-02 5.336558e-02
5.313254e-02 5.341064e-02
5.312871e-02 5.336801e-02
5.312566e-02 5.331302e-02
5.312378e-02 5.335366e-02
5.312140e-02 5.327223e-02
5.311922e-02 5.325432e-02
5.311684e-02 5.337253e-02
5.311349e-02 5.335945e-02
5.311024e-02 5.334958e-02
5.310782e-02 5.331605e-02
5.310555e-02 5.325763e-02
5.310335e-02 5.337527e-02
5.310122e-02 5.330589e-02
5.309827e-02 5.338691e-02
5.309518e-02 5.325796e-02
5.309336e-02 5.330264e-02
5.309010e-02 5.322167e-02
5.308808e-02 5.326518e-02
5.308569e-02 5.326467e-02
5.308256e-02 5.334728e-02
5.308049e-02 5.323471e-02
5.307828e-02 5.321729e-02
5.307623e-02 5.331613e-02
5.307276e-02 5.320978e-02
5.307103e-02 5.331048e-02
5.306953e-02 5.327226e-02
5.306559e-02 5.334947e-02
5.306321e-02 5.328532e-02
5.306072e-02 5.334187e-02
5.305872e-02 5.330209e-02
5.305532e-02 5.322741e-02
5.305332e-02 5.328007e-02
5.305121e-02 5.336806e-02
5.300163e-02 5.327007e-02
5.299921e-02 5.326037e-02
5.299736e-02 5.319638e-02
5.299477e-02 5.321632e-02
5.299200e-02 5.322609e-02
5.298930e-02 5.320880e-02
5.298761e-02 5.327531e-02
5.298620e-02 5.313698e-02
5.298364e-02 5.320828e-02
5.298121e-02 5.317884e-02
5.297841e-02 5.319987e-02
5.297702e-02 5.333068e-02
5.297483e-02 5.315357e-02
5.297316e-02 5.316922e-02
5.296874e-02 5.331067e-02
5.296748e-02 5.313539e-02
5.296596e-02 5.322865e-02
5.296333e-02 5.319232e-02
5.296210e-02 5.317730e-02
5.295911e-02 5.322741e-02
5.295607e-02 5.321282e-02
5.295476e-02 5.313947e-02
5.295249e-02 5.320269e-02
5.295033e-02 5.321273e-02
5.294769e-02 5.313693e-02
5.294572e-02 5.329769e-02
5.294376e-02 5.316407e-02
5.294133e-02 5.325530e-02
5.293932e-02 5.321040e-02
5.293562e-02 5.314070e-02
5.293532e-02 5.306425e-02
5.293197e-02 5.316558e-02
5.293073e-02 5.308115e-02
5.292833e-02 5.309642e-02
5.292619e-02 5.313981e-02
5.292489e-02 5.305323e-02
5.292128e-02 5.309149e-02
5.292089e-02 5.324665e-02
5.291713e-02 5.318073e-02
5.291501e-02 5.322784e-02
5.291243e-02 5.322422e-02
5.291197e-02 5.309909e-02
5.290915e-02 5.309009e-02
5.290709e-02 5.305379e-02
5.290532e-02 5.310756e-02
5.290302e-02 5.303454e-02
5.290149e-02 5.320547e-02
5.289874e-02 5.316451e-02
5.289653e-02 5.309044e-02
5.289494e-02 5.318805e-02
5.289309e-02 5.303710e-02
5.289027e-02 5.320854e-02
5.288836e-02 5.306488e-02
5.288616e-02 5.304741e-02
5.288349e-02 5.307493e-02
5.288234e-02 5.305036e-02
5.287916e-02 5.317704e-02
5.287818e-02 5.306365e-02
5.287642e-02 5.307161e-02
5.287408e-02 5.308762e-02
5.287183e-02 5.305005e-02
5.286915e-02 5.303011e-02
5.286817e-02 5.311179e-02
5.286692e-02 5.303574e-02
5.286413e-02 5.319645e-02
5.286112e-02 5.313257e-02
5.285954e-02 5.313925e-02
5.285835e-02 5.306635e-02
5.285480e-02 5.301529e-02
5.285360e-02 5.314946e-02
5.285244e-02 5.311810e-02
5.284958e-02 5.310045e-02
5.284901e-02 5.298814e-02
5.284564e-02 5.307478e-02
5.284347e-02 5.311378e-02
5.284257e-02 5.303760e-02
5.283994e-02 5.300654e-02
5.283805e-02 5.310179e-02
5.283565e-02 5.304426e-02
5.283547e-02 5.296850e-02
5.283248e-02 5.310296e-02
5.282925e-02 5.306572e-02
5.282928e-02 5.326140e-02
5.282586e-02 5.310222e-02
5.282452e-02 5.297473e-02
5.282171e-02 5.298539e-02
5.282049e-02 5.305945e-02
5.281868e-02 5.305569e-02
5.281676e-02 5.319664e-02
5.281488e-02 5.302172e-02
5.281341e-02 5.293704e-02
5.263692e-02 5.286091e-02
5.263572e-02 5.299173e-02
5.263377e-02 5.281580e-02
5.263128e-02 5.292827e-02
5.263013e-02 5.288039e-02
5.262947e-02 5.275433e-02
5.262653e-02 5.292144e-02
5.262556e-02 5.295929e-02
5.262376e-02 5.289491e-02
5.262237e-02 5.280516e-02
5.262195e-02 5.295044e-02
5.261849e-02 5.285937e-02
5.261830e-02 5.283964e-02
5.261631e-02 5.294862e-02
5.261479e-02 5.277134e-02
5.261295e-02 5.290308e-02
5.261160e-02 5.292197e-02
5.260827e-02 5.292617e-02
5.260838e-02 5.275890e-02
5.260652e-02 5.281360e-02
5.260488e-02 5.280303e-02
5.260367e-02 5.278343e-02
5.260228e-02 5.285954e-02
5.260035e-02 5.281830e-02
5.260041e-02 5.280823e-02
5.259703e-02 5.286682e-02
5.259700e-02 5.290260e-02
5.259483e-02 5.288236e-02
5.259290e-02 5.275029e-02
5.259257e-02 5.303790e-02
5.258957e-02 5.280827e-02
5.258910e-02 5.289132e-02
5.258670e-02 5.272825e-02
5.258551e-02 5.280813e-02
5.258537e-02 5.285853e-02
5.258217e-02 5.289436e-02
5.258093e-02 5.282672e-02
5.257976e-02 5.272177e-02
5.257732e-02 5.284896e-02
5.257595e-02 5.277355e-02
5.257454e-02 5.277765e-02
5.257334e-02 5.288921e-02
5.257208e-02 5.276338e-02
5.257068e-02 5.275327e-02
5.256852e-02 5.278722e-02
5.256543e-02 5.291493e-02
5.256606e-02 5.272689e-02
5.256455e-02 5.274839e-02
5.256266e-02 5.268651e-02
5.256144e-02 5.292329e-02
5.255939e-02 5.270665e-02
5.255839e-02 5.288283e-02
5.255811e-02 5.295961e-02
5.255479e-02 5.283432e-02
5.255291e-02 5.274138e-02
5.255263e-02 5.280354e-02
5.255088e-02 5.270443e-02
5.254969e-02 5.280263e-02
5.254896e-02 5.282575e-02
5.254695e-02 5.271365e-02
5.254500e-02 5.283580e-02
5.254361e-02 5.283112e-02
5.254199e-02 5.278166e-02
5.254064e-02 5.278112e-02
5.253892e-02 5.276387e-02
5.253723e-02 5.283195e-02
5.253651e-02 5.272105e-02
5.253533e-02 5.276298e-02
5.253226e-02 5.281427e-02
5.253133e-02 5.272459e-02
5.253089e-02 5.270234e-02
5.252949e-02 5.268035e-02
5.252771e-02 5.267552e-02
5.252698e-02 5.271655e-02
5.252533e-02 5.274076e-02
5.252356e-02 5.273344e-02
5.252174e-02 5.290797e-02
5.252169e-02 5.279995e-02
5.251902e-02 5.269254e-02
5.251625e-02 5.275450e-02
5.251636e-02 5.279003e-02
5.251555e-02 5.268905e-02
5.251357e-02 5.266605e-02
5.251152e-02 5.275380e-02
5.251013e-02 5.266939e-02
5.251040e-02 5.273968e-02
5.250741e-02 5.282752e-02
5.250647e-02 5.277718e-02
5.250597e-02 5.268605e-02
5.250388e-02 5.276189e-02
5.250278e-02 5.282781e-02
5.250106e-02 5.265000e-02
5.249970e-02 5.262285e-02
5.249787e-02 5.272709e-02
5.249667e-02 5.269901e-02
5.249487e-02 5.263562e-02
5.249404e-02 5.264097e-02
5.249130e-02 5.272758e-02
5.249064e-02 5.266801e-02
5.248915e-02 5.269235e-02
5.248853e-02 5.273380e-02
5.248777e-02 5.262685e-02
5.248574e-02 5.273495e-02
5.248455e-02 5.263146e-02
5.248332e-02 5.271856e-02
5.248185e-02 5.262571e-02
5.248090e-02 5.272188e-02
5.247858e-02 5.294078e-02
5.247711e-02 5.264726e-02
5.247455e-02 5.267513e-02
5.247426e-02 5.272364e-02
5.247283e-02 5.267486e-02
5.247219e-02 5.265962e-02
5.247003e-02 5.270920e-02
5.246934e-02 5.265564e-02
5.246795e-02 5.270294e-02
5.246677e-02 5.264292e-02
5.246419e-02 5.269664e-02
5.246376e-02 5.270660e-02
5.246225e-02 5.263148e-02
5.246037e-02 5.268693e-02
5.246013e-02 5.266684e-02
5.245786e-02 5.261529e-02
5.245602e-02 5.282736e-02
5.245498e-02 5.271931e-02
5.245351e-02 5.265853e-02
5.245290e-02 5.276180e-02
5.245192e-02 5.274586e-02
5.244971e-02 5.275291e-02
5.244955e-02 5.261874e-02
5.244630e-02 5.262989e-02
5.244633e-02 5.262522e-02
5.244413e-02 5.269762e-02
5.244295e-02 5.269864e-02
5.244168e-02 5.267677e-02
5.244090e-02 5.282569e-02
5.243909e-02 5.271224e-02
5.243861e-02 5.288899e-02
5.243717e-02 5.272560e-02
5.243598e-02 5.272306e-02
5.243419e-02 5.264159e-02
5.243276e-02 5.258685e-02
5.243173e-02 5.269216e-02
5.243088e-02 5.267825e-02
5.242955e-02 5.267596e-02
5.242773e-02 5.265633e-02
5.242564e-02 5.270907e-02
5.242607e-02 5.263797e-02
5.242310e-02 5.275541e-02
5.242230e-02 5.255577e-02
5.242192e-02 5.260826e-02
5.241929e-02 5.268135e-02
5.241852e-02 5.278139e-02
5.241744e-02 5.268335e-02
5.241621e-02 5.258071e-02
5.241341e-02 5.260037e-02
5.241233e-02 5.270863e-02
5.241230e-02 5.258024e-02
5.241174e-02 5.270908e-02
5.240989e-02 5.266499e-02
5.240874e-02 5.265880e-02
5.240782e-02 5.258399e-02
5.240498e-02 5.273274e-02
5.240572e-02 5.276292e-02
5.240247e-02 5.253487e-02
5.240290e-02 5.256474e-02
5.240080e-02 5.252772e-02
5.239926e-02 5.264329e-02
5.239798e-02 5.274234e-02
5.239607e-02 5.284566e-02
5.239494e-02 5.252310e-02
5.239523e-02 5.254724e-02
5.239426e-02 5.254892e-02
5.239153e-02 5.263017e-02
5.239120e-02 5.265815e-02
5.238990e-02 5.278883e-02
5.238755e-02 5.271637e-02
5.238712e-02 5.253130e-02
5.238527e-02 5.261775e-02
5.238445e-02 5.270009e-02
5.238276e-02 5.261236e-02
5.238213e-02 5.265298e-02
5.237955e-02 5.259818e-02
5.237921e-02 5.261867e-02
5.237894e-02 5.253574e-02
5.237804e-02 5.255438e-02
5.237640e-02 5.261193e-02
5.237415e-02 5.260322e-02
5.237344e-02 5.256636e-02
5.237283e-02 5.258128e-02
5.237141e-02 5.253769e-02
5.236993e-02 5.252880e-02
5.236775e-02 5.257457e-02
5.236636e-02 5.256221e-02
5.236666e-02 5.251814e-02
5.236474e-02 5.280278e-02
5.236366e-02 5.275416e-02
5.236171e-02 5.259358e-02
5.236073e-02 5.254013e-02
5.235960e-02 5.276848e-02
5.235890e-02 5.261731e-02
5.235791e-02 5.260807e-02
5.235583e-02 5.261170e-02
5.235448e-02 5.266910e-02
5.235276e-02 5.259500e-02
5.235133e-02 5.255300e-02
5.235199e-02 5.266377e-02
5.235053e-02 5.262332e-02
5.234927e-02 5.248179e-02
5.234686e-02 5.253237e-02
5.234721e-02 5.261562e-02
5.234505e-02 5.259793e-02
5.234525e-02 5.249913e-02
5.234287e-02 5.271405e-02
5.234202e-02 5.248560e-02
5.234162e-02 5.247685e-02
5.233945e-02 5.252490e-02
5.233761e-02 5.255553e-02
5.233734e-02 5.252270e-02
5.233595e-02 5.251907e-02
5.233490e-02 5.253483e-02
5.233287e-02 5.256688e-02
5.233242e-02 5.268735e-02
5.233124e-02 5.250850e-02
5.232954e-02 5.253601e-02
5.232841e-02 5.245036e-02
5.232702e-02 5.256958e-02
5.232622e-02 5.248752e-02
5.232489e-02 5.263274e-02
5.232382e-02 5.251529e-02
5.232332e-02 5.251658e-02
5.232203e-02 5.257168e-02
5.232065e-02 5.251662e-02
5.231952e-02 5.242709e-02
5.231815e-02 5.279561e-02
5.231740e-02 5.245023e-02
5.231586e-02 5.248970e-02
5.231578e-02 5.256781e-02
5.231359e-02 5.251466e-02
5.231248e-02 5.247427e-02
5.231122e-02 5.250992e-02
5.231065e-02 5.243998e-02
5.230870e-02 5.246327e-02
5.230801e-02 5.258510e-02
5.230693e-02 5.247790e-02
5.230548e-02 5.261410e-02
5.230450e-02 5.260495e-02
5.230297e-02 5.259523e-02
5.230131e-02 5.265524e-02
5.230119e-02 5.244180e-02
5.230000e-02 5.260651e-02
5.229922e-02 5.264688e-02
5.229756e-02 5.247149e-02
5.229630e-02 5.249446e-02
5.229467e-02 5.252909e-02
5.229468e-02 5.247954e-02
5.229269e-02 5.244786e-02
5.229258e-02 5.252851e-02
5.228997e-02 5.252950e-02
5.228819e-02 5.251534e-02
5.228813e-02 5.246082e-02
5.228611e-02 5.264317e-02
5.228612e-02 5.256210e-02
5.228542e-02 5.249675e-02
5.228386e-02 5.241257e-02
5.228120e-02 5.255846e-02
5.228169e-02 5.246597e-02
5.228004e-02 5.261405e-02
5.227999e-02 5.247930e-02
5.227885e-02 5.245256e-02
5.227825e-02 5.244832e-02
5.227647e-02 5.250723e-02
5.227653e-02 5.269718e-02
5.227423e-02 5.248931e-02
5.227202e-02 5.248291e-02
5.227112e-02 5.242788e-02
5.226981e-02 5.243163e-02
5.226991e-02 5.249117e-02
5.226803e-02 5.243366e-02
5.226642e-02 5.245492e-02
5.226438e-02 5.242367e-02
5.226511e-02 5.250296e-02
5.226402e-02 5.247354e-02
5.226308e-02 5.239654e-02
5.226149e-02 5.252551e-02
5.225938e-02 5.239710e-02
5.225937e-02 5.256681e-02
5.225818e-02 5.244295e-02
5.225807e-02 5.239225e-02
5.225734e-02 5.253944e-02
5.225474e-02 5.243686e-02
5.225439e-02 5.241102e-02
5.225341e-02 5.244150e-02
5.225120e-02 5.241089e-02
5.225113e-02 5.244189e-02
5.224997e-02 5.239648e-02
5.224868e-02 5.246466e-02
5.224698e-02 5.249751e-02
5.224604e-02 5.244218e-02
5.224642e-02 5.243625e-02
5.224462e-02 5.247279e-02
5.224299e-02 5.241286e-02
5.224162e-02 5.251716e-02
5.224188e-02 5.250164e-02
5.224067e-02 5.255394e-02
5.223883e-02 5.247872e-02
5.223846e-02 5.245734e-02
5.223677e-02 5.254775e-02
5.223516e-02 5.244788e-02
5.223429e-02 5.246989e-02
5.223370e-02 5.239986e-02
5.223193e-02 5.242691e-02
5.223099e-02 5.238217e-02
5.223002e-02 5.236028e-02
5.222909e-02 5.233786e-02
5.222833e-02 5.261053e-02
5.222801e-02 5.241658e-02
5.222542e-02 5.245055e-02
5.222510e-02 5.236887e-02
5.222466e-02 5.243716e-02
5.222280e-02 5.252260e-02
5.222157e-02 5.238527e-02
5.222102e-02 5.240028e-02
5.221986e-02 5.248062e-02
5.221732e-02 5.239198e-02
5.221753e-02 5.259906e-02
5.221641e-02 5.240331e-02
5.221506e-02 5.267312e-02
5.221523e-02 5.248226e-02
5.221381e-02 5.236407e-02
5.221295e-02 5.243397e-02
5.221118e-02 5.246351e-02
5.221105e-02 5.247453e-02
5.220983e-02 5.260119e-02
5.220843e-02 5.234747e-02
5.220662e-02 5.237490e-02
5.220695e-02 5.243301e-02
5.220515e-02 5.251847e-02
5.220425e-02 5.253055e-02
5.220315e-02 5.245568e-02
5.220181e-02 5.245059e-02
5.220102e-02 5.233299e-02
5.219984e-02 5.237167e-02
5.219955e-02 5.249613e-02
5.219903e-02 5.247156e-02
5.219599e-02 5.243010e-02
5.219697e-02 5.242310e-02
5.219486e-02 5.239679e-02
5.219389e-02 5.236900e-02
5.219313e-02 5.239664e-02
5.219119e-02 5.243966e-02
5.219080e-02 5.257039e-02
5.218947e-02 5.240460e-02
5.218843e-02 5.244567e-02
5.218720e-02 5.236720e-02
5.218672e-02 5.248661e-02
5.218546e-02 5.257991e-02
5.218414e-02 5.230506e-02
5.218479e-02 5.248163e-02
5.218293e-02 5.241831e-02
5.218192e-02 5.240176e-02
5.218023e-02 5.241247e-02
5.217915e-02 5.242172e-02
5.217925e-02 5.249425e-02
5.217711e-02 5.242326e-02
5.217653e-02 5.232804e-02
5.217539e-02 5.238424e-02
5.217393e-02 5.237718e-02
5.217431e-02 5.240430e-02
5.217345e-02 5.243810e-02
5.217167e-02 5.228335e-02
5.217190e-02 5.233518e-02
5.216987e-02 5.233944e-02
5.216812e-02 5.231336e-02
5.216863e-02 5.249116e-02
5.216599e-02 5.231533e-02
5.216586e-02 5.243857e-02
5.216501e-02 5.250348e-02
5.216350e-02 5.248124e-02
5.216201e-02 5.235207e-02
5.216195e-02 5.230747e-02
5.216103e-02 5.235828e-02
5.216002e-02 5.239820e-02
5.215829e-02 5.258167e-02
5.215809e-02 5.228402e-02
5.215632e-02 5.232323e-02
5.215620e-02 5.258956e-02
5.215428e-02 5.244240e-02
5.215384e-02 5.231380e-02
5.215228e-02 5.245612e-02
5.215191e-02 5.255014e-02
5.215148e-02 5.228103e-02
5.214878e-02 5.233258e-02
5.214802e-02 5.230639e-02
5.214978e-02 5.235014e-02
5.214957e-02 5.228524e-02
5.214704e-02 5.234184e-02
5.214538e-02 5.251833e-02
5.214394e-02 5.239431e-02
5.214355e-02 5.226226e-02
5.214246e-02 5.254902e-02
5.214212e-02 5.243178e-02
5.214069e-02 5.235436e-02
5.213946e-02 5.235935e-02
5.213900e-02 5.239290e-02
5.213702e-02 5.227083e-02
5.213626e-02 5.238355e-02
5.213540e-02 5.226762e-02
5.213633e-02 5.234289e-02
5.213372e-02 5.245903e-02
5.213207e-02 5.224612e-02
5.213152e-02 5.238251e-02
5.213136e-02 5.234999e-02
5.213036e-02 5.225067e-02
5.212963e-02 5.238087e-02
5.212688e-02 5.241281e-02
5.212718e-02 5.231952e-02
5.212586e-02 5.232066e-02
5.212491e-02 5.245744e-02
5.212364e-02 5.235308e-02
5.212417e-02 5.228982e-02
5.212315e-02 5.250143e-02
5.212159e-02 5.229506e-02
5.212099e-02 5.266259e-02
5.212022e-02 5.238355e-02
5.211730e-02 5.243046e-02
5.211772e-02 5.232161e-02
5.211830e-02 5.227999e-02
5.211544e-02 5.256477e-02
5.211658e-02 5.225901e-02
5.211458e-02 5.243460e-02
5.211286e-02 5.244042e-02
5.211246e-02 5.226899e-02
5.211137e-02 5.245817e-02
5.211045e-02 5.228934e-02
5.211045e-02 5.223568e-02
5.210777e-02 5.256780e-02
5.210798e-02 5.249672e-02
5.210703e-02 5.243406e-02
5.210671e-02 5.240640e-02
5.210514e-02 5.223871e-02
5.210334e-02 5.230056e-02
5.210282e-02 5.234506e-02
5.210058e-02 5.224780e-02
5.210065e-02 5.246525e-02
5.210019e-02 5.226963e-02
5.209999e-02 5.239108e-02
5.209804e-02 5.246696e-02
5.209738e-02 5.250707e-02
5.209660e-02 5.233953e-02
5.209550e-02 5.228527e-02
5.209419e-02 5.225303e-02
5.209444e-02 5.224672e-02
5.209293e-02 5.233256e-02
5.209168e-02 5.236211e-02
5.209092e-02 5.231025e-02
5.208981e-02 5.228067e-02
5.208948e-02 5.224228e-02
5.208811e-02 5.242992e-02
5.208892e-02 5.221542e-02
5.208642e-02 5.232575e-02
5.208528e-02 5.240711e-02
5.208657e-02 5.255306e-02
5.208354e-02 5.220362e-02
5.208257e-02 5.225274e-02
5.208175e-02 5.226592e-02
5.208228e-02 5.230477e-02
5.207924e-02 5.232857e-02
5.207938e-02 5.227834e-02
5.207832e-02 5.225166e-02
5.207719e-02 5.224129e-02
5.207609e-02 5.235431e-02
5.207617e-02 5.228686e-02
5.207502e-02 5.222726e-02
5.207415e-02 5.225351e-02
5.207319e-02 5.222333e-02
5.207141e-02 5.230614e-02
5.207066e-02 5.222810e-02
5.206871e-02 5.238533e-02
5.206885e-02 5.242184e-02
5.206841e-02 5.220699e-02
5.206741e-02 5.219938e-02
5.206670e-02 5.221112e-02
5.206658e-02 5.226818e-02
5.206603e-02 5.228506e-02
5.206392e-02 5.221983e-02
5.206379e-02 5.244055e-02
5.206299e-02 5.222038e-02
5.206097e-02 5.245544e-02
5.206003e-02 5.229308e-02
5.205891e-02 5.224058e-02
5.205761e-02 5.225744e-02
5.205771e-02 5.227104e-02
5.205593e-02 5.230474e-02
5.205632e-02 5.227600e-02
5.205538e-02 5.238065e-02
5.205444e-02 5.222099e-02
5.205383e-02 5.232603e-02
5.205228e-02 5.221752e-02
5.205169e-02 5.229461e-02
5.205053e-02 5.233209e-02
5.205016e-02 5.235377e-02
5.204984e-02 5.222135e-02
5.204804e-02 5.238467e-02
5.204694e-02 5.230673e-02
5.204727e-02 5.247747e-02
5.204611e-02 5.235088e-02
5.204396e-02 5.228331e-02
5.204366e-02 5.216282e-02
5.204236e-02 5.215954e-02
5.204277e-02 5.223450e-02
5.204226e-02 5.221392e-02
5.203995e-02 5.219754e-02
5.203985e-02 5.227281e-02
5.203955e-02 5.215175e-02
5.203782e-02 5.222272e-02
5.203619e-02 5.226956e-02
5.203690e-02 5.240574e-02
5.203545e-02 5.225533e-02
5.203408e-02 5.227686e-02
5.203257e-02 5.217379e-02
5.203296e-02 5.227512e-02
5.203124e-02 5.224123e-02
5.203010e-02 5.235460e-02
5.202969e-02 5.223238e-02
5.202975e-02 5.228098e-02
5.202800e-02 5.225862e-02
5.202726e-02 5.226125e-02
5.202656e-02 5.213818e-02
5.202660e-02 5.222669e-02
5.202572e-02 5.229038e-02
5.202517e-02 5.215692e-02
5.202241e-02 5.220769e-02
5.202293e-02 5.223081e-02
5.202207e-02 5.236592e-02
5.202171e-02 5.237471e-02
5.201967e-02 5.217034e-02
5.201849e-02 5.233905e-02
5.201825e-02 5.233979e-02
5.201684e-02 5.216667e-02
5.201634e-02 5.227565e-02
5.201558e-02 5.233496e-02
5.201348e-02 5.232564e-02
5.201440e-02 5.228992e-02
5.201409e-02 5.236003e-02
5.201215e-02 5.222000e-02
5.201088e-02 5.215442e-02
5.201017e-02 5.225643e-02
5.200927e-02 5.229785e-02
5.200932e-02 5.214448e-02
5.200760e-02 5.234673e-02
5.200771e-02 5.238847e-02
5.200724e-02 5.215272e-02
5.200545e-02 5.225525e-02
5.200472e-02 5.222575e-02
5.200378e-02 5.211443e-02
5.200308e-02 5.211119e-02
5.200251e-02 5.220763e-02
5.200235e-02 5.222335e-02
5.199954e-02 5.213877e-02
5.200032e-02 5.216929e-02
5.199790e-02 5.216410e-02
5.199884e-02 5.210637e-02
5.199789e-02 5.221691e-02
5.199687e-02 5.226159e-02
5.199656e-02 5.214351e-02
5.199499e-02 5.232185e-02
5.199423e-02 5.221350e-02
5.199359e-02 5.211992e-02
5.199358e-02 5.224257e-02
5.199198e-02 5.237246e-02
5.199102e-02 5.209830e-02
5.199016e-02 5.216828e-02
5.198842e-02 5.211244e-02
5.198824e-02 5.212324e-02
5.198829e-02 5.227810e-02
5.198607e-02 5.223351e-02
5.198666e-02 5.213450e-02
5.198347e-02 5.212775e-02
5.198344e-02 5.222368e-02
5.198504e-02 5.218344e-02
5.198223e-02 5.235935e-02
5.198169e-02 5.220673e-02
5.198033e-02 5.217803e-02
5.198010e-02 5.233914e-02
5.197979e-02 5.209364e-02
5.197931e-02 5.209503e-02
5.197836e-02 5.217837e-02
5.197727e-02 5.218087e-02
5.197574e-02 5.217658e-02
5.197508e-02 5.218066e-02
5.197454e-02 5.220239e-02
5.197376e-02 5.210928e-02
5.197190e-02 5.214315e-02
5.197343e-02 5.215675e-02
5.197197e-02 5.212599e-02
5.197052e-02 5.220853e-02
5.197024e-02 5.241275e-02
5.196864e-02 5.221069e-02
5.196892e-02 5.216587e-02
5.196793e-02 5.218234e-02
5.196748e-02 5.216413e-02
5.196622e-02 5.215379e-02
5.196482e-02 5.209410e-02
5.196475e-02 5.213740e-02
5.196354e-02 5.222048e-02
5.196251e-02 5.211934e-02
5.196188e-02 5.225842e-02
5.196129e-02 5.226691e-02
5.195959e-02 5.213383e-02
5.196051e-02 5.214682e-02
5.195911e-02 5.227569e-02
5.195860e-02 5.214837e-02
5.195759e-02 5.215077e-02
5.195731e-02 5.208676e-02
5.195561e-02 5.210630e-02
5.195409e-02 5.224999e-02
5.195489e-02 5.215398e-02
5.195438e-02 5.229524e-02
5.195259e-02 5.223840e-02
5.195146e-02 5.211427e-02
5.195153e-02 5.215324e-02
5.195082e-02 5.210455e-02
5.195009e-02 5.228713e-02
5.194845e-02 5.215651e-02
5.194853e-02 5.211844e-02
5.194762e-02 5.211070e-02
5.194609e-02 5.218052e-02
5.194520e-02 5.217170e-02
5.194522e-02 5.212062e-02
5.194370e-02 5.214774e-02
5.194332e-02 5.218076e-02
5.194326e-02 5.210133e-02
5.194189e-02 5.245753e-02
5.194018e-02 5.205866e-02
5.194121e-02 5.208633e-02
5.193991e-02 5.217767e-02
5.193908e-02 5.212419e-02
5.193795e-02 5.213219e-02
5.193755e-02 5.207190e-02
5.193640e-02 5.219554e-02
5.193615e-02 5.214105e-02
5.193450e-02 5.216345e-02
5.193454e-02 5.211725e-02
5.193294e-02 5.206044e-02
5.193341e-02 5.210226e-02
5.193142e-02 5.216832e-02
5.193104e-02 5.223369e-02
5.193124e-02 5.213376e-02
5.193022e-02 5.225120e-02
5.193029e-02 5.217179e-02
5.192802e-02 5.203712e-02
5.192692e-02 5.217361e-02
5.192717e-02 5.227534e-02
5.192612e-02 5.231026e-02
5.192356e-02 5.213289e-02
5.192535e-02 5.214103e-02
5.192311e-02 5.236749e-02
5.192200e-02 5.224445e-02
5.192213e-02 5.223794e-02
5.192053e-02 5.223307e-02
5.192155e-02 5.202760e-02
5.192146e-02 5.219295e-02
5.191884e-02 5.213711e-02
5.191875e-02 5.209029e-02
5.191792e-02 5.223242e-02
5.191665e-02 5.212614e-02
5.191686e-02 5.211662e-02
5.191565e-02 5.208483e-02
5.191365e-02 5.214838e-02
5.191391e-02 5.202522e-02
5.191299e-02 5.232210e-02
5.191264e-02 5.204689e-02
5.191184e-02 5.206314e-02
5.191080e-02 5.209277e-02
5.191013e-02 5.242063e-02
5.190923e-02 5.218000e-02
5.190801e-02 5.222760e-02
5.190745e-02 5.227858e-02
5.190650e-02 5.217885e-02
5.190651e-02 5.221099e-02
5.190597e-02 5.211997e-02
5.190524e-02 5.206256e-02
5.190430e-02 5.227953e-02
5.190429e-02 5.216666e-02
5.190321e-02 5.210707e-02
5.190197e-02 5.219177e-02
5.190191e-02 5.204525e-02
5.190035e-02 5.218001e-02
5.190044e-02 5.210016e-02
5.189909e-02 5.207991e-02
5.189817e-02 5.207277e-02
5.189796e-02 5.212738e-02
5.189650e-02 5.220406e-02
5.189670e-02 5.207345e-02
5.189454e-02 5.210992e-02
5.189509e-02 5.205014e-02
5.189548e-02 5.218650e-02
5.189382e-02 5.205608e-02
5.189183e-02 5.212735e-02
5.189269e-02 5.214387e-02
5.189095e-02 5.202073e-02
5.189069e-02 5.240341e-02
5.188951e-02 5.213688e-02
5.188930e-02 5.204292e-02
5.188808e-02 5.210279e-02
5.188725e-02 5.199270e-02
5.188649e-02 5.205093e-02
5.188615e-02 5.207254e-02
5.188424e-02 5.217469e-02
5.188504e-02 5.203972e-02
5.188477e-02 5.212260e-02
5.188330e-02 5.208796e-02
5.188309e-02 5.216926e-02
5.188197e-02 5.221261e-02
5.188008e-02 5.222096e-02
5.188012e-02 5.206557e-02
5.187964e-02 5.209911e-02
5.187900e-02 5.208025e-02
5.187855e-02 5.209005e-02
5.187596e-02 5.215797e-02
5.187586e-02 5.201953e-02
5.187711e-02 5.203998e-02
5.187486e-02 5.212997e-02
5.187452e-02 5.209472e-02
5.187443e-02 5.212163e-02
5.187371e-02 5.207386e-02
5.187314e-02 5.222472e-02
5.187140e-02 5.205610e-02
5.187079e-02 5.201187e-02
5.186946e-02 5.205692e-02
5.186969e-02 5.218778e-02
5.186985e-02 5.205000e-02
5.186857e-02 5.207119e-02
5.186827e-02 5.201040e-02
5.186749e-02 5.198582e-02
5.186669e-02 5.203501e-02
5.186571e-02 5.204267e-02
5.186642e-02 5.205629e-02
5.186398e-02 5.206604e-02
5.186388e-02 5.221085e-02
5.186213e-02 5.219199e-02
5.186190e-02 5.208406e-02
5.186071e-02 5.197257e-02
5.186022e-02 5.201249e-02
5.185983e-02 5.201761e-02
5.185953e-02 5.216272e-02
5.185956e-02 5.199456e-02
5.185831e-02 5.211437e-02
5.185694e-02 5.207547e-02
5.185682e-02 5.202776e-02
5.185572e-02 5.198322e-02
5.185495e-02 5.213399e-02
5.185364e-02 5.212885e-02
5.185423e-02 5.211071e-02
5.185153e-02 5.199147e-02
5.185278e-02 5.204088e-02
5.185185e-02 5.209817e-02
5.185093e-02 5.200314e-02
5.184971e-02 5.206958e-02
5.184910e-02 5.200603e-02
5.184922e-02 5.203657e-02
5.184745e-02 5.204808e-02
5.184721e-02 5.197635e-02
5.184694e-02 5.212696e-02
5.184618e-02 5.208525e-02
5.184368e-02 5.219401e-02
5.184365e-02 5.210106e-02
5.184380e-02 5.211558e-02
5.184363e-02 5.206801e-02
5.184232e-02 5.198657e-02
5.184271e-02 5.200560e-02
5.184125e-02 5.200471e-02
5.184024e-02 5.202342e-02
5.184038e-02 5.200036e-02
5.183897e-02 5.203873e-02
5.183883e-02 5.206089e-02
5.183663e-02 5.200770e-02
5.183618e-02 5.205983e-02
5.183656e-02 5.203892e-02
5.183618e-02 5.214598e-02
5.183617e-02 5.204435e-02
5.183304e-02 5.196952e-02
5.183344e-02 5.214677e-02
5.183368e-02 5.218326e-02
5.183289e-02 5.211966e-02
5.183018e-02 5.201082e-02
5.183069e-02 5.201250e-02
5.183101e-02 5.194628e-02
5.183007e-02 5.213709e-02
5.182937e-02 5.214424e-02
5.182742e-02 5.215082e-02
5.182738e-02 5.210478e-02
5.182769e-02 5.200706e-02
5.182664e-02 5.207364e-02
5.182500e-02 5.223534e-02
5.182568e-02 5.196795e-02
5.182332e-02 5.229957e-02
5.182443e-02 5.208532e-02
5.182088e-02 5.198262e-02
5.182112e-02 5.212142e-02
5.182203e-02 5.194588e-02
5.182220e-02 5.203160e-02
5.182086e-02 5.197917e-02
5.181980e-02 5.193763e-02
5.181824e-02 5.199854e-02
5.181819e-02 5.197864e-02
5.181805e-02 5.202461e-02
5.181728e-02 5.198971e-02
5.181643e-02 5.195728e-02
5.181540e-02 5.196520e-02
5.181364e-02 5.220705e-02
5.181381e-02 5.215209e-02
5.181237e-02 5.198196e-02
5.181344e-02 5.194958e-02
5.181072e-02 5.202416e-02
5.181073e-02 5.207061e-02
5.181137e-02 5.194298e-02
5.181010e-02 5.195077e-02
5.180935e-02 5.198170e-02
5.180878e-02 5.205432e-02
5.180811e-02 5.210140e-02
5.180751e-02 5.202925e-02
5.180699e-02 5.202626e-02
5.180575e-02 5.205260e-02
5.180445e-02 5.196884e-02
5.180478e-02 5.192514e-02
5.180296e-02 5.195133e-02
5.180305e-02 5.208851e-02
5.180170e-02 5.212466e-02
5.180114e-02 5.195295e-02
5.180066e-02 5.209896e-02
5.179863e-02 5.195055e-02
5.179871e-02 5.198302e-02
5.179870e-02 5.210202e-02
5.179799e-02 5.191750e-02
5.179760e-02 5.206582e-02
5.179649e-02 5.195208e-02
5.179613e-02 5.198622e-02
5.179502e-02 5.190816e-02
5.179425e-02 5.190132e-02
5.179396e-02 5.199438e-02
5.179290e-02 5.207961e-02
5.179396e-02 5.199576e-02
5.179176e-02 5.202201e-02
5.179079e-02 5.232052e-02
5.178975e-02 5.208669e-02
5.179011e-02 5.214834e-02
5.178776e-02 5.191779e-02
5.178800e-02 5.196746e-02
5.178700e-02 5.194899e-02
5.178537e-02 5.204055e-02
5.178660e-02 5.206142e-02
5.178438e-02 5.192770e-02
5.178362e-02 5.198828e-02
5.178405e-02 5.190002e-02
5.178192e-02 5.216797e-02
5.177989e-02 5.198647e-02
5.178047e-02 5.193305e-02
5.177816e-02 5.189086e-02
5.177756e-02 5.208243e-02
5.177581e-02 5.196045e-02
5.177580e-02 5.202919e-02
5.177491e-02 5.197158e-02
5.177405e-02 5.209783e-02
5.177278e-02 5.188224e-02
5.177240e-02 5.218330e-02
5.177118e-02 5.206930e-02
5.176927e-02 5.197490e-02
5.176937e-02 5.205149e-02
5.176757e-02 5.188309e-02
5.176751e-02 5.201004e-02
5.176600e-02 5.201560e-02
5.176584e-02 5.196954e-02
5.176467e-02 5.207828e-02
5.176424e-02 5.197283e-02
5.176325e-02 5.188251e-02
5.176249e-02 5.194506e-02
5.176241e-02 5.196173e-02
5.176203e-02 5.231995e-02
5.175913e-02 5.187430e-02
5.176066e-02 5.203721e-02
5.175826e-02 5.206761e-02
5.175730e-02 5.205382e-02
5.175828e-02 5.204522e-02
5.175738e-02 5.192079e-02
5.175509e-02 5.198838e-02
5.175458e-02 5.194845e-02
5.175357e-02 5.204180e-02
5.175285e-02 5.185633e-02
5.175247e-02 5.208739e-02
5.175270e-02 5.199999e-02
5.175281e-02 5.201906e-02
5.175233e-02 5.197095e-02
5.174978e-02 5.192489e-02
5.174883e-02 5.197129e-02
5.174911e-02 5.189817e-02
5.174908e-02 5.210664e-02
5.174715e-02 5.185938e-02
5.174706e-02 5.185377e-02
5.174546e-02 5.201217e-02
5.174556e-02 5.189469e-02
5.174558e-02 5.195494e-02
5.174385e-02 5.194651e-02
5.174398e-02 5.190135e-02
5.174346e-02 5.185582e-02
5.174203e-02 5.191337e-02
5.174137e-02 5.185840e-02
5.174138e-02 5.194909e-02
5.174020e-02 5.193656e-02
5.174001e-02 5.184346e-02
5.173913e-02 5.193111e-02
5.173842e-02 5.186672e-02
5.173718e-02 5.211169e-02
5.173784e-02 5.185263e-02
5.173650e-02 5.187344e-02
5.173560e-02 5.197578e-02
5.173554e-02 5.189590e-02
5.173373e-02 5.201258e-02
5.173534e-02 5.188488e-02
5.173387e-02 5.183786e-02
5.173154e-02 5.193693e-02
5.173194e-02 5.188429e-02
5.173247e-02 5.204974e-02
5.173012e-02 5.195205e-02
5.172949e-02 5.215858e-02
5.172905e-02 5.233193e-02
5.172869e-02 5.199174e-02
5.172897e-02 5.189659e-02
5.172862e-02 5.192719e-02
5.172746e-02 5.186626e-02
5.172645e-02 5.199996e-02
5.172587e-02 5.196600e-02
5.172462e-02 5.183337e-02
5.172427e-02 5.184404e-02
5.172421e-02 5.189109e-02
5.172293e-02 5.206392e-02
5.172279e-02 5.205940e-02
5.172197e-02 5.199851e-02
5.172163e-02 5.193816e-02
5.172084e-02 5.191867e-02
5.172009e-02 5.193591e-02
5.171940e-02 5.190950e-02
5.171820e-02 5.187802e-02
5.171818e-02 5.201801e-02
5.171774e-02 5.192411e-02
5.171660e-02 5.197246e-02
5.171535e-02 5.202928e-02
5.171600e-02 5.182046e-02
5.171489e-02 5.188236e-02
5.171367e-02 5.193272e-02
5.171327e-02 5.217764e-02
5.171387e-02 5.210965e-02
5.171299e-02 5.195332e-02
5.171171e-02 5.209296e-02
5.171134e-02 5.198789e-02
5.171009e-02 5.188996e-02
5.171063e-02 5.192667e-02
5.170971e-02 5.190884e-02
5.170928e-02 5.184743e-02
5.170854e-02 5.192451e-02
5.170698e-02 5.193955e-02
5.170645e-02 5.186424e-02
5.170689e-02 5.185837e-02
5.170496e-02 5.190997e-02
5.170575e-02 5.201059e-02
5.170497e-02 5.187421e-02
5.170342e-02 5.198437e-02
5.170349e-02 5.206872e-02
5.170224e-02 5.188238e-02
5.170234e-02 5.185771e-02
5.170214e-02 5.210814e-02
5.170144e-02 5.199117e-02
5.170076e-02 5.195412e-02
5.169917e-02 5.196107e-02
5.170051e-02 5.201266e-02
5.169884e-02 5.188887e-02
5.169766e-02 5.184769e-02
5.169767e-02 5.181409e-02
5.169667e-02 5.195615e-02
5.169617e-02 5.186828e-02
5.169510e-02 5.193140e-02
5.169425e-02 5.186318e-02
5.169160e-02 5.189151e-02
5.169478e-02 5.196119e-02
5.169266e-02 5.180040e-02
5.169168e-02 5.188162e-02
5.169254e-02 5.185919e-02
5.169250e-02 5.194984e-02
5.169145e-02 5.204243e-02
5.169081e-02 5.189040e-02
5.169005e-02 5.187085e-02
5.168873e-02 5.197529e-02
5.168839e-02 5.192144e-02
5.168842e-02 5.190675e-02
5.168780e-02 5.193049e-02
5.168776e-02 5.184760e-02
5.168760e-02 5.199542e-02
5.168389e-02 5.182126e-02
5.168534e-02 5.182531e-02
