1.599832e-01 1.157582e-01
1.056522e-01 9.942061e-02
9.630546e-02 9.430664e-02
9.249850e-02 9.124805e-02
8.984856e-02 8.891901e-02
8.777828e-02 8.703870e-02
8.604222e-02 8.541398e-02
8.453787e-02 8.400404e-02
8.319678e-02 8.271916e-02
8.197971e-02 8.156806e-02
8.087475e-02 8.050233e-02
7.985519e-02 7.951765e-02
7.891372e-02 7.861898e-02
7.804595e-02 7.778353e-02
7.723858e-02 7.700783e-02
7.648846e-02 7.629042e-02
7.579110e-02 7.562405e-02
7.513817e-02 7.499218e-02
7.452737e-02 7.439015e-02
7.395484e-02 7.383545e-02
7.342000e-02 7.332538e-02
7.291605e-02 7.282614e-02
7.244573e-02 7.237971e-02
7.200268e-02 7.193808e-02
7.158414e-02 7.155583e-02
7.118647e-02 7.115075e-02
7.081207e-02 7.079281e-02
7.045600e-02 7.044694e-02
7.011930e-02 7.010468e-02
6.979717e-02 6.979263e-02
6.949045e-02 6.949324e-02
6.919723e-02 6.920903e-02
6.891515e-02 6.893974e-02
6.864049e-02 6.866276e-02
6.837755e-02 6.840419e-02
6.811996e-02 6.814825e-02
6.786881e-02 6.789920e-02
6.762370e-02 6.765802e-02
6.738351e-02 6.742505e-02
6.714690e-02 6.718914e-02
6.691541e-02 6.695960e-02
6.668936e-02 6.673371e-02
6.646719e-02 6.652048e-02
6.624940e-02 6.631964e-02
6.603620e-02 6.608898e-02
6.582900e-02 6.588362e-02
6.562569e-02 6.568149e-02
6.542804e-02 6.548082e-02
6.523315e-02 6.528752e-02
6.504155e-02 6.510024e-02
6.485312e-02 6.494029e-02
6.466988e-02 6.473780e-02
6.448971e-02 6.458966e-02
6.431337e-02 6.437722e-02
6.414119e-02 6.420451e-02
6.397264e-02 6.408028e-02
6.380761e-02 6.392102e-02
6.364646e-02 6.372535e-02
6.348811e-02 6.359540e-02
6.333506e-02 6.345186e-02
6.318449e-02 6.331407e-02
6.303782e-02 6.316806e-02
6.289601e-02 6.303393e-02
6.275627e-02 6.287382e-02
6.262028e-02 6.277801e-02
6.248791e-02 6.262169e-02
6.235812e-02 6.248460e-02
6.223169e-02 6.237328e-02
6.210799e-02 6.223569e-02
6.198796e-02 6.208528e-02
6.187008e-02 6.197727e-02
6.175467e-02 6.190420e-02
6.164353e-02 6.185536e-02
6.153447e-02 6.167604e-02
6.142834e-02 6.161650e-02
6.132557e-02 6.145459e-02
6.122420e-02 6.134233e-02
6.112517e-02 6.127914e-02
6.102812e-02 6.117569e-02
6.093480e-02 6.113862e-02
6.084276e-02 6.099076e-02
6.075371e-02 6.088808e-02
6.066693e-02 6.079358e-02
6.058063e-02 6.074208e-02
6.049694e-02 6.067372e-02
6.041487e-02 6.060206e-02
6.033463e-02 6.049748e-02
6.025574e-02 6.038875e-02
6.017912e-02 6.033176e-02
6.010225e-02 6.025145e-02
6.002936e-02 6.015298e-02
5.995618e-02 6.007641e-02
5.988392e-02 6.003975e-02
5.981270e-02 6.000855e-02
5.974408e-02 5.991479e-02
5.967629e-02 5.982636e-02
5.960860e-02 5.979343e-02
5.954293e-02 5.967614e-02
5.947759e-02 5.961309e-02
5.941387e-02 5.956423e-02
5.875992e-02 5.891846e-02
5.870470e-02 5.889344e-02
5.865035e-02 5.879723e-02
5.859695e-02 5.877740e-02
5.854332e-02 5.871715e-02
5.849055e-02 5.870922e-02
5.843903e-02 5.860786e-02
5.838744e-02 5.859379e-02
5.833670e-02 5.847436e-02
5.828651e-02 5.857840e-02
5.823777e-02 5.846386e-02
5.818884e-02 5.846631e-02
5.814079e-02 5.835971e-02
5.809296e-02 5.826517e-02
5.804529e-02 5.820566e-02
5.799945e-02 5.823701e-02
5.795304e-02 5.812086e-02
5.790838e-02 5.813063e-02
5.786352e-02 5.811920e-02
5.781932e-02 5.803660e-02
5.777525e-02 5.800375e-02
5.773238e-02 5.792427e-02
5.769104e-02 5.789149e-02
5.764862e-02 5.782624e-02
5.760712e-02 5.781520e-02
5.756690e-02 5.778557e-02
5.752624e-02 5.777227e-02
5.748715e-02 5.768599e-02
5.744789e-02 5.767648e-02
5.740980e-02 5.760437e-02
5.737243e-02 5.756539e-02
5.733411e-02 5.752220e-02
5.729720e-02 5.749935e-02
5.726070e-02 5.746100e-02
5.722388e-02 5.744734e-02
5.718942e-02 5.738648e-02
5.715386e-02 5.744419e-02
5.711917e-02 5.732730e-02
5.708491e-02 5.729766e-02
5.705132e-02 5.729591e-02
5.701766e-02 5.720887e-02
5.698542e-02 5.718747e-02
5.695268e-02 5.710991e-02
5.692065e-02 5.710712e-02
5.688864e-02 5.708977e-02
5.685814e-02 5.706949e-02
5.682750e-02 5.703132e-02
5.679611e-02 5.701879e-02
5.676724e-02 5.700290e-02
5.673705e-02 5.696485e-02
5.670832e-02 5.688698e-02
5.667881e-02 5.684825e-02
5.665021e-02 5.683395e-02
5.662225e-02 5.679206e-02
5.659413e-02 5.681542e-02
5.656663e-02 5.683383e-02
5.654003e-02 5.675402e-02
5.651248e-02 5.672874e-02
5.648588e-02 5.670326e-02
5.645956e-02 5.665408e-02
5.643417e-02 5.664954e-02
5.640790e-02 5.660760e-02
5.638225e-02 5.658874e-02
5.635765e-02 5.657200e-02
5.633227e-02 5.654013e-02
5.630864e-02 5.649195e-02
5.628449e-02 5.647675e-02
5.625986e-02 5.648371e-02
5.623654e-02 5.641225e-02
5.621328e-02 5.641053e-02
5.619008e-02 5.636746e-02
5.616708e-02 5.633044e-02
5.614449e-02 5.632435e-02
5.612240e-02 5.633574e-02
5.610016e-02 5.632100e-02
5.607890e-02 5.627255e-02
5.605637e-02 5.624763e-02
5.603602e-02 5.621936e-02
5.601389e-02 5.620049e-02
5.599344e-02 5.619281e-02
5.597215e-02 5.616593e-02
5.595220e-02 5.611835e-02
5.593102e-02 5.611938e-02
5.591117e-02 5.609212e-02
5.589283e-02 5.606179e-02
5.587156e-02 5.603408e-02
5.585264e-02 5.600434e-02
5.583333e-02 5.602962e-02
5.581364e-02 5.597612e-02
5.579548e-02 5.598740e-02
5.577690e-02 5.595258e-02
5.575793e-02 5.591539e-02
5.574018e-02 5.589099e-02
5.572142e-02 5.596671e-02
5.570336e-02 5.586735e-02
5.568609e-02 5.583870e-02
5.566769e-02 5.583872e-02
5.565022e-02 5.582304e-02
5.563329e-02 5.579423e-02
5.561541e-02 5.578885e-02
5.543739e-02 5.559860e-02
5.542098e-02 5.557288e-02
5.540719e-02 5.562174e-02
5.539160e-02 5.557035e-02
5.537656e-02 5.554244e-02
5.536232e-02 5.552708e-02
5.534706e-02 5.553854e-02
5.533332e-02 5.548200e-02
5.531902e-02 5.549475e-02
5.530348e-02 5.546492e-02
5.529094e-02 5.546136e-02
5.527742e-02 5.543305e-02
5.526409e-02 5.544728e-02
5.524893e-02 5.546075e-02
5.523532e-02 5.538355e-02
5.522071e-02 5.543820e-02
5.520852e-02 5.540216e-02
5.519475e-02 5.536294e-02
5.518174e-02 5.536019e-02
5.516849e-02 5.534463e-02
5.515522e-02 5.532217e-02
5.514218e-02 5.532009e-02
5.513014e-02 5.528685e-02
5.511741e-02 5.526478e-02
5.510406e-02 5.531313e-02
5.509237e-02 5.525211e-02
5.507999e-02 5.527326e-02
5.506736e-02 5.528379e-02
5.505525e-02 5.520572e-02
5.504306e-02 5.522343e-02
5.503200e-02 5.521082e-02
5.501984e-02 5.518109e-02
5.500857e-02 5.516843e-02
5.499658e-02 5.530474e-02
5.498454e-02 5.516840e-02
5.497316e-02 5.514494e-02
5.496122e-02 5.512650e-02
5.495071e-02 5.510733e-02
5.493967e-02 5.514324e-02
5.492802e-02 5.512089e-02
5.491728e-02 5.508695e-02
5.490595e-02 5.507856e-02
5.489552e-02 5.507550e-02
5.488409e-02 5.510423e-02
5.487474e-02 5.505550e-02
5.486362e-02 5.502323e-02
5.485266e-02 5.503487e-02
5.484212e-02 5.501856e-02
5.483222e-02 5.502557e-02
5.482191e-02 5.499942e-02
5.481118e-02 5.501164e-02
5.480189e-02 5.499372e-02
5.479110e-02 5.495826e-02
5.478154e-02 5.495781e-02
5.477225e-02 5.493569e-02
5.476192e-02 5.499497e-02
5.475225e-02 5.496049e-02
5.474226e-02 5.488652e-02
5.473223e-02 5.490778e-02
5.472226e-02 5.490109e-02
5.471340e-02 5.487414e-02
5.470343e-02 5.488513e-02
5.469365e-02 5.487019e-02
5.468552e-02 5.488228e-02
5.467586e-02 5.486849e-02
5.466704e-02 5.483558e-02
5.465768e-02 5.484311e-02
5.464933e-02 5.483842e-02
5.463925e-02 5.487642e-02
5.463130e-02 5.483734e-02
5.462152e-02 5.483362e-02
5.461292e-02 5.479071e-02
5.460511e-02 5.478494e-02
5.459595e-02 5.476151e-02
5.458728e-02 5.475634e-02
5.457956e-02 5.482049e-02
5.457041e-02 5.471936e-02
5.456124e-02 5.478950e-02
5.455299e-02 5.470887e-02
5.454559e-02 5.472299e-02
5.453660e-02 5.476068e-02
5.452818e-02 5.477045e-02
5.452111e-02 5.477733e-02
5.451257e-02 5.468783e-02
5.450445e-02 5.469642e-02
5.449605e-02 5.476111e-02
5.448812e-02 5.465566e-02
5.448052e-02 5.466788e-02
5.447261e-02 5.467561e-02
5.446480e-02 5.467656e-02
5.445775e-02 5.459917e-02
5.444925e-02 5.472852e-02
5.444115e-02 5.459631e-02
5.443441e-02 5.466620e-02
5.442628e-02 5.459236e-02
5.441907e-02 5.471180e-02
5.441137e-02 5.464991e-02
5.440476e-02 5.462135e-02
5.439682e-02 5.462100e-02
5.438880e-02 5.459392e-02
5.431062e-02 5.457840e-02
5.430478e-02 5.449422e-02
5.429791e-02 5.450650e-02
5.429002e-02 5.455530e-02
5.428511e-02 5.445769e-02
5.427751e-02 5.452051e-02
5.427140e-02 5.448348e-02
5.426462e-02 5.445489e-02
5.425814e-02 5.441799e-02
5.425165e-02 5.442576e-02
5.424437e-02 5.441300e-02
5.423803e-02 5.446110e-02
5.423114e-02 5.442229e-02
5.422521e-02 5.439740e-02
5.422001e-02 5.442162e-02
5.421282e-02 5.445939e-02
5.420714e-02 5.444765e-02
5.420023e-02 5.437921e-02
5.419372e-02 5.440676e-02
5.418728e-02 5.439737e-02
5.418149e-02 5.437337e-02
5.417455e-02 5.452666e-02
5.416935e-02 5.433962e-02
5.416309e-02 5.434407e-02
5.415691e-02 5.446391e-02
5.415114e-02 5.439066e-02
5.414528e-02 5.433380e-02
5.413870e-02 5.436209e-02
5.413307e-02 5.434965e-02
5.412714e-02 5.428432e-02
5.412220e-02 5.429887e-02
5.411475e-02 5.426993e-02
5.411047e-02 5.430126e-02
5.410404e-02 5.424647e-02
5.409818e-02 5.430117e-02
5.409331e-02 5.426742e-02
5.408674e-02 5.426399e-02
5.408073e-02 5.423419e-02
5.407517e-02 5.422762e-02
5.406922e-02 5.439088e-02
5.406370e-02 5.422175e-02
5.405752e-02 5.431832e-02
5.405230e-02 5.422229e-02
5.404694e-02 5.426227e-02
5.404178e-02 5.436678e-02
5.403662e-02 5.425055e-02
5.403073e-02 5.425287e-02
5.402568e-02 5.421728e-02
5.401953e-02 5.423369e-02
5.401412e-02 5.422720e-02
5.400907e-02 5.420990e-02
5.400373e-02 5.421961e-02
5.399875e-02 5.418629e-02
5.399321e-02 5.413964e-02
5.398819e-02 5.413404e-02
5.398292e-02 5.418375e-02
5.397651e-02 5.416694e-02
5.397263e-02 5.436037e-02
5.396664e-02 5.414852e-02
5.396138e-02 5.427275e-02
5.395653e-02 5.418698e-02
5.395127e-02 5.411723e-02
5.394577e-02 5.412831e-02
5.394114e-02 5.424234e-02
5.393684e-02 5.410459e-02
5.393145e-02 5.415114e-02
5.392636e-02 5.415788e-02
5.392079e-02 5.406294e-02
5.391614e-02 5.408481e-02
5.391052e-02 5.415633e-02
5.390692e-02 5.407251e-02
5.390162e-02 5.409304e-02
5.389602e-02 5.408354e-02
5.389130e-02 5.406489e-02
5.388655e-02 5.411785e-02
5.388158e-02 5.412011e-02
5.387675e-02 5.418616e-02
5.387146e-02 5.404482e-02
5.386777e-02 5.409775e-02
5.386236e-02 5.402533e-02
5.385722e-02 5.408370e-02
5.385226e-02 5.408480e-02
5.384797e-02 5.410512e-02
5.384310e-02 5.412852e-02
5.383763e-02 5.399712e-02
5.383365e-02 5.403634e-02
5.382901e-02 5.401990e-02
5.382480e-02 5.403004e-02
5.381985e-02 5.401827e-02
5.381425e-02 5.404471e-02
5.381083e-02 5.395137e-02
5.380643e-02 5.399671e-02
5.380125e-02 5.402995e-02
5.379591e-02 5.401619e-02
5.379180e-02 5.399974e-02
5.378787e-02 5.396989e-02
5.378403e-02 5.398428e-02
5.377911e-02 5.416272e-02
5.377464e-02 5.396234e-02
5.377001e-02 5.399978e-02
5.368043e-02 5.388333e-02
5.367629e-02 5.387789e-02
5.367242e-02 5.388505e-02
5.366807e-02 5.380461e-02
5.366295e-02 5.393538e-02
5.365877e-02 5.389355e-02
5.365538e-02 5.384791e-02
5.365145e-02 5.400583e-02
5.364720e-02 5.380656e-02
5.364279e-02 5.391413e-02
5.363967e-02 5.383068e-02
5.363671e-02 5.378450e-02
5.363250e-02 5.395182e-02
5.362797e-02 5.376325e-02
5.362288e-02 5.385935e-02
5.361927e-02 5.376702e-02
5.361614e-02 5.375213e-02
5.361241e-02 5.379806e-02
5.360795e-02 5.376027e-02
5.360488e-02 5.381624e-02
5.360009e-02 5.377424e-02
5.359585e-02 5.376279e-02
5.359277e-02 5.379405e-02
5.358720e-02 5.381718e-02
5.358385e-02 5.382179e-02
5.358019e-02 5.379600e-02
5.357697e-02 5.378660e-02
5.357304e-02 5.391654e-02
5.356928e-02 5.370049e-02
5.356628e-02 5.376503e-02
5.356076e-02 5.380901e-02
5.355745e-02 5.384837e-02
5.355415e-02 5.382908e-02
5.354982e-02 5.375306e-02
5.354617e-02 5.371372e-02
5.354302e-02 5.374737e-02
5.353968e-02 5.372912e-02
5.353473e-02 5.367120e-02
5.353221e-02 5.369315e-02
5.352809e-02 5.371262e-02
5.352507e-02 5.379954e-02
5.352118e-02 5.373927e-02
5.351732e-02 5.372726e-02
5.351309e-02 5.374386e-02
5.351048e-02 5.370026e-02
5.350663e-02 5.378404e-02
5.350362e-02 5.383705e-02
5.350022e-02 5.366989e-02
5.349616e-02 5.373882e-02
5.349156e-02 5.365577e-02
5.348863e-02 5.368623e-02
5.348546e-02 5.371050e-02
5.348239e-02 5.372653e-02
5.347801e-02 5.372543e-02
5.347466e-02 5.367940e-02
5.347010e-02 5.371227e-02
5.346738e-02 5.360503e-02
5.346359e-02 5.363924e-02
5.346131e-02 5.367614e-02
5.345719e-02 5.370152e-02
5.345463e-02 5.364207e-02
5.345036e-02 5.362787e-02
5.344663e-02 5.366063e-02
5.344383e-02 5.364226e-02
5.344076e-02 5.361561e-02
5.343715e-02 5.360830e-02
5.343295e-02 5.371503e-02
5.343016e-02 5.366932e-02
5.342667e-02 5.361283e-02
5.342289e-02 5.367648e-02
5.341958e-02 5.365679e-02
5.341700e-02 5.365090e-02
5.341326e-02 5.359557e-02
5.340962e-02 5.356176e-02
5.340689e-02 5.361633e-02
5.340333e-02 5.362097e-02
5.339909e-02 5.362351e-02
5.339675e-02 5.362275e-02
5.339337e-02 5.362218e-02
5.338961e-02 5.359511e-02
5.338681e-02 5.362564e-02
5.338392e-02 5.359923e-02
5.337995e-02 5.366400e-02
5.337767e-02 5.366792e-02
5.337417e-02 5.374040e-02
5.337041e-02 5.354918e-02
5.336672e-02 5.360778e-02
5.336421e-02 5.358917e-02
5.336115e-02 5.356484e-02
5.335721e-02 5.354756e-02
5.335477e-02 5.365281e-02
5.335147e-02 5.358334e-02
5.334710e-02 5.350239e-02
5.334432e-02 5.351025e-02
5.334193e-02 5.358822e-02
5.333840e-02 5.371059e-02
5.333469e-02 5.350447e-02
5.333278e-02 5.348586e-02
5.332914e-02 5.346513e-02
5.332559e-02 5.350888e-02
5.332203e-02 5.358049e-02
5.331935e-02 5.347007e-02
5.331591e-02 5.348880e-02
5.331333e-02 5.361581e-02
5.331051e-02 5.355146e-02
5.330765e-02 5.351099e-02
5.330488e-02 5.353214e-02
5.329977e-02 5.355201e-02
5.329829e-02 5.352156e-02
5.329528e-02 5.356241e-02
5.329172e-02 5.345998e-02
5.328866e-02 5.347957e-02
5.328595e-02 5.352380e-02
5.328278e-02 5.354225e-02
5.328018e-02 5.348014e-02
5.327632e-02 5.353081e-02
5.327369e-02 5.350088e-02
5.327176e-02 5.357422e-02
5.326803e-02 5.346558e-02
5.326483e-02 5.355402e-02
5.326213e-02 5.350782e-02
5.325856e-02 5.340418e-02
5.325610e-02 5.345488e-02
5.325335e-02 5.342213e-02
5.325057e-02 5.345149e-02
5.324741e-02 5.342251e-02
5.324521e-02 5.348893e-02
5.324181e-02 5.340094e-02
5.323889e-02 5.356000e-02
5.323598e-02 5.341704e-02
5.323326e-02 5.343596e-02
5.323071e-02 5.337798e-02
5.322760e-02 5.343879e-02
5.322444e-02 5.343303e-02
5.322253e-02 5.348954e-02
5.321922e-02 5.338366e-02
5.321667e-02 5.345877e-02
5.321426e-02 5.341343e-02
5.321003e-02 5.336494e-02
5.320836e-02 5.338670e-02
5.320507e-02 5.338610e-02
5.320203e-02 5.338204e-02
5.319975e-02 5.339292e-02
5.319642e-02 5.340751e-02
5.319463e-02 5.373837e-02
5.319139e-02 5.347845e-02
5.318785e-02 5.335952e-02
5.318579e-02 5.347326e-02
5.318263e-02 5.335956e-02
5.317985e-02 5.345122e-02
5.317744e-02 5.333654e-02
5.317428e-02 5.337863e-02
5.317162e-02 5.341877e-02
5.316991e-02 5.331711e-02
5.316532e-02 5.338900e-02
5.316381e-02 5.333885e-02
5.316202e-02 5.334593e-02
5.315893e-02 5.331210e-02
5.315614e-02 5.332432e-02
5.315259e-02 5.346686e-02
5.314992e-02 5.330907e-02
5.314722e-02 5.345405e-02
5.314538e-02 5.330420e-02
5.314274e-02 5.333760e-02
5.313993e-02 5.348187e-02
5.313812e-02 5.338008e-02
5.313453e-02 5.336558e-02
5.313254e-02 5.341064e-02
5.312871e-02 5.336801e-02
5.312566e-02 5.331302e-02
5.312378e-02 5.335366e-02
5.312140e-02 5.327223e-02
5.311922e-02 5.325432e-02
5.311684e-02 5.337253e-02
5.311349e-02 5.335945e-02
5.311024e-02 5.334958e-02
5.310782e-02 5.331605e-02
5.310555e-02 5.325763e-02
5.310335e-02 5.337527e-02
5.310122e-02 5.330589e-02
5.309827e-02 5.338691e-02
5.309518e-02 5.325796e-02
5.309336e-02 5.330264e-02
5.309010e-02 5.322167e-02
5.308808e-02 5.326518e-02
5.308569e-02 5.326467e-02
5.308256e-02 5.334728e-02
5.308049e-02 5.323471e-02
5.307828e-02 5.321729e-02
5.307623e-02 5.331613e-02
5.307276e-02 5.320978e-02
5.307103e-02 5.331048e-02
5.306953e-02 5.327226e-02
5.306559e-02 5.334947e-02
5.306321e-02 5.328532e-02
5.306072e-02 5.334187e-02
5.305872e-02 5.330209e-02
5.305532e-02 5.322741e-02
5.305332e-02 5.328007e-02
5.305121e-02 5.336806e-02
5.300163e-02 5.327007e-02
5.299921e-02 5.326037e-02
5.299736e-02 5.319638e-02
5.299477e-02 5.321632e-02
5.299200e-02 5.322609e-02
5.298930e-02 5.320880e-02
5.298761e-02 5.327531e-02
5.298620e-02 5.313698e-02
5.298364e-02 5.320828e-02
5.298121e-02 5.317884e-02
5.297841e-02 5.319987e-02
5.297702e-02 5.333068e-02
5.297483e-02 5.315357e-02
5.297316e-02 5.316922e-02
5.296874e-02 5.331067e-02
5.296748e-02 5.313539e-02
5.296596e-02 5.322865e-02
5.296333e-02 5.319232e-02
5.296210e-02 5.317730e-02
5.295911e-02 5.322741e-02
5.295607e-02 5.321282e-02
5.295476e-02 5.313947e-02
5.295249e-02 5.320269e-02
5.295033e-02 5.321273e-02
5.294769e-02 5.313693e-02
5.294572e-02 5.329769e-02
5.294376e-02 5.316407e-02
5.294133e-02 5.325530e-02
5.293932e-02 5.321040e-02
5.293562e-02 5.314070e-02
5.293532e-02 5.306425e-02
5.293197e-02 5.316558e-02
5.293073e-02 5.308115e-02
5.292833e-02 5.309642e-02
5.292619e-02 5.313981e-02
5.292489e-02 5.305323e-02
5.292128e-02 5.309149e-02
5.292089e-02 5.324665e-02
5.291713e-02 5.318073e-02
5.291501e-02 5.322784e-02
5.291243e-02 5.322422e-02
5.291197e-02 5.309909e-02
5.290915e-02 5.309009e-02
5.290709e-02 5.305379e-02
5.290532e-02 5.310756e-02
5.290302e-02 5.303454e-02
5.290149e-02 5.320547e-02
5.289874e-02 5.316451e-02
5.289653e-02 5.309044e-02
5.289494e-02 5.318805e-02
5.289309e-02 5.303710e-02
5.289027e-02 5.320854e-02
5.288836e-02 5.306488e-02
5.288616e-02 5.304741e-02
5.288349e-02 5.307493e-02
5.288234e-02 5.305036e-02
5.287916e-02 5.317704e-02
5.287818e-02 5.306365e-02
5.287642e-02 5.307161e-02
5.287408e-02 5.308762e-02
5.287183e-02 5.305005e-02
5.286915e-02 5.303011e-02
5.286817e-02 5.311179e-02
5.286692e-02 5.303574e-02
5.286413e-02 5.319645e-02
5.286112e-02 5.313257e-02
5.285954e-02 5.313925e-02
5.285835e-02 5.306635e-02
5.285480e-02 5.301529e-02
5.285360e-02 5.314946e-02
5.285244e-02 5.311810e-02
5.284958e-02 5.310045e-02
5.284901e-02 5.298814e-02
5.284564e-02 5.307478e-02
5.284347e-02 5.311378e-02
5.284257e-02 5.303760e-02
5.283994e-02 5.300654e-02
5.283805e-02 5.310179e-02
5.283565e-02 5.304426e-02
5.283547e-02 5.296850e-02
5.283248e-02 5.310296e-02
5.282925e-02 5.306572e-02
5.282928e-02 5.326140e-02
5.282586e-02 5.310222e-02
5.282452e-02 5.297473e-02
5.282171e-02 5.298539e-02
5.282049e-02 5.305945e-02
5.281868e-02 5.305569e-02
5.281676e-02 5.319664e-02
5.281488e-02 5.302172e-02
5.281341e-02 5.293704e-02
5.263692e-02 5.286091e-02
5.263572e-02 5.299173e-02
5.263377e-02 5.281580e-02
5.263128e-02 5.292827e-02
5.263013e-02 5.288039e-02
5.262947e-02 5.275433e-02
5.262653e-02 5.292144e-02
5.262556e-02 5.295929e-02
5.262376e-02 5.289491e-02
5.262237e-02 5.280516e-02
5.262195e-02 5.295044e-02
5.261849e-02 5.285937e-02
5.261830e-02 5.283964e-02
5.261631e-02 5.294862e-02
5.261479e-02 5.277134e-02
5.261295e-02 5.290308e-02
5.261160e-02 5.292197e-02
5.260827e-02 5.292617e-02
5.260838e-02 5.275890e-02
5.260652e-02 5.281360e-02
5.260488e-02 5.280303e-02
5.260367e-02 5.278343e-02
5.260228e-02 5.285954e-02
5.260035e-02 5.281830e-02
5.260041e-02 5.280823e-02
5.259703e-02 5.286682e-02
5.259700e-02 5.290260e-02
5.259483e-02 5.288236e-02
5.259290e-02 5.275029e-02
5.259257e-02 5.303790e-02
5.258957e-02 5.280827e-02
5.258910e-02 5.289132e-02
5.258670e-02 5.272825e-02
5.258551e-02 5.280813e-02
5.258537e-02 5.285853e-02
5.258217e-02 5.289436e-02
5.258093e-02 5.282672e-02
5.257976e-02 5.272177e-02
5.257732e-02 5.284896e-02
5.257595e-02 5.277355e-02
5.257454e-02 5.277765e-02
5.257334e-02 5.288921e-02
5.257208e-02 5.276338e-02
5.257068e-02 5.275327e-02
5.256852e-02 5.278722e-02
5.256543e-02 5.291493e-02
5.256606e-02 5.272689e-02
5.256455e-02 5.274839e-02
5.256266e-02 5.268651e-02
5.256144e-02 5.292329e-02
5.255939e-02 5.270665e-02
5.255839e-02 5.288283e-02
5.255811e-02 5.295961e-02
5.255479e-02 5.283432e-02
5.255291e-02 5.274138e-02
5.255263e-02 5.280354e-02
5.255088e-02 5.270443e-02
5.254969e-02 5.280263e-02
5.254896e-02 5.282575e-02
5.254695e-02 5.271365e-02
5.254500e-02 5.283580e-02
5.254361e-02 5.283112e-02
5.254199e-02 5.278166e-02
5.254064e-02 5.278112e-02
5.253892e-02 5.276387e-02
5.253723e-02 5.283195e-02
5.253651e-02 5.272105e-02
5.253533e-02 5.276298e-02
5.253226e-02 5.281427e-02
5.253133e-02 5.272459e-02
5.253089e-02 5.270234e-02
5.252949e-02 5.268035e-02
5.252771e-02 5.267552e-02
5.252698e-02 5.271655e-02
5.252533e-02 5.274076e-02
5.252356e-02 5.273344e-02
5.252174e-02 5.290797e-02
5.252169e-02 5.279995e-02
5.251902e-02 5.269254e-02
5.251625e-02 5.275450e-02
5.251636e-02 5.279003e-02
5.251555e-02 5.268905e-02
5.251357e-02 5.266605e-02
5.251152e-02 5.275380e-02
5.251013e-02 5.266939e-02
5.251040e-02 5.273968e-02
5.250741e-02 5.282752e-02
5.250647e-02 5.277718e-02
5.250597e-02 5.268605e-02
5.250388e-02 5.276189e-02
5.250278e-02 5.282781e-02
5.250106e-02 5.265000e-02
5.249970e-02 5.262285e-02
5.249787e-02 5.272709e-02
5.249667e-02 5.269901e-02
5.249487e-02 5.263562e-02
5.249404e-02 5.264097e-02
5.249130e-02 5.272758e-02
5.249064e-02 5.266801e-02
5.248915e-02 5.269235e-02
5.248853e-02 5.273380e-02
5.248777e-02 5.262685e-02
5.248574e-02 5.273495e-02
5.248455e-02 5.263146e-02
5.248332e-02 5.271856e-02
5.248185e-02 5.262571e-02
5.248090e-02 5.272188e-02
5.247858e-02 5.294078e-02
5.247711e-02 5.264726e-02
5.247455e-02 5.267513e-02
5.247426e-02 5.272364e-02
5.247283e-02 5.267486e-02
5.247219e-02 5.265962e-02
5.247003e-02 5.270920e-02
5.246934e-02 5.265564e-02
5.246795e-02 5.270294e-02
5.246677e-02 5.264292e-02
5.246419e-02 5.269664e-02
5.246376e-02 5.270660e-02
5.246225e-02 5.263148e-02
5.246037e-02 5.268693e-02
5.246013e-02 5.266684e-02
5.245786e-02 5.261529e-02
5.245602e-02 5.282736e-02
5.245498e-02 5.271931e-02
5.245351e-02 5.265853e-02
5.245290e-02 5.276180e-02
5.245192e-02 5.274586e-02
5.244971e-02 5.275291e-02
5.244955e-02 5.261874e-02
5.244630e-02 5.262989e-02
5.244633e-02 5.262522e-02
5.244413e-02 5.269762e-02
5.244295e-02 5.269864e-02
5.244168e-02 5.267677e-02
5.244090e-02 5.282569e-02
5.243909e-02 5.271224e-02
5.243861e-02 5.288899e-02
5.243717e-02 5.272560e-02
5.243598e-02 5.272306e-02
5.243419e-02 5.264159e-02
5.243276e-02 5.258685e-02
5.243173e-02 5.269216e-02
5.243088e-02 5.267825e-02
5.242955e-02 5.267596e-02
5.242773e-02 5.265633e-02
5.242564e-02 5.270907e-02
5.242607e-02 5.263797e-02
5.242310e-02 5.275541e-02
5.242230e-02 5.255577e-02
5.242192e-02 5.260826e-02
5.241929e-02 5.268135e-02
5.241852e-02 5.278139e-02
5.241744e-02 5.268335e-02
5.241621e-02 5.258071e-02
5.241341e-02 5.260037e-02
5.241233e-02 5.270863e-02
5.241230e-02 5.258024e-02
5.241174e-02 5.270908e-02
5.240989e-02 5.266499e-02
5.240874e-02 5.265880e-02
5.240782e-02 5.258399e-02
5.240498e-02 5.273274e-02
5.240572e-02 5.276292e-02
5.240247e-02 5.253487e-02
5.240290e-02 5.256474e-02
5.240080e-02 5.252772e-02
5.239926e-02 5.264329e-02
5.239798e-02 5.274234e-02
5.239607e-02 5.284566e-02
5.239494e-02 5.252310e-02
5.239523e-02 5.254724e-02
5.239426e-02 5.254892e-02
5.239153e-02 5.263017e-02
5.239120e-02 5.265815e-02
5.238990e-02 5.278883e-02
5.238755e-02 5.271637e-02
5.238712e-02 5.253130e-02
5.238527e-02 5.261775e-02
5.238445e-02 5.270009e-02
5.238276e-02 5.261236e-02
5.238213e-02 5.265298e-02
5.237955e-02 5.259818e-02
5.237921e-02 5.261867e-02
5.237894e-02 5.253574e-02
5.237804e-02 5.255438e-02
5.237640e-02 5.261193e-02
5.237415e-02 5.260322e-02
5.237344e-02 5.256636e-02
5.237283e-02 5.258128e-02
5.237141e-02 5.253769e-02
5.236993e-02 5.252880e-02
5.236775e-02 5.257457e-02
5.236636e-02 5.256221e-02
5.236666e-02 5.251814e-02
5.236474e-02 5.280278e-02
5.236366e-02 5.275416e-02
5.236171e-02 5.259358e-02
5.236073e-02 5.254013e-02
5.235960e-02 5.276848e-02
5.235890e-02 5.261731e-02
5.235791e-02 5.260807e-02
5.235583e-02 5.261170e-02
5.235448e-02 5.266910e-02
5.235276e-02 5.259500e-02
5.235133e-02 5.255300e-02
5.235199e-02 5.266377e-02
5.235053e-02 5.262332e-02
5.234927e-02 5.248179e-02
5.234686e-02 5.253237e-02
5.234721e-02 5.261562e-02
5.234505e-02 5.259793e-02
5.234525e-02 5.249913e-02
5.234287e-02 5.271405e-02
5.234202e-02 5.248560e-02
5.234162e-02 5.247685e-02
5.233945e-02 5.252490e-02
5.233761e-02 5.255553e-02
5.233734e-02 5.252270e-02
5.233595e-02 5.251907e-02
5.233490e-02 5.253483e-02
5.233287e-02 5.256688e-02
5.233242e-02 5.268735e-02
5.233124e-02 5.250850e-02
5.232954e-02 5.253601e-02
5.232841e-02 5.245036e-02
5.232702e-02 5.256958e-02
5.232622e-02 5.248752e-02
5.232489e-02 5.263274e-02
5.232382e-02 5.251529e-02
5.232332e-02 5.251658e-02
5.232203e-02 5.257168e-02
5.232065e-02 5.251662e-02
5.231952e-02 5.242709e-02
5.231815e-02 5.279561e-02
5.231740e-02 5.245023e-02
5.231586e-02 5.248970e-02
5.231578e-02 5.256781e-02
5.231359e-02 5.251466e-02
5.231248e-02 5.247427e-02
5.231122e-02 5.250992e-02
5.231065e-02 5.243998e-02
5.230870e-02 5.246327e-02
5.230801e-02 5.258510e-02
5.230693e-02 5.247790e-02
5.230548e-02 5.261410e-02
5.230450e-02 5.260495e-02
5.230297e-02 5.259523e-02
5.230131e-02 5.265524e-02
5.230119e-02 5.244180e-02
5.230000e-02 5.260651e-02
5.229922e-02 5.264688e-02
5.229756e-02 5.247149e-02
5.229630e-02 5.249446e-02
5.229467e-02 5.252909e-02
5.229468e-02 5.247954e-02
5.229269e-02 5.244786e-02
5.229258e-02 5.252851e-02
5.228997e-02 5.252950e-02
5.228819e-02 5.251534e-02
5.228813e-02 5.246082e-02
5.228611e-02 5.264317e-02
5.228612e-02 5.256210e-02
5.228542e-02 5.249675e-02
5.228386e-02 5.241257e-02
5.228120e-02 5.255846e-02
5.228169e-02 5.246597e-02
5.228004e-02 5.261405e-02
5.227999e-02 5.247930e-02
5.227885e-02 5.245256e-02
5.227825e-02 5.244832e-02
5.227647e-02 5.250723e-02
5.227653e-02 5.269718e-02
5.227423e-02 5.248931e-02
5.227202e-02 5.248291e-02
5.227112e-02 5.242788e-02
5.226981e-02 5.243163e-02
5.226991e-02 5.249117e-02
5.226803e-02 5.243366e-02
5.226642e-02 5.245492e-02
5.226438e-02 5.242367e-02
5.226511e-02 5.250296e-02
5.226402e-02 5.247354e-02
5.226308e-02 5.239654e-02
5.226149e-02 5.252551e-02
5.225938e-02 5.239710e-02
5.225937e-02 5.256681e-02
5.225818e-02 5.244295e-02
5.225807e-02 5.239225e-02
5.225734e-02 5.253944e-02
5.225474e-02 5.243686e-02
5.225439e-02 5.241102e-02
5.225341e-02 5.244150e-02
5.225120e-02 5.241089e-02
5.225113e-02 5.244189e-02
5.224997e-02 5.239648e-02
5.224868e-02 5.246466e-02
5.224698e-02 5.249751e-02
5.224604e-02 5.244218e-02
5.224642e-02 5.243625e-02
5.224462e-02 5.247279e-02
5.224299e-02 5.241286e-02
5.224162e-02 5.251716e-02
5.224188e-02 5.250164e-02
5.224067e-02 5.255394e-02
5.223883e-02 5.247872e-02
5.223846e-02 5.245734e-02
5.223677e-02 5.254775e-02
5.223516e-02 5.244788e-02
5.223429e-02 5.246989e-02
5.223370e-02 5.239986e-02
5.223193e-02 5.242691e-02
5.223099e-02 5.238217e-02
5.223002e-02 5.236028e-02
5.222909e-02 5.233786e-02
5.222833e-02 5.261053e-02
5.222801e-02 5.241658e-02
5.222542e-02 5.245055e-02
5.222510e-02 5.236887e-02
5.222466e-02 5.243716e-02
5.222280e-02 5.252260e-02
5.222157e-02 5.238527e-02
5.222102e-02 5.240028e-02
5.221986e-02 5.248062e-02
5.221732e-02 5.239198e-02
5.221753e-02 5.259906e-02
5.221641e-02 5.240331e-02
5.221506e-02 5.267312e-02
5.221523e-02 5.248226e-02
5.221381e-02 5.236407e-02
5.221295e-02 5.243397e-02
5.221118e-02 5.246351e-02
5.221105e-02 5.247453e-02
5.220983e-02 5.260119e-02
5.220843e-02 5.234747e-02
5.220662e-02 5.237490e-02
5.220695e-02 5.243301e-02
5.220515e-02 5.251847e-02
5.220425e-02 5.253055e-02
5.220315e-02 5.245568e-02
5.220181e-02 5.245059e-02
5.220102e-02 5.233299e-02
5.219984e-02 5.237167e-02
5.219955e-02 5.249613e-02
5.219903e-02 5.247156e-02
5.219599e-02 5.243010e-02
5.219697e-02 5.242310e-02
5.219486e-02 5.239679e-02
5.219389e-02 5.236900e-02
5.219313e-02 5.239664e-02
5.219119e-02 5.243966e-02
5.219080e-02 5.257039e-02
5.218947e-02 5.240460e-02
5.218843e-02 5.244567e-02
5.218720e-02 5.236720e-02
5.218672e-02 5.248661e-02
5.218546e-02 5.257991e-02
5.218414e-02 5.230506e-02
5.218479e-02 5.248163e-02
5.218293e-02 5.241831e-02
5.218192e-02 5.240176e-02
5.218023e-02 5.241247e-02
5.217915e-02 5.242172e-02
5.217925e-02 5.249425e-02
5.217711e-02 5.242326e-02
5.217653e-02 5.232804e-02
5.217539e-02 5.238424e-02
5.217393e-02 5.237718e-02
5.217431e-02 5.240430e-02
5.217345e-02 5.243810e-02
5.217167e-02 5.228335e-02
5.217190e-02 5.233518e-02
5.216987e-02 5.233944e-02
5.216812e-02 5.231336e-02
5.216863e-02 5.249116e-02
5.216599e-02 5.231533e-02
5.216586e-02 5.243857e-02
5.216501e-02 5.250348e-02
5.216350e-02 5.248124e-02
5.216201e-02 5.235207e-02
5.216195e-02 5.230747e-02
5.216103e-02 5.235828e-02
5.216002e-02 5.239820e-02
5.215829e-02 5.258167e-02
5.215809e-02 5.228402e-02
5.215632e-02 5.232323e-02
5.215620e-02 5.258956e-02
5.215428e-02 5.244240e-02
5.215384e-02 5.231380e-02
5.215228e-02 5.245612e-02
5.215191e-02 5.255014e-02
5.215148e-02 5.228103e-02
5.214878e-02 5.233258e-02
5.214802e-02 5.230639e-02
5.214978e-02 5.235014e-02
5.214957e-02 5.228524e-02
5.214704e-02 5.234184e-02
5.214538e-02 5.251833e-02
5.214394e-02 5.239431e-02
5.214355e-02 5.226226e-02
5.214246e-02 5.254902e-02
5.214212e-02 5.243178e-02
5.214069e-02 5.235436e-02
5.213946e-02 5.235935e-02
5.213900e-02 5.239290e-02
5.213702e-02 5.227083e-02
5.213626e-02 5.238355e-02
5.213540e-02 5.226762e-02
5.213633e-02 5.234289e-02
5.213372e-02 5.245903e-02
5.213207e-02 5.224612e-02
5.213152e-02 5.238251e-02
5.213136e-02 5.234999e-02
5.213036e-02 5.225067e-02
5.212963e-02 5.238087e-02
5.212688e-02 5.241281e-02
5.212718e-02 5.231952e-02
5.212586e-02 5.232066e-02
5.212491e-02 5.245744e-02
5.212364e-02 5.235308e-02
5.212417e-02 5.228982e-02
5.212315e-02 5.250143e-02
5.212159e-02 5.229506e-02
5.212099e-02 5.266259e-02
5.212022e-02 5.238355e-02
5.211730e-02 5.243046e-02
5.211772e-02 5.232161e-02
5.211830e-02 5.227999e-02
5.211544e-02 5.256477e-02
5.211658e-02 5.225901e-02
5.211458e-02 5.243460e-02
5.211286e-02 5.244042e-02
5.211246e-02 5.226899e-02
5.211137e-02 5.245817e-02
5.211045e-02 5.228934e-02
5.211045e-02 5.223568e-02
5.210777e-02 5.256780e-02
5.210798e-02 5.249672e-02
5.210703e-02 5.243406e-02
5.210671e-02 5.240640e-02
5.210514e-02 5.223871e-02
5.210334e-02 5.230056e-02
5.210282e-02 5.234506e-02
5.210058e-02 5.224780e-02
5.210065e-02 5.246525e-02
5.210019e-02 5.226963e-02
5.209999e-02 5.239108e-02
5.209804e-02 5.246696e-02
5.209738e-02 5.250707e-02
5.209660e-02 5.233953e-02
5.209550e-02 5.228527e-02
5.209419e-02 5.225303e-02
5.209444e-02 5.224672e-02
5.209293e-02 5.233256e-02
5.209168e-02 5.236211e-02
5.209092e-02 5.231025e-02
5.208981e-02 5.228067e-02
5.208948e-02 5.224228e-02
5.208811e-02 5.242992e-02
5.208892e-02 5.221542e-02
5.208642e-02 5.232575e-02
5.208528e-02 5.240711e-02
5.208657e-02 5.255306e-02
5.208354e-02 5.220362e-02
5.208257e-02 5.225274e-02
5.208175e-02 5.226592e-02
5.208228e-02 5.230477e-02
5.207924e-02 5.232857e-02
5.207938e-02 5.227834e-02
5.207832e-02 5.225166e-02
5.207719e-02 5.224129e-02
5.207609e-02 5.235431e-02
5.207617e-02 5.228686e-02
5.207502e-02 5.222726e-02
5.207415e-02 5.225351e-02
5.207319e-02 5.222333e-02
5.207141e-02 5.230614e-02
5.207066e-02 5.222810e-02
5.206871e-02 5.238533e-02
5.206885e-02 5.242184e-02
5.206841e-02 5.220699e-02
5.206741e-02 5.219938e-02
5.206670e-02 5.221112e-02
5.206658e-02 5.226818e-02
5.206603e-02 5.228506e-02
5.206392e-02 5.221983e-02
5.206379e-02 5.244055e-02
5.206299e-02 5.222038e-02
5.206097e-02 5.245544e-02
5.206003e-02 5.229308e-02
5.205891e-02 5.224058e-02
5.205761e-02 5.225744e-02
5.205771e-02 5.227104e-02
5.205593e-02 5.230474e-02
5.205632e-02 5.227600e-02
5.205538e-02 5.238065e-02
5.205444e-02 5.222099e-02
5.205383e-02 5.232603e-02
5.205228e-02 5.221752e-02
5.205169e-02 5.229461e-02
5.205053e-02 5.233209e-02
5.205016e-02 5.235377e-02
5.204984e-02 5.222135e-02
5.204804e-02 5.238467e-02
5.204694e-02 5.230673e-02
5.204727e-02 5.247747e-02
5.204611e-02 5.235088e-02
5.204396e-02 5.228331e-02
5.204366e-02 5.216282e-02
5.204236e-02 5.215954e-02
5.204277e-02 5.223450e-02
5.204226e-02 5.221392e-02
5.203995e-02 5.219754e-02
5.203985e-02 5.227281e-02
5.203955e-02 5.215175e-02
5.203782e-02 5.222272e-02
5.203619e-02 5.226956e-02
5.203690e-02 5.240574e-02
5.203545e-02 5.225533e-02
5.203408e-02 5.227686e-02
5.203257e-02 5.217379e-02
5.203296e-02 5.227512e-02
5.203124e-02 5.224123e-02
5.203010e-02 5.235460e-02
5.202969e-02 5.223238e-02
5.202975e-02 5.228098e-02
5.202800e-02 5.225862e-02
5.202726e-02 5.226125e-02
5.202656e-02 5.213818e-02
5.202660e-02 5.222669e-02
5.202572e-02 5.229038e-02
5.202517e-02 5.215692e-02
5.202241e-02 5.220769e-02
5.202293e-02 5.223081e-02
5.202207e-02 5.236592e-02
5.202171e-02 5.237471e-02
5.201967e-02 5.217034e-02
5.201849e-02 5.233905e-02
5.201825e-02 5.233979e-02
5.201684e-02 5.216667e-02
5.201634e-02 5.227565e-02
5.201558e-02 5.233496e-02
5.201348e-02 5.232564e-02
5.201440e-02 5.228992e-02
5.201409e-02 5.236003e-02
5.201215e-02 5.222000e-02
5.201088e-02 5.215442e-02
5.201017e-02 5.225643e-02
5.200927e-02 5.229785e-02
5.200932e-02 5.214448e-02
5.200760e-02 5.234673e-02
5.200771e-02 5.238847e-02
5.200724e-02 5.215272e-02
5.200545e-02 5.225525e-02
5.200472e-02 5.222575e-02
5.200378e-02 5.211443e-02
5.200308e-02 5.211119e-02
5.200251e-02 5.220763e-02
5.200235e-02 5.222335e-02
5.199954e-02 5.213877e-02
5.200032e-02 5.216929e-02
5.199790e-02 5.216410e-02
5.199884e-02 5.210637e-02
5.199789e-02 5.221691e-02
5.199687e-02 5.226159e-02
5.199656e-02 5.214351e-02
5.199499e-02 5.232185e-02
5.199423e-02 5.221350e-02
5.199359e-02 5.211992e-02
5.199358e-02 5.224257e-02
5.199198e-02 5.237246e-02
5.199102e-02 5.209830e-02
5.199016e-02 5.216828e-02
5.198842e-02 5.211244e-02
5.198824e-02 5.212324e-02
5.198829e-02 5.227810e-02
5.198607e-02 5.223351e-02
5.198666e-02 5.213450e-02
5.198347e-02 5.212775e-02
5.198344e-02 5.222368e-02
5.198504e-02 5.218344e-02
5.198223e-02 5.235935e-02
5.198169e-02 5.220673e-02
5.198033e-02 5.217803e-02
5.198010e-02 5.233914e-02
5.197979e-02 5.209364e-02
5.197931e-02 5.209503e-02
5.197836e-02 5.217837e-02
5.197727e-02 5.218087e-02
5.197574e-02 5.217658e-02
5.197508e-02 5.218066e-02
5.197454e-02 5.220239e-02
5.197376e-02 5.210928e-02
5.197190e-02 5.214315e-02
5.197343e-02 5.215675e-02
5.197197e-02 5.212599e-02
5.197052e-02 5.220853e-02
5.197024e-02 5.241275e-02
5.196864e-02 5.221069e-02
5.196892e-02 5.216587e-02
5.196793e-02 5.218234e-02
5.196748e-02 5.216413e-02
5.196622e-02 5.215379e-02
5.196482e-02 5.209410e-02
5.196475e-02 5.213740e-02
5.196354e-02 5.222048e-02
5.196251e-02 5.211934e-02
5.196188e-02 5.225842e-02
5.196129e-02 5.226691e-02
5.195959e-02 5.213383e-02
5.196051e-02 5.214682e-02
5.195911e-02 5.227569e-02
5.195860e-02 5.214837e-02
5.195759e-02 5.215077e-02
5.195731e-02 5.208676e-02
5.195561e-02 5.210630e-02
5.195409e-02 5.224999e-02
5.195489e-02 5.215398e-02
5.195438e-02 5.229524e-02
5.195259e-02 5.223840e-02
5.195146e-02 5.211427e-02
5.195153e-02 5.215324e-02
5.195082e-02 5.210455e-02
5.195009e-02 5.228713e-02
5.194845e-02 5.215651e-02
5.194853e-02 5.211844e-02
5.194762e-02 5.211070e-02
5.194609e-02 5.218052e-02
5.194520e-02 5.217170e-02
5.194522e-02 5.212062e-02
5.194370e-02 5.214774e-02
5.194332e-02 5.218076e-02
5.194326e-02 5.210133e-02
5.194189e-02 5.245753e-02
5.194018e-02 5.205866e-02
5.194121e-02 5.208633e-02
5.193991e-02 5.217767e-02
5.193908e-02 5.212419e-02
5.193795e-02 5.213219e-02
5.193755e-02 5.207190e-02
5.193640e-02 5.219554e-02
5.193615e-02 5.214105e-02
5.193450e-02 5.216345e-02
5.193454e-02 5.211725e-02
5.193294e-02 5.206044e-02
5.193341e-02 5.210226e-02
5.193142e-02 5.216832e-02
5.193104e-02 5.223369e-02
5.193124e-02 5.213376e-02
5.193022e-02 5.225120e-02
5.193029e-02 5.217179e-02
5.192802e-02 5.203712e-02
5.192692e-02 5.217361e-02
5.192717e-02 5.227534e-02
5.192612e-02 5.231026e-02
5.192356e-02 5.213289e-02
5.192535e-02 5.214103e-02
5.192311e-02 5.236749e-02
5.192200e-02 5.224445e-02
5.192213e-02 5.223794e-02
5.192053e-02 5.223307e-02
5.192155e-02 5.202760e-02
5.192146e-02 5.219295e-02
5.191884e-02 5.213711e-02
5.191875e-02 5.209029e-02
5.191792e-02 5.223242e-02
5.191665e-02 5.212614e-02
5.191686e-02 5.211662e-02
5.191565e-02 5.208483e-02
5.191365e-02 5.214838e-02
5.191391e-02 5.202522e-02
5.191299e-02 5.232210e-02
5.191264e-02 5.204689e-02
5.191184e-02 5.206314e-02
5.191080e-02 5.209277e-02
5.191013e-02 5.242063e-02
5.190923e-02 5.218000e-02
5.190801e-02 5.222760e-02
5.190745e-02 5.227858e-02
5.190650e-02 5.217885e-02
5.190651e-02 5.221099e-02
5.190597e-02 5.211997e-02
5.190524e-02 5.206256e-02
5.190430e-02 5.227953e-02
5.190429e-02 5.216666e-02
5.190321e-02 5.210707e-02
5.190197e-02 5.219177e-02
5.190191e-02 5.204525e-02
5.190035e-02 5.218001e-02
5.190044e-02 5.210016e-02
5.189909e-02 5.207991e-02
5.189817e-02 5.207277e-02
5.189796e-02 5.212738e-02
5.189650e-02 5.220406e-02
5.189670e-02 5.207345e-02
5.189454e-02 5.210992e-02
5.189509e-02 5.205014e-02
5.189548e-02 5.218650e-02
5.189382e-02 5.205608e-02
5.189183e-02 5.212735e-02
5.189269e-02 5.214387e-02
5.189095e-02 5.202073e-02
5.189069e-02 5.240341e-02
5.188951e-02 5.213688e-02
5.188930e-02 5.204292e-02
5.188808e-02 5.210279e-02
5.188725e-02 5.199270e-02
5.188649e-02 5.205093e-02
5.188615e-02 5.207254e-02
5.188424e-02 5.217469e-02
5.188504e-02 5.203972e-02
5.188477e-02 5.212260e-02
5.188330e-02 5.208796e-02
5.188309e-02 5.216926e-02
5.188197e-02 5.221261e-02
5.188008e-02 5.222096e-02
5.188012e-02 5.206557e-02
5.187964e-02 5.209911e-02
5.187900e-02 5.208025e-02
5.187855e-02 5.209005e-02
5.187596e-02 5.215797e-02
5.187586e-02 5.201953e-02
5.187711e-02 5.203998e-02
5.187486e-02 5.212997e-02
5.187452e-02 5.209472e-02
5.187443e-02 5.212163e-02
5.187371e-02 5.207386e-02
5.187314e-02 5.222472e-02
5.187140e-02 5.205610e-02
5.187079e-02 5.201187e-02
5.186946e-02 5.205692e-02
5.186969e-02 5.218778e-02
5.186985e-02 5.205000e-02
5.186857e-02 5.207119e-02
5.186827e-02 5.201040e-02
5.186749e-02 5.198582e-02
5.186669e-02 5.203501e-02
5.186571e-02 5.204267e-02
5.186642e-02 5.205629e-02
5.186398e-02 5.206604e-02
5.186388e-02 5.221085e-02
5.186213e-02 5.219199e-02
5.186190e-02 5.208406e-02
5.186071e-02 5.197257e-02
5.186022e-02 5.201249e-02
5.185983e-02 5.201761e-02
5.185953e-02 5.216272e-02
5.185956e-02 5.199456e-02
5.185831e-02 5.211437e-02
5.185694e-02 5.207547e-02
5.185682e-02 5.202776e-02
5.185572e-02 5.198322e-02
5.185495e-02 5.213399e-02
5.185364e-02 5.212885e-02
5.185423e-02 5.211071e-02
5.185153e-02 5.199147e-02
5.185278e-02 5.204088e-02
5.185185e-02 5.209817e-02
5.185093e-02 5.200314e-02
5.184971e-02 5.206958e-02
5.184910e-02 5.200603e-02
5.184922e-02 5.203657e-02
5.184745e-02 5.204808e-02
5.184721e-02 5.197635e-02
5.184694e-02 5.212696e-02
5.184618e-02 5.208525e-02
5.184368e-02 5.219401e-02
5.184365e-02 5.210106e-02
5.184380e-02 5.211558e-02
5.184363e-02 5.206801e-02
5.184232e-02 5.198657e-02
5.184271e-02 5.200560e-02
5.184125e-02 5.200471e-02
5.184024e-02 5.202342e-02
5.184038e-02 5.200036e-02
5.183897e-02 5.203873e-02
5.183883e-02 5.206089e-02
5.183663e-02 5.200770e-02
5.183618e-02 5.205983e-02
5.183656e-02 5.203892e-02
5.183618e-02 5.214598e-02
5.183617e-02 5.204435e-02
5.183304e-02 5.196952e-02
5.183344e-02 5.214677e-02
5.183368e-02 5.218326e-02
5.183289e-02 5.211966e-02
5.183018e-02 5.201082e-02
5.183069e-02 5.201250e-02
5.183101e-02 5.194628e-02
5.183007e-02 5.213709e-02
5.182937e-02 5.214424e-02
5.182742e-02 5.215082e-02
5.182738e-02 5.210478e-02
5.182769e-02 5.200706e-02
5.182664e-02 5.207364e-02
5.182500e-02 5.223534e-02
5.182568e-02 5.196795e-02
5.182332e-02 5.229957e-02
5.182443e-02 5.208532e-02
5.182088e-02 5.198262e-02
5.182112e-02 5.212142e-02
5.182203e-02 5.194588e-02
5.182220e-02 5.203160e-02
5.182086e-02 5.197917e-02
5.181980e-02 5.193763e-02
5.181824e-02 5.199854e-02
5.181819e-02 5.197864e-02
5.181805e-02 5.202461e-02
5.181728e-02 5.198971e-02
5.181643e-02 5.195728e-02
5.181540e-02 5.196520e-02
5.181364e-02 5.220705e-02
5.181381e-02 5.215209e-02
5.181237e-02 5.198196e-02
5.181344e-02 5.194958e-02
5.181072e-02 5.202416e-02
5.181073e-02 5.207061e-02
5.181137e-02 5.194298e-02
5.181010e-02 5.195077e-02
5.180935e-02 5.198170e-02
5.180878e-02 5.205432e-02
5.180811e-02 5.210140e-02
5.180751e-02 5.202925e-02
5.180699e-02 5.202626e-02
5.180575e-02 5.205260e-02
5.180445e-02 5.196884e-02
5.180478e-02 5.192514e-02
5.180296e-02 5.195133e-02
5.180305e-02 5.208851e-02
5.180170e-02 5.212466e-02
5.180114e-02 5.195295e-02
5.180066e-02 5.209896e-02
5.179863e-02 5.195055e-02
5.179871e-02 5.198302e-02
5.179870e-02 5.210202e-02
5.179799e-02 5.191750e-02
5.179760e-02 5.206582e-02
5.179649e-02 5.195208e-02
5.179613e-02 5.198622e-02
5.179502e-02 5.190816e-02
5.179425e-02 5.190132e-02
5.179396e-02 5.199438e-02
5.179290e-02 5.207961e-02
5.179396e-02 5.199576e-02
5.179176e-02 5.202201e-02
5.179079e-02 5.232052e-02
5.178975e-02 5.208669e-02
5.179011e-02 5.214834e-02
5.178776e-02 5.191779e-02
5.178800e-02 5.196746e-02
5.178700e-02 5.194899e-02
5.178537e-02 5.204055e-02
5.178660e-02 5.206142e-02
5.178438e-02 5.192770e-02
5.178362e-02 5.198828e-02
5.178405e-02 5.190002e-02
5.178192e-02 5.216797e-02
5.177989e-02 5.198647e-02
5.178047e-02 5.193305e-02
5.177816e-02 5.189086e-02
5.177756e-02 5.208243e-02
5.177581e-02 5.196045e-02
5.177580e-02 5.202919e-02
5.177491e-02 5.197158e-02
5.177405e-02 5.209783e-02
5.177278e-02 5.188224e-02
5.177240e-02 5.218330e-02
5.177118e-02 5.206930e-02
5.176927e-02 5.197490e-02
5.176937e-02 5.205149e-02
5.176757e-02 5.188309e-02
5.176751e-02 5.201004e-02
5.176600e-02 5.201560e-02
5.176584e-02 5.196954e-02
5.176467e-02 5.207828e-02
5.176424e-02 5.197283e-02
5.176325e-02 5.188251e-02
5.176249e-02 5.194506e-02
5.176241e-02 5.196173e-02
5.176203e-02 5.231995e-02
5.175913e-02 5.187430e-02
5.176066e-02 5.203721e-02
5.175826e-02 5.206761e-02
5.175730e-02 5.205382e-02
5.175828e-02 5.204522e-02
5.175738e-02 5.192079e-02
5.175509e-02 5.198838e-02
5.175458e-02 5.194845e-02
5.175357e-02 5.204180e-02
5.175285e-02 5.185633e-02
5.175247e-02 5.208739e-02
5.175270e-02 5.199999e-02
5.175281e-02 5.201906e-02
5.175233e-02 5.197095e-02
5.174978e-02 5.192489e-02
5.174883e-02 5.197129e-02
5.174911e-02 5.189817e-02
5.174908e-02 5.210664e-02
5.174715e-02 5.185938e-02
5.174706e-02 5.185377e-02
5.174546e-02 5.201217e-02
5.174556e-02 5.189469e-02
5.174558e-02 5.195494e-02
5.174385e-02 5.194651e-02
5.174398e-02 5.190135e-02
5.174346e-02 5.185582e-02
5.174203e-02 5.191337e-02
5.174137e-02 5.185840e-02
5.174138e-02 5.194909e-02
5.174020e-02 5.193656e-02
5.174001e-02 5.184346e-02
5.173913e-02 5.193111e-02
5.173842e-02 5.186672e-02
5.173718e-02 5.211169e-02
5.173784e-02 5.185263e-02
5.173650e-02 5.187344e-02
5.173560e-02 5.197578e-02
5.173554e-02 5.189590e-02
5.173373e-02 5.201258e-02
5.173534e-02 5.188488e-02
5.173387e-02 5.183786e-02
5.173154e-02 5.193693e-02
5.173194e-02 5.188429e-02
5.173247e-02 5.204974e-02
5.173012e-02 5.195205e-02
5.172949e-02 5.215858e-02
5.172905e-02 5.233193e-02
5.172869e-02 5.199174e-02
5.172897e-02 5.189659e-02
5.172862e-02 5.192719e-02
5.172746e-02 5.186626e-02
5.172645e-02 5.199996e-02
5.172587e-02 5.196600e-02
5.172462e-02 5.183337e-02
5.172427e-02 5.184404e-02
5.172421e-02 5.189109e-02
5.172293e-02 5.206392e-02
5.172279e-02 5.205940e-02
5.172197e-02 5.199851e-02
5.172163e-02 5.193816e-02
5.172084e-02 5.191867e-02
5.172009e-02 5.193591e-02
5.171940e-02 5.190950e-02
5.171820e-02 5.187802e-02
5.171818e-02 5.201801e-02
5.171774e-02 5.192411e-02
5.171660e-02 5.197246e-02
5.171535e-02 5.202928e-02
5.171600e-02 5.182046e-02
5.171489e-02 5.188236e-02
5.171367e-02 5.193272e-02
5.171327e-02 5.217764e-02
5.171387e-02 5.210965e-02
5.171299e-02 5.195332e-02
5.171171e-02 5.209296e-02
5.171134e-02 5.198789e-02
5.171009e-02 5.188996e-02
5.171063e-02 5.192667e-02
5.170971e-02 5.190884e-02
5.170928e-02 5.184743e-02
5.170854e-02 5.192451e-02
5.170698e-02 5.193955e-02
5.170645e-02 5.186424e-02
5.170689e-02 5.185837e-02
5.170496e-02 5.190997e-02
5.170575e-02 5.201059e-02
5.170497e-02 5.187421e-02
5.170342e-02 5.198437e-02
5.170349e-02 5.206872e-02
5.170224e-02 5.188238e-02
5.170234e-02 5.185771e-02
5.170214e-02 5.210814e-02
5.170144e-02 5.199117e-02
5.170076e-02 5.195412e-02
5.169917e-02 5.196107e-02
5.170051e-02 5.201266e-02
5.169884e-02 5.188887e-02
5.169766e-02 5.184769e-02
5.169767e-02 5.181409e-02
5.169667e-02 5.195615e-02
5.169617e-02 5.186828e-02
5.169510e-02 5.193140e-02
5.169425e-02 5.186318e-02
5.169160e-02 5.189151e-02
5.169478e-02 5.196119e-02
5.169266e-02 5.180040e-02
5.169168e-02 5.188162e-02
5.169254e-02 5.185919e-02
5.169250e-02 5.194984e-02
5.169145e-02 5.204243e-02
5.169081e-02 5.189040e-02
5.169005e-02 5.187085e-02
5.168873e-02 5.197529e-02
5.168839e-02 5.192144e-02
5.168842e-02 5.190675e-02
5.168780e-02 5.193049e-02
5.168776e-02 5.184760e-02
5.168760e-02 5.199542e-02
5.168389e-02 5.182126e-02
5.168534e-02 5.182531e-02
5.162758e-02 5.182002e-02
5.162749e-02 5.175393e-02
5.162577e-02 5.213074e-02
5.162748e-02 5.186514e-02
5.162554e-02 5.188454e-02
5.162523e-02 5.183084e-02
5.162470e-02 5.178797e-02
5.162422e-02 5.184396e-02
5.162400e-02 5.179402e-02
5.162341e-02 5.184557e-02
5.162222e-02 5.177867e-02
5.162268e-02 5.182218e-02
5.162127e-02 5.204182e-02
5.162151e-02 5.176531e-02
5.162163e-02 5.187430e-02
5.161948e-02 5.186924e-02
5.161930e-02 5.176810e-02
5.161946e-02 5.183469e-02
5.161738e-02 5.186204e-02
5.161761e-02 5.173260e-02
5.161679e-02 5.177757e-02
5.161675e-02 5.183113e-02
5.161640e-02 5.172032e-02
5.161453e-02 5.186868e-02
5.161418e-02 5.190662e-02
5.161424e-02 5.187782e-02
5.161254e-02 5.191129e-02
5.161355e-02 5.190331e-02
5.161334e-02 5.171432e-02
5.161246e-02 5.180159e-02
5.161271e-02 5.179652e-02
5.161156e-02 5.183485e-02
5.160960e-02 5.176191e-02
5.160974e-02 5.180173e-02
5.161087e-02 5.191797e-02
5.160833e-02 5.189797e-02
5.160838e-02 5.173680e-02
5.160806e-02 5.180776e-02
5.160680e-02 5.176772e-02
5.160729e-02 5.192461e-02
5.160686e-02 5.172054e-02
5.160519e-02 5.180992e-02
5.160559e-02 5.188292e-02
5.160649e-02 5.188445e-02
5.160477e-02 5.190713e-02
5.160347e-02 5.212386e-02
5.160199e-02 5.173369e-02
5.160247e-02 5.182811e-02
5.160271e-02 5.191908e-02
5.160075e-02 5.171736e-02
5.160232e-02 5.181232e-02
5.160030e-02 5.184409e-02
5.160164e-02 5.201145e-02
5.160084e-02 5.179871e-02
5.159935e-02 5.175930e-02
5.159961e-02 5.189695e-02
5.159813e-02 5.194436e-02
5.159685e-02 5.176241e-02
5.159817e-02 5.171349e-02
5.159675e-02 5.176945e-02
5.159619e-02 5.175210e-02
5.159519e-02 5.189345e-02
5.159442e-02 5.177189e-02
5.159354e-02 5.183397e-02
5.159481e-02 5.173137e-02
5.159331e-02 5.176179e-02
5.159249e-02 5.195354e-02
5.159321e-02 5.182917e-02
5.159192e-02 5.187433e-02
5.159095e-02 5.173990e-02
5.159037e-02 5.177028e-02
5.158989e-02 5.176287e-02
5.159031e-02 5.173607e-02
5.158917e-02 5.189331e-02
5.158876e-02 5.169513e-02
5.158978e-02 5.175829e-02
5.158679e-02 5.189135e-02
5.158662e-02 5.183690e-02
5.158655e-02 5.180609e-02
5.158558e-02 5.171871e-02
5.158531e-02 5.190631e-02
5.158484e-02 5.171325e-02
5.158421e-02 5.176174e-02
5.158318e-02 5.168391e-02
5.158323e-02 5.183080e-02
5.158385e-02 5.169313e-02
5.158270e-02 5.172490e-02
5.158210e-02 5.178776e-02
5.158188e-02 5.172310e-02
5.158170e-02 5.198724e-02
5.158095e-02 5.176957e-02
5.158029e-02 5.198353e-02
5.157982e-02 5.177446e-02
5.157924e-02 5.185697e-02
5.157831e-02 5.174952e-02
5.157857e-02 5.178642e-02
5.157747e-02 5.180704e-02
5.157792e-02 5.185152e-02
5.157634e-02 5.170603e-02
5.157486e-02 5.170577e-02
5.157544e-02 5.198877e-02
5.157438e-02 5.179788e-02
5.157489e-02 5.175848e-02
5.157434e-02 5.177890e-02
5.157242e-02 5.194611e-02
5.157221e-02 5.179903e-02
5.157140e-02 5.187677e-02
5.157201e-02 5.172712e-02
5.156992e-02 5.183801e-02
5.157078e-02 5.182781e-02
5.157009e-02 5.183096e-02
5.156920e-02 5.174769e-02
5.156841e-02 5.172001e-02
5.156746e-02 5.203384e-02
5.156649e-02 5.167052e-02
5.156773e-02 5.181637e-02
5.156636e-02 5.167575e-02
5.156586e-02 5.171626e-02
5.156739e-02 5.167264e-02
5.156584e-02 5.170476e-02
5.156485e-02 5.170521e-02
5.156483e-02 5.169253e-02
5.156464e-02 5.182189e-02
5.156246e-02 5.167051e-02
5.156317e-02 5.176023e-02
5.156297e-02 5.186430e-02
5.156329e-02 5.172855e-02
5.156107e-02 5.168250e-02
5.156150e-02 5.174501e-02
5.156084e-02 5.183322e-02
5.156026e-02 5.193088e-02
5.155910e-02 5.177878e-02
5.155939e-02 5.199965e-02
5.155771e-02 5.167360e-02
5.155855e-02 5.188700e-02
5.155612e-02 5.187901e-02
5.155684e-02 5.173331e-02
5.155617e-02 5.179369e-02
5.155467e-02 5.169787e-02
5.155422e-02 5.198053e-02
5.155511e-02 5.183579e-02
5.155336e-02 5.170697e-02
5.155370e-02 5.182472e-02
5.155330e-02 5.182579e-02
5.155280e-02 5.166787e-02
5.155144e-02 5.197995e-02
5.155233e-02 5.170533e-02
5.155267e-02 5.181274e-02
5.155014e-02 5.184996e-02
5.155000e-02 5.170370e-02
5.154990e-02 5.179169e-02
5.154873e-02 5.181171e-02
5.154908e-02 5.177006e-02
5.155036e-02 5.165503e-02
5.154782e-02 5.167636e-02
5.154799e-02 5.178379e-02
5.154690e-02 5.174912e-02
5.154623e-02 5.170969e-02
5.154496e-02 5.166860e-02
5.154492e-02 5.173283e-02
5.154402e-02 5.170260e-02
5.154416e-02 5.187510e-02
5.154402e-02 5.168339e-02
5.154312e-02 5.179420e-02
5.154272e-02 5.179894e-02
5.154274e-02 5.177187e-02
5.154244e-02 5.185075e-02
5.154064e-02 5.169223e-02
5.154123e-02 5.173176e-02
5.154018e-02 5.183662e-02
5.153914e-02 5.191760e-02
5.153948e-02 5.165654e-02
5.153948e-02 5.166930e-02
5.153868e-02 5.195530e-02
5.153832e-02 5.179026e-02
5.153940e-02 5.168502e-02
5.153708e-02 5.169427e-02
5.153681e-02 5.184286e-02
5.153705e-02 5.169840e-02
5.153576e-02 5.165302e-02
5.153569e-02 5.169828e-02
5.153434e-02 5.175342e-02
5.153447e-02 5.172355e-02
5.153353e-02 5.171942e-02
5.153267e-02 5.176742e-02
5.153286e-02 5.174371e-02
5.153157e-02 5.171239e-02
5.153119e-02 5.174178e-02
5.153113e-02 5.177869e-02
5.153093e-02 5.174372e-02
5.153119e-02 5.184961e-02
5.152904e-02 5.165912e-02
5.152896e-02 5.166957e-02
5.152840e-02 5.166907e-02
5.152995e-02 5.166055e-02
5.152855e-02 5.168801e-02
5.152568e-02 5.164842e-02
5.152595e-02 5.168859e-02
5.152696e-02 5.180771e-02
5.152698e-02 5.174395e-02
5.152527e-02 5.164411e-02
5.152481e-02 5.166001e-02
5.152332e-02 5.171961e-02
5.152317e-02 5.169133e-02
5.152313e-02 5.192853e-02
5.152263e-02 5.169571e-02
5.152341e-02 5.198309e-02
5.152331e-02 5.174718e-02
5.152224e-02 5.179401e-02
5.152119e-02 5.191100e-02
5.152007e-02 5.170873e-02
5.152006e-02 5.173607e-02
5.151964e-02 5.172690e-02
5.151943e-02 5.179345e-02
5.151804e-02 5.169864e-02
5.151835e-02 5.169127e-02
5.151733e-02 5.182425e-02
5.151631e-02 5.177622e-02
5.151686e-02 5.181102e-02
5.151539e-02 5.187738e-02
5.151611e-02 5.176215e-02
5.151510e-02 5.191513e-02
5.151465e-02 5.172387e-02
5.151486e-02 5.162737e-02
5.151356e-02 5.171136e-02
5.151279e-02 5.180228e-02
5.151253e-02 5.174310e-02
5.151172e-02 5.162707e-02
5.151300e-02 5.170985e-02
5.151163e-02 5.168532e-02
5.151027e-02 5.164708e-02
5.151081e-02 5.184922e-02
5.151020e-02 5.185643e-02
5.150850e-02 5.179737e-02
5.150993e-02 5.162964e-02
5.150812e-02 5.178470e-02
5.150753e-02 5.167044e-02
5.150817e-02 5.162899e-02
5.150854e-02 5.194133e-02
5.150606e-02 5.175937e-02
5.150589e-02 5.172000e-02
5.150696e-02 5.170247e-02
5.150386e-02 5.195017e-02
5.150379e-02 5.161006e-02
5.150485e-02 5.195372e-02
5.150340e-02 5.173717e-02
5.150428e-02 5.161693e-02
5.150384e-02 5.167665e-02
5.150379e-02 5.176180e-02
5.150343e-02 5.170555e-02
5.150160e-02 5.180916e-02
5.150221e-02 5.164800e-02
5.150013e-02 5.172473e-02
5.149927e-02 5.162724e-02
5.149999e-02 5.170589e-02
5.149892e-02 5.173941e-02
5.149781e-02 5.175769e-02
5.149745e-02 5.163740e-02
5.149841e-02 5.178839e-02
5.149617e-02 5.165427e-02
5.149733e-02 5.171995e-02
5.149868e-02 5.162653e-02
5.149536e-02 5.160951e-02
5.149521e-02 5.175940e-02
5.149450e-02 5.169086e-02
5.149431e-02 5.163110e-02
5.149428e-02 5.177821e-02
5.149290e-02 5.163574e-02
5.149260e-02 5.183655e-02
5.149166e-02 5.164068e-02
5.149257e-02 5.175497e-02
5.149000e-02 5.170089e-02
5.149160e-02 5.160953e-02
5.149138e-02 5.162354e-02
5.149123e-02 5.183888e-02
5.148923e-02 5.167101e-02
5.148914e-02 5.180049e-02
5.148966e-02 5.158980e-02
5.148794e-02 5.167115e-02
5.148804e-02 5.168941e-02
5.148767e-02 5.169041e-02
5.148668e-02 5.164811e-02
5.148749e-02 5.181011e-02
5.148773e-02 5.160383e-02
5.148571e-02 5.163425e-02
5.148437e-02 5.166523e-02
5.148369e-02 5.165469e-02
5.148518e-02 5.169102e-02
5.148306e-02 5.196423e-02
5.148448e-02 5.174509e-02
5.148274e-02 5.176948e-02
5.148174e-02 5.160614e-02
5.148343e-02 5.171478e-02
5.148122e-02 5.161477e-02
5.148015e-02 5.158871e-02
5.148058e-02 5.170758e-02
5.148117e-02 5.161413e-02
5.148115e-02 5.178928e-02
5.147942e-02 5.183950e-02
5.147894e-02 5.169633e-02
5.147821e-02 5.173300e-02
5.147688e-02 5.168231e-02
5.147655e-02 5.168812e-02
5.147682e-02 5.160882e-02
5.147589e-02 5.178633e-02
5.147522e-02 5.189929e-02
5.147695e-02 5.192340e-02
5.147560e-02 5.165026e-02
5.147457e-02 5.176029e-02
5.147506e-02 5.162447e-02
5.147340e-02 5.158282e-02
5.147234e-02 5.182768e-02
5.147228e-02 5.180084e-02
5.147111e-02 5.165375e-02
5.147070e-02 5.167643e-02
5.147115e-02 5.164557e-02
5.147070e-02 5.174764e-02
5.146976e-02 5.173348e-02
5.146973e-02 5.166654e-02
5.146838e-02 5.168983e-02
5.146872e-02 5.170456e-02
5.146793e-02 5.162752e-02
5.146817e-02 5.156750e-02
5.146815e-02 5.161131e-02
5.146784e-02 5.161503e-02
5.146679e-02 5.159292e-02
5.146703e-02 5.160872e-02
5.146654e-02 5.159065e-02
5.146475e-02 5.181652e-02
5.146546e-02 5.172220e-02
5.146383e-02 5.175388e-02
5.146342e-02 5.175711e-02
5.146357e-02 5.172094e-02
5.146194e-02 5.182677e-02
5.146256e-02 5.156167e-02
5.146288e-02 5.165411e-02
5.146217e-02 5.168647e-02
5.146136e-02 5.166054e-02
5.146063e-02 5.169421e-02
5.146116e-02 5.161372e-02
5.145968e-02 5.167044e-02
5.146087e-02 5.168759e-02
5.145924e-02 5.170439e-02
5.145832e-02 5.164713e-02
5.145858e-02 5.190254e-02
5.145772e-02 5.158110e-02
5.145719e-02 5.170351e-02
5.145594e-02 5.166815e-02
5.145645e-02 5.158349e-02
5.145599e-02 5.164955e-02
5.145547e-02 5.167966e-02
5.145588e-02 5.174283e-02
5.145421e-02 5.160270e-02
5.145442e-02 5.155376e-02
5.145384e-02 5.156903e-02
5.145294e-02 5.155384e-02
5.145212e-02 5.160694e-02
5.145144e-02 5.161660e-02
5.145048e-02 5.196710e-02
5.145158e-02 5.174152e-02
5.144980e-02 5.173075e-02
5.145151e-02 5.166271e-02
5.145086e-02 5.171625e-02
5.144891e-02 5.173362e-02
5.144865e-02 5.180302e-02
5.144901e-02 5.166804e-02
5.144831e-02 5.156344e-02
5.144689e-02 5.174142e-02
5.144767e-02 5.166302e-02
5.144676e-02 5.168132e-02
5.144603e-02 5.188280e-02
5.144618e-02 5.171355e-02
5.144564e-02 5.170234e-02
5.144487e-02 5.164287e-02
5.144326e-02 5.166727e-02
5.144475e-02 5.184353e-02
5.144304e-02 5.173273e-02
5.144243e-02 5.160172e-02
5.144262e-02 5.161111e-02
5.144259e-02 5.177276e-02
5.144174e-02 5.167694e-02
5.144258e-02 5.162060e-02
5.144071e-02 5.160127e-02
5.143996e-02 5.166434e-02
5.143910e-02 5.173027e-02
5.143892e-02 5.174078e-02
5.143776e-02 5.164999e-02
5.143884e-02 5.158481e-02
5.143839e-02 5.162698e-02
5.143681e-02 5.168786e-02
5.143737e-02 5.156260e-02
5.143691e-02 5.190914e-02
5.143659e-02 5.171291e-02
5.143633e-02 5.156421e-02
5.143637e-02 5.161081e-02
5.143464e-02 5.177296e-02
5.143393e-02 5.174320e-02
5.143494e-02 5.159159e-02
5.143328e-02 5.169575e-02
5.143361e-02 5.163799e-02
5.143276e-02 5.156806e-02
5.143314e-02 5.156766e-02
5.143250e-02 5.172480e-02
5.143266e-02 5.167358e-02
5.143045e-02 5.173458e-02
5.143050e-02 5.163106e-02
5.142954e-02 5.164336e-02
5.142913e-02 5.179504e-02
5.142851e-02 5.159806e-02
5.142876e-02 5.164747e-02
5.142759e-02 5.158314e-02
5.142798e-02 5.166509e-02
5.142748e-02 5.175768e-02
5.142596e-02 5.160045e-02
5.142640e-02 5.164890e-02
5.142593e-02 5.155626e-02
5.142613e-02 5.160328e-02
5.142546e-02 5.191588e-02
5.142530e-02 5.164256e-02
5.142507e-02 5.160411e-02
5.142392e-02 5.153251e-02
5.142378e-02 5.163367e-02
5.142359e-02 5.153523e-02
5.142280e-02 5.171081e-02
5.142167e-02 5.182927e-02
5.142070e-02 5.154745e-02
5.142133e-02 5.167779e-02
5.142077e-02 5.157416e-02
5.142145e-02 5.152772e-02
5.141962e-02 5.167734e-02
5.142028e-02 5.170887e-02
5.141927e-02 5.153506e-02
5.141874e-02 5.157078e-02
5.141817e-02 5.154587e-02
5.141713e-02 5.182120e-02
5.141720e-02 5.191130e-02
5.141815e-02 5.154672e-02
5.141650e-02 5.155725e-02
5.141464e-02 5.188985e-02
5.141517e-02 5.154675e-02
5.141533e-02 5.154608e-02
5.141454e-02 5.163751e-02
5.141349e-02 5.159855e-02
5.141369e-02 5.160412e-02
5.141416e-02 5.171668e-02
5.141373e-02 5.164164e-02
5.141216e-02 5.154679e-02
5.141319e-02 5.173713e-02
5.141262e-02 5.173280e-02
5.141170e-02 5.160719e-02
5.141078e-02 5.174541e-02
5.141088e-02 5.175111e-02
5.140967e-02 5.151167e-02
5.140955e-02 5.184332e-02
5.140817e-02 5.156128e-02
5.140974e-02 5.157173e-02
5.140754e-02 5.185514e-02
5.140836e-02 5.170647e-02
5.140730e-02 5.151947e-02
5.140644e-02 5.162288e-02
5.140617e-02 5.167144e-02
5.140561e-02 5.158530e-02
5.140553e-02 5.181293e-02
5.140446e-02 5.203764e-02
5.140324e-02 5.171856e-02
5.140509e-02 5.156457e-02
5.140379e-02 5.180640e-02
5.140335e-02 5.152360e-02
5.140157e-02 5.155173e-02
5.140173e-02 5.162716e-02
5.140351e-02 5.153904e-02
5.140146e-02 5.153023e-02
5.140125e-02 5.152095e-02
5.140093e-02 5.158910e-02
5.140105e-02 5.153951e-02
5.140032e-02 5.164283e-02
5.140069e-02 5.171966e-02
5.139752e-02 5.162658e-02
5.139986e-02 5.159223e-02
5.139798e-02 5.169316e-02
5.139792e-02 5.163079e-02
5.139694e-02 5.163055e-02
5.139842e-02 5.202564e-02
5.139744e-02 5.167588e-02
5.139587e-02 5.175050e-02
5.139721e-02 5.170133e-02
5.139481e-02 5.153466e-02
5.139498e-02 5.199526e-02
5.139399e-02 5.153974e-02
5.139311e-02 5.163280e-02
5.139421e-02 5.159512e-02
5.139191e-02 5.164191e-02
5.139399e-02 5.172138e-02
5.139234e-02 5.171845e-02
5.139061e-02 5.153719e-02
5.139232e-02 5.184961e-02
5.139157e-02 5.159841e-02
5.139112e-02 5.163710e-02
5.138959e-02 5.176953e-02
5.139018e-02 5.167093e-02
5.138931e-02 5.149803e-02
5.138810e-02 5.151807e-02
5.138800e-02 5.172759e-02
5.138759e-02 5.160997e-02
5.138747e-02 5.149875e-02
5.138693e-02 5.168743e-02
5.138658e-02 5.149068e-02
5.138758e-02 5.157415e-02
5.138602e-02 5.157357e-02
5.138596e-02 5.165561e-02
5.138562e-02 5.153146e-02
5.138291e-02 5.161061e-02
5.138350e-02 5.168471e-02
5.138257e-02 5.154419e-02
5.138419e-02 5.152885e-02
5.138210e-02 5.166010e-02
5.138268e-02 5.152138e-02
5.138139e-02 5.162208e-02
5.138056e-02 5.161611e-02
5.138106e-02 5.165549e-02
5.138127e-02 5.163368e-02
5.138148e-02 5.158904e-02
5.138114e-02 5.149141e-02
5.137898e-02 5.159186e-02
5.137927e-02 5.160253e-02
5.137878e-02 5.149629e-02
5.137888e-02 5.160055e-02
5.137813e-02 5.149919e-02
5.137693e-02 5.161247e-02
5.137651e-02 5.156005e-02
5.137584e-02 5.152629e-02
5.137552e-02 5.157374e-02
5.137599e-02 5.162655e-02
5.137610e-02 5.150484e-02
5.137434e-02 5.151277e-02
5.137519e-02 5.158831e-02
5.137380e-02 5.152739e-02
5.137366e-02 5.159292e-02
5.137266e-02 5.170158e-02
5.137286e-02 5.165344e-02
5.137122e-02 5.156836e-02
5.137328e-02 5.152224e-02
5.137041e-02 5.156852e-02
5.137076e-02 5.150742e-02
5.137058e-02 5.164632e-02
5.137019e-02 5.177475e-02
5.137105e-02 5.153055e-02
5.137035e-02 5.147197e-02
5.136970e-02 5.187807e-02
5.136921e-02 5.173273e-02
5.136810e-02 5.151650e-02
5.136745e-02 5.156714e-02
5.136720e-02 5.154016e-02
5.136609e-02 5.170770e-02
5.136657e-02 5.154795e-02
5.136588e-02 5.146628e-02
5.136664e-02 5.157412e-02
5.136560e-02 5.151604e-02
5.136527e-02 5.165234e-02
5.136448e-02 5.176192e-02
5.136420e-02 5.161375e-02
5.136374e-02 5.155573e-02
5.136317e-02 5.146801e-02
5.136341e-02 5.159978e-02
5.136317e-02 5.147565e-02
5.136258e-02 5.147008e-02
5.136036e-02 5.161109e-02
5.136239e-02 5.165529e-02
5.136187e-02 5.158900e-02
5.136078e-02 5.153108e-02
5.136123e-02 5.146251e-02
5.136041e-02 5.155111e-02
5.135812e-02 5.148052e-02
5.136017e-02 5.153938e-02
5.135899e-02 5.147934e-02
5.135747e-02 5.151975e-02
5.135920e-02 5.154098e-02
5.135609e-02 5.156050e-02
5.135571e-02 5.148559e-02
5.135668e-02 5.171300e-02
5.135563e-02 5.171193e-02
5.135468e-02 5.148697e-02
5.135459e-02 5.162524e-02
5.135503e-02 5.161519e-02
5.135528e-02 5.152762e-02
5.135367e-02 5.150690e-02
5.135339e-02 5.151689e-02
5.135374e-02 5.169463e-02
5.135385e-02 5.147381e-02
5.135171e-02 5.152650e-02
5.135225e-02 5.166350e-02
5.135072e-02 5.155928e-02
5.135121e-02 5.164812e-02
5.135042e-02 5.165048e-02
5.135105e-02 5.155803e-02
5.134876e-02 5.169797e-02
5.134933e-02 5.168576e-02
5.134838e-02 5.166829e-02
5.134763e-02 5.159030e-02
5.134867e-02 5.152220e-02
5.134774e-02 5.161544e-02
5.134691e-02 5.165516e-02
5.134741e-02 5.148378e-02
5.134808e-02 5.153503e-02
5.134462e-02 5.146651e-02
5.134568e-02 5.165158e-02
5.134433e-02 5.156935e-02
5.134419e-02 5.160983e-02
5.134476e-02 5.153348e-02
5.134386e-02 5.153696e-02
5.134414e-02 5.172625e-02
5.134244e-02 5.153902e-02
5.134251e-02 5.149761e-02
5.134111e-02 5.156624e-02
5.134235e-02 5.154844e-02
5.134054e-02 5.168577e-02
5.134126e-02 5.144110e-02
5.134051e-02 5.161174e-02
5.133988e-02 5.152147e-02
5.133937e-02 5.156349e-02
5.133903e-02 5.145853e-02
5.133832e-02 5.156594e-02
5.133911e-02 5.143607e-02
5.133784e-02 5.181916e-02
5.133720e-02 5.150235e-02
5.133751e-02 5.149797e-02
5.133664e-02 5.150119e-02
5.133663e-02 5.160796e-02
5.133630e-02 5.147068e-02
5.133519e-02 5.153312e-02
5.133627e-02 5.151734e-02
5.133511e-02 5.177555e-02
5.133483e-02 5.148621e-02
5.133431e-02 5.148025e-02
5.133446e-02 5.147104e-02
5.133354e-02 5.162093e-02
5.133270e-02 5.166357e-02
5.133210e-02 5.160582e-02
5.133254e-02 5.160686e-02
5.133080e-02 5.156844e-02
5.133142e-02 5.166564e-02
5.133203e-02 5.143634e-02
5.133211e-02 5.159768e-02
5.133066e-02 5.146046e-02
5.133019e-02 5.154574e-02
5.132916e-02 5.161815e-02
5.132844e-02 5.145981e-02
5.132783e-02 5.150030e-02
5.132845e-02 5.167807e-02
5.132742e-02 5.153408e-02
5.132676e-02 5.151596e-02
5.132785e-02 5.204039e-02
5.132652e-02 5.159347e-02
5.132704e-02 5.150443e-02
5.132561e-02 5.156232e-02
5.132500e-02 5.170500e-02
5.132469e-02 5.157981e-02
5.132377e-02 5.147191e-02
5.132371e-02 5.154771e-02
5.132365e-02 5.144096e-02
5.132293e-02 5.150630e-02
5.132275e-02 5.173926e-02
5.132118e-02 5.161528e-02
5.132162e-02 5.171463e-02
5.132129e-02 5.153370e-02
5.132113e-02 5.160057e-02
5.132085e-02 5.155252e-02
5.131948e-02 5.174017e-02
5.131977e-02 5.144730e-02
5.131936e-02 5.146062e-02
5.131981e-02 5.145261e-02
5.131871e-02 5.157514e-02
5.131803e-02 5.147237e-02
5.131795e-02 5.159192e-02
5.131792e-02 5.169640e-02
5.131583e-02 5.147627e-02
5.131680e-02 5.150753e-02
5.131651e-02 5.142647e-02
5.131568e-02 5.152817e-02
5.131521e-02 5.161814e-02
5.131495e-02 5.158652e-02
5.131465e-02 5.182282e-02
5.131446e-02 5.147607e-02
5.131338e-02 5.153033e-02
5.131475e-02 5.160264e-02
5.131330e-02 5.163023e-02
5.131245e-02 5.157068e-02
5.131339e-02 5.169805e-02
5.131212e-02 5.146501e-02
5.131228e-02 5.141294e-02
5.131126e-02 5.147559e-02
5.131073e-02 5.151962e-02
5.131130e-02 5.144555e-02
5.130878e-02 5.144284e-02
5.131087e-02 5.153072e-02
5.130879e-02 5.150918e-02
5.130861e-02 5.160611e-02
5.130842e-02 5.167109e-02
5.130855e-02 5.145045e-02
5.130824e-02 5.147056e-02
5.130786e-02 5.155463e-02
5.130650e-02 5.157000e-02
5.130510e-02 5.152824e-02
5.130631e-02 5.149121e-02
5.130556e-02 5.143824e-02
5.130489e-02 5.140739e-02
5.130433e-02 5.168025e-02
5.130420e-02 5.149180e-02
5.130633e-02 5.153380e-02
5.130307e-02 5.144636e-02
5.130331e-02 5.144995e-02
5.130300e-02 5.159241e-02
5.130191e-02 5.151090e-02
5.130248e-02 5.174138e-02
5.130215e-02 5.156681e-02
5.130206e-02 5.157205e-02
5.130133e-02 5.153022e-02
5.130169e-02 5.145698e-02
5.130021e-02 5.171616e-02
5.130010e-02 5.157416e-02
5.129919e-02 5.164189e-02
5.129847e-02 5.152979e-02
5.129728e-02 5.175108e-02
5.129773e-02 5.152225e-02
5.129790e-02 5.153850e-02
5.129819e-02 5.148878e-02
5.129531e-02 5.160226e-02
5.129771e-02 5.157708e-02
5.129679e-02 5.141579e-02
5.129553e-02 5.149743e-02
5.129478e-02 5.146645e-02
5.129563e-02 5.145163e-02
5.129367e-02 5.167510e-02
5.129491e-02 5.149551e-02
5.129404e-02 5.150433e-02
5.129313e-02 5.141819e-02
5.129364e-02 5.144607e-02
5.129110e-02 5.145249e-02
5.129307e-02 5.151971e-02
5.129140e-02 5.142683e-02
5.129096e-02 5.147248e-02
5.129151e-02 5.140233e-02
5.129050e-02 5.170675e-02
5.129084e-02 5.164996e-02
5.129100e-02 5.152813e-02
5.128898e-02 5.171183e-02
5.128879e-02 5.150212e-02
5.128816e-02 5.161613e-02
5.128758e-02 5.151047e-02
5.128820e-02 5.145573e-02
5.128834e-02 5.176485e-02
5.128736e-02 5.172400e-02
5.128747e-02 5.152903e-02
5.128602e-02 5.152348e-02
5.128520e-02 5.139358e-02
5.128745e-02 5.156783e-02
5.128475e-02 5.145035e-02
5.128593e-02 5.150885e-02
5.128524e-02 5.140340e-02
5.128373e-02 5.146109e-02
5.128330e-02 5.144737e-02
5.128449e-02 5.142950e-02
5.128260e-02 5.140667e-02
5.128215e-02 5.150939e-02
5.128289e-02 5.144412e-02
5.128131e-02 5.151224e-02
5.128176e-02 5.139952e-02
5.128124e-02 5.152961e-02
5.128251e-02 5.145991e-02
5.128116e-02 5.150237e-02
5.127851e-02 5.153659e-02
5.127924e-02 5.144062e-02
5.127950e-02 5.170964e-02
5.127828e-02 5.137686e-02
5.127803e-02 5.154373e-02
5.127849e-02 5.146271e-02
5.127897e-02 5.165654e-02
5.127788e-02 5.143025e-02
5.127584e-02 5.140923e-02
5.127731e-02 5.158188e-02
5.127736e-02 5.157924e-02
5.127726e-02 5.149070e-02
5.127533e-02 5.169244e-02
5.127594e-02 5.167854e-02
5.127500e-02 5.153786e-02
5.127479e-02 5.169382e-02
5.127515e-02 5.141608e-02
5.127422e-02 5.147895e-02
5.127212e-02 5.139189e-02
5.127238e-02 5.163142e-02
5.127320e-02 5.151053e-02
5.127276e-02 5.152111e-02
5.127270e-02 5.144334e-02
5.127197e-02 5.140496e-02
5.126988e-02 5.152308e-02
5.127052e-02 5.156548e-02
5.126917e-02 5.148135e-02
5.127116e-02 5.173053e-02
5.126923e-02 5.159223e-02
5.126853e-02 5.160004e-02
5.126910e-02 5.144530e-02
5.126886e-02 5.141462e-02
5.126789e-02 5.167852e-02
5.126762e-02 5.147012e-02
5.126858e-02 5.162590e-02
5.126755e-02 5.144629e-02
5.126724e-02 5.141206e-02
5.126602e-02 5.151214e-02
5.126633e-02 5.140462e-02
5.126664e-02 5.148657e-02
5.126473e-02 5.158984e-02
5.126483e-02 5.141260e-02
5.126463e-02 5.143766e-02
5.126300e-02 5.139455e-02
5.126338e-02 5.158854e-02
5.126356e-02 5.139381e-02
5.126315e-02 5.152028e-02
5.126161e-02 5.144678e-02
5.126132e-02 5.154153e-02
5.126183e-02 5.148293e-02
5.126108e-02 5.142753e-02
5.126130e-02 5.154154e-02
5.126039e-02 5.155766e-02
5.126032e-02 5.143389e-02
5.126074e-02 5.138914e-02
5.126004e-02 5.147319e-02
5.125936e-02 5.153464e-02
5.125843e-02 5.139304e-02
5.125877e-02 5.153101e-02
5.125848e-02 5.137347e-02
5.125774e-02 5.151893e-02
5.125704e-02 5.137013e-02
5.125801e-02 5.150587e-02
5.125834e-02 5.145397e-02
5.125659e-02 5.144595e-02
5.125540e-02 5.153502e-02
5.125613e-02 5.141811e-02
5.125542e-02 5.161368e-02
5.125365e-02 5.145428e-02
5.125399e-02 5.149268e-02
5.125488e-02 5.138249e-02
5.125372e-02 5.147534e-02
5.125355e-02 5.153532e-02
5.125352e-02 5.136250e-02
5.125187e-02 5.152034e-02
5.125204e-02 5.149843e-02
5.125113e-02 5.152830e-02
5.125182e-02 5.134830e-02
5.125055e-02 5.150304e-02
5.125141e-02 5.135941e-02
5.125076e-02 5.146363e-02
5.124915e-02 5.162338e-02
5.125066e-02 5.152004e-02
5.124876e-02 5.145813e-02
5.124833e-02 5.137810e-02
5.124920e-02 5.143246e-02
5.124896e-02 5.143283e-02
5.124713e-02 5.146940e-02
5.124744e-02 5.153086e-02
5.124691e-02 5.156060e-02
5.124570e-02 5.161562e-02
5.124553e-02 5.147603e-02
5.124494e-02 5.135611e-02
5.124549e-02 5.137384e-02
5.124540e-02 5.145409e-02
5.124548e-02 5.134760e-02
5.124448e-02 5.158723e-02
5.124383e-02 5.150727e-02
5.124377e-02 5.167425e-02
5.124333e-02 5.134065e-02
5.124286e-02 5.134651e-02
5.124218e-02 5.147206e-02
5.124203e-02 5.164566e-02
5.124264e-02 5.154636e-02
5.124062e-02 5.156468e-02
5.124048e-02 5.150935e-02
5.124056e-02 5.144137e-02
5.123927e-02 5.142869e-02
5.124077e-02 5.141955e-02
5.124101e-02 5.169290e-02
5.123974e-02 5.144145e-02
5.123976e-02 5.144359e-02
5.123907e-02 5.148030e-02
5.123832e-02 5.155686e-02
5.123856e-02 5.149089e-02
5.123747e-02 5.156081e-02
5.123758e-02 5.141881e-02
5.123624e-02 5.156518e-02
5.123661e-02 5.158730e-02
5.123734e-02 5.152337e-02
5.123655e-02 5.135097e-02
5.123484e-02 5.177749e-02
5.123461e-02 5.151381e-02
5.123596e-02 5.150796e-02
5.123488e-02 5.134785e-02
5.123451e-02 5.138696e-02
5.123315e-02 5.144976e-02
5.123400e-02 5.149780e-02
5.123356e-02 5.139661e-02
5.123272e-02 5.149442e-02
5.123199e-02 5.134384e-02
5.123193e-02 5.136786e-02
5.123063e-02 5.149779e-02
5.123196e-02 5.163456e-02
5.123012e-02 5.167921e-02
5.123027e-02 5.150219e-02
5.122993e-02 5.133410e-02
5.122896e-02 5.144631e-02
5.123005e-02 5.162588e-02
5.122965e-02 5.138461e-02
5.122773e-02 5.151629e-02
5.122915e-02 5.141153e-02
5.122853e-02 5.151917e-02
5.122843e-02 5.148156e-02
5.122750e-02 5.142342e-02
5.122722e-02 5.139665e-02
5.122585e-02 5.136713e-02
5.122688e-02 5.139087e-02
5.122526e-02 5.151601e-02
5.122538e-02 5.146532e-02
5.122421e-02 5.164616e-02
5.122539e-02 5.151937e-02
5.122405e-02 5.151370e-02
5.122446e-02 5.136870e-02
5.122474e-02 5.136348e-02
5.122192e-02 5.146888e-02
5.122236e-02 5.150476e-02
5.122282e-02 5.173865e-02
5.122244e-02 5.143242e-02
5.122261e-02 5.150342e-02
5.122139e-02 5.149632e-02
5.122007e-02 5.146992e-02
5.122114e-02 5.147808e-02
5.122057e-02 5.147472e-02
5.121982e-02 5.149643e-02
5.121957e-02 5.150603e-02
5.121971e-02 5.143829e-02
5.121847e-02 5.136274e-02
5.121823e-02 5.147950e-02
5.121885e-02 5.141643e-02
5.121893e-02 5.149038e-02
5.121722e-02 5.142233e-02
5.121745e-02 5.134870e-02
5.121721e-02 5.158442e-02
5.121775e-02 5.135137e-02
5.121593e-02 5.131289e-02
5.121480e-02 5.176825e-02
5.121600e-02 5.131833e-02
5.121447e-02 5.136806e-02
5.121496e-02 5.138606e-02
5.121516e-02 5.131773e-02
5.121470e-02 5.164328e-02
5.121412e-02 5.154065e-02
5.121368e-02 5.136429e-02
5.121353e-02 5.133431e-02
5.121447e-02 5.174236e-02
5.121163e-02 5.136494e-02
5.121207e-02 5.140417e-02
5.121297e-02 5.161715e-02
5.121213e-02 5.136509e-02
5.121117e-02 5.134354e-02
5.121076e-02 5.146908e-02
5.121101e-02 5.140418e-02
5.121074e-02 5.140096e-02
5.120880e-02 5.162297e-02
5.120969e-02 5.146244e-02
5.120992e-02 5.148672e-02
5.120942e-02 5.140671e-02
5.120794e-02 5.135874e-02
5.120872e-02 5.146783e-02
5.120858e-02 5.144038e-02
5.120786e-02 5.159141e-02
5.120718e-02 5.139028e-02
5.120596e-02 5.132538e-02
5.120580e-02 5.142071e-02
5.120525e-02 5.157518e-02
5.120577e-02 5.148345e-02
5.120483e-02 5.143441e-02
5.120475e-02 5.161827e-02
5.120389e-02 5.141209e-02
5.120429e-02 5.150897e-02
5.120395e-02 5.142346e-02
5.120382e-02 5.153521e-02
5.120342e-02 5.152070e-02
5.120257e-02 5.132072e-02
5.120218e-02 5.140889e-02
5.120126e-02 5.130208e-02
5.120252e-02 5.136806e-02
5.120121e-02 5.141543e-02
5.120049e-02 5.151284e-02
5.120103e-02 5.145258e-02
5.120130e-02 5.143735e-02
5.120050e-02 5.140320e-02
5.120024e-02 5.139429e-02
5.119985e-02 5.133948e-02
5.119968e-02 5.136353e-02
5.119829e-02 5.161286e-02
5.119865e-02 5.161764e-02
5.119735e-02 5.139220e-02
5.119783e-02 5.155122e-02
5.116461e-02 5.135735e-02
5.116491e-02 5.145822e-02
5.116315e-02 5.127050e-02
5.116282e-02 5.127192e-02
5.116216e-02 5.131186e-02
5.116246e-02 5.126987e-02
5.116224e-02 5.142609e-02
5.116148e-02 5.147336e-02
5.116168e-02 5.142685e-02
5.116212e-02 5.128528e-02
5.116013e-02 5.147964e-02
5.116170e-02 5.140157e-02
5.116008e-02 5.132998e-02
5.116003e-02 5.152653e-02
5.115920e-02 5.145484e-02
5.115912e-02 5.153317e-02
5.115891e-02 5.160006e-02
5.115823e-02 5.134619e-02
5.115877e-02 5.137732e-02
5.115750e-02 5.131805e-02
5.115588e-02 5.129320e-02
5.115757e-02 5.150263e-02
5.115605e-02 5.126980e-02
5.115688e-02 5.145258e-02
5.115650e-02 5.126204e-02
5.115542e-02 5.149455e-02
5.115523e-02 5.152426e-02
5.115436e-02 5.125822e-02
5.115432e-02 5.133158e-02
5.115488e-02 5.127751e-02
5.115566e-02 5.131596e-02
5.115342e-02 5.148008e-02
5.115277e-02 5.139688e-02
5.115378e-02 5.130140e-02
5.115248e-02 5.132784e-02
5.115219e-02 5.136785e-02
5.115139e-02 5.136732e-02
5.115280e-02 5.181758e-02
5.115330e-02 5.145561e-02
5.115168e-02 5.126327e-02
5.114957e-02 5.133740e-02
5.115149e-02 5.149355e-02
5.115050e-02 5.128709e-02
5.115067e-02 5.139899e-02
5.114956e-02 5.160344e-02
5.114836e-02 5.138645e-02
5.115012e-02 5.137140e-02
5.115035e-02 5.144401e-02
5.114927e-02 5.151101e-02
5.114906e-02 5.143443e-02
5.114855e-02 5.140349e-02
5.114755e-02 5.147010e-02
5.114893e-02 5.128640e-02
5.114839e-02 5.153601e-02
5.114735e-02 5.158013e-02
5.114506e-02 5.135718e-02
5.114686e-02 5.139874e-02
5.114626e-02 5.150497e-02
5.114668e-02 5.150416e-02
5.114374e-02 5.151376e-02
5.114385e-02 5.131420e-02
5.114466e-02 5.133168e-02
5.114365e-02 5.129377e-02
5.114342e-02 5.135598e-02
5.114363e-02 5.141656e-02
5.114316e-02 5.141828e-02
5.114293e-02 5.124806e-02
5.114295e-02 5.129359e-02
5.114257e-02 5.132525e-02
5.114137e-02 5.128269e-02
5.114160e-02 5.124509e-02
5.114151e-02 5.132283e-02
5.114132e-02 5.141686e-02
5.113851e-02 5.134442e-02
5.113922e-02 5.130462e-02
5.114157e-02 5.156019e-02
5.113935e-02 5.135905e-02
5.113830e-02 5.141490e-02
5.113990e-02 5.162301e-02
5.113852e-02 5.134289e-02
5.113823e-02 5.142056e-02
5.113866e-02 5.142719e-02
5.113866e-02 5.130943e-02
5.113729e-02 5.129772e-02
5.113839e-02 5.134440e-02
5.113694e-02 5.138735e-02
5.113571e-02 5.131477e-02
5.113742e-02 5.156094e-02
5.113651e-02 5.131155e-02
5.113551e-02 5.128688e-02
5.113507e-02 5.123661e-02
5.113577e-02 5.123314e-02
5.113447e-02 5.123544e-02
5.113501e-02 5.144264e-02
5.113328e-02 5.126445e-02
5.113357e-02 5.125361e-02
5.113259e-02 5.158141e-02
5.113345e-02 5.128566e-02
5.113244e-02 5.126757e-02
5.113200e-02 5.160778e-02
5.113337e-02 5.153281e-02
5.113218e-02 5.131128e-02
5.113226e-02 5.131582e-02
5.113132e-02 5.131414e-02
5.113077e-02 5.138459e-02
5.112956e-02 5.137529e-02
5.113069e-02 5.146060e-02
5.113017e-02 5.137701e-02
5.112877e-02 5.155402e-02
5.113023e-02 5.127658e-02
5.112906e-02 5.126380e-02
5.112987e-02 5.132382e-02
5.112937e-02 5.162448e-02
5.112850e-02 5.129879e-02
5.112764e-02 5.130460e-02
5.112665e-02 5.124773e-02
5.112655e-02 5.126095e-02
5.112712e-02 5.138984e-02
5.112730e-02 5.127932e-02
5.112548e-02 5.131561e-02
5.112716e-02 5.150279e-02
5.112597e-02 5.123366e-02
5.112482e-02 5.133907e-02
5.112493e-02 5.133026e-02
5.112541e-02 5.132634e-02
5.112460e-02 5.153151e-02
5.112483e-02 5.136474e-02
5.112285e-02 5.124775e-02
5.112385e-02 5.124857e-02
5.112373e-02 5.133280e-02
5.112306e-02 5.128123e-02
5.112308e-02 5.129004e-02
5.112403e-02 5.135464e-02
5.112032e-02 5.145284e-02
5.112175e-02 5.131622e-02
5.112036e-02 5.150605e-02
5.112037e-02 5.130472e-02
5.112078e-02 5.123905e-02
5.112158e-02 5.126654e-02
5.111991e-02 5.131439e-02
5.112036e-02 5.135451e-02
5.111950e-02 5.121800e-02
5.111868e-02 5.136339e-02
5.111848e-02 5.121162e-02
5.111760e-02 5.149829e-02
5.111820e-02 5.143534e-02
5.111745e-02 5.145263e-02
5.111712e-02 5.127164e-02
5.111732e-02 5.161658e-02
5.111814e-02 5.126146e-02
5.111673e-02 5.133385e-02
5.111639e-02 5.135316e-02
5.111621e-02 5.124141e-02
5.111574e-02 5.134585e-02
5.111611e-02 5.137624e-02
5.111595e-02 5.134450e-02
5.111535e-02 5.141714e-02
5.111489e-02 5.127124e-02
5.111529e-02 5.137846e-02
5.111542e-02 5.131909e-02
5.111556e-02 5.153935e-02
5.111423e-02 5.121784e-02
5.111308e-02 5.127531e-02
5.111294e-02 5.161522e-02
5.111074e-02 5.124688e-02
5.111266e-02 5.132652e-02
5.111291e-02 5.124833e-02
5.111247e-02 5.145333e-02
5.111181e-02 5.127230e-02
5.111083e-02 5.132555e-02
5.111123e-02 5.129525e-02
5.111163e-02 5.128358e-02
5.111094e-02 5.137834e-02
5.110968e-02 5.123810e-02
5.110987e-02 5.132701e-02
5.110855e-02 5.139810e-02
5.110982e-02 5.129160e-02
5.110785e-02 5.154494e-02
5.110745e-02 5.137405e-02
5.110732e-02 5.131221e-02
5.110795e-02 5.137940e-02
5.110663e-02 5.151482e-02
5.110623e-02 5.127864e-02
5.110626e-02 5.128564e-02
5.110632e-02 5.124855e-02
5.110547e-02 5.126640e-02
5.110749e-02 5.138576e-02
5.110619e-02 5.123132e-02
5.110590e-02 5.128509e-02
5.110489e-02 5.155747e-02
5.110649e-02 5.141149e-02
5.110381e-02 5.142662e-02
5.110200e-02 5.123330e-02
5.110407e-02 5.150462e-02
5.110329e-02 5.139947e-02
5.110435e-02 5.129007e-02
5.110329e-02 5.141278e-02
5.110148e-02 5.130587e-02
5.110217e-02 5.131133e-02
5.110271e-02 5.120165e-02
5.110107e-02 5.149835e-02
5.110159e-02 5.121260e-02
5.109970e-02 5.129435e-02
5.110117e-02 5.121752e-02
5.110032e-02 5.131363e-02
5.110031e-02 5.131331e-02
5.110094e-02 5.130208e-02
5.109904e-02 5.147596e-02
5.109918e-02 5.135906e-02
5.109850e-02 5.128830e-02
5.109898e-02 5.134093e-02
5.109870e-02 5.130122e-02
5.109740e-02 5.123289e-02
5.109857e-02 5.124670e-02
5.109674e-02 5.137189e-02
5.109754e-02 5.127847e-02
5.109573e-02 5.123795e-02
5.109698e-02 5.143156e-02
5.109525e-02 5.125597e-02
5.109635e-02 5.121165e-02
5.109673e-02 5.126252e-02
5.109443e-02 5.130473e-02
5.109426e-02 5.119395e-02
5.109454e-02 5.132436e-02
5.109496e-02 5.126447e-02
5.109461e-02 5.132984e-02
5.109508e-02 5.123058e-02
5.109410e-02 5.130647e-02
5.109336e-02 5.151387e-02
5.109308e-02 5.121165e-02
5.109247e-02 5.130512e-02
5.109259e-02 5.149622e-02
5.109203e-02 5.125742e-02
5.109262e-02 5.121011e-02
5.109186e-02 5.132729e-02
5.109125e-02 5.131574e-02
5.109142e-02 5.122926e-02
5.109175e-02 5.136896e-02
5.109151e-02 5.128169e-02
5.109070e-02 5.124365e-02
5.109013e-02 5.138829e-02
5.109020e-02 5.132973e-02
5.109036e-02 5.127973e-02
5.108909e-02 5.128994e-02
5.108974e-02 5.130931e-02
5.108791e-02 5.141475e-02
5.108898e-02 5.119512e-02
5.108835e-02 5.123495e-02
5.108707e-02 5.125479e-02
5.108916e-02 5.140208e-02
5.108624e-02 5.139013e-02
5.108703e-02 5.119373e-02
5.108575e-02 5.128338e-02
5.108675e-02 5.132258e-02
5.108562e-02 5.132799e-02
5.108490e-02 5.149890e-02
5.108475e-02 5.127942e-02
5.108514e-02 5.133787e-02
5.108455e-02 5.130985e-02
5.108506e-02 5.140409e-02
5.108614e-02 5.129465e-02
5.108483e-02 5.124444e-02
5.108459e-02 5.118412e-02
5.108278e-02 5.124960e-02
5.108314e-02 5.125420e-02
5.108236e-02 5.128976e-02
5.108375e-02 5.125839e-02
5.108178e-02 5.123621e-02
5.108193e-02 5.127290e-02
5.108075e-02 5.138340e-02
5.108065e-02 5.144684e-02
5.108058e-02 5.137726e-02
5.108104e-02 5.119411e-02
5.108081e-02 5.122861e-02
5.107966e-02 5.158755e-02
5.108049e-02 5.133067e-02
5.107934e-02 5.142687e-02
5.107850e-02 5.121861e-02
5.108089e-02 5.127107e-02
5.107838e-02 5.153200e-02
5.107891e-02 5.119483e-02
5.107945e-02 5.126568e-02
5.107706e-02 5.117601e-02
5.107914e-02 5.123040e-02
5.107768e-02 5.118492e-02
5.107558e-02 5.121061e-02
5.107762e-02 5.128601e-02
5.107609e-02 5.152627e-02
5.107533e-02 5.120855e-02
5.107653e-02 5.130049e-02
5.107648e-02 5.121753e-02
5.107470e-02 5.119940e-02
5.107498e-02 5.134519e-02
5.107431e-02 5.148895e-02
5.107454e-02 5.128877e-02
5.107387e-02 5.124844e-02
5.107355e-02 5.122602e-02
5.107368e-02 5.117787e-02
5.107324e-02 5.135311e-02
5.107349e-02 5.142044e-02
5.107314e-02 5.124586e-02
5.107167e-02 5.125606e-02
5.107250e-02 5.134417e-02
5.107257e-02 5.127159e-02
5.107264e-02 5.123001e-02
5.107114e-02 5.121852e-02
5.107089e-02 5.117362e-02
5.107088e-02 5.148757e-02
5.107064e-02 5.133333e-02
5.106956e-02 5.130860e-02
5.106978e-02 5.133934e-02
5.106990e-02 5.138956e-02
5.106976e-02 5.129083e-02
5.106890e-02 5.116315e-02
5.106972e-02 5.120624e-02
5.106791e-02 5.145354e-02
5.106883e-02 5.135281e-02
5.106841e-02 5.136303e-02
5.106878e-02 5.140962e-02
5.106613e-02 5.138336e-02
5.106739e-02 5.164430e-02
5.106634e-02 5.117445e-02
5.106755e-02 5.122149e-02
5.106561e-02 5.120099e-02
5.106523e-02 5.116277e-02
5.106594e-02 5.116128e-02
5.106581e-02 5.129211e-02
5.106589e-02 5.129694e-02
5.106335e-02 5.124505e-02
5.106363e-02 5.139564e-02
5.106558e-02 5.132832e-02
5.106522e-02 5.133156e-02
5.106477e-02 5.129817e-02
5.106395e-02 5.121422e-02
5.106250e-02 5.116067e-02
5.106263e-02 5.124713e-02
5.106309e-02 5.131821e-02
5.106332e-02 5.124848e-02
5.106129e-02 5.115507e-02
5.106171e-02 5.127216e-02
5.106159e-02 5.128350e-02
5.105968e-02 5.130363e-02
5.106207e-02 5.120950e-02
5.106082e-02 5.143885e-02
5.106013e-02 5.134338e-02
5.106040e-02 5.135338e-02
5.106017e-02 5.119057e-02
5.106002e-02 5.119754e-02
5.105979e-02 5.131189e-02
5.105905e-02 5.131018e-02
5.105992e-02 5.118411e-02
5.105835e-02 5.119250e-02
5.105811e-02 5.130943e-02
5.105637e-02 5.125405e-02
5.105878e-02 5.128310e-02
5.105658e-02 5.116365e-02
5.105894e-02 5.135353e-02
5.105520e-02 5.127561e-02
5.105601e-02 5.140302e-02
5.105645e-02 5.130864e-02
5.105603e-02 5.120216e-02
5.105558e-02 5.123151e-02
5.105523e-02 5.120236e-02
5.105500e-02 5.127507e-02
5.105425e-02 5.143135e-02
5.105351e-02 5.125461e-02
5.105363e-02 5.122663e-02
5.105333e-02 5.146062e-02
5.105315e-02 5.127339e-02
5.105282e-02 5.129116e-02
5.105249e-02 5.127703e-02
5.105248e-02 5.130830e-02
5.105194e-02 5.132659e-02
5.105284e-02 5.126337e-02
5.105117e-02 5.122775e-02
5.105157e-02 5.137908e-02
5.105149e-02 5.141689e-02
5.105187e-02 5.118604e-02
5.105005e-02 5.115781e-02
5.105010e-02 5.118665e-02
5.105024e-02 5.133008e-02
5.104916e-02 5.134577e-02
5.105068e-02 5.118331e-02
5.104837e-02 5.117134e-02
5.104857e-02 5.118010e-02
5.104944e-02 5.127435e-02
5.104808e-02 5.139696e-02
5.104788e-02 5.151980e-02
5.104840e-02 5.138159e-02
5.104613e-02 5.129266e-02
5.104718e-02 5.121353e-02
5.104700e-02 5.120564e-02
5.104696e-02 5.128700e-02
5.104632e-02 5.115805e-02
5.104655e-02 5.125980e-02
5.104513e-02 5.138440e-02
5.104591e-02 5.131949e-02
5.104623e-02 5.123701e-02
5.104614e-02 5.164622e-02
5.104430e-02 5.125408e-02
5.104506e-02 5.126793e-02
5.104365e-02 5.129659e-02
5.104446e-02 5.131646e-02
5.104247e-02 5.135192e-02
5.104382e-02 5.147634e-02
5.104252e-02 5.135979e-02
5.104245e-02 5.132553e-02
5.104300e-02 5.123561e-02
5.104270e-02 5.123004e-02
5.104150e-02 5.137315e-02
5.104270e-02 5.128942e-02
5.104035e-02 5.118434e-02
5.104115e-02 5.120753e-02
5.104162e-02 5.125486e-02
5.104159e-02 5.120492e-02
5.103961e-02 5.126796e-02
5.103975e-02 5.127447e-02
5.104037e-02 5.118266e-02
5.103796e-02 5.117812e-02
5.103857e-02 5.132644e-02
5.103795e-02 5.119107e-02
5.103887e-02 5.122769e-02
5.103756e-02 5.114623e-02
5.103878e-02 5.126126e-02
5.103681e-02 5.132442e-02
5.103740e-02 5.120197e-02
5.103804e-02 5.126407e-02
5.103684e-02 5.138370e-02
5.103650e-02 5.151979e-02
5.103537e-02 5.142449e-02
5.103710e-02 5.128705e-02
5.103600e-02 5.128678e-02
5.103526e-02 5.157929e-02
5.103357e-02 5.151118e-02
5.103511e-02 5.113141e-02
5.103400e-02 5.160028e-02
5.103448e-02 5.129926e-02
5.103414e-02 5.131045e-02
5.103370e-02 5.118929e-02
5.103358e-02 5.124453e-02
5.103339e-02 5.137551e-02
5.103435e-02 5.122761e-02
5.103392e-02 5.118596e-02
5.103284e-02 5.123819e-02
5.103223e-02 5.146506e-02
5.103163e-02 5.115618e-02
5.103149e-02 5.124603e-02
5.103087e-02 5.125999e-02
5.103167e-02 5.147584e-02
5.103283e-02 5.125222e-02
5.103301e-02 5.153249e-02
5.103071e-02 5.119038e-02
5.103135e-02 5.126628e-02
5.103017e-02 5.152430e-02
5.102996e-02 5.117720e-02
5.103019e-02 5.126060e-02
5.102951e-02 5.127041e-02
5.102931e-02 5.112536e-02
5.102841e-02 5.123660e-02
5.102989e-02 5.123157e-02
5.102728e-02 5.154629e-02
5.102752e-02 5.124716e-02
5.102686e-02 5.117190e-02
5.102881e-02 5.118195e-02
5.102859e-02 5.132086e-02
5.102627e-02 5.149243e-02
5.102700e-02 5.123961e-02
5.102548e-02 5.163436e-02
5.102518e-02 5.124295e-02
5.102652e-02 5.135712e-02
5.102455e-02 5.113594e-02
5.102560e-02 5.124233e-02
5.102315e-02 5.167352e-02
5.102599e-02 5.114555e-02
5.102406e-02 5.141924e-02
5.102453e-02 5.119672e-02
5.102275e-02 5.131297e-02
5.102497e-02 5.118620e-02
5.102224e-02 5.124629e-02
5.102315e-02 5.117608e-02
5.102351e-02 5.115035e-02
5.102327e-02 5.112121e-02
5.102272e-02 5.114854e-02
5.102265e-02 5.145879e-02
5.102196e-02 5.123283e-02
5.102071e-02 5.126059e-02
5.102081e-02 5.116550e-02
5.102054e-02 5.119896e-02
5.102064e-02 5.132270e-02
5.102030e-02 5.114109e-02
5.102101e-02 5.113729e-02
5.101985e-02 5.114109e-02
5.101908e-02 5.118357e-02
5.101874e-02 5.117488e-02
5.101835e-02 5.118814e-02
5.101995e-02 5.149049e-02
5.101887e-02 5.111356e-02
5.101847e-02 5.113443e-02
5.101848e-02 5.114809e-02
5.101787e-02 5.119154e-02
5.101781e-02 5.120542e-02
5.101851e-02 5.137301e-02
5.101800e-02 5.126642e-02
5.101794e-02 5.144328e-02
5.101630e-02 5.124383e-02
5.101554e-02 5.116428e-02
5.101530e-02 5.126260e-02
5.101587e-02 5.114611e-02
5.101618e-02 5.117987e-02
5.101448e-02 5.122405e-02
5.101427e-02 5.127880e-02
5.101448e-02 5.112331e-02
5.101402e-02 5.125386e-02
5.101424e-02 5.141966e-02
5.101423e-02 5.115533e-02
5.101369e-02 5.149702e-02
5.101292e-02 5.113392e-02
5.101309e-02 5.133594e-02
5.101284e-02 5.117919e-02
5.101214e-02 5.114171e-02
5.101192e-02 5.111494e-02
5.101060e-02 5.111173e-02
5.101216e-02 5.143013e-02
5.101310e-02 5.118682e-02
5.100992e-02 5.110668e-02
5.101022e-02 5.115577e-02
5.100984e-02 5.138389e-02
5.100958e-02 5.119502e-02
5.101087e-02 5.117240e-02
5.101037e-02 5.120088e-02
5.101047e-02 5.123819e-02
5.100904e-02 5.126592e-02
5.100839e-02 5.123622e-02
5.100648e-02 5.122701e-02
5.100887e-02 5.122497e-02
5.100905e-02 5.125208e-02
5.100809e-02 5.126652e-02
5.100722e-02 5.114720e-02
5.100734e-02 5.116087e-02
5.100802e-02 5.152387e-02
5.100616e-02 5.127579e-02
5.100622e-02 5.111767e-02
5.100703e-02 5.131688e-02
5.100525e-02 5.111625e-02
5.100613e-02 5.113938e-02
5.100561e-02 5.129496e-02
5.100561e-02 5.128073e-02
5.100521e-02 5.124770e-02
5.100530e-02 5.132453e-02
5.100425e-02 5.122500e-02
5.100492e-02 5.110822e-02
5.100407e-02 5.120523e-02
5.100504e-02 5.121255e-02
5.100347e-02 5.119440e-02
5.100301e-02 5.126304e-02
5.100225e-02 5.112037e-02
5.100222e-02 5.136442e-02
5.100440e-02 5.132616e-02
5.100257e-02 5.117597e-02
5.100041e-02 5.113669e-02
5.100157e-02 5.119583e-02
5.100213e-02 5.114610e-02
5.100247e-02 5.121434e-02
5.100042e-02 5.132640e-02
5.099933e-02 5.112054e-02
5.099915e-02 5.142220e-02
5.100068e-02 5.112791e-02
5.099969e-02 5.124008e-02
5.099931e-02 5.142448e-02
5.099906e-02 5.113901e-02
5.099938e-02 5.112414e-02
5.099945e-02 5.111947e-02
5.099838e-02 5.121145e-02
5.099790e-02 5.109199e-02
5.099651e-02 5.139542e-02
5.099724e-02 5.125342e-02
5.099656e-02 5.113764e-02
5.099756e-02 5.109509e-02
5.099701e-02 5.110117e-02
5.099687e-02 5.111617e-02
5.099729e-02 5.147023e-02
5.099682e-02 5.129099e-02
5.099522e-02 5.116255e-02
5.099558e-02 5.118193e-02
5.099600e-02 5.145803e-02
5.099479e-02 5.130342e-02
5.099437e-02 5.113206e-02
5.099505e-02 5.127683e-02
5.099462e-02 5.124219e-02
5.099531e-02 5.158664e-02
5.099317e-02 5.126036e-02
5.099332e-02 5.122888e-02
5.099431e-02 5.119357e-02
5.099414e-02 5.126805e-02
5.099251e-02 5.150506e-02
5.099236e-02 5.119731e-02
5.099118e-02 5.111524e-02
5.099211e-02 5.117454e-02
5.099169e-02 5.135526e-02
5.099002e-02 5.124735e-02
5.099030e-02 5.113667e-02
5.099245e-02 5.109617e-02
5.099047e-02 5.116153e-02
5.099057e-02 5.134995e-02
5.098977e-02 5.110250e-02
5.098946e-02 5.114019e-02
5.098959e-02 5.123460e-02
5.099063e-02 5.128820e-02
5.098884e-02 5.128348e-02
5.098859e-02 5.131945e-02
5.098916e-02 5.132544e-02
5.098866e-02 5.108096e-02
5.098869e-02 5.110519e-02
5.098808e-02 5.132072e-02
5.098778e-02 5.149911e-02
5.098705e-02 5.134338e-02
5.098742e-02 5.122479e-02
5.098673e-02 5.115191e-02
5.098572e-02 5.110487e-02
5.098524e-02 5.115906e-02
5.098653e-02 5.107905e-02
5.098572e-02 5.118875e-02
5.098512e-02 5.118331e-02
5.098561e-02 5.121061e-02
5.098597e-02 5.118485e-02
5.098465e-02 5.144144e-02
5.098322e-02 5.112848e-02
5.098459e-02 5.119773e-02
5.098391e-02 5.116137e-02
5.098457e-02 5.121514e-02
5.098438e-02 5.128349e-02
5.098344e-02 5.116132e-02
5.098235e-02 5.109355e-02
5.098235e-02 5.113189e-02
5.098283e-02 5.135791e-02
5.098313e-02 5.134538e-02
5.098103e-02 5.116847e-02
5.098198e-02 5.111866e-02
5.098193e-02 5.129260e-02
5.098078e-02 5.129882e-02
5.098046e-02 5.110580e-02
5.097991e-02 5.111690e-02
5.097923e-02 5.114373e-02
5.098066e-02 5.134136e-02
5.098011e-02 5.120354e-02
5.097814e-02 5.112599e-02
5.097908e-02 5.117243e-02
5.098147e-02 5.121008e-02
5.097840e-02 5.117391e-02
5.097915e-02 5.116903e-02
5.097914e-02 5.113698e-02
5.097836e-02 5.127505e-02
5.097754e-02 5.107472e-02
5.097842e-02 5.108854e-02
5.097684e-02 5.115850e-02
5.097974e-02 5.107864e-02
5.097836e-02 5.120302e-02
5.097680e-02 5.107764e-02
5.097521e-02 5.120805e-02
5.097503e-02 5.124900e-02
5.097588e-02 5.122016e-02
5.097645e-02 5.106981e-02
5.097568e-02 5.121981e-02
5.097375e-02 5.121737e-02
5.097522e-02 5.121298e-02
5.097358e-02 5.128943e-02
5.097267e-02 5.147090e-02
5.097498e-02 5.111981e-02
5.097411e-02 5.123467e-02
5.097380e-02 5.125893e-02
5.097227e-02 5.125918e-02
5.097347e-02 5.121823e-02
5.097385e-02 5.147667e-02
5.097400e-02 5.136922e-02
5.097295e-02 5.112039e-02
5.097240e-02 5.106630e-02
5.097186e-02 5.106507e-02
5.097120e-02 5.108571e-02
5.097127e-02 5.125856e-02
5.097122e-02 5.154118e-02
5.097155e-02 5.114081e-02
5.097054e-02 5.109788e-02
5.097220e-02 5.138897e-02
5.096917e-02 5.119495e-02
5.096879e-02 5.106391e-02
5.096965e-02 5.119911e-02
5.096954e-02 5.128608e-02
5.096870e-02 5.118213e-02
5.096896e-02 5.119466e-02
5.096818e-02 5.106280e-02
5.096937e-02 5.113768e-02
5.096869e-02 5.123735e-02
5.096750e-02 5.115935e-02
5.096815e-02 5.141380e-02
5.096779e-02 5.125955e-02
5.096850e-02 5.123089e-02
5.096665e-02 5.114699e-02
5.096662e-02 5.122574e-02
5.096742e-02 5.117352e-02
5.096578e-02 5.126896e-02
5.096579e-02 5.115976e-02
5.096641e-02 5.116790e-02
5.096451e-02 5.108431e-02
5.096572e-02 5.118701e-02
5.096516e-02 5.106419e-02
5.096512e-02 5.124975e-02
5.096513e-02 5.106192e-02
5.096617e-02 5.128724e-02
5.096356e-02 5.106908e-02
5.096442e-02 5.116265e-02
5.096464e-02 5.113368e-02
5.096365e-02 5.118288e-02
5.096318e-02 5.113530e-02
5.096247e-02 5.117929e-02
5.096176e-02 5.125730e-02
5.096139e-02 5.113153e-02
5.096218e-02 5.142409e-02
5.096076e-02 5.142483e-02
5.096295e-02 5.117922e-02
5.096311e-02 5.108066e-02
5.096138e-02 5.106637e-02
5.095946e-02 5.158119e-02
5.096071e-02 5.113932e-02
5.096118e-02 5.125933e-02
5.096032e-02 5.113116e-02
5.096129e-02 5.116279e-02
5.095930e-02 5.137375e-02
5.095904e-02 5.109372e-02
5.095863e-02 5.107956e-02
5.095843e-02 5.121511e-02
5.095956e-02 5.125819e-02
5.095742e-02 5.105178e-02
5.095888e-02 5.119185e-02
5.095743e-02 5.110532e-02
5.095806e-02 5.111500e-02
5.095754e-02 5.106884e-02
5.095722e-02 5.106320e-02
5.095668e-02 5.117753e-02
5.095631e-02 5.131212e-02
5.095535e-02 5.132554e-02
5.095505e-02 5.116032e-02
5.095538e-02 5.133784e-02
5.095714e-02 5.124377e-02
5.095523e-02 5.116891e-02
5.095626e-02 5.118816e-02
5.095539e-02 5.105295e-02
5.095321e-02 5.109016e-02
5.095435e-02 5.119968e-02
5.095498e-02 5.116285e-02
5.095514e-02 5.126802e-02
5.095276e-02 5.117356e-02
5.095405e-02 5.112230e-02
5.095375e-02 5.108814e-02
5.095486e-02 5.108531e-02
5.095322e-02 5.104618e-02
5.095351e-02 5.117582e-02
5.095270e-02 5.118053e-02
5.095199e-02 5.110506e-02
5.095272e-02 5.109395e-02
5.095179e-02 5.119602e-02
5.095175e-02 5.113214e-02
5.095164e-02 5.117223e-02
5.095037e-02 5.116886e-02
5.095119e-02 5.113192e-02
5.095019e-02 5.113549e-02
5.094954e-02 5.117444e-02
5.094941e-02 5.104402e-02
5.094948e-02 5.111428e-02
5.094940e-02 5.122077e-02
5.094949e-02 5.126321e-02
5.094908e-02 5.105505e-02
5.094892e-02 5.116218e-02
5.094708e-02 5.115888e-02
5.094697e-02 5.106529e-02
5.094834e-02 5.151029e-02
5.094813e-02 5.136557e-02
5.094816e-02 5.106722e-02
5.094673e-02 5.108854e-02
5.094841e-02 5.110115e-02
5.094568e-02 5.121540e-02
5.094652e-02 5.114692e-02
5.094657e-02 5.117986e-02
5.094561e-02 5.106755e-02
5.094587e-02 5.128822e-02
5.094589e-02 5.108307e-02
5.094615e-02 5.104454e-02
5.094421e-02 5.128430e-02
5.094355e-02 5.116089e-02
5.094519e-02 5.116399e-02
5.094387e-02 5.103691e-02
5.094425e-02 5.138981e-02
5.094518e-02 5.129203e-02
5.094397e-02 5.106082e-02
5.094457e-02 5.103193e-02
5.094362e-02 5.105205e-02
5.094274e-02 5.108182e-02
5.094324e-02 5.111770e-02
5.094271e-02 5.103775e-02
5.094063e-02 5.162912e-02
5.094185e-02 5.111481e-02
5.093998e-02 5.112889e-02
5.094127e-02 5.107704e-02
5.094183e-02 5.117320e-02
5.094167e-02 5.119508e-02
5.094108e-02 5.121333e-02
5.094103e-02 5.128208e-02
5.093995e-02 5.116039e-02
5.093999e-02 5.105694e-02
5.093994e-02 5.141352e-02
5.094039e-02 5.108221e-02
5.093898e-02 5.129256e-02
5.093833e-02 5.114311e-02
5.093876e-02 5.113779e-02
5.093751e-02 5.119069e-02
5.093919e-02 5.113956e-02
5.093753e-02 5.112671e-02
5.093723e-02 5.111290e-02
5.093779e-02 5.111034e-02
5.093857e-02 5.132338e-02
5.093704e-02 5.108458e-02
5.093715e-02 5.145394e-02
5.093592e-02 5.116322e-02
5.093671e-02 5.111262e-02
5.093637e-02 5.125655e-02
5.093636e-02 5.107482e-02
5.093604e-02 5.133842e-02
5.093520e-02 5.141027e-02
5.093500e-02 5.105866e-02
5.093621e-02 5.133288e-02
5.093549e-02 5.112840e-02
5.093442e-02 5.108391e-02
5.093456e-02 5.102663e-02
5.093464e-02 5.111329e-02
5.093474e-02 5.104331e-02
5.093276e-02 5.110434e-02
5.093428e-02 5.116953e-02
5.093380e-02 5.109593e-02
5.093217e-02 5.105649e-02
5.093213e-02 5.147121e-02
5.093243e-02 5.115937e-02
5.093247e-02 5.114601e-02
5.093125e-02 5.112796e-02
5.093228e-02 5.117228e-02
5.093264e-02 5.123642e-02
5.093144e-02 5.103525e-02
5.092930e-02 5.111589e-02
5.093063e-02 5.119864e-02
5.093142e-02 5.128270e-02
5.092870e-02 5.102659e-02
5.093088e-02 5.128288e-02
5.093061e-02 5.115240e-02
5.093014e-02 5.107679e-02
5.092958e-02 5.123268e-02
5.092800e-02 5.134695e-02
5.092881e-02 5.103987e-02
5.092702e-02 5.110294e-02
5.092817e-02 5.154989e-02
5.092831e-02 5.108094e-02
5.092705e-02 5.114743e-02
5.092720e-02 5.113095e-02
5.092748e-02 5.111126e-02
5.092571e-02 5.111097e-02
5.092878e-02 5.126718e-02
5.092522e-02 5.118951e-02
5.092665e-02 5.102362e-02
5.092682e-02 5.112355e-02
5.092738e-02 5.120099e-02
5.092458e-02 5.132679e-02
5.092435e-02 5.101935e-02
5.092496e-02 5.119878e-02
5.092435e-02 5.115143e-02
5.092331e-02 5.116524e-02
5.092427e-02 5.120491e-02
5.092352e-02 5.102935e-02
5.092367e-02 5.104375e-02
5.092238e-02 5.129206e-02
5.092355e-02 5.101742e-02
5.092410e-02 5.109199e-02
5.092378e-02 5.113341e-02
5.092393e-02 5.116226e-02
5.092252e-02 5.105225e-02
5.092242e-02 5.114874e-02
5.092185e-02 5.111581e-02
5.092167e-02 5.112143e-02
5.092184e-02 5.101185e-02
5.092207e-02 5.124624e-02
5.092303e-02 5.108137e-02
5.092024e-02 5.107781e-02
5.092042e-02 5.101565e-02
5.092122e-02 5.127336e-02
5.092098e-02 5.114242e-02
5.091957e-02 5.110899e-02
5.092019e-02 5.101486e-02
5.091963e-02 5.109681e-02
5.092049e-02 5.125938e-02
5.091947e-02 5.111066e-02
5.091834e-02 5.114152e-02
5.091915e-02 5.105149e-02
5.091935e-02 5.116119e-02
5.091796e-02 5.122632e-02
5.091706e-02 5.105759e-02
5.091863e-02 5.108128e-02
5.091730e-02 5.121450e-02
5.091838e-02 5.109963e-02
5.091872e-02 5.103362e-02
5.091764e-02 5.111531e-02
5.091660e-02 5.105006e-02
5.091631e-02 5.122342e-02
5.091572e-02 5.111718e-02
5.091619e-02 5.113922e-02
5.091567e-02 5.116671e-02
5.091582e-02 5.112503e-02
5.091353e-02 5.112927e-02
5.091475e-02 5.118452e-02
5.091450e-02 5.109634e-02
5.091431e-02 5.122035e-02
5.091369e-02 5.115215e-02
5.091312e-02 5.112471e-02
5.091321e-02 5.109192e-02
5.091459e-02 5.127404e-02
5.091549e-02 5.112904e-02
5.091376e-02 5.131977e-02
5.091213e-02 5.104278e-02
5.091306e-02 5.110497e-02
5.091355e-02 5.124063e-02
5.091185e-02 5.118606e-02
5.091319e-02 5.134227e-02
5.091171e-02 5.142814e-02
5.091225e-02 5.115594e-02
5.091210e-02 5.100610e-02
5.091011e-02 5.108012e-02
5.091016e-02 5.117980e-02
5.090987e-02 5.103438e-02
5.091028e-02 5.101094e-02
5.091050e-02 5.117088e-02
5.090987e-02 5.130872e-02
5.091011e-02 5.104764e-02
5.091099e-02 5.122746e-02
5.090917e-02 5.111264e-02
5.090823e-02 5.127585e-02
5.090938e-02 5.105304e-02
5.090823e-02 5.112899e-02
5.090823e-02 5.101573e-02
5.090780e-02 5.112801e-02
5.090884e-02 5.101338e-02
5.090736e-02 5.114798e-02
5.090768e-02 5.100818e-02
5.090585e-02 5.121842e-02
5.090722e-02 5.105173e-02
5.090637e-02 5.107938e-02
5.090704e-02 5.104225e-02
5.090571e-02 5.143513e-02
5.090525e-02 5.099932e-02
5.090556e-02 5.129767e-02
5.090564e-02 5.126529e-02
5.090550e-02 5.117646e-02
5.090501e-02 5.113140e-02
5.090576e-02 5.110543e-02
5.090511e-02 5.107304e-02
5.090634e-02 5.101547e-02
5.090381e-02 5.111562e-02
5.090296e-02 5.103918e-02
5.090321e-02 5.112086e-02
5.090447e-02 5.105621e-02
5.090245e-02 5.103652e-02
5.090269e-02 5.104989e-02
5.090227e-02 5.109905e-02
5.090321e-02 5.151170e-02
5.090198e-02 5.102242e-02
5.090185e-02 5.134703e-02
5.090114e-02 5.106792e-02
5.090127e-02 5.114566e-02
5.090139e-02 5.100033e-02
5.090024e-02 5.121333e-02
5.090184e-02 5.123844e-02
5.089981e-02 5.110703e-02
5.090050e-02 5.125287e-02
5.090002e-02 5.114923e-02
5.089982e-02 5.119103e-02
5.090083e-02 5.101993e-02
5.089927e-02 5.109291e-02
5.089876e-02 5.112547e-02
5.089897e-02 5.116801e-02
5.089862e-02 5.125361e-02
5.089901e-02 5.108846e-02
5.089755e-02 5.099460e-02
5.089817e-02 5.153367e-02
5.089665e-02 5.111514e-02
5.089680e-02 5.106422e-02
5.089789e-02 5.106985e-02
5.089693e-02 5.109537e-02
5.089880e-02 5.101510e-02
5.089594e-02 5.134583e-02
5.089620e-02 5.116250e-02
5.089598e-02 5.110154e-02
5.089645e-02 5.101499e-02
5.089548e-02 5.108244e-02
5.089451e-02 5.106662e-02
5.089495e-02 5.106408e-02
5.089552e-02 5.104582e-02
