7.610726e-02 6.125430e-02
6.019878e-02 5.762151e-02
5.802484e-02 5.504502e-02
5.621946e-02 5.469659e-02
5.479830e-02 5.726883e-02
5.370930e-02 5.163969e-02
5.288700e-02 5.354835e-02
5.225746e-02 5.283260e-02
5.178391e-02 5.065869e-02
5.143303e-02 5.049370e-02
5.115352e-02 5.031027e-02
5.093801e-02 5.211780e-02
5.078920e-02 5.031065e-02
5.065504e-02 5.027399e-02
5.056012e-02 4.999652e-02
5.047646e-02 5.000728e-02
5.040858e-02 5.024524e-02
5.034336e-02 4.993630e-02
5.030199e-02 5.025046e-02
5.024735e-02 5.048903e-02
5.020265e-02 4.997296e-02
5.017066e-02 5.095316e-02
5.013370e-02 4.978120e-02
5.009505e-02 5.086436e-02
5.007075e-02 4.974837e-02
5.004446e-02 4.998050e-02
5.001610e-02 5.037355e-02
4.999550e-02 4.971224e-02
4.996704e-02 4.965476e-02
4.995083e-02 5.055216e-02
4.992501e-02 4.973426e-02
4.990370e-02 4.983069e-02
4.988784e-02 4.963627e-02
4.986826e-02 5.097060e-02
4.985462e-02 5.038932e-02
4.983711e-02 4.960358e-02
4.981664e-02 4.977476e-02
4.980237e-02 4.959587e-02
4.978982e-02 4.962324e-02
4.977354e-02 5.045480e-02
4.976031e-02 4.987464e-02
4.974833e-02 4.966691e-02
4.973175e-02 4.954644e-02
4.971979e-02 4.956197e-02
4.971096e-02 4.954533e-02
4.968964e-02 4.968619e-02
4.968670e-02 4.953322e-02
4.967972e-02 4.967056e-02
4.966403e-02 4.961812e-02
4.965078e-02 4.968958e-02
4.963795e-02 4.952699e-02
4.963277e-02 5.155569e-02
4.962454e-02 4.971007e-02
4.961326e-02 4.972462e-02
4.959568e-02 4.950709e-02
4.959468e-02 4.966088e-02
4.958410e-02 4.964483e-02
4.957417e-02 4.940155e-02
4.956512e-02 4.959650e-02
4.955393e-02 4.938979e-02
4.954677e-02 4.938628e-02
4.953400e-02 4.943284e-02
4.952867e-02 4.942909e-02
4.952060e-02 5.052390e-02
4.951160e-02 4.936716e-02
4.950330e-02 4.985915e-02
4.949559e-02 5.003374e-02
4.948814e-02 4.941046e-02
4.947649e-02 4.995193e-02
4.946826e-02 4.936904e-02
4.945762e-02 4.934066e-02
4.945121e-02 4.982100e-02
4.944176e-02 4.947855e-02
4.943033e-02 4.936554e-02
4.942605e-02 4.939814e-02
4.941297e-02 4.949981e-02
4.940203e-02 4.974245e-02
4.938741e-02 5.006736e-02
4.938082e-02 4.942425e-02
4.937182e-02 4.925608e-02
4.936134e-02 4.926359e-02
4.934720e-02 4.926021e-02
4.933884e-02 4.978129e-02
4.932549e-02 4.991476e-02
4.931258e-02 4.956391e-02
4.929838e-02 4.926166e-02
4.928711e-02 4.933228e-02
4.927571e-02 4.918051e-02
4.925912e-02 4.920272e-02
4.924195e-02 4.927068e-02
4.923068e-02 4.926712e-02
4.921313e-02 4.930794e-02
4.919871e-02 4.926412e-02
4.917812e-02 4.934098e-02
4.916349e-02 4.913471e-02
4.914611e-02 4.937479e-02
4.913087e-02 4.932556e-02
4.911406e-02 4.956940e-02
4.909885e-02 4.940483e-02
4.907992e-02 4.978737e-02
4.906519e-02 4.900240e-02
4.904832e-02 4.958860e-02
4.903636e-02 4.920070e-02
4.902705e-02 4.904035e-02
4.900184e-02 4.912829e-02
4.898575e-02 4.894813e-02
4.897475e-02 4.927281e-02
4.896293e-02 4.889317e-02
4.894866e-02 4.894621e-02
4.893910e-02 4.902025e-02
4.892340e-02 4.902938e-02
4.891409e-02 4.888577e-02
4.890296e-02 4.890449e-02
4.889395e-02 4.942699e-02
4.887876e-02 4.888727e-02
4.887215e-02 4.897152e-02
4.885939e-02 4.898686e-02
4.885096e-02 4.892323e-02
4.884319e-02 4.889256e-02
4.883580e-02 4.883673e-02
4.882463e-02 4.947038e-02
4.882017e-02 4.939262e-02
4.880806e-02 4.895426e-02
4.880361e-02 4.876532e-02
4.879173e-02 4.882840e-02
4.878771e-02 4.880330e-02
4.877594e-02 4.911861e-02
4.877084e-02 4.876436e-02
4.876566e-02 4.877721e-02
4.875423e-02 4.941130e-02
4.874809e-02 4.968073e-02
4.874375e-02 4.894945e-02
4.873329e-02 4.877367e-02
4.872843e-02 4.875788e-02
4.872399e-02 4.876925e-02
4.871358e-02 4.871813e-02
4.871052e-02 4.897221e-02
4.869942e-02 4.911309e-02
4.869693e-02 4.905089e-02
4.869035e-02 4.870700e-02
4.868780e-02 4.866458e-02
4.867701e-02 4.873981e-02
4.867067e-02 4.874246e-02
4.866682e-02 4.893009e-02
4.866129e-02 4.916799e-02
4.865578e-02 4.890990e-02
4.865204e-02 4.876807e-02
4.864675e-02 4.875487e-02
4.863995e-02 4.898208e-02
4.863671e-02 4.869273e-02
4.862623e-02 4.867334e-02
4.862550e-02 4.888244e-02
4.861736e-02 4.916229e-02
4.861290e-02 4.869100e-02
4.860777e-02 4.863494e-02
4.860053e-02 4.907886e-02
4.859954e-02 4.879870e-02
4.859103e-02 4.871286e-02
4.858772e-02 4.858745e-02
4.858241e-02 4.862814e-02
4.857874e-02 4.867949e-02
4.857264e-02 4.861844e-02
4.857073e-02 4.914919e-02
4.856685e-02 4.866596e-02
4.856259e-02 4.873228e-02
4.855824e-02 4.873425e-02
4.855430e-02 4.859050e-02
4.854299e-02 4.884739e-02
4.854111e-02 4.875944e-02
4.853556e-02 4.931364e-02
4.853479e-02 4.856260e-02
4.853048e-02 4.853956e-02
4.852378e-02 4.891877e-02
4.852138e-02 4.861743e-02
4.851820e-02 4.856462e-02
4.851229e-02 4.855499e-02
4.850689e-02 4.863025e-02
4.850632e-02 4.861161e-02
4.849779e-02 4.898505e-02
4.849678e-02 4.862035e-02
4.849426e-02 4.861680e-02
4.848901e-02 4.856941e-02
4.848809e-02 4.855925e-02
4.848045e-02 4.865091e-02
4.847773e-02 4.865438e-02
4.847048e-02 4.854255e-02
4.846651e-02 4.854305e-02
4.846274e-02 4.857599e-02
4.846540e-02 4.902603e-02
4.845886e-02 4.866237e-02
4.845379e-02 4.857754e-02
4.845109e-02 4.896027e-02
4.844522e-02 4.866018e-02
4.844307e-02 4.855243e-02
4.843996e-02 4.851124e-02
4.843655e-02 4.864898e-02
4.843155e-02 4.854002e-02
4.842773e-02 4.861308e-02
4.842545e-02 4.867948e-02
4.842179e-02 4.858141e-02
4.842047e-02 4.847798e-02
4.841627e-02 4.864995e-02
4.841268e-02 4.849268e-02
4.840942e-02 4.852812e-02
4.840636e-02 4.852699e-02
4.840212e-02 4.858198e-02
4.839644e-02 4.867018e-02
4.839671e-02 4.855772e-02
4.839288e-02 4.861317e-02
4.838684e-02 4.853443e-02
4.838801e-02 4.856678e-02
4.838220e-02 4.845366e-02
4.837841e-02 4.847721e-02
4.837265e-02 4.842450e-02
4.837116e-02 4.874495e-02
4.836964e-02 4.854887e-02
4.836401e-02 4.842094e-02
4.836347e-02 4.877820e-02
4.835896e-02 4.851148e-02
4.835953e-02 4.848135e-02
4.835710e-02 4.861943e-02
4.835042e-02 4.851153e-02
4.835155e-02 4.866255e-02
4.834724e-02 4.853829e-02
4.834599e-02 4.857942e-02
4.833924e-02 4.852318e-02
4.833221e-02 4.848823e-02
4.833492e-02 4.842201e-02
4.833276e-02 4.846606e-02
4.832727e-02 4.847600e-02
4.832685e-02 4.846787e-02
4.831846e-02 4.871214e-02
4.831964e-02 4.845567e-02
4.831451e-02 4.850679e-02
4.831669e-02 4.849165e-02
4.830884e-02 4.849490e-02
4.830494e-02 4.847292e-02
4.830461e-02 4.886559e-02
4.830107e-02 4.871290e-02
4.830081e-02 4.869037e-02
4.829830e-02 4.866884e-02
4.829364e-02 4.855359e-02
4.829054e-02 4.895835e-02
4.829005e-02 4.851994e-02
4.828821e-02 4.856123e-02
4.828318e-02 4.840777e-02
4.827849e-02 4.862410e-02
4.827528e-02 4.842392e-02
4.827392e-02 4.856124e-02
4.827689e-02 4.851052e-02
4.827186e-02 4.841877e-02
4.826551e-02 4.857588e-02
4.826550e-02 4.843978e-02
4.826209e-02 4.892148e-02
4.825876e-02 4.852098e-02
4.825896e-02 4.841908e-02
4.825585e-02 4.847276e-02
4.825266e-02 4.840198e-02
4.825025e-02 4.838681e-02
4.824651e-02 4.849165e-02
4.824346e-02 4.871745e-02
4.824524e-02 4.888669e-02
4.824098e-02 4.843867e-02
4.823735e-02 4.852812e-02
4.823662e-02 4.933847e-02
4.823286e-02 4.871112e-02
4.822945e-02 4.841694e-02
4.822697e-02 4.850411e-02
4.822414e-02 4.870449e-02
4.822634e-02 4.847611e-02
4.822101e-02 4.856549e-02
4.821697e-02 4.835716e-02
4.821399e-02 4.839971e-02
4.821037e-02 4.838332e-02
4.821587e-02 4.844903e-02
4.821102e-02 4.837297e-02
4.820689e-02 4.885380e-02
4.820738e-02 4.847876e-02
4.820359e-02 4.837805e-02
4.819817e-02 4.846586e-02
4.820066e-02 4.855211e-02
4.819714e-02 4.846168e-02
4.819525e-02 4.885467e-02
4.819250e-02 4.832124e-02
4.818945e-02 4.853257e-02
4.818374e-02 4.845995e-02
4.818152e-02 4.837861e-02
4.818314e-02 4.869267e-02
4.818046e-02 4.857052e-02
4.817608e-02 4.839491e-02
4.817544e-02 4.836193e-02
4.817565e-02 4.841547e-02
4.816915e-02 4.861280e-02
4.816847e-02 4.844385e-02
4.816619e-02 4.896676e-02
4.816305e-02 4.873842e-02
4.815993e-02 4.901537e-02
4.816114e-02 4.839077e-02
4.816177e-02 4.832262e-02
4.815481e-02 4.838402e-02
4.815488e-02 4.846463e-02
4.815229e-02 4.836897e-02
4.815218e-02 4.866149e-02
4.814977e-02 4.844145e-02
4.814657e-02 4.832903e-02
4.814373e-02 4.850749e-02
4.814366e-02 4.839195e-02
4.813927e-02 4.840783e-02
4.813560e-02 4.836092e-02
4.813198e-02 4.871094e-02
4.813233e-02 4.864830e-02
4.813206e-02 4.833643e-02
4.813195e-02 4.843314e-02
4.812904e-02 4.839477e-02
4.812206e-02 4.834875e-02
4.812549e-02 4.849900e-02
4.812485e-02 4.832057e-02
4.812048e-02 4.852762e-02
4.811925e-02 4.832943e-02
4.811651e-02 4.845677e-02
4.811857e-02 4.833480e-02
4.811336e-02 4.838386e-02
4.811170e-02 4.831557e-02
4.810724e-02 4.842711e-02
4.810833e-02 4.917189e-02
4.810808e-02 4.831040e-02
4.810392e-02 4.855303e-02
4.810474e-02 4.837286e-02
4.810198e-02 4.830909e-02
4.809959e-02 4.885727e-02
4.809549e-02 4.862665e-02
4.809549e-02 4.831583e-02
4.809376e-02 4.834942e-02
4.808877e-02 4.871787e-02
4.809294e-02 4.866444e-02
4.809258e-02 4.855830e-02
4.808620e-02 4.852808e-02
4.808481e-02 4.835589e-02
4.808703e-02 4.845626e-02
4.807965e-02 4.835937e-02
4.808047e-02 4.876714e-02
4.807581e-02 4.841071e-02
4.807907e-02 4.833903e-02
4.807513e-02 4.835218e-02
4.807558e-02 4.836915e-02
4.806932e-02 4.828528e-02
4.806906e-02 4.830291e-02
4.806853e-02 4.835973e-02
4.806651e-02 4.834725e-02
4.806145e-02 4.895686e-02
4.806370e-02 4.830287e-02
4.806030e-02 4.827463e-02
4.805752e-02 4.832553e-02
4.805901e-02 4.833688e-02
4.805853e-02 4.838290e-02
4.805488e-02 4.832117e-02
4.805436e-02 4.826913e-02
4.804938e-02 4.834118e-02
4.804710e-02 4.855409e-02
4.804830e-02 4.837973e-02
4.804915e-02 4.879064e-02
4.804251e-02 4.869565e-02
4.804620e-02 4.843698e-02
4.804041e-02 4.837957e-02
4.803956e-02 4.840987e-02
4.803997e-02 4.833182e-02
4.803746e-02 4.829978e-02
4.803387e-02 4.840568e-02
4.803132e-02 4.831453e-02
4.803235e-02 4.844068e-02
4.803004e-02 4.826922e-02
4.802921e-02 4.839044e-02
4.802925e-02 4.840526e-02
4.802194e-02 4.850945e-02
4.802505e-02 4.835001e-02
4.802605e-02 4.837485e-02
4.802179e-02 4.842741e-02
4.802128e-02 4.834562e-02
4.801920e-02 4.829157e-02
4.801414e-02 4.874843e-02
4.801707e-02 4.822636e-02
4.801541e-02 4.839401e-02
4.801209e-02 4.829296e-02
4.800954e-02 4.882681e-02
4.801074e-02 4.838435e-02
4.800965e-02 4.832261e-02
4.800606e-02 4.848954e-02
4.800677e-02 4.831222e-02
4.800290e-02 4.872942e-02
4.800581e-02 4.828418e-02
4.800048e-02 4.822216e-02
4.799558e-02 4.833121e-02
4.799552e-02 4.837720e-02
4.799599e-02 4.849554e-02
4.799461e-02 4.831593e-02
4.799465e-02 4.829719e-02
4.799245e-02 4.838445e-02
4.799234e-02 4.841934e-02
4.798847e-02 4.851760e-02
4.798507e-02 4.919463e-02
4.798687e-02 4.828985e-02
4.798202e-02 4.850735e-02
4.798341e-02 4.823953e-02
4.798388e-02 4.837437e-02
4.798135e-02 4.855440e-02
4.797963e-02 4.827345e-02
4.797841e-02 4.825590e-02
4.797556e-02 4.829143e-02
4.797515e-02 4.826739e-02
4.797458e-02 4.828367e-02
4.797266e-02 4.840483e-02
4.797319e-02 4.825375e-02
4.797081e-02 4.833023e-02
4.797040e-02 4.835338e-02
4.796700e-02 4.836022e-02
4.796559e-02 4.826853e-02
4.796314e-02 4.857191e-02
4.796307e-02 4.837537e-02
4.796167e-02 4.833882e-02
4.796205e-02 4.834418e-02
4.795920e-02 4.824022e-02
4.795722e-02 4.821889e-02
4.795566e-02 4.819026e-02
4.795575e-02 4.829528e-02
4.795306e-02 4.838621e-02
4.795336e-02 4.824023e-02
4.795164e-02 4.846449e-02
4.795081e-02 4.821883e-02
4.794678e-02 4.879348e-02
4.794677e-02 4.824323e-02
4.794735e-02 4.836416e-02
4.794126e-02 4.841773e-02
4.794288e-02 4.831262e-02
4.794302e-02 4.839142e-02
4.794199e-02 4.833464e-02
4.794020e-02 4.828303e-02
4.793929e-02 4.881611e-02
4.793452e-02 4.831895e-02
4.793673e-02 4.842105e-02
4.793432e-02 4.825104e-02
4.793357e-02 4.844248e-02
4.793120e-02 4.830293e-02
4.793111e-02 4.839038e-02
4.792930e-02 4.827372e-02
4.792762e-02 4.836559e-02
4.792816e-02 4.861903e-02
4.792465e-02 4.828571e-02
4.792385e-02 4.855398e-02
4.792355e-02 4.839602e-02
4.792408e-02 4.823647e-02
4.792154e-02 4.822893e-02
4.792317e-02 4.823591e-02
4.791879e-02 4.845017e-02
4.791788e-02 4.838184e-02
4.791793e-02 4.823921e-02
4.791749e-02 4.828805e-02
4.791605e-02 4.834111e-02
4.790905e-02 4.871704e-02
4.791059e-02 4.826038e-02
4.791221e-02 4.817353e-02
4.791133e-02 4.816403e-02
4.790711e-02 4.832127e-02
4.790331e-02 4.839233e-02
4.790311e-02 4.833808e-02
4.790196e-02 4.823576e-02
4.790222e-02 4.824511e-02
4.790034e-02 4.860647e-02
4.790045e-02 4.828258e-02
4.789694e-02 4.823841e-02
4.789783e-02 4.828731e-02
4.789597e-02 4.845342e-02
4.789646e-02 4.820487e-02
4.788902e-02 4.829097e-02
4.789425e-02 4.832604e-02
4.789052e-02 4.826322e-02
4.789139e-02 4.825803e-02
4.788959e-02 4.831462e-02
4.789082e-02 4.833554e-02
4.788865e-02 4.826107e-02
4.788580e-02 4.830440e-02
4.788495e-02 4.833956e-02
4.788335e-02 4.837753e-02
4.788233e-02 4.821192e-02
4.788199e-02 4.850884e-02
4.787956e-02 4.826507e-02
4.787619e-02 4.827793e-02
4.787925e-02 4.820153e-02
4.787634e-02 4.839512e-02
4.787471e-02 4.847674e-02
4.787246e-02 4.833404e-02
4.787438e-02 4.833205e-02
4.787073e-02 4.823289e-02
4.787251e-02 4.839657e-02
4.786858e-02 4.829930e-02
4.786890e-02 4.824026e-02
4.786531e-02 4.874585e-02
4.786480e-02 4.856426e-02
4.786251e-02 4.826324e-02
4.786369e-02 4.828655e-02
4.786497e-02 4.825031e-02
4.785993e-02 4.834874e-02
4.786126e-02 4.833539e-02
4.785923e-02 4.835792e-02
4.785897e-02 4.815367e-02
4.785804e-02 4.831079e-02
4.785884e-02 4.834895e-02
4.785496e-02 4.819234e-02
4.785505e-02 4.854946e-02
4.785304e-02 4.829506e-02
4.785127e-02 4.831182e-02
4.785134e-02 4.840683e-02
4.785214e-02 4.841240e-02
4.784990e-02 4.861598e-02
4.784695e-02 4.820163e-02
4.784475e-02 4.836885e-02
4.784311e-02 4.824373e-02
4.783889e-02 4.823495e-02
4.784498e-02 4.818408e-02
4.784301e-02 4.818681e-02
4.783996e-02 4.818249e-02
4.784069e-02 4.820926e-02
4.783845e-02 4.816753e-02
4.783797e-02 4.829314e-02
4.783603e-02 4.831304e-02
4.783289e-02 4.836157e-02
4.783329e-02 4.824627e-02
4.783397e-02 4.838632e-02
4.783015e-02 4.822034e-02
4.783183e-02 4.823514e-02
4.782604e-02 4.821030e-02
4.783311e-02 4.820680e-02
4.783028e-02 4.821299e-02
4.782374e-02 4.819799e-02
4.782582e-02 4.827389e-02
4.782445e-02 4.814175e-02
4.782599e-02 4.815628e-02
4.782293e-02 4.820820e-02
4.782016e-02 4.857841e-02
4.782095e-02 4.826159e-02
4.781883e-02 4.818908e-02
4.781891e-02 4.823682e-02
4.781918e-02 4.812410e-02
4.782066e-02 4.832902e-02
4.781383e-02 4.818572e-02
4.781472e-02 4.837706e-02
4.781459e-02 4.823522e-02
4.781239e-02 4.849233e-02
4.781306e-02 4.816745e-02
4.780965e-02 4.818787e-02
4.781207e-02 4.828895e-02
4.780855e-02 4.825457e-02
4.780670e-02 4.831433e-02
4.780601e-02 4.820519e-02
4.780666e-02 4.820838e-02
4.780831e-02 4.815118e-02
4.780599e-02 4.818054e-02
4.780394e-02 4.821111e-02
4.780189e-02 4.846234e-02
4.780102e-02 4.827855e-02
4.779834e-02 4.824389e-02
4.779875e-02 4.824477e-02
4.779731e-02 4.822842e-02
4.779629e-02 4.841571e-02
4.779651e-02 4.835853e-02
4.779588e-02 4.818677e-02
4.779524e-02 4.816802e-02
4.779535e-02 4.817019e-02
4.779502e-02 4.856483e-02
4.779372e-02 4.819128e-02
4.779116e-02 4.828030e-02
4.779057e-02 4.821763e-02
4.778558e-02 4.821122e-02
4.778762e-02 4.841906e-02
4.778621e-02 4.833168e-02
4.778619e-02 4.819006e-02
4.778704e-02 4.813139e-02
4.778477e-02 4.815562e-02
4.778279e-02 4.817024e-02
4.778062e-02 4.814237e-02
4.777872e-02 4.813230e-02
4.777752e-02 4.811231e-02
4.777931e-02 4.849644e-02
4.777821e-02 4.815087e-02
4.777381e-02 4.819516e-02
4.777744e-02 4.816447e-02
4.777662e-02 4.850575e-02
4.777333e-02 4.826923e-02
4.777682e-02 4.820225e-02
4.777043e-02 4.824797e-02
4.777341e-02 4.814797e-02
4.777050e-02 4.813992e-02
4.777047e-02 4.822648e-02
4.776844e-02 4.818255e-02
4.776588e-02 4.833353e-02
4.776977e-02 4.818559e-02
4.776654e-02 4.821142e-02
4.776657e-02 4.834686e-02
4.776537e-02 4.824616e-02
4.776459e-02 4.815534e-02
4.776263e-02 4.816323e-02
4.776224e-02 4.815257e-02
4.776108e-02 4.824822e-02
4.775838e-02 4.836498e-02
4.775801e-02 4.817737e-02
4.775722e-02 4.821428e-02
4.775808e-02 4.837584e-02
4.775353e-02 4.819882e-02
4.775580e-02 4.829183e-02
4.775654e-02 4.822280e-02
4.775299e-02 4.823391e-02
4.775432e-02 4.816858e-02
4.775096e-02 4.839459e-02
4.775077e-02 4.821521e-02
4.774793e-02 4.808622e-02
4.774991e-02 4.822925e-02
4.774940e-02 4.817238e-02
4.774705e-02 4.820686e-02
4.774903e-02 4.824476e-02
4.774570e-02 4.816266e-02
4.774448e-02 4.812794e-02
4.774414e-02 4.817547e-02
4.774572e-02 4.857975e-02
4.774331e-02 4.820847e-02
4.774077e-02 4.817477e-02
4.773915e-02 4.811818e-02
4.773883e-02 4.816411e-02
4.773738e-02 4.853954e-02
4.773750e-02 4.828653e-02
4.773459e-02 4.834001e-02
4.773688e-02 4.823655e-02
4.773336e-02 4.815162e-02
4.773522e-02 4.831695e-02
4.772982e-02 4.814505e-02
4.773140e-02 4.811124e-02
4.773040e-02 4.817630e-02
4.773215e-02 4.815628e-02
4.772770e-02 4.812316e-02
4.772913e-02 4.811879e-02
4.772678e-02 4.829744e-02
4.772857e-02 4.812873e-02
4.772546e-02 4.814127e-02
4.772519e-02 4.866475e-02
4.772282e-02 4.821221e-02
4.772342e-02 4.810097e-02
4.772532e-02 4.862744e-02
4.772026e-02 4.816796e-02
4.772547e-02 4.828399e-02
4.771966e-02 4.811546e-02
4.771822e-02 4.811926e-02
4.771564e-02 4.827414e-02
4.771856e-02 4.813859e-02
4.771555e-02 4.813334e-02
4.771634e-02 4.832671e-02
4.771455e-02 4.817777e-02
4.771522e-02 4.817456e-02
4.771133e-02 4.847507e-02
4.771341e-02 4.839505e-02
4.771238e-02 4.832005e-02
4.771204e-02 4.821023e-02
4.770965e-02 4.830340e-02
4.770745e-02 4.824325e-02
4.770450e-02 4.808281e-02
4.770475e-02 4.829377e-02
4.770502e-02 4.811957e-02
4.770522e-02 4.868384e-02
4.770387e-02 4.820427e-02
4.770595e-02 4.811211e-02
4.770442e-02 4.827123e-02
4.770157e-02 4.848555e-02
4.770129e-02 4.851331e-02
4.769835e-02 4.818821e-02
4.769999e-02 4.816730e-02
4.769963e-02 4.817134e-02
4.769836e-02 4.823866e-02
4.769595e-02 4.817673e-02
4.769619e-02 4.844634e-02
4.769769e-02 4.820655e-02
4.769574e-02 4.823189e-02
4.769535e-02 4.819923e-02
4.769223e-02 4.816595e-02
4.769440e-02 4.821723e-02
4.769275e-02 4.816722e-02
4.769302e-02 4.807497e-02
4.768885e-02 4.818401e-02
4.769107e-02 4.812848e-02
4.768768e-02 4.814712e-02
4.768814e-02 4.810345e-02
4.768597e-02 4.839874e-02
4.768967e-02 4.819530e-02
4.768627e-02 4.831702e-02
4.768598e-02 4.843557e-02
4.768508e-02 4.816367e-02
4.768235e-02 4.816967e-02
4.768070e-02 4.841822e-02
4.768360e-02 4.808850e-02
4.768382e-02 4.820061e-02
4.768092e-02 4.811635e-02
4.768226e-02 4.820430e-02
4.767686e-02 4.861971e-02
4.768066e-02 4.813960e-02
4.767917e-02 4.820826e-02
4.767472e-02 4.818440e-02
4.767590e-02 4.854216e-02
4.767489e-02 4.828035e-02
4.767486e-02 4.816980e-02
4.767128e-02 4.854172e-02
4.767194e-02 4.849737e-02
4.767358e-02 4.814142e-02
4.767166e-02 4.825523e-02
4.767000e-02 4.830051e-02
4.766896e-02 4.822617e-02
4.766753e-02 4.817774e-02
4.766778e-02 4.823747e-02
4.766924e-02 4.814455e-02
4.766855e-02 4.834395e-02
4.766684e-02 4.812872e-02
4.766619e-02 4.861811e-02
4.766488e-02 4.813244e-02
4.766196e-02 4.873697e-02
4.766515e-02 4.816280e-02
4.766441e-02 4.860175e-02
4.765956e-02 4.808382e-02
4.766038e-02 4.839469e-02
4.765914e-02 4.847048e-02
4.765841e-02 4.812551e-02
4.765767e-02 4.832418e-02
4.765907e-02 4.811491e-02
4.765740e-02 4.821887e-02
4.765720e-02 4.813068e-02
4.765365e-02 4.847825e-02
4.765228e-02 4.813839e-02
4.765434e-02 4.807204e-02
4.765207e-02 4.815419e-02
4.765002e-02 4.819902e-02
4.765386e-02 4.809556e-02
4.765213e-02 4.811975e-02
4.765092e-02 4.821070e-02
4.764977e-02 4.826962e-02
4.764938e-02 4.813960e-02
4.764935e-02 4.817346e-02
4.764780e-02 4.839037e-02
4.764698e-02 4.852809e-02
4.764430e-02 4.818314e-02
4.764439e-02 4.810223e-02
4.764313e-02 4.818075e-02
4.764437e-02 4.823853e-02
4.764441e-02 4.815174e-02
4.764184e-02 4.812444e-02
4.764264e-02 4.806960e-02
4.764217e-02 4.817061e-02
4.764090e-02 4.810505e-02
4.763967e-02 4.823824e-02
4.763531e-02 4.818156e-02
4.763800e-02 4.816126e-02
4.763792e-02 4.816284e-02
4.763765e-02 4.880721e-02
4.763531e-02 4.824738e-02
4.763444e-02 4.848033e-02
4.763401e-02 4.813751e-02
4.763712e-02 4.812116e-02
4.763202e-02 4.847362e-02
4.763393e-02 4.806911e-02
4.763023e-02 4.825032e-02
4.763059e-02 4.822195e-02
4.763119e-02 4.820837e-02
4.763117e-02 4.813292e-02
4.762844e-02 4.810941e-02
4.762504e-02 4.812081e-02
4.762819e-02 4.816456e-02
4.762709e-02 4.820474e-02
4.762610e-02 4.814301e-02
4.762618e-02 4.812180e-02
4.762539e-02 4.819622e-02
4.762384e-02 4.899155e-02
4.762332e-02 4.811937e-02
4.762192e-02 4.837798e-02
4.762163e-02 4.817996e-02
4.762207e-02 4.810283e-02
4.762009e-02 4.819837e-02
4.761929e-02 4.821025e-02
4.762097e-02 4.825011e-02
4.761853e-02 4.834845e-02
4.761731e-02 4.813326e-02
4.761577e-02 4.814828e-02
4.761750e-02 4.834149e-02
4.761487e-02 4.806557e-02
4.761656e-02 4.815558e-02
4.761577e-02 4.817482e-02
4.761339e-02 4.813710e-02
4.760886e-02 4.810975e-02
4.761249e-02 4.824105e-02
4.760969e-02 4.815149e-02
4.761163e-02 4.824371e-02
4.760897e-02 4.814733e-02
4.761054e-02 4.821998e-02
4.760781e-02 4.812131e-02
4.760959e-02 4.806641e-02
4.760596e-02 4.819493e-02
4.760793e-02 4.855755e-02
4.760714e-02 4.834007e-02
4.760579e-02 4.825689e-02
4.760532e-02 4.819534e-02
4.760440e-02 4.810967e-02
4.760542e-02 4.812334e-02
4.760424e-02 4.820156e-02
4.760158e-02 4.806963e-02
4.760115e-02 4.811145e-02
4.760292e-02 4.824300e-02
4.760419e-02 4.843007e-02
4.759950e-02 4.812828e-02
4.760085e-02 4.810170e-02
4.759996e-02 4.810310e-02
4.759583e-02 4.806035e-02
4.759745e-02 4.806259e-02
4.759880e-02 4.818619e-02
4.759674e-02 4.811352e-02
4.759463e-02 4.814059e-02
4.759634e-02 4.815195e-02
4.759605e-02 4.807459e-02
4.759224e-02 4.823236e-02
4.759245e-02 4.812071e-02
4.759481e-02 4.848456e-02
4.759079e-02 4.807530e-02
4.759253e-02 4.831832e-02
4.759026e-02 4.809095e-02
4.759041e-02 4.812639e-02
4.758871e-02 4.810147e-02
4.758868e-02 4.811424e-02
4.758941e-02 4.817290e-02
4.758750e-02 4.810295e-02
4.758659e-02 4.814655e-02
4.758525e-02 4.823453e-02
4.758599e-02 4.825260e-02
4.758579e-02 4.810746e-02
4.758265e-02 4.844506e-02
4.758620e-02 4.815732e-02
4.758191e-02 4.809763e-02
4.758291e-02 4.820425e-02
4.758195e-02 4.826827e-02
4.758108e-02 4.848644e-02
4.757931e-02 4.806757e-02
4.757962e-02 4.806774e-02
4.757912e-02 4.810909e-02
4.757982e-02 4.811977e-02
4.757720e-02 4.818533e-02
4.757701e-02 4.805959e-02
4.757687e-02 4.854957e-02
4.757360e-02 4.829736e-02
4.757448e-02 4.819482e-02
4.757577e-02 4.833433e-02
4.757389e-02 4.818233e-02
4.757440e-02 4.875627e-02
4.757126e-02 4.810098e-02
4.757225e-02 4.808796e-02
4.756879e-02 4.823883e-02
4.756900e-02 4.812914e-02
4.756916e-02 4.807895e-02
4.756855e-02 4.838219e-02
4.756949e-02 4.817945e-02
4.756935e-02 4.812898e-02
4.757156e-02 4.804705e-02
4.756754e-02 4.827625e-02
4.756772e-02 4.844182e-02
4.756737e-02 4.806663e-02
4.756275e-02 4.810199e-02
4.756570e-02 4.824132e-02
4.756239e-02 4.815757e-02
4.756552e-02 4.822353e-02
4.756232e-02 4.815730e-02
4.755992e-02 4.812383e-02
4.756171e-02 4.811960e-02
4.755917e-02 4.808001e-02
4.755886e-02 4.806718e-02
4.756013e-02 4.806430e-02
4.755959e-02 4.814206e-02
4.755836e-02 4.810846e-02
4.755794e-02 4.809543e-02
4.755573e-02 4.807848e-02
4.755539e-02 4.814679e-02
4.755247e-02 4.831714e-02
4.755839e-02 4.819230e-02
4.755455e-02 4.809507e-02
4.755661e-02 4.806192e-02
4.755513e-02 4.815028e-02
4.755325e-02 4.809383e-02
4.755176e-02 4.838703e-02
4.755198e-02 4.817757e-02
4.755256e-02 4.806796e-02
4.755338e-02 4.808284e-02
4.755122e-02 4.810675e-02
4.755023e-02 4.809015e-02
4.754808e-02 4.806743e-02
4.754709e-02 4.812884e-02
4.754780e-02 4.812095e-02
4.754880e-02 4.822557e-02
4.754470e-02 4.811355e-02
4.754380e-02 4.806802e-02
4.754699e-02 4.809403e-02
4.754690e-02 4.818964e-02
4.754628e-02 4.804872e-02
4.754270e-02 4.806261e-02
4.754302e-02 4.817378e-02
4.754296e-02 4.803558e-02
4.754181e-02 4.814795e-02
4.754306e-02 4.806790e-02
4.754113e-02 4.826664e-02
4.754010e-02 4.809084e-02
4.754019e-02 4.815769e-02
4.753861e-02 4.812487e-02
4.753865e-02 4.812633e-02
4.753740e-02 4.837270e-02
4.753582e-02 4.805201e-02
4.753663e-02 4.808189e-02
4.753621e-02 4.820835e-02
4.753575e-02 4.810520e-02
4.753181e-02 4.802110e-02
4.753455e-02 4.805363e-02
4.753503e-02 4.813104e-02
4.753177e-02 4.804125e-02
4.753308e-02 4.806580e-02
4.753091e-02 4.810835e-02
4.753253e-02 4.810981e-02
4.753213e-02 4.808457e-02
4.753260e-02 4.816403e-02
4.753014e-02 4.808846e-02
4.753069e-02 4.808967e-02
4.752941e-02 4.808947e-02
4.752868e-02 4.808281e-02
4.752658e-02 4.809057e-02
4.752730e-02 4.812504e-02
4.752594e-02 4.830092e-02
4.752800e-02 4.818749e-02
4.752537e-02 4.808026e-02
4.752222e-02 4.803609e-02
4.752450e-02 4.819767e-02
4.752281e-02 4.839682e-02
4.752340e-02 4.811867e-02
4.752486e-02 4.830600e-02
4.752298e-02 4.806550e-02
4.752236e-02 4.810013e-02
4.751989e-02 4.804232e-02
4.751837e-02 4.806126e-02
4.752001e-02 4.811956e-02
4.752090e-02 4.827432e-02
4.752134e-02 4.821113e-02
4.751847e-02 4.811717e-02
4.751663e-02 4.837843e-02
4.751732e-02 4.806664e-02
4.751734e-02 4.804297e-02
4.751540e-02 4.817111e-02
4.751399e-02 4.813989e-02
4.751490e-02 4.807508e-02
4.751212e-02 4.806935e-02
4.751255e-02 4.814701e-02
4.751273e-02 4.823547e-02
4.751216e-02 4.810917e-02
4.751048e-02 4.837832e-02
4.751244e-02 4.802808e-02
4.751024e-02 4.819314e-02
4.750935e-02 4.801218e-02
4.750664e-02 4.813758e-02
4.751052e-02 4.801812e-02
4.750876e-02 4.840341e-02
4.750855e-02 4.810816e-02
4.750724e-02 4.815079e-02
4.750709e-02 4.811805e-02
4.750628e-02 4.808589e-02
4.750566e-02 4.866420e-02
4.750538e-02 4.811766e-02
4.750610e-02 4.808109e-02
4.750484e-02 4.803731e-02
4.750205e-02 4.811665e-02
4.750142e-02 4.806585e-02
4.750137e-02 4.813525e-02
4.750280e-02 4.815242e-02
4.749982e-02 4.827447e-02
4.750099e-02 4.810075e-02
4.749936e-02 4.802326e-02
4.749868e-02 4.836071e-02
4.750187e-02 4.816143e-02
4.750105e-02 4.817471e-02
4.749738e-02 4.806031e-02
4.749657e-02 4.803913e-02
4.749954e-02 4.820657e-02
4.749769e-02 4.803455e-02
4.749638e-02 4.804581e-02
4.749672e-02 4.805476e-02
4.749778e-02 4.810899e-02
4.749253e-02 4.806075e-02
4.749641e-02 4.816821e-02
4.749440e-02 4.823741e-02
4.749267e-02 4.814786e-02
4.749411e-02 4.826629e-02
4.749352e-02 4.808470e-02
4.749088e-02 4.806074e-02
4.748954e-02 4.804752e-02
4.749162e-02 4.830805e-02
4.749047e-02 4.806443e-02
4.748893e-02 4.813140e-02
4.748706e-02 4.817182e-02
