9.869181e-02 8.000231e-02
7.451233e-02 7.062757e-02
6.785319e-02 6.594115e-02
6.447104e-02 6.328815e-02
6.249136e-02 6.217725e-02
6.112514e-02 6.085385e-02
6.011420e-02 5.980583e-02
5.932374e-02 6.027087e-02
5.869196e-02 5.827312e-02
5.817560e-02 5.832563e-02
5.775202e-02 5.746984e-02
5.738091e-02 5.702626e-02
5.707338e-02 5.734216e-02
5.680141e-02 5.714869e-02
5.656052e-02 5.764960e-02
5.634959e-02 5.611522e-02
5.616396e-02 5.716118e-02
5.600107e-02 5.704712e-02
5.585281e-02 5.570730e-02
5.571684e-02 5.537429e-02
5.559747e-02 5.524000e-02
5.547464e-02 5.528346e-02
5.536798e-02 5.505006e-02
5.528636e-02 5.579438e-02
5.518616e-02 5.487220e-02
5.510921e-02 5.475255e-02
5.503423e-02 5.754172e-02
5.495371e-02 5.544918e-02
5.488709e-02 5.451964e-02
5.482931e-02 5.632644e-02
5.476305e-02 5.468409e-02
5.470456e-02 5.437068e-02
5.465238e-02 5.657448e-02
5.459706e-02 5.426925e-02
5.454298e-02 5.420525e-02
5.449157e-02 5.457841e-02
5.444658e-02 5.510950e-02
5.441028e-02 5.426158e-02
5.436391e-02 5.697748e-02
5.431361e-02 5.453101e-02
5.427219e-02 5.389507e-02
5.424100e-02 5.584052e-02
5.419357e-02 5.586906e-02
5.416062e-02 5.462061e-02
5.413321e-02 5.382957e-02
5.409097e-02 5.715950e-02
5.405692e-02 5.382171e-02
5.403055e-02 5.370183e-02
5.398802e-02 5.582706e-02
5.396351e-02 5.370637e-02
5.393920e-02 5.379370e-02
5.390650e-02 5.356149e-02
5.387740e-02 5.408837e-02
5.384586e-02 5.385920e-02
5.381903e-02 5.401083e-02
5.379747e-02 5.360433e-02
5.376509e-02 5.338965e-02
5.373726e-02 5.532956e-02
5.371358e-02 5.336903e-02
5.368670e-02 5.546969e-02
5.365371e-02 5.393712e-02
5.364153e-02 5.321960e-02
5.361328e-02 5.815566e-02
5.359697e-02 5.317522e-02
5.356223e-02 5.447517e-02
5.354625e-02 5.389937e-02
5.353075e-02 5.345390e-02
5.350530e-02 5.308321e-02
5.348614e-02 5.403485e-02
5.345312e-02 5.413519e-02
5.344125e-02 5.305732e-02
5.341387e-02 5.370917e-02
5.338934e-02 5.321031e-02
5.337581e-02 5.301240e-02
5.335128e-02 5.291678e-02
5.334322e-02 5.306134e-02
5.331354e-02 5.306778e-02
5.329623e-02 5.382012e-02
5.326954e-02 5.283621e-02
5.324581e-02 5.289952e-02
5.323471e-02 5.507353e-02
5.321779e-02 5.512265e-02
5.320024e-02 5.402283e-02
5.318427e-02 5.328839e-02
5.315110e-02 5.304838e-02
5.313254e-02 5.285451e-02
5.312641e-02 5.282312e-02
5.310646e-02 5.305731e-02
5.309488e-02 5.293071e-02
5.307223e-02 5.264135e-02
5.306185e-02 5.269185e-02
5.304025e-02 5.268063e-02
5.302540e-02 5.276388e-02
5.300581e-02 5.268550e-02
5.299334e-02 5.283604e-02
5.296787e-02 5.278710e-02
5.295975e-02 5.259951e-02
5.293514e-02 5.278489e-02
5.292193e-02 5.252213e-02
5.290661e-02 5.282532e-02
5.273140e-02 5.231359e-02
5.271553e-02 5.285269e-02
5.270489e-02 5.415905e-02
5.268469e-02 5.227882e-02
5.267202e-02 5.224103e-02
5.265943e-02 5.222456e-02
5.263637e-02 5.266525e-02
5.262692e-02 5.219057e-02
5.261217e-02 5.220395e-02
5.259620e-02 5.285049e-02
5.258513e-02 5.218034e-02
5.255943e-02 5.214774e-02
5.255430e-02 5.245301e-02
5.254451e-02 5.222885e-02
5.252036e-02 5.211116e-02
5.250735e-02 5.333769e-02
5.249394e-02 5.208921e-02
5.247715e-02 5.350230e-02
5.246581e-02 5.229598e-02
5.244770e-02 5.204969e-02
5.243220e-02 5.272006e-02
5.241527e-02 5.390061e-02
5.241156e-02 5.221888e-02
5.239172e-02 5.203294e-02
5.237943e-02 5.195710e-02
5.236556e-02 5.223052e-02
5.234205e-02 5.319690e-02
5.233439e-02 5.244143e-02
5.231791e-02 5.275740e-02
5.230199e-02 5.228605e-02
5.228178e-02 5.202965e-02
5.226660e-02 5.210774e-02
5.225413e-02 5.183540e-02
5.223201e-02 5.202744e-02
5.222427e-02 5.474769e-02
5.220486e-02 5.202212e-02
5.218682e-02 5.316422e-02
5.217216e-02 5.176135e-02
5.215957e-02 5.236982e-02
5.213750e-02 5.197187e-02
5.212120e-02 5.173820e-02
5.209749e-02 5.206684e-02
5.208642e-02 5.309552e-02
5.206870e-02 5.366091e-02
5.205466e-02 5.168692e-02
5.202921e-02 5.169533e-02
5.201179e-02 5.163090e-02
5.199793e-02 5.348751e-02
5.198004e-02 5.176271e-02
5.195829e-02 5.230027e-02
5.194731e-02 5.240521e-02
5.193191e-02 5.280649e-02
5.191303e-02 5.167599e-02
5.188910e-02 5.217425e-02
5.187781e-02 5.159375e-02
5.185894e-02 5.213347e-02
5.184676e-02 5.151771e-02
5.182427e-02 5.274295e-02
5.180885e-02 5.170270e-02
5.178970e-02 5.417985e-02
5.177737e-02 5.140607e-02
5.175436e-02 5.187903e-02
5.174112e-02 5.160734e-02
5.172634e-02 5.158349e-02
5.170842e-02 5.405682e-02
5.169693e-02 5.165432e-02
5.167568e-02 5.203248e-02
5.165748e-02 5.135063e-02
5.164447e-02 5.265333e-02
5.163020e-02 5.133151e-02
5.161052e-02 5.128332e-02
5.158958e-02 5.233042e-02
5.156756e-02 5.194425e-02
5.155966e-02 5.163910e-02
5.154250e-02 5.236892e-02
5.153509e-02 5.130780e-02
5.150644e-02 5.127412e-02
5.150787e-02 5.245201e-02
5.148286e-02 5.297151e-02
5.146419e-02 5.119129e-02
5.145072e-02 5.114057e-02
5.144157e-02 5.111480e-02
5.142272e-02 5.134258e-02
5.140462e-02 5.144456e-02
5.139043e-02 5.171604e-02
5.137560e-02 5.111854e-02
5.136407e-02 5.202628e-02
5.134601e-02 5.108207e-02
5.133584e-02 5.161764e-02
5.131579e-02 5.204849e-02
5.130298e-02 5.103401e-02
5.128365e-02 5.119976e-02
5.126549e-02 5.105523e-02
5.125802e-02 5.134603e-02
5.125110e-02 5.108682e-02
5.123430e-02 5.312413e-02
5.121865e-02 5.092196e-02
5.120721e-02 5.206719e-02
5.118741e-02 5.111826e-02
5.118123e-02 5.179539e-02
5.102970e-02 5.079392e-02
5.101545e-02 5.087746e-02
5.099969e-02 5.093154e-02
5.099280e-02 5.080849e-02
5.097950e-02 5.151358e-02
5.097121e-02 5.080640e-02
5.095507e-02 5.069964e-02
5.094927e-02 5.131531e-02
5.092367e-02 5.091335e-02
5.092184e-02 5.092256e-02
5.090613e-02 5.107996e-02
5.089576e-02 5.087406e-02
5.087559e-02 5.069356e-02
5.087390e-02 5.075399e-02
5.086323e-02 5.124134e-02
5.084876e-02 5.064497e-02
5.083497e-02 5.063554e-02
5.082168e-02 5.076962e-02
5.081260e-02 5.072830e-02
5.080541e-02 5.068615e-02
5.078433e-02 5.058419e-02
5.078017e-02 5.077274e-02
5.077647e-02 5.084574e-02
5.076297e-02 5.069796e-02
5.075255e-02 5.107887e-02
5.074100e-02 5.054146e-02
5.073242e-02 5.061673e-02
5.071574e-02 5.051043e-02
5.070952e-02 5.053710e-02
5.069585e-02 5.145737e-02
5.068531e-02 5.118880e-02
5.066781e-02 5.106422e-02
5.067053e-02 5.063918e-02
5.065752e-02 5.047174e-02
5.064291e-02 5.051145e-02
5.063213e-02 5.042439e-02
5.062272e-02 5.098121e-02
5.061170e-02 5.078868e-02
5.060596e-02 5.141287e-02
5.058916e-02 5.040641e-02
5.058579e-02 5.079168e-02
5.057196e-02 5.068058e-02
5.055861e-02 5.080352e-02
5.055393e-02 5.036196e-02
5.054484e-02 5.090638e-02
5.053292e-02 5.054601e-02
5.052296e-02 5.138775e-02
5.051057e-02 5.030871e-02
5.050842e-02 5.033769e-02
5.049204e-02 5.042070e-02
5.048577e-02 5.042860e-02
5.047905e-02 5.040497e-02
5.047035e-02 5.082440e-02
5.045882e-02 5.029746e-02
5.045136e-02 5.054972e-02
5.044222e-02 5.030002e-02
5.043399e-02 5.049270e-02
5.042322e-02 5.055631e-02
5.041574e-02 5.024803e-02
5.040892e-02 5.028651e-02
5.039599e-02 5.074469e-02
5.039223e-02 5.042732e-02
5.038557e-02 5.048022e-02
5.036897e-02 5.047036e-02
5.036874e-02 5.055813e-02
5.035622e-02 5.094084e-02
5.034977e-02 5.068905e-02
5.034231e-02 5.017456e-02
5.033450e-02 5.020349e-02
5.032801e-02 5.045871e-02
5.031837e-02 5.021059e-02
5.031695e-02 5.142024e-02
5.029959e-02 5.013864e-02
4.981390e-02 5.009999e-02
4.980747e-02 5.004170e-02
4.981253e-02 5.014224e-02
4.980632e-02 5.022630e-02
4.980227e-02 4.984302e-02
4.980012e-02 4.973490e-02
4.979964e-02 4.999478e-02
4.979592e-02 4.972791e-02
4.979089e-02 5.038459e-02
4.978902e-02 5.000575e-02
4.979068e-02 5.023034e-02
4.978640e-02 4.979883e-02
4.978831e-02 5.010855e-02
4.978308e-02 4.994308e-02
4.977811e-02 4.978086e-02
4.977954e-02 4.991762e-02
4.977519e-02 4.989321e-02
4.977498e-02 5.061096e-02
4.977290e-02 4.971444e-02
4.976949e-02 4.976671e-02
4.976591e-02 5.075886e-02
4.976254e-02 4.970681e-02
4.975703e-02 5.004728e-02
4.975910e-02 5.076400e-02
4.975719e-02 5.019313e-02
4.975413e-02 4.967738e-02
4.975279e-02 5.038926e-02
4.974923e-02 4.967723e-02
4.974708e-02 5.010702e-02
4.974740e-02 5.004012e-02
4.974153e-02 4.969404e-02
4.974643e-02 4.968630e-02
4.973725e-02 4.989927e-02
4.973885e-02 4.973967e-02
4.973356e-02 4.988573e-02
4.973794e-02 4.965135e-02
4.973698e-02 4.972901e-02
4.972801e-02 5.015656e-02
4.973263e-02 4.973113e-02
4.972957e-02 4.963997e-02
4.972444e-02 4.972448e-02
4.972156e-02 4.978510e-02
4.972112e-02 4.963987e-02
4.971813e-02 4.966886e-02
4.971902e-02 4.969553e-02
4.971624e-02 4.966301e-02
4.971304e-02 4.964350e-02
4.971637e-02 5.021355e-02
4.971056e-02 4.973102e-02
4.970680e-02 4.996295e-02
4.970928e-02 4.969276e-02
4.970429e-02 4.966706e-02
4.970591e-02 4.963904e-02
4.970761e-02 4.988138e-02
4.970022e-02 5.068167e-02
4.969732e-02 4.963208e-02
4.969722e-02 4.966368e-02
4.969431e-02 4.971771e-02
4.969358e-02 4.966422e-02
4.969469e-02 5.011580e-02
4.969221e-02 4.991114e-02
4.969110e-02 5.020237e-02
4.969078e-02 4.963441e-02
4.968055e-02 4.964935e-02
4.968568e-02 5.008941e-02
4.968027e-02 4.961594e-02
4.968296e-02 4.963170e-02
4.967841e-02 4.961012e-02
4.967630e-02 4.960673e-02
4.967825e-02 5.053412e-02
4.967816e-02 5.018158e-02
4.967500e-02 5.039534e-02
4.966749e-02 4.981369e-02
4.966665e-02 4.959921e-02
4.967050e-02 4.969880e-02
4.966823e-02 4.993261e-02
4.966844e-02 4.958673e-02
4.966571e-02 5.017821e-02
4.966532e-02 4.981852e-02
4.966048e-02 5.003201e-02
4.966060e-02 5.104450e-02
4.965806e-02 4.976458e-02
4.965483e-02 4.961824e-02
4.965615e-02 4.960670e-02
4.965278e-02 4.973097e-02
4.965466e-02 5.033740e-02
4.964948e-02 4.964297e-02
4.965368e-02 4.993613e-02
4.964693e-02 4.963530e-02
4.964502e-02 5.024198e-02
4.964544e-02 5.051816e-02
4.964320e-02 4.960202e-02
4.964093e-02 4.976483e-02
4.964537e-02 4.971535e-02
4.963928e-02 4.957739e-02
4.963671e-02 4.961071e-02
4.963663e-02 4.989009e-02
4.963443e-02 4.971257e-02
4.963340e-02 4.961865e-02
4.963294e-02 4.967580e-02
4.963320e-02 5.073573e-02
4.963015e-02 4.957051e-02
4.962848e-02 4.989077e-02
4.962532e-02 4.961339e-02
4.962538e-02 5.096695e-02
4.962191e-02 4.960448e-02
4.962679e-02 4.957401e-02
4.962239e-02 4.960145e-02
4.961992e-02 4.975009e-02
4.962047e-02 5.006820e-02
4.961715e-02 4.959053e-02
4.961752e-02 4.955860e-02
4.961465e-02 4.996547e-02
4.961526e-02 4.962497e-02
4.961636e-02 4.975717e-02
4.961407e-02 4.972258e-02
4.961489e-02 5.000131e-02
4.960647e-02 4.957783e-02
4.960999e-02 4.957150e-02
4.960754e-02 4.961205e-02
4.960613e-02 4.982865e-02
4.960547e-02 4.989791e-02
4.960433e-02 4.977757e-02
4.960697e-02 4.971497e-02
4.960213e-02 4.958300e-02
4.959835e-02 4.995263e-02
4.960367e-02 4.984728e-02
4.959812e-02 4.982549e-02
4.959404e-02 5.008190e-02
4.959173e-02 4.973816e-02
4.959760e-02 4.966423e-02
4.959561e-02 4.964050e-02
4.959502e-02 4.964834e-02
4.959046e-02 4.958111e-02
4.959033e-02 5.013023e-02
4.959120e-02 4.962469e-02
4.958914e-02 4.959550e-02
4.958511e-02 4.958586e-02
4.958353e-02 4.964740e-02
4.958707e-02 4.965933e-02
4.958020e-02 4.962220e-02
4.958424e-02 4.960207e-02
4.957914e-02 4.971657e-02
4.957465e-02 5.043939e-02
4.957636e-02 4.952777e-02
4.957723e-02 4.953180e-02
4.957515e-02 4.955074e-02
4.957008e-02 4.959918e-02
4.956948e-02 4.990275e-02
4.957445e-02 4.999437e-02
4.957423e-02 4.984330e-02
4.956798e-02 4.955130e-02
4.957036e-02 4.964383e-02
4.957031e-02 4.959254e-02
4.956642e-02 4.993900e-02
4.956587e-02 4.951104e-02
4.956446e-02 4.954144e-02
4.956266e-02 4.963200e-02
4.956022e-02 4.973060e-02
4.956000e-02 4.954946e-02
4.956091e-02 4.963225e-02
4.955607e-02 4.986898e-02
4.955876e-02 4.953480e-02
4.955947e-02 4.964234e-02
4.955227e-02 4.979415e-02
4.955273e-02 4.954807e-02
4.955255e-02 4.956522e-02
4.955314e-02 4.977855e-02
4.955073e-02 5.066935e-02
4.955282e-02 4.953504e-02
4.954632e-02 4.960198e-02
4.954777e-02 4.973800e-02
4.954737e-02 5.012499e-02
4.954493e-02 4.978220e-02
4.954537e-02 4.971234e-02
4.954239e-02 4.987985e-02
4.954489e-02 4.970476e-02
4.954132e-02 4.957854e-02
4.954510e-02 4.974013e-02
4.954114e-02 4.958421e-02
4.954142e-02 4.949995e-02
4.953754e-02 4.949758e-02
4.953777e-02 4.954348e-02
4.953394e-02 4.950344e-02
4.953264e-02 4.949879e-02
4.953292e-02 4.948815e-02
4.953058e-02 4.957965e-02
4.953084e-02 4.948926e-02
4.952670e-02 4.951723e-02
4.952690e-02 5.013766e-02
4.952574e-02 4.951746e-02
4.952524e-02 4.950805e-02
4.952090e-02 4.950408e-02
4.952378e-02 4.964591e-02
4.952282e-02 4.951969e-02
4.952183e-02 4.977547e-02
4.952057e-02 5.018921e-02
4.952424e-02 4.949454e-02
4.951922e-02 4.964135e-02
4.951948e-02 4.950531e-02
4.951548e-02 4.957326e-02
4.951873e-02 4.958699e-02
4.951479e-02 4.964415e-02
4.951174e-02 4.987619e-02
4.951087e-02 4.972047e-02
4.950924e-02 4.952361e-02
4.951154e-02 4.947263e-02
4.950954e-02 4.946595e-02
4.950847e-02 4.948252e-02
4.950756e-02 4.951324e-02
4.950210e-02 4.971678e-02
4.950409e-02 4.966558e-02
4.950575e-02 4.961183e-02
4.950508e-02 4.958514e-02
4.950233e-02 4.949954e-02
4.949888e-02 4.948461e-02
4.950005e-02 4.953413e-02
4.950410e-02 4.975032e-02
4.950109e-02 4.983666e-02
4.949930e-02 4.947356e-02
4.949663e-02 4.950429e-02
4.949742e-02 4.989781e-02
4.949496e-02 4.949801e-02
4.949209e-02 4.960115e-02
4.949382e-02 4.954735e-02
4.949196e-02 4.951663e-02
4.949168e-02 4.946932e-02
4.949277e-02 4.949778e-02
4.948642e-02 4.988490e-02
4.948725e-02 4.989112e-02
4.949057e-02 4.974357e-02
4.948473e-02 4.958837e-02
4.948796e-02 4.948235e-02
4.948643e-02 4.960784e-02
4.948380e-02 4.949140e-02
4.948175e-02 4.983789e-02
4.948228e-02 4.950722e-02
4.947927e-02 4.962964e-02
4.948159e-02 4.953373e-02
4.947785e-02 4.954305e-02
4.947708e-02 5.006933e-02
4.947672e-02 4.944788e-02
4.947401e-02 5.032513e-02
4.947387e-02 4.963645e-02
4.947187e-02 5.019311e-02
4.947419e-02 4.968743e-02
4.947689e-02 4.949285e-02
4.947035e-02 4.952692e-02
4.947191e-02 4.986328e-02
4.946731e-02 4.952949e-02
4.947150e-02 4.983125e-02
4.946675e-02 4.954522e-02
4.946593e-02 4.959974e-02
4.946389e-02 4.988451e-02
4.946336e-02 4.958425e-02
4.946911e-02 4.949364e-02
4.946401e-02 4.954212e-02
4.946239e-02 4.951931e-02
4.945920e-02 4.991982e-02
4.945816e-02 4.952080e-02
4.946041e-02 4.997321e-02
4.946014e-02 4.959208e-02
4.945652e-02 4.983618e-02
4.945516e-02 4.959899e-02
4.945566e-02 4.951061e-02
4.945366e-02 4.943390e-02
4.945096e-02 5.021887e-02
4.945273e-02 4.947840e-02
4.944929e-02 4.991543e-02
4.945069e-02 4.948140e-02
4.944725e-02 4.943863e-02
4.944932e-02 4.944374e-02
4.944402e-02 4.945035e-02
4.944251e-02 4.978572e-02
4.944516e-02 4.943457e-02
4.944089e-02 4.955957e-02
4.944397e-02 4.943773e-02
4.944153e-02 4.950731e-02
4.944135e-02 4.946599e-02
4.943969e-02 4.946897e-02
4.944069e-02 4.944808e-02
4.943911e-02 4.945908e-02
4.943545e-02 4.944433e-02
4.943939e-02 4.957237e-02
4.943617e-02 4.947384e-02
4.943687e-02 4.949035e-02
4.943319e-02 4.941139e-02
4.943577e-02 4.948212e-02
4.943099e-02 4.994175e-02
4.942976e-02 4.945002e-02
4.943043e-02 4.949609e-02
4.942650e-02 4.951400e-02
4.942964e-02 4.940521e-02
4.942798e-02 4.947977e-02
4.942643e-02 4.960062e-02
4.942439e-02 4.996170e-02
4.942213e-02 5.000602e-02
4.942546e-02 4.941939e-02
4.942102e-02 4.961900e-02
4.942358e-02 4.968558e-02
4.942232e-02 4.944220e-02
4.941997e-02 4.967574e-02
4.941877e-02 4.941631e-02
4.941827e-02 4.948714e-02
4.941839e-02 4.947670e-02
4.942097e-02 4.941836e-02
4.941437e-02 4.954527e-02
4.941316e-02 4.951717e-02
4.941005e-02 4.977513e-02
4.941335e-02 4.943233e-02
4.941424e-02 4.940142e-02
4.940967e-02 4.947129e-02
4.941182e-02 5.000476e-02
4.941050e-02 4.938494e-02
4.940967e-02 4.970409e-02
4.940560e-02 4.968106e-02
4.940505e-02 4.940241e-02
4.940317e-02 4.968352e-02
4.940292e-02 4.954926e-02
4.940431e-02 4.951810e-02
4.940065e-02 5.020498e-02
4.939818e-02 4.939622e-02
4.940026e-02 4.948107e-02
4.939858e-02 4.974459e-02
4.939787e-02 4.945671e-02
4.939675e-02 4.963278e-02
4.939495e-02 4.939556e-02
4.939351e-02 4.939876e-02
4.939515e-02 4.944778e-02
4.939462e-02 4.938370e-02
4.939283e-02 4.974818e-02
4.938894e-02 4.980087e-02
4.938618e-02 4.958312e-02
4.938733e-02 4.938433e-02
4.938706e-02 4.986990e-02
4.938753e-02 4.954315e-02
4.938837e-02 4.965739e-02
4.938690e-02 4.942111e-02
4.938449e-02 4.951279e-02
4.938481e-02 4.956446e-02
4.938363e-02 4.948303e-02
4.938242e-02 4.948163e-02
4.937838e-02 4.971711e-02
4.937951e-02 4.942355e-02
4.937738e-02 4.971206e-02
4.937758e-02 4.940862e-02
4.937891e-02 4.951569e-02
4.937350e-02 4.937651e-02
4.937697e-02 4.961955e-02
4.937784e-02 4.936527e-02
4.937808e-02 5.101544e-02
4.937327e-02 4.935271e-02
4.936636e-02 5.000246e-02
4.936930e-02 5.000800e-02
4.936938e-02 4.937938e-02
4.936612e-02 4.942594e-02
4.937077e-02 4.973199e-02
4.936634e-02 4.939862e-02
4.936972e-02 4.940113e-02
4.936597e-02 4.935577e-02
4.936198e-02 4.952929e-02
4.936132e-02 4.948984e-02
4.936089e-02 4.964928e-02
4.936312e-02 4.944891e-02
4.936090e-02 4.953184e-02
4.935892e-02 4.936850e-02
4.935654e-02 4.946382e-02
4.935903e-02 4.956493e-02
4.935737e-02 4.936019e-02
4.935709e-02 4.939850e-02
4.935313e-02 5.005922e-02
4.935179e-02 4.948720e-02
4.935185e-02 4.963562e-02
4.935109e-02 4.995032e-02
4.934982e-02 5.006195e-02
4.935168e-02 4.968267e-02
4.934600e-02 4.935102e-02
4.934993e-02 4.950856e-02
4.934308e-02 4.945294e-02
4.934616e-02 4.939848e-02
4.934021e-02 4.949084e-02
4.934372e-02 4.952997e-02
4.934348e-02 4.943199e-02
4.934178e-02 4.934853e-02
4.934056e-02 4.950133e-02
4.934314e-02 4.976209e-02
4.933839e-02 4.937089e-02
4.933933e-02 4.935982e-02
4.934080e-02 4.936096e-02
4.933389e-02 4.934360e-02
4.933251e-02 4.961552e-02
4.933055e-02 4.932251e-02
4.932917e-02 4.972643e-02
4.933456e-02 5.007997e-02
4.933040e-02 4.938443e-02
4.932955e-02 4.965778e-02
4.932952e-02 4.934197e-02
4.932809e-02 4.960538e-02
4.932563e-02 4.934935e-02
4.932632e-02 4.935192e-02
4.932517e-02 4.943172e-02
4.932340e-02 4.946262e-02
4.932394e-02 4.938122e-02
4.932072e-02 4.969475e-02
4.932067e-02 4.959323e-02
4.932062e-02 4.933408e-02
4.931715e-02 4.933472e-02
4.930949e-02 4.938606e-02
4.931751e-02 4.944581e-02
4.931273e-02 4.934984e-02
4.931334e-02 4.932097e-02
4.931445e-02 4.972426e-02
4.931008e-02 4.932303e-02
4.930949e-02 4.934295e-02
4.930900e-02 4.945584e-02
4.931110e-02 4.931465e-02
4.931042e-02 4.969555e-02
4.930692e-02 4.945099e-02
4.930474e-02 4.945677e-02
4.930649e-02 4.933586e-02
4.930459e-02 4.993967e-02
4.930212e-02 4.999882e-02
4.930039e-02 4.950504e-02
4.930072e-02 4.933688e-02
4.929961e-02 4.929679e-02
4.929846e-02 4.976482e-02
4.929618e-02 4.941150e-02
4.929661e-02 4.930111e-02
4.929450e-02 4.934021e-02
4.929362e-02 4.930501e-02
4.929442e-02 4.933496e-02
4.929326e-02 4.929908e-02
4.929288e-02 4.946678e-02
4.929005e-02 4.945766e-02
4.929072e-02 4.932306e-02
4.928703e-02 4.933132e-02
4.928587e-02 4.996138e-02
4.928371e-02 4.934504e-02
4.928855e-02 4.963576e-02
4.928532e-02 4.941460e-02
4.927963e-02 4.932860e-02
4.928016e-02 4.963372e-02
4.928122e-02 4.955181e-02
4.927898e-02 4.950624e-02
4.927326e-02 4.941221e-02
4.927781e-02 4.955266e-02
4.927561e-02 4.929455e-02
4.927707e-02 4.945469e-02
4.927575e-02 4.928174e-02
4.926999e-02 4.925970e-02
4.926849e-02 4.948835e-02
4.926962e-02 4.957880e-02
4.926882e-02 4.951890e-02
4.926801e-02 4.959888e-02
4.926521e-02 4.991691e-02
4.926488e-02 4.975728e-02
4.926319e-02 4.950151e-02
4.926049e-02 4.930477e-02
4.926056e-02 4.941621e-02
4.926162e-02 4.939210e-02
4.925910e-02 4.974869e-02
4.925758e-02 4.933766e-02
4.925454e-02 4.941462e-02
4.925614e-02 4.940061e-02
4.925714e-02 4.945380e-02
4.925604e-02 4.936998e-02
4.925236e-02 4.927244e-02
4.924932e-02 4.937047e-02
4.924677e-02 4.930827e-02
4.924692e-02 4.928448e-02
4.924842e-02 4.932949e-02
4.924636e-02 4.927115e-02
4.924410e-02 4.926885e-02
4.924265e-02 4.930378e-02
4.924315e-02 4.929490e-02
4.923981e-02 4.951287e-02
4.924079e-02 4.932392e-02
4.924079e-02 4.940399e-02
4.923437e-02 4.934344e-02
4.923539e-02 4.964323e-02
4.923044e-02 4.955910e-02
4.923275e-02 4.932455e-02
4.923672e-02 4.923026e-02
4.922722e-02 4.929318e-02
4.922796e-02 4.946775e-02
4.922836e-02 4.931131e-02
4.922365e-02 4.926207e-02
4.922448e-02 4.937768e-02
4.922624e-02 5.002315e-02
4.921972e-02 4.932154e-02
4.922041e-02 4.925607e-02
4.921494e-02 4.942467e-02
4.921745e-02 4.927962e-02
4.921315e-02 4.952866e-02
4.922105e-02 4.964824e-02
4.920858e-02 4.945966e-02
4.921011e-02 4.958872e-02
4.920752e-02 4.933972e-02
4.920770e-02 4.925377e-02
4.920798e-02 4.922676e-02
4.920300e-02 4.924897e-02
4.920463e-02 4.950346e-02
4.920208e-02 4.935934e-02
4.919833e-02 4.958645e-02
4.919646e-02 4.921743e-02
4.919543e-02 4.956775e-02
4.919655e-02 4.924525e-02
4.919443e-02 4.993500e-02
4.919009e-02 4.932271e-02
4.919454e-02 4.942344e-02
4.918616e-02 4.930466e-02
4.918949e-02 4.923940e-02
4.918644e-02 4.928103e-02
4.918528e-02 4.991581e-02
4.918293e-02 4.921801e-02
4.918173e-02 4.924861e-02
4.917867e-02 4.937237e-02
4.917363e-02 4.958356e-02
4.917547e-02 4.966969e-02
4.917357e-02 4.925606e-02
4.917127e-02 4.952371e-02
4.916996e-02 4.925245e-02
4.916450e-02 4.918087e-02
4.916546e-02 4.925945e-02
4.916027e-02 4.920532e-02
4.916386e-02 4.923718e-02
4.915942e-02 4.921788e-02
4.916089e-02 4.937688e-02
4.915722e-02 4.919820e-02
4.915547e-02 4.925372e-02
4.915446e-02 4.921516e-02
4.915221e-02 4.919692e-02
4.914784e-02 4.917890e-02
4.914466e-02 4.923544e-02
4.914549e-02 4.916620e-02
4.913942e-02 4.916395e-02
4.913933e-02 4.926238e-02
4.913881e-02 4.915162e-02
4.913391e-02 4.937274e-02
4.913571e-02 4.922945e-02
4.913362e-02 4.914769e-02
4.912815e-02 4.969723e-02
4.912931e-02 4.931157e-02
4.912346e-02 4.955901e-02
4.912647e-02 4.912625e-02
4.911942e-02 4.913966e-02
4.911644e-02 4.923280e-02
4.911354e-02 4.917605e-02
4.911269e-02 4.966635e-02
4.910923e-02 4.948920e-02
4.911165e-02 4.970379e-02
4.910644e-02 4.940948e-02
4.910432e-02 4.929648e-02
4.910123e-02 4.930348e-02
4.910129e-02 4.914507e-02
4.909835e-02 4.938564e-02
4.909717e-02 4.992017e-02
4.909361e-02 4.914229e-02
4.909094e-02 4.923758e-02
4.909144e-02 4.917805e-02
4.908498e-02 4.910185e-02
4.908392e-02 4.913970e-02
4.908024e-02 4.919737e-02
4.907839e-02 4.910069e-02
4.907485e-02 4.916056e-02
4.907189e-02 4.919482e-02
4.906927e-02 5.001709e-02
4.906688e-02 4.907796e-02
4.906709e-02 4.934644e-02
4.906229e-02 4.935935e-02
4.906219e-02 4.907664e-02
4.905938e-02 4.914690e-02
4.905551e-02 4.931893e-02
4.905371e-02 4.906733e-02
4.904896e-02 4.908172e-02
4.904454e-02 4.914623e-02
4.904683e-02 4.911315e-02
4.904096e-02 4.909272e-02
4.903961e-02 4.908500e-02
4.903945e-02 4.945656e-02
4.903665e-02 4.907663e-02
4.903487e-02 4.913955e-02
4.902995e-02 4.920407e-02
4.902386e-02 4.916264e-02
4.902317e-02 4.914628e-02
4.902019e-02 4.905402e-02
4.902371e-02 4.936952e-02
4.901813e-02 4.907706e-02
4.901550e-02 4.906378e-02
4.901145e-02 4.966145e-02
4.901415e-02 4.904934e-02
4.900820e-02 4.904439e-02
4.900503e-02 4.905416e-02
4.900343e-02 4.912965e-02
4.900172e-02 4.908745e-02
4.899842e-02 4.906707e-02
4.899597e-02 4.928502e-02
4.899510e-02 4.906996e-02
4.899227e-02 4.907019e-02
4.899028e-02 4.936701e-02
4.898779e-02 4.906427e-02
4.898813e-02 4.913932e-02
4.898844e-02 4.908750e-02
4.898385e-02 4.929217e-02
4.898276e-02 4.922291e-02
4.897962e-02 4.902842e-02
4.897528e-02 4.928656e-02
4.897413e-02 4.903041e-02
4.897088e-02 4.913680e-02
4.897265e-02 4.913895e-02
4.897124e-02 4.899650e-02
4.896430e-02 4.918408e-02
4.896811e-02 4.897637e-02
4.896445e-02 4.968126e-02
4.896316e-02 4.904708e-02
4.896214e-02 4.904141e-02
4.896172e-02 4.899551e-02
4.895647e-02 4.976088e-02
4.895854e-02 4.949950e-02
4.895519e-02 4.898699e-02
4.895193e-02 4.902719e-02
4.895002e-02 4.913354e-02
4.895275e-02 4.915277e-02
4.895140e-02 4.899962e-02
4.894644e-02 4.926971e-02
4.894529e-02 4.910428e-02
4.894498e-02 5.001608e-02
4.894349e-02 4.900799e-02
4.893955e-02 4.900302e-02
4.893984e-02 4.896352e-02
4.893940e-02 4.920259e-02
4.893961e-02 4.913493e-02
4.894012e-02 4.912471e-02
4.893715e-02 4.896302e-02
4.893342e-02 4.897944e-02
4.893120e-02 4.960385e-02
4.893061e-02 4.898265e-02
4.893246e-02 4.953275e-02
4.892961e-02 4.908352e-02
4.892855e-02 4.911075e-02
4.892968e-02 4.901671e-02
4.892521e-02 4.895758e-02
4.892724e-02 4.903204e-02
4.892714e-02 4.952735e-02
4.892056e-02 4.898635e-02
4.892044e-02 4.894629e-02
4.892264e-02 4.892955e-02
4.891713e-02 4.895734e-02
4.891955e-02 4.946861e-02
4.891905e-02 4.893913e-02
4.892163e-02 4.943515e-02
4.891439e-02 4.909955e-02
4.891404e-02 4.907600e-02
4.891586e-02 4.896472e-02
4.891516e-02 4.912869e-02
4.891229e-02 4.896256e-02
4.891444e-02 4.902100e-02
4.891035e-02 4.905281e-02
4.890890e-02 4.904860e-02
4.891356e-02 4.950955e-02
4.890881e-02 4.912492e-02
4.891005e-02 4.898183e-02
4.890638e-02 4.900543e-02
4.890330e-02 4.901851e-02
4.890567e-02 4.904629e-02
4.890181e-02 4.901112e-02
4.890487e-02 4.906741e-02
4.890142e-02 4.905958e-02
4.890156e-02 4.896869e-02
4.889964e-02 4.890875e-02
4.890198e-02 4.893141e-02
4.890137e-02 4.901958e-02
4.889984e-02 4.899959e-02
4.889839e-02 4.897236e-02
4.890012e-02 5.015413e-02
4.889580e-02 4.906857e-02
4.889825e-02 4.897713e-02
4.889817e-02 4.904866e-02
4.889550e-02 4.890212e-02
4.889583e-02 4.917925e-02
4.889505e-02 4.896959e-02
4.889487e-02 4.910949e-02
4.889313e-02 4.890700e-02
4.889146e-02 4.895680e-02
4.889032e-02 4.888774e-02
4.889077e-02 4.933151e-02
4.889214e-02 4.892369e-02
4.888664e-02 4.926906e-02
4.889051e-02 4.898089e-02
4.888641e-02 4.892701e-02
4.888605e-02 4.895638e-02
4.888733e-02 4.893726e-02
4.888549e-02 4.948183e-02
4.888525e-02 4.894631e-02
4.888286e-02 4.967656e-02
4.888372e-02 4.913032e-02
4.888507e-02 4.894208e-02
4.888287e-02 4.904381e-02
4.888323e-02 4.925337e-02
4.888462e-02 4.894400e-02
4.887920e-02 4.943309e-02
4.888283e-02 4.897659e-02
4.888504e-02 4.936019e-02
4.887920e-02 4.895422e-02
4.887883e-02 4.892652e-02
4.888315e-02 4.895683e-02
4.887826e-02 4.891562e-02
4.888005e-02 4.959474e-02
4.888040e-02 4.963958e-02
4.887771e-02 4.894442e-02
4.887749e-02 4.919668e-02
4.887487e-02 4.889627e-02
4.887818e-02 4.897432e-02
4.887486e-02 4.889136e-02
4.887521e-02 4.934471e-02
4.887175e-02 4.893651e-02
4.887727e-02 4.920068e-02
4.887354e-02 4.888120e-02
4.887119e-02 4.899644e-02
4.887360e-02 4.968461e-02
4.887026e-02 4.909892e-02
4.887100e-02 4.962730e-02
4.887240e-02 4.897862e-02
4.887269e-02 4.893548e-02
4.887159e-02 4.902809e-02
4.886827e-02 4.906692e-02
4.886757e-02 4.891442e-02
4.886865e-02 4.892030e-02
4.886693e-02 4.896299e-02
4.886792e-02 4.891643e-02
4.886812e-02 4.889958e-02
4.886409e-02 4.901587e-02
4.886404e-02 4.902236e-02
4.886861e-02 4.899599e-02
4.886391e-02 4.893973e-02
4.886699e-02 4.913361e-02
4.886790e-02 4.977852e-02
4.885859e-02 4.893765e-02
4.886240e-02 4.894309e-02
4.886260e-02 4.887992e-02
4.886412e-02 4.888544e-02
4.886462e-02 4.931499e-02
4.885931e-02 4.952689e-02
4.886189e-02 4.898704e-02
4.885983e-02 4.900667e-02
4.885983e-02 4.899396e-02
4.885934e-02 4.889402e-02
4.885970e-02 4.909931e-02
4.885751e-02 4.890349e-02
4.885533e-02 4.891681e-02
4.885582e-02 4.924525e-02
4.885877e-02 4.914644e-02
4.885934e-02 4.890972e-02
4.885820e-02 4.890697e-02
4.885649e-02 4.888378e-02
4.885438e-02 4.895416e-02
4.885433e-02 4.888156e-02
4.885666e-02 4.897492e-02
4.885428e-02 4.914505e-02
4.885380e-02 4.895155e-02
4.885163e-02 4.956235e-02
4.885246e-02 4.917279e-02
4.885156e-02 4.898171e-02
4.885422e-02 4.893487e-02
4.885171e-02 4.888075e-02
4.885069e-02 4.922111e-02
4.884747e-02 4.896972e-02
4.884999e-02 4.889494e-02
4.884917e-02 4.887825e-02
4.884821e-02 4.888132e-02
4.885192e-02 4.885756e-02
4.884903e-02 4.889311e-02
4.885141e-02 4.961215e-02
4.885010e-02 4.888767e-02
4.884840e-02 4.886908e-02
4.884785e-02 4.893095e-02
4.884954e-02 4.899225e-02
4.884639e-02 4.933760e-02
4.884504e-02 4.961737e-02
4.884580e-02 4.904101e-02
4.884682e-02 4.892773e-02
4.884447e-02 4.887387e-02
4.884798e-02 5.036170e-02
4.884745e-02 4.891529e-02
4.884528e-02 4.892904e-02
4.884553e-02 4.896439e-02
4.884620e-02 4.895154e-02
4.884540e-02 4.920683e-02
4.884578e-02 4.888797e-02
4.884227e-02 4.888985e-02
4.884601e-02 4.908533e-02
4.884083e-02 4.885830e-02
4.884432e-02 4.885087e-02
4.884337e-02 4.950048e-02
4.884117e-02 4.886535e-02
4.884183e-02 4.907236e-02
4.884069e-02 4.899832e-02
4.884077e-02 4.940857e-02
4.883858e-02 4.887942e-02
4.884120e-02 4.888981e-02
4.883813e-02 4.887174e-02
4.883849e-02 4.940836e-02
4.884016e-02 4.927130e-02
4.883714e-02 4.889124e-02
4.883670e-02 4.886234e-02
4.883610e-02 4.888745e-02
4.883426e-02 4.892401e-02
4.883536e-02 4.920234e-02
4.883850e-02 4.888304e-02
4.883410e-02 4.902659e-02
4.883526e-02 4.885964e-02
4.883820e-02 4.936441e-02
4.883595e-02 4.891334e-02
4.883409e-02 4.892957e-02
4.883516e-02 4.885977e-02
4.883235e-02 4.904812e-02
4.883005e-02 4.892065e-02
4.883414e-02 4.885898e-02
4.883250e-02 4.887450e-02
4.883319e-02 4.896898e-02
4.883257e-02 4.919174e-02
4.883290e-02 4.886357e-02
4.883189e-02 4.886048e-02
4.882961e-02 4.885132e-02
4.882875e-02 4.895822e-02
4.882896e-02 4.899296e-02
4.882931e-02 4.887074e-02
4.882983e-02 4.884893e-02
4.882923e-02 4.914798e-02
4.883047e-02 4.888368e-02
4.882814e-02 4.892390e-02
4.882783e-02 4.910215e-02
4.882694e-02 4.890422e-02
4.883070e-02 4.898965e-02
4.882959e-02 4.887552e-02
4.882496e-02 4.894525e-02
4.882612e-02 4.951686e-02
4.882572e-02 4.994951e-02
4.882664e-02 4.885213e-02
4.882577e-02 4.899980e-02
4.882954e-02 4.890700e-02
4.882913e-02 4.897721e-02
4.882423e-02 4.949036e-02
4.882456e-02 4.887790e-02
4.882672e-02 4.923668e-02
4.882595e-02 4.969216e-02
4.882487e-02 4.887636e-02
4.882430e-02 4.931815e-02
4.882354e-02 4.897930e-02
4.882719e-02 4.890762e-02
4.882139e-02 4.887835e-02
4.882085e-02 4.911869e-02
4.882232e-02 4.905793e-02
4.882167e-02 4.909473e-02
4.881963e-02 4.889885e-02
4.882339e-02 4.893850e-02
4.882145e-02 4.886653e-02
4.882249e-02 4.892057e-02
4.882158e-02 4.948927e-02
4.882100e-02 4.886138e-02
4.881917e-02 4.890634e-02
4.882030e-02 4.924340e-02
4.881956e-02 4.907517e-02
4.881915e-02 4.887837e-02
4.881845e-02 4.888549e-02
4.881552e-02 4.919982e-02
4.881894e-02 4.882777e-02
4.882112e-02 4.896376e-02
4.881791e-02 4.921593e-02
4.881479e-02 4.895250e-02
4.881766e-02 4.929029e-02
4.881673e-02 4.919717e-02
4.881715e-02 4.970653e-02
4.881610e-02 4.886502e-02
4.881113e-02 4.918793e-02
4.881485e-02 4.898519e-02
4.881323e-02 4.937019e-02
4.881267e-02 4.904833e-02
4.881375e-02 4.895015e-02
4.881599e-02 4.885321e-02
4.881511e-02 4.927948e-02
4.881318e-02 4.886457e-02
4.881138e-02 4.915855e-02
4.881076e-02 4.891714e-02
4.880993e-02 4.900424e-02
4.881142e-02 4.890594e-02
4.881032e-02 4.916396e-02
4.881198e-02 4.885188e-02
4.881217e-02 4.887681e-02
4.881153e-02 4.885927e-02
4.881256e-02 4.923698e-02
4.881141e-02 4.896460e-02
4.881211e-02 4.889136e-02
4.881098e-02 4.886491e-02
4.881087e-02 4.945824e-02
4.880823e-02 4.884824e-02
4.880951e-02 4.891365e-02
4.880890e-02 4.904527e-02
4.880685e-02 4.910655e-02
4.881006e-02 4.891708e-02
4.880824e-02 4.884056e-02
4.880926e-02 4.898983e-02
4.880602e-02 4.886743e-02
4.880751e-02 4.888800e-02
4.880950e-02 4.890510e-02
4.881046e-02 4.886693e-02
4.880702e-02 4.916016e-02
4.880499e-02 4.894685e-02
4.880583e-02 4.956966e-02
4.880720e-02 4.884503e-02
4.880456e-02 4.884488e-02
4.880451e-02 4.902277e-02
4.880205e-02 4.979530e-02
4.880348e-02 4.905399e-02
4.880438e-02 4.886715e-02
4.880443e-02 4.900586e-02
4.880252e-02 4.900906e-02
4.880217e-02 4.939448e-02
4.880516e-02 4.887980e-02
4.880332e-02 4.886302e-02
4.880285e-02 4.898434e-02
4.880275e-02 4.886657e-02
4.880311e-02 4.882568e-02
4.880087e-02 4.883127e-02
4.880221e-02 4.885133e-02
4.880484e-02 4.906793e-02
4.880024e-02 4.902434e-02
4.880224e-02 4.896011e-02
4.880128e-02 4.884426e-02
4.879720e-02 4.895730e-02
4.879854e-02 4.890250e-02
4.879792e-02 4.908887e-02
4.879730e-02 4.881068e-02
4.879836e-02 4.888799e-02
4.879688e-02 4.902310e-02
4.880130e-02 4.884277e-02
4.879498e-02 4.893729e-02
4.880072e-02 4.883208e-02
4.879722e-02 4.886733e-02
4.879689e-02 4.895113e-02
4.879691e-02 4.890277e-02
4.879619e-02 4.884436e-02
4.879632e-02 4.884003e-02
4.879619e-02 4.893545e-02
4.879332e-02 4.887364e-02
4.879629e-02 4.883641e-02
4.879149e-02 4.894422e-02
4.879771e-02 4.894462e-02
4.879422e-02 4.885895e-02
4.879284e-02 4.885010e-02
4.879199e-02 4.882782e-02
4.879535e-02 4.907453e-02
4.879554e-02 4.880804e-02
4.879016e-02 4.893884e-02
4.879301e-02 4.886463e-02
4.879060e-02 4.882312e-02
4.879572e-02 4.883282e-02
4.879210e-02 4.893082e-02
4.879364e-02 4.900057e-02
4.879134e-02 4.886220e-02
4.879233e-02 4.881823e-02
4.879354e-02 4.897472e-02
4.878975e-02 4.885582e-02
4.879143e-02 4.885028e-02
4.879031e-02 4.906429e-02
4.878694e-02 4.884923e-02
4.878959e-02 4.896389e-02
4.879079e-02 4.894650e-02
4.879037e-02 4.916248e-02
4.878964e-02 4.949867e-02
4.878698e-02 5.011610e-02
4.878932e-02 4.889163e-02
4.878717e-02 4.882709e-02
4.878840e-02 4.884065e-02
4.878996e-02 4.883478e-02
4.878812e-02 4.884015e-02
4.878587e-02 4.897402e-02
4.878644e-02 4.889114e-02
4.878594e-02 4.885368e-02
4.878341e-02 4.881133e-02
4.878537e-02 4.889488e-02
4.878763e-02 4.907451e-02
4.878655e-02 4.883411e-02
4.878674e-02 4.886334e-02
4.878589e-02 4.883240e-02
4.878001e-02 4.883679e-02
4.878605e-02 4.882721e-02
4.878317e-02 4.883184e-02
4.878590e-02 4.894963e-02
4.878045e-02 4.882902e-02
4.878022e-02 4.919614e-02
4.878474e-02 4.881345e-02
4.878056e-02 4.891094e-02
4.878184e-02 4.884636e-02
4.877932e-02 4.884017e-02
4.878090e-02 4.882476e-02
4.878044e-02 4.930954e-02
4.878206e-02 4.891420e-02
4.877952e-02 4.884361e-02
4.878038e-02 4.928911e-02
