0.806602
0.756145
1.709574
0.197229
0.471650
1.754893
0.258438
1.717005
1.020576
0.629911
0.318426
1.766416
1.470826
0.148980
0.964175
1.004068
1.760965
0.277676
1.098478
1.551957
1.363745
1.114998
1.776383
0.848811
0.679336
1.327665
0.202307
1.334689
1.699618
1.072585
0.936261
1.273164
1.042501
0.659072
1.075681
1.009561
1.341134
1.671687
0.293221
0.789883
1.747105
0.539274
1.025293
1.330760
0.952099
0.468764
0.166440
1.080930
0.244363
1.335138
0.687663
1.758838
1.344755
1.025818
0.854408
0.686802
0.131934
0.224633
1.246015
0.908683
1.772685
0.373025
0.438932
0.468200
1.364432
0.176567
0.260872
0.584418
1.256761
0.181612
0.257915
1.766748
1.331921
0.084437
0.110581
0.484276
1.028023
1.442311
0.422330
1.757021
0.684879
1.060734
0.600371
1.753791
0.214352
1.040740
1.180171
1.765371
1.301718
0.116484
1.235132
0.429439
1.021305
1.364706
0.211839
0.082619
1.337179
0.960827
0.223494
0.388749
1.099951
0.734745
1.287181
0.340527
1.776025
0.581122
1.760199
1.343542
1.611399
1.306554
1.229032
0.483519
0.174293
1.768945
0.647334
1.162100
1.310872
1.368265
0.287780
1.772867
0.591206
1.320228
1.765652
0.717628
1.016650
1.115105
0.153515
0.709573
0.275786
0.166172
1.693577
1.152012
0.734681
1.243591
1.764624
1.305275
1.342036
0.598972
0.739207
1.187091
0.868388
0.443512
0.135589
1.030569
1.130423
0.916048
1.307703
0.233066
1.771557
0.337954
1.317102
0.515756
0.932229
1.769951
0.410603
0.973407
0.647785
1.753641
0.335039
0.052405
1.654068
0.285349
1.775546
1.352469
1.768657
0.079619
1.762924
1.765377
1.329586
0.498112
0.681391
1.057352
1.332948
0.594813
0.157673
0.911669
0.174903
1.766041
1.370104
1.682342
1.650565
1.766164
1.274957
1.288375
1.344741
0.850137
0.532420
1.315548
1.305959
0.721021
1.337060
0.712559
1.073699
1.213139
1.769190
1.767843
1.149015
1.762883
0.098557
1.769768
0.138322
1.773933
0.435398
1.269227
0.266755
0.230745
1.088040
1.078173
1.311227
0.574529
0.467757
1.725333
1.768180
0.445034
1.026401
1.010031
0.339277
0.163309
0.607015
0.706722
1.740055
0.849814
1.657457
0.734553
1.706428
0.318633
0.248705
1.692164
1.742422
1.610564
0.236567
1.761133
0.523217
0.511309
1.073566
0.426257
1.043019
0.233168
0.653121
0.251332
1.729318
1.683404
1.015005
1.733360
1.110974
1.195532
0.197965
0.752102
0.790317
0.313490
1.773287
0.344182
1.312341
0.840657
0.389640
0.646392
1.007788
1.372876
0.465635
1.319884
0.131763
0.677529
1.075177
1.271830
1.060688
0.699183
1.310110
1.012454
1.768164
1.386957
1.356832
1.235146
0.806709
1.338827
0.123858
0.867713
0.456296
1.147686
0.347895
1.272434
0.295317
0.289859
0.561180
1.749979
1.324953
1.750901
0.169310
0.929221
0.738260
1.010007
1.748956
1.371087
0.459143
0.212044
0.596746
0.855549
0.892396
0.761247
1.748451
0.578523
1.714074
1.174008
1.766084
1.530757
0.049526
0.663693
0.867313
0.247983
1.704387
0.884922
1.194082
1.453086
0.218078
1.185895
1.725144
1.758945
0.330121
0.878524
1.013424
0.547745
0.088291
1.764393
0.158673
0.183192
0.845047
0.391407
1.367703
0.484186
1.569376
0.219288
1.772812
1.421118
0.245641
1.249925
1.043968
1.765423
0.638135
1.670647
0.622490
1.058107
0.648365
0.575658
1.727116
1.754764
0.609390
0.290332
1.052532
1.765732
0.336695
0.898224
0.626284
1.001806
0.000000
0.493518
0.793511
1.172599
1.722676
1.767453
0.914340
0.716349
0.381449
0.880061
0.002554
1.051637
0.124289
1.771660
1.014896
0.253269
0.157161
0.259676
1.768858
0.902549
0.245810
0.170316
1.342116
0.634671
0.763267
1.613767
1.336915
0.062826
1.041744
0.677464
1.761497
1.143239
0.107078
1.754725
1.770278
1.726418
0.304312
0.992123
0.497865
0.430755
0.295003
1.331066
1.691531
1.758658
0.434430
1.281105
0.503205
1.323856
0.546546
1.297142
1.244924
1.135584
1.366625
1.067271
1.669252
0.880176
1.328275
0.693984
0.200713
1.776482
1.775932
0.413841
0.292465
0.951878
1.762750
0.172215
0.116771
1.360334
1.755201
1.335119
1.151094
1.033736
1.145439
0.521813
1.771137
0.590397
1.527289
0.422990
1.244736
1.096989
0.841797
1.242401
0.405287
1.738491
0.168275
0.869042
0.832549
0.788136
1.315799
1.355122
0.128875
1.296716
1.669604
0.335711
0.151769
0.819859
0.531402
0.751649
1.470450
1.756598
0.501450
1.736084
1.604604
0.159463
0.179988
1.574469
1.238532
1.346128
1.224257
1.770721
0.150659
0.225374
0.183170
0.634331
1.016122
1.025238
1.162856
1.403994
1.082430
0.140951
0.216043
0.888725
0.672258
1.745919
1.364004
0.306294
1.291219
1.342339
1.740050
0.614361
0.435318
0.118498
0.659352
0.906239
0.438143
1.103131
1.754806
1.757718
1.410592
1.076333
0.939668
1.488669
0.915070
0.304204
0.823452
0.749651
1.206544
0.279994
1.699104
1.010460
0.824496
1.748568
0.653663
1.532930
0.684029
0.488953
1.378099
0.903793
0.629345
1.103017
1.773108
1.343232
1.772758
0.992025
1.746442
1.021570
0.321247
0.639213
0.878181
0.975996
1.300309
0.886434
1.775194
1.772931
0.269105
1.651581
1.373605
1.766665
0.462183
1.768483
0.238633
1.283719
0.475644
0.128013
0.637325
1.756197
0.265234
1.297200
1.182379
1.277302
0.972607
0.863608
0.925205
1.773329
1.256803
0.312298
0.900238
0.147685
1.760648
1.153492
0.912647
1.282862
1.321424
1.122897
0.495295
0.636195
0.845363
0.890064
0.710029
0.960022
0.347362
0.041248
1.333016
1.169669
1.751162
0.813858
1.766840
1.060773
1.226815
0.023856
0.226102
1.338845
1.289874
1.206751
1.346925
1.751635
1.767155
1.587542
1.767970
1.710333
1.110693
0.436477
1.776218
1.392584
0.595828
1.776073
0.092204
1.773576
1.379812
0.340755
1.726015
0.840519
1.160142
1.777141
0.651169
0.292447
1.309527
0.493971
1.771696
0.165878
0.405788
1.180098
0.244760
0.177341
0.285504
1.018067
1.765232
0.957074
0.098425
0.412407
1.105171
1.768563
0.057792
0.530864
0.959339
0.609718
0.051522
0.249956
1.770664
1.693384
0.246288
0.909886
1.666965
0.339564
1.406585
1.360574
1.067202
0.643975
0.430278
0.419531
1.077330
1.324687
1.013082
0.133850
0.155438
1.237908
1.383698
1.735031
0.372832
1.721903
0.989735
0.784521
1.520742
0.137691
0.995055
0.481059
0.485545
0.224488
0.410527
1.334478
1.770691
0.276877
1.726767
0.655583
0.980206
0.242767
1.771181
0.640093
1.768857
0.729229
1.762658
1.727102
1.157104
1.327372
1.765441
0.199816
0.335254
0.124497
0.150778
0.383007
0.613216
0.850713
1.690319
0.109461
1.128199
0.438002
0.071136
1.771377
0.672719
1.757986
0.502720
1.202052
0.017519
1.377354
0.103544
1.764922
0.747705
1.754164
1.338639
1.758528
1.301374
1.071843
1.707527
1.286301
1.771233
0.810264
1.774096
1.590508
0.859127
1.704386
0.201822
0.287530
1.157547
1.725733
0.105236
1.334341
1.342177
0.526761
1.772789
1.044140
1.768150
0.226536
1.289718
1.155812
0.394442
0.732148
1.001264
1.766707
0.190635
1.769520
1.052415
1.760705
1.735789
0.975156
1.703998
1.095101
0.240182
1.774633
1.452923
1.771475
1.686392
0.190971
1.752676
1.047980
1.327565
1.760856
0.448871
1.284094
0.914476
1.337862
0.199755
1.750830
1.208325
1.337060
0.231751
1.769093
0.414476
1.304359
1.029489
0.454738
0.597090
0.861446
1.364581
1.237124
1.002332
1.342898
0.534628
0.366807
0.359989
0.555187
1.317610
0.514767
0.353490
1.333016
1.329706
1.310950
0.285597
0.300383
1.305211
0.514113
0.940629
1.764186
0.145211
0.364811
1.770012
0.505692
1.292806
1.763175
1.777558
0.275289
1.770980
1.239220
0.119191
0.958393
0.443491
1.515567
1.315141
0.178091
0.849545
0.246405
0.353262
1.345579
0.177334
1.222420
1.044406
1.767481
0.942114
0.203584
0.340222
0.517732
0.681057
0.904594
0.000000
0.149035
1.718461
0.219459
0.266138
1.536156
1.321675
0.508233
0.340632
0.484241
1.242590
1.712390
0.786561
0.353450
1.638935
0.309679
1.467402
1.752412
1.014881
0.907663
0.479533
0.148284
0.265175
0.900746
1.737177
0.125675
1.761174
1.762090
1.156822
1.323419
0.682211
1.028384
0.827063
0.293918
1.769198
1.343022
0.136654
1.337305
1.345854
0.306304
0.840682
1.022084
0.678564
1.039264
0.618597
0.681629
0.320735
0.657963
1.082514
0.282117
1.749014
1.759796
1.761274
0.761724
0.387590
0.892723
1.768560
0.469371
1.421123
1.765903
1.299973
1.314462
1.343810
0.909742
0.331382
0.296045
1.409333
0.850549
1.389218
0.495955
1.156794
1.687500
1.307782
0.438644
1.758458
1.639201
0.277804
0.561556
1.769454
1.324078
0.329933
0.606367
1.696998
0.478318
1.047592
0.479598
1.283284
0.575054
0.182110
0.826794
0.877673
0.394910
1.091561
0.083919
0.233568
0.943861
0.379303
0.073851
1.774201
0.395624
1.111484
1.374283
1.768189
1.759332
1.331095
1.189034
1.438173
0.664724
0.590555
0.301760
0.220749
1.124919
1.256942
1.387072
0.271953
0.578182
0.679593
1.763639
0.811850
1.774221
0.745623
0.252607
0.776235
1.310861
1.189500
1.314885
0.905021
1.691155
1.773229
1.737915
1.737260
0.953512
1.770778
0.617244
1.601663
0.276495
1.765388
1.127247
1.762396
0.815137
1.729753
1.320675
0.351503
1.749003
0.405753
0.383173
0.812050
0.434706
1.059343
1.328217
1.757881
0.616918
0.124992
0.993538
0.789332
0.344190
0.084401
1.454553
0.585388
0.161961
1.313439
1.004611
1.327793
0.372769
1.201442
1.687949
0.743459
0.575032
0.960515
1.201789
0.995897
1.331323
1.773344
1.775085
1.203476
0.410956
0.825919
0.354722
0.236369
0.129538
1.010248
1.760051
1.071388
1.044094
0.328715
0.794977
0.463092
0.253592
1.333970
1.771002
0.438798
0.955072
1.759578
0.569738
1.080398
1.773082
1.311895
0.471465
1.321098
1.064617
1.107697
1.769997
0.320514
0.661019
0.365459
0.597360
0.418615
0.838018
1.306775
0.190447
0.543280
0.357017
1.017826
0.198368
1.185338
1.120837
0.738588
0.722935
1.759378
1.742638
1.194404
0.939169
0.489374
1.358381
1.107390
0.400434
0.794988
1.758581
0.829805
0.481046
1.764023
0.541357
0.664478
1.517890
0.221938
0.778831
1.100436
1.755338
0.479814
0.081824
0.451091
0.038064
0.543513
0.674529
0.139842
0.191287
0.574956
1.648378
1.321354
0.468728
0.902778
0.796731
1.202951
1.765346
1.331786
0.906112
0.637811
1.757919
1.504180
0.273399
1.772326
0.995471
1.034613
0.524526
0.173595
0.318525
0.392457
0.011832
1.341156
1.692704
0.337345
0.892658
1.708838
0.310856
1.576277
1.044237
1.221625
0.908878
1.013774
0.427148
0.905213
0.104759
0.647623
0.440162
0.382988
0.054840
0.285596
0.720356
0.633689
0.427628
1.776151
0.887693
1.335521
1.340814
1.759289
0.426380
1.758613
0.578264
0.180189
0.372203
1.760473
1.694499
1.139623
0.881971
0.939021
0.567602
0.903692
1.012227
1.037770
1.770953
0.688304
0.277935
1.176410
1.756906
0.773744
0.107782
1.127183
0.797595
1.760022
1.768070
1.334867
0.215041
1.322560
0.798632
1.028440
1.774048
0.146583
1.760736
0.176285
0.794031
1.710367
0.322965
0.881233
0.601648
0.372740
0.514464
1.119302
0.594816
0.533507
1.261731
0.255237
1.456678
1.340080
1.166190
0.320866
0.919701
1.745011
1.774149
1.285984
0.894215
1.286058
0.509629
1.769718
1.769954
0.242030
0.264608
1.766846
1.092746
0.903834
0.495622
0.469814
1.335844
0.660304
0.128831
0.490296
1.228150
1.771603
0.226273
0.831057
0.647689
0.162792
0.420833
0.218291
0.202879
1.408180
0.939179
0.148441
1.330541
0.912962
1.746645
1.763032
1.184554
0.474479
1.299628
0.899344
0.802293
0.960465
0.489373
0.790907
0.750282
1.102813
1.431681
1.314497
0.938232
0.152658
0.822796
0.927816
0.593020
0.996718
0.318126
1.024743
1.468379
1.761092
1.532949
1.366661
0.807430
1.764055
1.773800
0.292568
0.181459
0.314037
1.761463
1.539590
1.087485
0.959217
1.722134
1.759315
0.130192
1.522784
0.506624
0.981231
0.160598
1.769015
1.324743
1.216632
0.447059
1.324006
1.335118
1.079706
1.287142
1.340730
1.144416
1.757470
0.654699
0.264875
0.244782
1.335930
1.215140
1.734694
0.369526
1.763092
1.303853
1.739043
1.262718
1.758736
1.642488
1.248894
1.211265
0.117381
0.257433
0.184182
1.347859
1.765751
1.773402
1.770488
0.049938
1.033998
0.520758
0.812927
1.138216
0.621363
0.664080
1.075594
1.556605
0.230629
0.624673
0.580452
1.761804
1.717066
1.100816
0.957200
0.853940
1.467616
1.746787
0.514851
1.327188
1.280891
1.773144
0.368822
0.162602
1.553787
1.016414
0.182287
0.115513
0.948166
0.570528
0.713572
0.096329
0.933233
1.111360
1.742383
1.277662
1.192229
0.957622
0.213337
0.777333
0.237037
1.078453
1.135421
0.795445
0.912382
1.761261
1.739347
0.374221
1.637702
0.751750
0.089829
0.592386
0.360657
1.740623
1.752505
0.204555
0.369170
0.721818
0.225349
1.021306
0.729857
1.356329
1.768388
0.563119
1.312873
1.769408
1.754391
0.750500
1.113597
0.484122
0.297415
0.251555
0.230363
0.892887
0.655465
0.900046
1.756002
1.761404
1.382223
0.245661
0.753042
0.668655
0.417191
0.463154
0.643828
0.156403
1.774190
0.657574
1.302725
0.640781
1.310591
0.777054
1.757843
1.681656
0.185497
1.727104
1.769156
1.369228
0.810994
1.002398
0.835809
1.289521
0.762853
0.330000
0.561017
1.775649
1.768499
0.979339
1.724979
1.333897
0.636539
1.035390
1.769083
1.029351
0.541641
0.868521
0.017316
0.630742
0.276512
1.762007
1.765519
0.222660
1.073016
1.768388
0.472726
0.284819
0.210790
1.280805
0.721856
0.348957
1.232927
1.746200
0.644820
1.008533
1.306834
0.279202
0.128150
0.506039
0.479181
0.211726
0.345891
0.793620
1.356126
1.220910
1.770944
0.425404
0.649532
1.264703
0.375773
0.638382
0.188576
1.717931
0.241509
0.197106
0.825819
0.374940
1.291595
1.737696
1.481523
0.990043
1.005828
1.713205
0.424515
0.564652
1.314015
1.776402
0.549864
0.727084
0.379413
1.131574
1.340373
0.900902
0.432614
0.077144
0.247697
1.426034
1.775388
1.758580
0.310454
1.423371
0.976583
1.038565
1.707922
0.782211
1.768618
0.305702
1.683997
1.040254
1.402636
1.765292
0.724887
0.826460
1.129915
1.340659
1.352801
1.324310
1.259006
0.840681
0.456755
1.344061
0.232784
1.056327
0.395737
1.343123
1.047946
0.194748
0.422812
0.536828
0.760447
1.768868
1.323799
1.750885
1.144984
0.645739
0.653430
1.762519
1.763024
0.950783
0.127976
1.769153
0.955909
0.582413
0.230728
0.703320
1.333980
1.770973
0.921849
0.379463
0.958216
1.219922
1.694403
0.654174
1.748008
1.756269
1.273648
0.467648
0.417064
1.759549
1.655212
1.321165
0.326543
1.748346
1.313679
1.185920
0.371806
1.768078
1.199149
0.872994
0.276058
0.132692
0.802212
0.909962
0.979729
1.710886
0.793557
1.761689
1.156047
0.171725
1.281863
1.768213
0.445078
0.288069
0.647396
1.238290
0.087817
1.584652
0.934808
0.990895
1.068607
0.776182
1.736423
1.679721
1.058067
0.636061
0.224551
1.775259
1.305863
0.466802
1.245207
1.520498
0.185533
0.958754
0.488084
0.489969
0.864915
1.040664
1.165219
0.112635
1.761824
0.640893
1.775975
0.818249
1.339202
1.048250
1.158666
1.695395
1.016868
0.326083
1.338803
1.312467
1.234599
0.519950
0.344078
1.048704
0.136705
0.887524
1.064947
1.640591
1.315007
1.687904
0.785312
1.310916
0.230970
1.015534
0.953285
0.298189
0.126748
1.013931
0.872017
1.179256
0.372474
0.714065
0.258853
1.776932
0.677700
0.470690
0.345033
0.680645
0.171690
0.839701
0.343657
1.212194
0.353758
0.304240
1.173821
0.780501
0.202733
1.321506
1.136483
0.649604
0.239475
1.008565
0.341585
0.889880
0.235796
1.733372
1.285873
0.178687
0.285920
0.259846
0.000000
0.372938
0.431523
1.288683
1.756761
0.263553
1.768368
0.307575
0.287387
0.805821
0.113998
1.039432
0.987896
1.016217
0.327167
0.549044
1.337071
0.363245
0.351161
0.251978
1.766853
1.329985
0.989727
0.479982
1.039635
1.074552
1.159496
1.721232
1.124625
0.158285
0.531862
1.739738
1.178239
1.341725
1.734739
1.703285
0.152160
0.411427
1.335831
1.750479
1.401221
1.258445
1.612442
0.766531
0.707014
0.885579
1.245659
0.282178
1.608527
1.296347
0.752190
1.416064
0.837286
0.297016
1.181271
0.817143
0.117475
1.766030
1.195328
1.171421
1.755875
1.765280
0.622893
1.331326
1.067867
0.222020
0.176244
0.621257
0.977690
0.414248
1.343341
1.774776
0.801827
1.333862
0.226619
1.084313
0.765071
1.775757
1.505723
1.770963
1.294197
1.170868
0.972828
1.079719
1.194617
0.977026
0.895495
1.332986
1.765675
1.321985
1.718178
0.574099
0.999960
0.265222
1.346909
0.972291
1.772755
1.756757
1.717046
0.377895
0.516456
1.773593
0.897110
0.920118
1.340165
1.771401
1.773887
0.281529
0.417390
0.311848
1.770416
1.323033
0.916026
1.767392
1.773936
1.733023
1.069542
0.184238
1.755878
0.908404
1.047916
1.766646
1.768461
0.247393
0.185236
1.768332
1.757205
1.756537
1.290609
0.173924
1.332925
1.663702
0.597255
0.914327
1.475692
1.342968
1.295243
0.193790
0.113918
0.092529
1.308424
0.842655
0.976247
1.167622
1.750748
1.269165
0.169188
0.807853
1.341092
0.439854
1.315358
0.175290
1.509195
1.217186
0.736742
1.766672
0.126789
1.761519
0.228414
0.658267
1.311543
0.665820
0.191711
1.344036
1.576307
0.544536
1.294418
1.340223
0.191801
1.766409
1.619758
0.530837
1.127478
0.196797
1.161180
0.537630
0.320174
0.958258
1.040374
1.010380
1.752912
0.476568
0.650685
1.342155
1.319674
1.343315
1.717182
0.792388
1.007790
0.684784
0.277206
0.972766
0.994825
1.313879
0.017032
0.467148
1.705936
0.585712
0.215316
1.727143
1.771039
1.741822
1.328112
0.401731
1.303497
1.268008
1.337222
1.727571
1.196652
0.936600
0.582675
0.319540
0.242278
1.030899
0.367135
0.906280
1.767666
0.919117
1.765755
0.866162
0.306547
0.505586
0.444453
1.653237
1.766589
1.154476
1.520075
1.316799
0.743611
0.690207
0.101219
1.133282
0.857055
1.755027
1.107740
1.352502
0.949172
1.134118
0.077192
1.646710
1.774393
0.153864
1.749147
0.353264
0.692786
0.314969
0.405706
1.304345
0.564364
0.775044
1.235373
1.654058
0.297237
1.756802
1.772117
1.642204
0.622315
0.415291
0.287011
1.147526
0.117163
1.089110
0.085543
1.326585
1.317575
1.354011
0.698340
0.482639
0.023148
1.771298
1.659367
1.415590
0.611019
1.755716
1.115149
0.338720
0.894559
1.631431
0.654236
1.645890
1.550428
0.351027
0.203119
0.237292
0.270918
0.215795
0.665351
0.584825
0.480758
0.222810
1.757355
0.151733
0.936807
1.752151
1.259999
1.100304
1.733282
1.287793
1.117125
1.178555
0.576154
0.831945
1.771267
0.489144
1.042511
0.098962
1.331799
1.734614
1.123142
1.089924
1.004768
1.767256
1.772670
1.131876
0.821840
1.763949
1.022251
0.343738
0.662164
1.588596
1.772157
1.706763
1.375869
1.276431
0.551412
0.298137
1.261779
0.122156
1.337554
1.297086
0.534083
0.036128
0.934195
1.040174
0.536616
0.787340
0.931120
0.363748
0.400641
0.761965
1.726126
1.112403
0.416365
0.736663
1.764905
0.128554
1.742880
1.277810
1.029888
0.311393
0.335908
1.104105
1.308043
1.261419
0.837141
1.203262
1.774675
0.838782
1.737702
1.413254
1.339659
0.203912
1.763310
0.911003
1.760348
1.320537
0.920189
0.602638
1.762468
0.904959
1.760874
0.392139
0.353618
1.758653
0.251591
1.259774
0.434394
1.279421
0.189791
1.765596
1.105067
1.520475
1.589786
1.371505
1.337090
0.115050
1.757376
0.243534
0.669330
1.038947
0.411526
1.773060
0.383361
1.766498
1.252630
0.625683
1.738109
0.553877
0.775374
0.559598
1.769078
1.316377
1.007791
1.191987
1.073946
0.482269
0.285008
1.758425
1.338354
0.251474
0.209683
0.190927
1.774890
0.492221
1.705579
0.727850
0.215042
0.452480
1.771804
0.074514
1.268043
1.187185
0.956577
0.710273
1.273320
1.743090
0.828052
0.510699
1.351475
0.714690
0.201214
0.499459
0.609853
0.557862
0.723233
0.549020
0.778770
0.427483
0.837231
0.776304
1.036932
0.302378
1.471101
0.872418
0.874356
0.299495
1.773925
1.771855
1.269532
0.439937
0.382589
0.604455
1.459352
0.277938
0.269192
1.345216
1.304069
1.082766
0.681719
0.977743
0.399217
0.206575
0.269722
1.145523
0.842377
0.886265
0.298933
1.338364
1.769063
1.775598
1.719125
0.146828
1.030977
0.164108
0.614308
1.749043
1.746395
0.517436
0.557281
1.339705
0.488293
0.679585
1.645967
1.760514
1.323771
1.309189
1.223455
0.636408
0.769327
1.054241
1.182323
1.419854
1.753184
1.768544
0.817006
0.162661
0.592854
1.747134
1.017626
0.951064
1.771502
0.825550
0.863743
1.264626
1.748872
1.733871
0.877788
0.360252
1.036806
1.739068
0.422716
0.376928
1.463573
1.457520
0.113430
1.077304
0.373751
0.610274
0.821111
1.773672
0.946458
0.278461
0.802948
0.457307
1.764874
1.242443
1.770289
0.822405
1.037345
0.288986
0.897418
0.967819
0.953737
1.746672
1.732410
0.908701
1.667177
1.005144
1.173586
0.863737
0.256843
1.094102
1.729192
0.872581
0.736260
1.383564
0.736257
1.113794
1.735611
1.015214
1.547855
1.320528
0.515665
0.235826
1.273358
1.079539
0.411456
1.699233
0.773525
1.343364
1.117316
0.611982
0.156778
1.343613
1.646163
1.291539
1.333719
1.020739
1.462865
1.762451
0.158923
0.168656
0.922090
1.771505
0.819120
0.102887
1.329711
0.444461
1.339565
1.750605
1.289082
0.742554
1.106078
1.770194
0.836649
1.126800
0.065176
1.048960
0.360842
1.140678
1.040192
1.310170
0.465060
1.672441
1.655178
1.762069
0.916885
0.007901
0.279172
1.771042
1.763409
0.401899
0.078604
0.851181
0.551597
0.325470
0.150327
1.614975
0.910097
1.372970
0.338697
1.320232
0.200376
1.771271
0.716443
1.194614
0.314644
0.345902
1.061051
1.756790
0.519973
1.767019
1.058555
1.759705
0.877493
0.849242
0.178331
0.284188
0.266519
1.255461
1.626237
0.303971
1.772891
1.771955
1.751183
1.762254
0.296677
1.336010
1.755346
0.642032
0.242904
1.774549
1.238814
1.327994
1.740347
0.359577
0.773302
1.743270
1.770708
1.757735
0.781556
0.452599
0.212456
1.764494
0.809503
0.786405
1.762262
0.891592
1.098486
0.470223
0.641824
0.880737
0.834537
1.320779
0.230373
0.853699
0.566468
1.210650
1.299850
1.571225
1.322549
0.858429
1.763307
1.767889
0.341128
0.441640
1.057482
1.185106
0.269494
0.665818
0.368187
0.489527
0.524108
1.069087
1.224266
1.771255
0.859185
1.762809
0.666604
1.171722
1.769864
1.366110
0.218285
1.758729
1.326714
0.106701
1.769485
1.181006
0.361661
0.409585
1.076949
0.395782
0.346617
1.329642
0.916728
0.486770
0.116703
0.370006
0.102696
0.274793
0.471975
0.307900
1.749257
1.333131
1.773365
0.559676
0.600614
1.758966
0.766808
1.744469
1.734462
0.840163
1.335513
0.374007
0.207489
1.729335
1.011238
1.766977
0.823700
1.239295
1.255979
1.772301
0.531052
0.600508
1.483595
0.979141
0.300105
0.351874
1.385608
1.745102
1.353475
1.760697
0.659040
1.768660
0.973897
1.712204
1.667420
0.806792
1.122600
1.753977
1.026354
0.567456
0.311107
0.208761
0.067774
1.030401
0.585504
1.772247
0.252990
0.243509
0.481885
0.865738
1.035007
1.709443
0.940613
0.374433
0.649348
1.764488
1.762278
1.771976
0.666500
1.367987
1.436243
0.592180
0.501111
0.302971
0.778842
0.778222
0.318861
0.932986
0.156811
0.140964
0.289083
0.740040
1.316933
1.349679
1.041670
0.923718
1.771175
1.015308
0.386704
1.421676
1.774968
0.192266
1.172786
0.920923
1.773119
0.402775
0.904956
0.983815
0.413410
0.081876
0.434395
0.590201
0.836624
0.946321
0.157267
1.115968
0.122591
0.717574
0.051695
1.034858
1.265254
0.835762
0.246508
0.141528
0.110641
0.169316
1.015699
0.748299
1.340136
1.259714
1.335687
1.327283
1.648639
1.189545
1.127611
0.288769
1.261943
1.022995
0.745656
1.090847
0.376558
1.318361
1.597421
0.476996
0.668009
0.523798
1.764859
0.082193
1.761688
1.318861
0.962890
1.374905
1.051189
0.883264
0.444090
0.912484
1.268984
1.204722
1.747576
0.906191
1.664180
0.690588
0.992969
1.088385
1.575452
0.724970
0.239137
1.771776
0.344930
0.196723
0.319311
1.769174
0.803761
1.762177
1.714410
0.906427
1.775664
0.970190
1.256413
1.060677
0.140679
0.591772
0.667872
1.105267
0.240621
1.229280
0.708310
0.139563
1.770995
0.115486
0.649752
0.344947
0.540465
1.340272
0.850809
1.233909
0.964365
1.053724
0.589101
0.870281
1.245736
0.342565
0.733006
1.111634
0.060985
0.872714
0.314682
0.143507
0.907360
0.478950
1.333923
1.329556
1.688665
0.974939
0.113933
0.168877
0.585771
1.344831
0.390278
1.005806
1.317825
1.348181
1.767724
0.777206
1.014716
1.761934
1.321146
0.216547
1.089090
0.487722
0.623366
0.521129
1.593337
1.339176
0.758981
1.652014
0.104812
0.244975
0.188595
0.349861
1.346164
0.606540
1.762768
0.474408
1.273746
0.423046
1.114797
0.593070
0.906850
0.855520
0.922810
0.164982
1.759402
0.479126
0.246812
1.300617
0.229489
0.164606
1.743467
0.484255
0.316724
0.230287
0.861095
1.766126
1.071635
0.267671
1.326758
0.251329
0.153481
1.011805
1.759504
0.270272
0.643424
1.622653
1.761705
1.339295
0.351825
0.691005
1.759142
0.263099
1.746135
1.776544
0.906032
0.911660
1.299628
1.763167
0.907746
0.018809
0.243013
1.746950
0.474406
0.415354
1.306211
0.305358
1.772591
0.301581
1.317192
0.959584
0.747529
0.158297
0.130408
0.818635
1.032231
0.846579
0.892408
1.070627
1.764688
1.614219
0.219467
1.760686
1.766571
1.750438
1.378479
0.771728
1.349656
1.458139
1.323388
0.403139
1.342478
1.332520
1.758229
1.247424
0.734007
0.305662
1.139460
0.747157
1.352102
0.249540
1.721647
0.751908
1.769574
1.307926
1.056872
1.322176
1.044037
1.330944
1.343487
1.117920
0.264945
1.014621
1.109592
0.147146
1.741758
0.825346
1.769194
0.175429
1.169866
0.101201
0.179248
0.267239
1.769344
1.737096
1.764181
1.611772
0.074697
0.704500
1.047752
1.132891
1.161929
0.527281
1.759477
1.338672
0.403005
1.084841
1.752848
0.574576
0.396725
0.123437
1.237581
1.751991
1.025893
1.772791
0.265516
0.727024
1.190920
1.267565
1.286048
0.343989
0.647156
1.109657
0.069773
0.796463
0.184817
0.514991
0.929656
1.311646
1.232749
0.840364
1.744169
1.732434
1.764485
0.180899
1.749144
0.335520
0.496295
1.317922
0.565056
0.415238
0.135978
0.907513
1.769652
0.281065
0.548919
1.769611
0.177027
0.421717
0.857406
1.295639
0.395549
1.772771
1.191717
0.304487
0.846335
0.000000
0.717330
1.025694
1.328124
0.677035
0.164227
1.757937
0.086719
0.266017
0.481029
1.376884
0.478493
1.748853
0.804086
1.078714
0.110590
0.119046
1.649976
1.299558
1.237424
1.747429
1.758422
0.119646
1.755783
0.661369
1.118043
1.078781
0.779638
1.359086
0.844719
0.635114
1.339490
0.243546
1.081554
0.908584
1.301210
1.567450
1.225049
1.768536
1.775923
1.010878
0.624222
0.911719
0.282113
1.765354
1.765198
1.199444
1.771542
1.756513
0.989660
1.770330
1.623397
0.450082
0.691055
0.948188
1.327652
1.762017
0.177260
0.247865
1.000703
0.447103
1.759584
1.769933
1.743664
1.616965
0.524278
1.772346
1.433770
0.333720
1.758801
1.298749
1.318814
1.322983
0.333614
0.032344
1.359001
1.753482
1.254508
0.414573
0.446800
0.343144
0.528843
1.373112
1.763676
1.391383
0.421111
1.339581
0.610834
1.333521
0.394143
0.470183
0.859975
0.322764
0.563094
0.176454
0.202943
1.761319
0.472900
0.200709
0.747002
0.249172
0.829058
0.326481
0.223747
0.884124
0.892674
1.333477
1.287419
1.034593
0.867171
0.852620
1.661028
0.705306
1.770280
1.300231
0.313587
1.774579
0.853961
1.213785
1.762925
0.400841
1.245797
0.178931
0.803961
0.561876
1.766993
1.303638
0.927896
0.540761
0.701098
1.772730
0.763720
0.168467
1.093542
0.607659
1.772514
1.719284
0.103966
1.200813
0.978486
0.201605
1.292572
0.161365
1.300659
1.348635
1.761200
1.343444
1.336517
1.753477
1.761906
1.722827
0.220641
0.513812
1.765209
1.611764
0.226697
0.993790
1.019813
0.297247
1.339861
0.136832
1.151522
0.323653
1.760997
1.078919
1.307798
0.349534
1.237402
1.735107
1.171541
0.735599
0.175632
1.724058
1.492005
0.234984
0.381338
0.748514
1.185930
0.801960
0.862328
0.237439
1.772499
1.029690
0.814520
0.661636
0.381208
0.205917
1.771369
1.251917
1.273655
1.772445
1.629951
0.655267
1.296367
0.088424
1.761000
0.622265
0.842097
0.204958
1.581894
0.713525
0.699074
1.754411
1.765362
1.759257
0.086606
1.738808
0.971269
1.769556
0.341440
0.184026
1.769204
0.981780
0.411650
0.803004
1.771123
1.750738
0.798617
0.945815
1.026687
0.174802
0.799325
1.286386
0.625642
0.434352
1.748509
1.261267
1.326082
1.766575
0.785491
0.490675
1.288574
0.820981
0.058712
0.529377
1.766155
0.340112
0.647663
0.129353
0.720185
1.766538
1.768974
1.105916
1.046347
0.223250
0.353917
0.804433
0.271769
0.573599
1.771739
0.920714
1.677078
0.746807
0.972731
0.398822
1.430322
0.960384
0.825734
0.082646
1.045402
0.019638
0.559708
0.083964
1.354577
0.325868
0.391251
1.762747
1.776254
0.669351
1.748472
0.103874
1.271524
0.932124
1.763991
0.048538
1.483242
1.331726
1.749681
0.241018
1.513097
1.366549
0.374084
0.470650
1.694702
0.897851
0.138578
0.949988
0.712522
1.604801
1.352962
1.279562
1.760592
0.283367
0.543854
0.980590
0.975719
1.100098
0.167320
0.318995
0.230935
0.101049
0.540571
1.765834
0.324213
1.770329
1.771867
0.114256
0.466530
1.720588
1.606061
0.951096
0.192598
1.182372
1.759769
0.247113
0.436072
1.671097
0.603150
1.047394
0.149159
1.189298
0.107031
1.044579
0.540558
0.202784
1.769931
1.349529
1.458852
1.771862
1.756835
1.117050
0.870063
0.238475
1.746519
0.598147
1.339364
1.071385
1.052985
0.525906
0.406365
1.324281
1.067541
0.154702
0.342516
1.442255
0.455512
0.173647
0.638612
1.350301
1.353675
1.310386
1.716432
1.318204
0.029755
1.038204
0.386521
1.095732
1.358216
0.037845
0.757000
1.771744
1.325040
0.263367
1.017436
0.736816
1.401280
1.338954
0.706559
1.741790
1.245490
0.854860
1.046853
0.975251
0.864017
0.133921
1.773727
1.762406
0.645964
1.767875
0.879913
0.289914
1.765502
1.263562
0.729046
0.425922
0.841474
0.148023
1.368289
0.565310
0.957808
1.743718
0.954347
0.638955
1.773674
1.742331
0.647283
0.133090
0.338253
0.265521
0.831174
1.115416
0.403183
0.989037
0.174016
0.928735
0.368788
1.759366
0.540111
0.182609
1.325106
0.481904
1.301480
0.121926
0.617442
0.266562
1.765967
0.877941
0.649594
0.132583
1.760845
0.993913
1.332203
1.237535
0.931448
0.231811
1.758240
0.425498
0.960916
0.897104
0.847718
1.107424
0.689481
0.215634
1.768154
0.321437
1.327453
0.376443
1.154276
0.567388
0.495961
1.424350
1.772954
1.773223
0.284988
1.339674
0.321924
0.807858
1.732077
1.715918
0.191040
1.217387
0.703153
0.920663
0.155938
0.271813
1.259727
0.294545
0.834925
1.765924
0.873510
1.323639
1.759907
0.358325
1.334162
0.739757
1.765030
1.762942
1.773808
1.318072
1.513965
0.169752
1.533758
0.286425
0.514447
0.178963
1.036929
1.388882
1.625450
0.869087
1.770538
1.343149
0.638315
0.442163
1.749561
1.150109
1.775403
0.352122
1.024655
1.709262
1.731252
1.209970
1.767499
1.270443
0.266735
0.243997
1.749506
1.220675
1.771881
1.587532
1.342655
0.362280
1.482040
0.422005
1.611002
1.322158
0.225136
1.331603
1.612076
0.542828
0.647923
1.309467
1.763164
1.728074
0.912750
0.268651
1.311731
0.268092
0.806670
0.481258
0.286262
0.310872
0.458093
1.169513
1.476655
1.025704
1.092179
1.765927
0.588208
1.759036
0.416642
1.084267
1.772238
1.128321
0.713675
0.249701
1.343258
1.161383
1.762380
0.939886
1.466953
0.198270
0.851908
1.773385
0.624763
0.749545
0.930020
1.325677
1.077852
0.253577
1.768275
0.114824
0.767707
0.673621
1.769936
1.112246
1.713645
0.598293
1.510345
1.195494
1.436886
0.902274
1.720960
1.309554
1.312046
1.146416
1.314937
0.629714
1.345427
1.385258
0.219884
1.020441
0.231643
1.776738
1.118883
0.782576
0.210693
1.042557
0.845743
1.690070
1.342685
1.301300
0.102575
1.211687
0.059532
0.445441
1.468458
0.907479
0.908963
1.373487
1.719456
1.768496
1.276850
1.042587
0.216896
0.271364
0.520137
0.537941
0.401516
1.578401
0.386846
0.198214
0.394277
1.765187
1.762852
0.180288
1.775541
0.751836
1.161422
1.652483
1.341141
1.706722
1.724951
1.499321
0.313457
0.894178
1.594890
0.119058
1.040692
0.587365
0.179763
1.153011
0.301748
0.889169
1.745903
1.031956
1.768883
0.662138
1.760784
1.754333
1.763013
0.200370
1.681839
0.713671
0.261542
0.747122
0.585163
1.167729
0.861575
1.010175
0.277684
1.767213
1.683722
0.962627
0.163500
0.856809
0.095161
1.340507
0.149703
0.339826
0.635941
1.590366
0.105090
1.762442
0.855680
1.194671
0.672778
0.728371
1.774896
1.078228
1.212660
1.107282
0.447860
0.379362
0.734106
1.763973
0.192067
0.857625
0.883242
1.420685
0.922751
1.383609
0.810000
0.062297
1.762684
1.772007
0.051231
0.342984
1.646340
0.647171
0.902263
0.931787
0.110819
1.405230
1.495322
0.390178
1.299654
0.158154
0.869130
0.572757
0.247923
0.241839
1.735533
1.737027
1.251595
0.968201
0.148459
0.828744
1.574691
0.153539
0.949403
1.337241
1.771270
0.898226
1.325134
1.767175
0.919982
0.689609
0.095802
0.258544
0.860379
1.185339
0.954471
0.392800
1.321221
1.754946
1.311903
0.729143
0.792348
0.904692
1.767783
0.335929
1.766413
0.842308
0.192968
0.098060
1.184106
1.765238
0.807124
0.129083
0.433967
1.348013
0.665436
1.750120
1.343699
0.097576
1.669426
0.928487
1.688958
0.205117
0.522438
0.930208
0.369875
0.185971
1.773808
0.882898
0.556878
0.984052
1.772386
0.179812
1.749432
0.596762
0.094175
1.458223
0.715685
1.758665
1.074443
0.230452
0.536471
0.345756
0.462211
0.258494
1.297918
1.771465
1.412995
1.764554
1.770400
0.917224
0.743273
1.081731
1.337464
0.312553
0.335443
1.062237
1.767767
0.599975
1.443763
0.367466
0.763592
0.586181
1.764479
1.375969
1.013469
0.727660
1.236688
0.163334
1.198137
0.916011
0.807414
0.322813
1.765247
0.232554
1.755111
0.896495
1.751965
1.763887
0.994530
1.319808
1.771032
1.376684
1.680136
1.339142
0.271452
1.306854
0.133086
1.773630
0.219921
0.430932
0.425703
1.768786
0.430828
1.751939
1.771163
1.153393
1.114864
1.282172
1.260493
0.410400
1.754746
1.771281
1.384226
1.393981
0.793184
0.244565
0.662799
1.294935
0.450201
1.770339
0.277648
1.774747
0.426287
0.538318
0.563630
1.198789
1.254299
1.703389
0.081622
0.906130
1.156998
0.820131
0.170195
0.847407
1.773906
0.356357
1.229782
1.758792
0.955082
0.411520
1.318845
1.003968
1.053841
0.215059
0.612266
0.254873
1.724216
0.951883
1.754982
0.641262
1.204018
0.530905
1.286204
0.210093
0.934468
0.537376
0.904548
0.556001
0.384712
0.804984
1.333647
0.902348
0.937776
0.361769
0.719730
0.498385
0.783223
1.762313
0.671396
1.072690
0.282368
0.173045
0.345087
1.077720
0.244172
0.295300
1.063714
0.907003
0.159483
0.837963
0.617971
1.224923
1.459538
0.173938
0.382612
1.670247
1.664923
0.921981
0.757758
1.772810
0.217787
0.758379
1.685138
0.240253
1.094214
0.241934
0.000000
0.969786
1.183712
0.792813
1.366735
1.093080
1.772356
1.741895
1.064448
0.619135
1.517219
0.147170
1.738700
0.375009
0.120144
1.452363
0.928316
0.101706
1.298345
1.344357
1.202369
1.334431
0.143832
1.336495
1.703806
0.727288
1.333640
1.440844
1.754111
1.213621
1.295777
1.769481
0.838431
1.345169
1.067432
0.377765
1.771644
1.336080
0.615471
1.342129
0.155805
1.768486
0.520130
0.382679
1.075196
0.755835
0.610438
1.353176
0.228684
1.139611
0.610141
0.293779
0.721017
0.580372
1.435558
1.729807
0.144194
0.692439
0.889714
1.771623
1.325409
0.538647
0.941121
1.773937
0.391156
1.331367
0.179250
0.615538
0.598394
1.267039
0.452885
0.331370
1.766426
1.773278
1.769024
0.690339
0.156370
1.369151
1.738619
0.172985
0.804733
0.556643
1.190080
0.922889
1.414324
1.035585
0.472896
0.857800
1.330226
1.769746
1.660244
0.933476
0.549625
1.319757
1.054476
1.049731
1.293830
0.898586
1.733034
1.772586
1.008729
0.551776
1.748794
1.429521
0.146871
1.317295
1.288192
1.761698
0.927750
0.917893
1.342111
1.331790
1.365661
0.693389
1.772802
1.542063
1.046069
1.305470
0.990517
0.956387
1.745238
0.733427
0.538016
0.660104
1.502707
0.339020
0.402292
1.099052
1.471750
1.729622
1.771969
1.731459
0.666271
0.783168
1.048030
1.762113
1.277371
1.337803
0.282352
1.734441
0.989666
1.743686
0.289935
1.762799
0.241899
0.124132
0.884850
1.768262
0.439521
0.299592
0.285641
0.950022
0.249082
0.471621
0.817191
0.842496
1.343986
1.202784
1.074844
0.329980
1.329034
1.332604
0.490595
1.296774
1.301832
0.567959
1.752588
1.772344
1.312736
0.127333
0.467114
0.560301
1.499462
0.159458
0.205956
0.527825
0.672279
1.240466
1.175613
0.241671
0.393871
1.751255
0.273817
0.851814
0.862967
1.332998
1.083267
0.805614
1.332286
0.640666
0.035691
1.062377
1.509498
1.220871
1.247762
1.251394
0.533454
1.174315
0.211637
0.538356
0.445791
0.604087
1.319967
0.971584
1.775044
1.333469
0.380579
0.126361
0.133398
1.744257
1.256906
1.179531
1.773358
1.237983
1.175641
0.393588
1.334668
1.162646
0.943084
1.285908
0.671858
1.342491
1.508899
1.205934
1.435695
1.766045
1.345751
1.338434
0.628198
0.410821
1.307626
1.766535
1.302094
1.012200
1.029076
0.215399
0.686175
1.335539
0.797111
0.312008
0.790994
0.569668
1.337754
0.538852
0.766752
0.907478
1.728832
1.524637
0.911881
0.746011
1.616494
1.760552
1.132721
1.097741
1.303672
0.486312
0.856519
1.770423
0.864833
1.357059
0.417880
1.325649
1.026806
1.040771
1.753795
0.501139
1.770620
1.658353
1.773333
0.872900
1.364134
1.304703
0.136385
0.108102
0.611001
1.653979
1.141132
0.327478
1.723025
1.342561
0.514523
1.342441
1.547055
0.982986
1.287612
1.489489
1.094173
1.302608
1.766358
1.019427
0.978879
1.057979
1.339262
0.300171
0.476688
0.248434
1.766064
1.722852
0.604670
1.344860
1.031911
0.077317
1.773014
0.936357
0.971229
1.773319
1.689385
1.335366
1.299020
0.696495
0.178821
0.925825
1.324960
0.237681
0.493842
1.709183
1.457486
0.676300
1.762124
1.334063
1.745012
0.553103
1.157377
0.741958
1.752997
1.766710
1.072950
1.005005
0.084909
0.666868
1.361172
1.268156
0.443082
0.833692
0.753238
0.861871
1.144566
1.668583
0.254608
0.212181
1.763581
1.056083
0.827697
0.724855
0.981107
0.803242
1.176350
0.327493
0.691992
0.295067
0.409554
0.545017
1.767734
1.766131
0.265255
0.798278
1.752722
1.386779
0.231327
1.336643
0.825421
1.244156
1.223245
1.744946
0.454873
0.932961
1.069190
0.112322
0.655377
0.268497
1.658987
0.531336
0.782372
1.776238
0.301115
1.255845
0.107607
0.744734
1.062632
0.622929
0.117365
0.225291
0.367923
1.537149
1.171716
1.756904
0.914527
1.758964
1.051121
1.386577
1.310496
1.026014
0.734580
1.346003
0.694091
0.385842
0.575279
1.191674
0.975713
0.438678
1.344393
0.176655
0.458418
1.011461
1.598892
1.743791
0.287641
0.460382
0.885252
1.349289
1.774369
1.099857
0.865438
1.104222
0.733837
0.847460
1.756602
0.556951
1.768742
1.699407
0.908294
0.936457
0.142602
1.773533
1.771443
1.486174
1.773934
1.771881
0.204738
0.205612
1.297353
0.254276
0.409709
0.486420
1.027050
1.164848
1.770515
0.301679
0.084907
1.768027
0.268874
0.892881
0.230603
0.166777
1.755964
1.197843
1.320217
0.457719
0.749221
0.178770
0.159678
1.063151
0.606417
1.627695
1.335026
0.522412
1.301788
1.008469
1.300393
0.483577
0.189304
0.099084
0.962631
0.769840
1.766284
1.776562
1.766354
1.334839
1.165607
1.769552
0.232782
1.374684
0.318309
0.582298
0.276169
1.565641
1.160319
1.056728
0.736305
1.332122
1.205878
0.275376
1.775793
1.265772
1.302717
0.954220
0.862081
0.133633
1.319700
1.223451
0.599979
0.844622
0.053678
0.102269
0.088823
1.656359
1.754217
0.591293
0.113422
1.207247
0.595482
1.752111
0.264948
1.330018
0.192319
0.794959
0.279705
1.189678
0.342331
0.417239
0.157646
1.337899
0.332734
1.645883
1.140932
1.254792
1.256380
1.208777
1.343148
0.537072
0.242696
0.745891
0.327119
0.903730
1.317052
0.231916
1.100924
0.806732
1.153111
1.775868
0.922569
0.278185
0.348511
0.621774
1.431983
0.990995
0.923085
0.116180
1.409194
1.766833
0.408080
0.419828
0.551310
1.775395
0.348266
0.210628
0.576973
0.982980
1.771357
0.670460
1.029074
0.304965
0.534467
1.072023
1.631541
0.336376
0.234318
0.479778
0.101447
0.214813
1.151395
0.854197
1.223636
1.653973
0.260673
0.334474
0.012299
0.232962
1.772422
1.294295
1.735402
0.663049
1.240108
1.339914
0.715940
1.355096
0.127641
0.377321
1.214312
0.885262
0.532608
1.435094
0.612400
0.898945
1.561295
1.082241
1.773004
0.941789
0.357184
1.768846
0.369895
1.343890
1.209872
1.766404
1.338541
0.902013
0.674126
0.891331
0.735801
1.321974
0.248631
1.742384
0.949994
1.079126
1.348388
1.338126
0.091530
0.123931
0.851327
1.199106
1.394340
1.346563
0.908874
0.420678
0.366403
1.152804
1.749377
0.446188
0.500861
0.280126
1.433785
0.445162
1.383058
0.121814
1.068525
0.257352
0.409879
0.917852
1.067019
0.824884
0.393324
0.629630
1.358448
0.450804
1.767744
1.655136
0.000000
0.145234
0.907010
0.263011
1.005779
1.309513
0.200625
1.064345
0.065518
0.640581
0.796750
1.072417
1.158149
0.103378
1.732524
0.798440
0.217643
1.737968
0.527128
0.203463
0.582182
0.507523
0.058981
0.165640
1.355383
1.353336
0.280812
1.335093
0.163952
1.766502
1.770837
0.448669
1.445870
0.132351
0.346724
0.446330
0.407723
1.744456
1.100897
0.672789
0.500233
0.483280
0.944604
1.766771
1.680796
0.805704
0.542731
0.179717
0.287617
0.842095
0.271210
1.671626
0.316973
0.559966
0.293738
1.362948
1.557153
1.194351
0.795180
0.489803
1.762473
1.339778
1.746569
1.265617
0.955100
0.643890
0.500870
0.259696
1.758457
1.705481
0.339806
1.028703
0.832946
0.738268
0.639479
0.161236
0.931412
0.909793
0.164914
1.158082
1.771003
0.817733
0.212734
1.758998
1.773527
0.256787
0.524855
0.865990
0.727124
0.263461
1.337623
0.345890
1.775220
0.415296
1.083753
1.714225
1.011868
0.034591
1.714177
0.387982
1.751150
0.869065
0.391038
0.749646
1.334265
0.276379
0.416435
1.746410
0.822055
0.173332
0.735310
1.770195
1.760383
0.631967
0.653355
1.368300
1.143305
1.602196
0.411358
1.387001
0.617909
1.133460
1.368037
0.295958
0.144728
1.498044
1.760207
1.245416
0.153745
0.406225
1.764652
0.966130
0.345603
0.143961
0.516608
1.187605
1.772502
0.649376
0.382013
1.766716
0.892172
1.283860
1.382967
0.326576
0.248705
1.072923
1.313753
1.760101
1.316375
0.551944
1.063352
0.812360
0.465759
1.671812
0.157761
1.710934
0.353701
1.297279
1.300153
0.439886
0.780798
1.098860
1.322115
1.377280
1.031906
0.898667
0.979837
1.541861
0.451076
0.914911
1.767595
0.460000
1.105040
0.167323
0.135080
0.184635
1.363213
0.973767
0.919152
0.872695
0.881854
1.423701
0.206299
1.768487
1.343344
1.379049
0.809114
1.317884
1.195163
1.770511
1.272459
1.338581
1.763576
1.238708
0.501798
0.334080
0.929996
0.232099
0.135697
0.568613
1.700078
0.246896
1.323669
1.006078
0.828477
0.802253
1.733722
0.466303
0.735684
1.106382
0.595256
1.639942
1.773750
1.772959
1.627268
0.131844
1.762735
0.348235
0.280701
1.768158
1.339809
1.739522
0.919383
1.308751
1.775168
0.276893
0.749807
0.199181
0.775656
1.335920
1.278784
1.007325
0.825810
1.751375
0.118062
0.409742
1.318217
1.039760
1.775512
0.455972
1.773447
0.784355
0.941618
1.142181
1.726218
1.731941
1.036528
1.759922
0.942314
1.053778
0.488343
0.936804
0.978656
1.434230
0.394221
1.742660
1.321074
0.293991
0.686502
1.311512
1.115837
1.326810
0.416518
1.315951
0.447214
1.081316
0.373458
0.881740
0.633346
0.200638
0.407658
0.695098
1.766184
0.523454
1.766770
0.634413
1.770545
0.198404
0.688861
0.103621
0.260207
1.757501
1.324262
0.442108
0.308056
1.733934
1.738211
1.006981
0.202144
0.324734
0.361413
1.762985
0.802459
1.771683
0.900542
0.906434
1.460435
0.629116
0.697943
0.089723
0.953264
0.357465
1.167092
1.510978
1.259743
0.687246
1.022188
1.760916
0.909804
0.275929
1.304111
0.798685
1.745519
1.752311
0.384825
0.264545
0.979147
0.251537
0.091945
0.169579
1.213216
1.484371
1.758452
0.642051
0.168932
0.831336
0.415982
0.878081
1.032282
0.218209
1.365387
1.319330
0.826777
1.773963
1.307984
0.199924
1.744541
0.139940
1.232455
0.880002
1.358158
0.885955
1.057249
0.660803
0.662108
0.086034
1.077397
0.781529
0.950794
0.129619
1.758488
1.773059
1.029343
1.196307
1.317423
0.140698
1.115731
1.710222
1.775217
0.332613
0.869825
1.275314
1.337077
0.145689
0.764237
0.258821
1.453707
1.320731
1.635526
0.708816
1.273391
0.697363
1.774498
0.260963
1.198979
0.914171
1.769228
0.622441
0.268353
1.692553
0.430769
0.262472
1.266231
0.024681
0.045401
0.225269
0.431325
0.256288
1.770419
0.415644
0.423742
0.824813
1.765535
0.732236
0.525678
0.759891
1.494133
1.312122
0.922604
1.347054
0.270407
0.091714
1.291285
0.952297
1.126926
0.125997
1.554223
0.771565
0.651377
0.560452
0.714414
1.636454
0.327389
0.991462
0.689597
0.080875
1.772832
1.318572
0.361865
0.285428
0.198752
0.376307
1.756243
0.203355
1.713143
0.339239
1.331491
0.651071
1.340661
1.020604
0.913076
0.396854
1.580158
0.287538
1.021781
0.880819
0.259041
1.760942
1.185268
0.394388
0.386729
1.477086
0.185568
1.772575
0.673312
1.624743
1.773397
1.263248
0.081894
1.751768
1.766977
1.059954
0.311471
0.388230
0.260497
0.208569
1.293320
1.356338
0.098017
1.340048
1.099840
0.650005
0.206605
1.762361
1.755691
0.804113
0.356844
1.183079
1.749045
1.025486
0.420628
0.152688
1.352990
0.532956
1.471153
1.044860
0.115097
0.193197
0.530004
1.000298
0.189330
0.829650
1.621955
1.307616
1.765447
0.307640
1.771433
1.773411
1.238208
1.289360
0.417723
0.434513
1.340156
1.775883
1.447180
1.769599
1.367124
0.842168
1.321197
0.771850
1.771389
0.532713
0.550400
1.365507
1.697968
0.944622
0.446090
1.650606
0.254284
1.268418
0.246115
1.766116
1.764561
1.346293
0.666353
0.167421
0.262962
1.320601
1.061870
1.345979
0.344267
1.119038
1.774863
0.899325
0.317353
0.025095
1.285318
1.150663
0.249364
0.787530
1.776085
1.762960
1.344913
1.342398
1.219794
0.655735
0.726921
0.020716
1.741958
0.196773
0.658371
0.081011
1.403879
1.022951
0.179665
0.983758
1.598460
1.751782
0.690047
0.929160
0.095014
0.583893
0.590826
0.092093
0.595795
1.347806
0.753449
0.635766
0.274790
1.755113
0.747738
0.786034
0.370960
1.333518
1.025037
0.838345
1.253252
0.902135
0.334285
0.233017
1.061010
0.179599
0.025748
1.726448
1.773066
1.764468
0.997860
0.776989
0.783891
0.714815
1.303695
0.336511
1.758385
1.764945
0.697141
0.473434
0.990549
1.756259
0.671067
1.017228
0.937466
1.121966
1.046209
1.335471
1.769983
0.410525
0.940495
0.811049
0.269358
0.920332
0.963096
0.723228
1.357594
0.225394
0.248291
0.491565
1.687743
1.025979
1.180140
1.118678
1.321252
1.742959
0.284959
1.697225
1.281850
1.199153
0.080322
1.247576
0.270735
1.297043
0.944980
0.342448
0.509990
0.794894
0.556657
1.388187
0.620774
0.560827
1.774916
1.064062
0.408444
0.918742
1.010185
0.310739
1.021665
1.760458
1.281605
0.300481
1.725602
0.137134
0.356415
1.339018
1.048402
1.243181
1.048819
0.151143
0.263017
1.158754
0.340778
1.768947
1.014605
0.519819
0.215342
0.736977
0.438786
0.362381
0.614599
0.955418
1.729312
1.764548
1.748120
0.078925
0.822477
1.286953
1.336626
1.351532
0.712490
1.042339
0.379073
1.335811
0.736926
0.896051
0.533118
1.720387
1.098110
0.408422
0.070304
0.272846
1.330783
0.544356
1.313909
1.766697
1.095265
0.297906
0.308518
0.998547
0.839735
0.144609
0.089793
1.764488
1.260847
1.343514
0.535500
1.132523
0.958171
0.357524
1.216820
0.354249
0.676858
0.209452
0.112276
0.398036
0.989344
0.177979
0.179307
0.567260
1.167055
0.934896
0.788854
1.009048
0.859907
0.314253
0.924784
1.254090
0.712098
0.204484
0.220513
1.210469
1.446325
0.725202
1.753971
0.968614
1.227670
1.739873
0.474525
1.672434
1.346128
1.748529
0.203068
0.575784
1.141360
0.492886
0.942293
1.740009
0.934493
1.013704
1.351186
0.741568
0.290365
0.547801
1.361423
0.228903
0.672867
0.691306
0.699414
1.705664
1.774468
1.300906
0.308889
0.201897
0.672233
0.815160
0.816798
0.971832
1.025103
0.100478
0.391323
0.922368
0.420567
0.199080
0.186114
1.459973
0.892237
1.304221
0.550469
1.709537
1.019617
1.007116
1.761371
0.800961
0.062225
1.766536
0.975347
1.658434
0.238106
1.347247
0.855953
1.764025
0.638184
0.925605
1.288833
0.897787
0.311728
1.689028
1.186145
0.132457
0.994460
1.764559
0.123119
1.326154
0.728388
1.035439
1.050396
1.251077
1.312283
1.035075
0.343704
1.347337
1.769968
0.153584
0.907480
0.456016
1.330375
1.745567
0.311989
0.051660
0.137257
1.059521
0.476965
0.309757
0.997574
0.364767
1.233169
1.699456
0.433879
0.619736
1.760614
0.055218
0.974531
1.762185
1.300572
1.112223
1.340468
1.240778
0.289941
0.763561
1.105285
0.987630
0.144839
0.054536
0.187290
1.773217
1.037084
0.675755
1.187195
1.191725
0.970332
0.190511
0.732484
1.315439
1.308013
1.159612
0.102891
1.771945
0.377416
0.344289
1.721344
1.189092
1.767932
0.932712
1.336141
0.881243
1.200560
0.323122
1.266705
0.725735
1.756027
0.943744
0.113511
0.164932
0.865465
0.149474
1.760936
0.365239
0.979226
0.167671
1.010367
1.329995
1.402325
0.191690
0.395782
1.770978
1.322681
1.650120
1.204730
1.185103
0.447357
1.106265
1.770596
0.035531
0.729934
1.060274
1.301158
0.217863
0.046379
1.134619
0.571046
1.043002
0.944200
0.254603
0.195305
0.893637
1.091397
0.880871
0.520721
1.767170
0.246319
0.784803
0.432858
1.382784
1.234590
0.221484
1.735832
1.615133
1.672428
1.679986
1.769462
1.770921
0.367698
0.525119
0.277041
1.050263
1.327901
1.009297
1.771954
1.333660
0.624663
1.156907
0.748194
1.775355
1.451595
1.770911
1.412529
1.759812
1.771925
0.519135
1.344414
1.771430
1.022866
0.664336
1.110503
1.323768
0.717151
1.264603
0.223821
1.774021
0.421374
1.115525
1.288514
1.065812
0.834216
0.474080
1.762214
0.327237
1.590527
0.927924
0.667256
1.251764
0.283568
1.335370
0.342573
0.047473
0.946308
1.318309
1.004800
0.709033
1.445681
0.245010
0.691000
0.163843
1.755204
1.311803
0.898873
0.602703
0.489517
1.763163
0.009745
1.326599
1.560174
0.503650
0.345195
0.331761
1.341544
1.735682
1.683223
0.509395
0.804854
0.234735
1.353064
1.541462
1.756997
0.586035
1.417861
0.973208
1.259106
1.237911
1.462525
0.137221
0.548700
1.710169
1.091066
0.840624
1.766902
1.037848
0.542743
0.301690
1.305863
1.756180
0.202404
0.248039
0.499683
1.772901
1.182624
0.184204
1.749438
0.474172
0.543411
1.763286
1.346112
1.010165
0.964291
1.738872
1.251111
0.969483
0.793877
1.763881
0.440677
1.041546
1.657006
0.177451
1.220274
1.313590
1.728914
0.351069
0.941251
0.554761
1.315117
1.030033
1.133544
1.731085
0.169634
0.199091
1.601699
1.029338
1.767397
0.727377
0.338488
1.464338
1.316492
0.553093
0.497534
0.674390
1.084649
1.318226
0.298867
1.005874
1.053372
1.345950
1.280751
1.721171
1.391780
1.672627
0.924956
0.909809
0.464475
1.768420
1.530448
1.384158
1.040630
0.063190
0.145657
0.902909
0.852540
1.681248
0.815788
1.367129
1.318066
0.495071
1.071795
0.908922
0.527111
1.237617
0.162189
1.017819
1.315755
0.982489
0.818665
1.364064
1.562366
1.770336
0.897741
0.296203
1.283366
1.386576
1.762420
0.011016
0.158813
0.302358
0.409749
1.429563
1.332123
0.546529
0.635431
0.972063
1.305831
0.036466
0.413979
1.472950
0.309438
0.462724
0.946588
0.152973
1.375380
0.794625
0.820124
0.897419
1.583834
0.110725
1.183767
1.028247
0.546590
1.055221
1.764307
0.175536
1.043814
1.243275
1.528377
1.317874
1.234679
1.756260
0.374232
0.269731
1.329845
0.190004
0.295530
0.488082
0.677176
1.769316
0.696590
1.631348
1.758752
0.304281
0.764394
1.757530
1.604904
0.472537
1.755472
1.424342
1.324129
0.541395
0.953882
0.240852
1.333474
1.483337
1.746235
1.243028
1.771657
0.111162
1.753146
0.198453
0.244163
0.807176
0.865644
0.696276
0.234986
0.056126
1.305128
1.732550
0.465172
1.163155
0.987361
0.878134
0.102942
1.738842
1.064083
1.325276
0.264064
1.752894
1.226262
0.254363
0.913839
1.016456
0.480982
0.664515
1.079244
0.160133
1.105883
1.035434
0.532206
1.333820
0.779860
1.337018
1.311057
0.799785
1.681486
1.762066
1.771177
0.548762
1.382310
1.017191
0.233151
0.297815
1.767781
1.527680
1.735951
0.982772
0.045815
1.062592
1.032515
1.436661
1.372638
1.058711
1.620089
0.794108
0.429660
0.978617
1.689916
0.695067
0.530618
1.290821
1.754185
0.948334
1.759990
1.298702
1.570084
0.339158
1.057687
1.771854
1.763164
1.045846
0.369300
0.074770
0.210365
1.688438
1.187751
1.327899
1.742504
1.302860
1.100185
0.144279
1.382009
0.540180
1.202150
1.747065
0.248259
1.434069
0.875242
1.317245
1.056336
1.736762
1.284234
1.298129
1.774410
1.331820
1.770062
0.409938
1.724883
0.455214
1.230499
1.330407
0.830552
1.201379
1.773218
0.360313
0.091295
1.330203
1.022959
0.707721
1.769954
0.993275
0.392697
0.666881
1.375609
0.151155
1.697369
0.848264
1.380388
0.734350
1.595507
0.340191
0.655333
0.715471
1.760869
1.769744
0.500874
0.284395
0.706659
0.988507
0.546196
1.321326
0.711606
1.774265
1.344177
0.561181
1.318019
1.256553
0.468085
0.224334
1.757544
1.717947
0.911609
1.755254
1.765868
1.656018
1.306949
1.279679
0.924570
1.275607
1.373048
0.372120
0.493764
0.426475
1.335693
0.618296
1.025533
1.776303
1.318952
1.689093
1.482878
0.459631
1.766492
1.753837
0.635667
1.029404
1.251113
0.613891
0.966604
0.560060
0.800561
1.514428
1.343793
0.466622
1.492653
0.915271
1.763798
0.151842
1.732384
1.339481
0.528540
0.424837
0.221086
1.708964
1.766037
0.200827
0.149351
0.199762
1.021922
0.578361
0.453295
1.770984
1.299059
1.418933
1.229031
0.469083
0.383731
0.780059
0.978158
0.674456
0.992525
1.024298
0.122851
0.813220
0.631481
0.419207
1.337371
1.033041
0.152215
1.477439
0.755137
0.818878
1.082437
1.775051
0.089831
1.032675
1.026336
1.772761
0.371581
0.288800
1.322984
0.096630
0.470993
0.880315
0.798953
1.768147
1.639247
1.091533
1.331442
0.552831
1.750575
1.317408
0.359738
1.362350
0.857064
0.137528
0.275173
0.955594
1.368331
1.654961
0.919089
1.769112
0.471026
0.502517
1.775306
1.029901
0.962926
1.372483
0.853897
1.297636
1.235631
0.501757
1.605122
1.260081
1.673326
0.182813
0.314218
0.182414
1.774182
1.701037
0.283310
0.344882
1.033471
0.616423
0.363224
0.114952
0.267292
1.042950
0.533538
0.765031
1.133553
0.932156
1.209315
1.340064
0.973923
1.381380
1.768615
1.767742
1.775861
0.252552
0.338882
1.707251
0.349767
1.445233
0.713719
1.767750
0.677860
0.558681
0.503981
1.176156
0.940358
0.194181
0.925164
1.265687
0.125325
1.633477
1.739650
0.920471
1.775643
0.286213
0.139075
0.292531
1.039370
1.057289
0.594103
0.219205
0.021456
1.337495
0.546196
1.244062
0.636233
0.717721
1.775528
1.132648
1.765639
0.568012
0.887612
1.322009
0.989072
0.976852
0.479478
0.007224
0.402812
0.938236
1.461713
0.605143
1.123340
1.746370
0.950288
1.769030
1.327921
0.954647
0.319673
1.773161
0.748936
1.711050
1.303987
0.241845
0.289082
1.760962
1.773811
0.980631
1.056554
1.756970
1.761045
1.246756
0.267473
1.457578
1.700228
0.155208
1.771262
1.773303
1.084300
0.948177
0.391638
0.669375
0.913716
0.186013
1.773583
1.766722
1.306407
0.865164
0.943253
0.843786
1.316337
1.366606
0.265228
1.761450
1.760420
1.327952
1.343433
0.121146
1.019664
0.831962
0.211365
1.354513
0.372787
1.688182
0.514179
0.333694
0.565421
0.242760
0.199947
0.176973
1.764766
1.119708
1.297250
1.332927
1.640751
0.473975
1.291026
1.764654
0.948322
0.205933
0.241097
1.775522
0.294441
0.222116
1.174331
0.109168
0.722900
1.061964
0.150585
0.105344
1.762244
0.849271
0.201853
0.917994
0.393059
0.398581
0.064877
1.330648
0.331689
1.731191
1.030626
1.614570
0.284637
0.240727
1.690437
0.453989
0.894586
1.158956
1.028661
0.821905
0.832678
1.769573
0.973018
1.053108
1.001517
0.526595
0.605827
1.753876
0.204801
0.882155
1.341039
0.161976
0.545201
0.568463
1.343963
0.198658
0.906783
1.770788
0.232528
1.606213
0.351617
1.763279
1.729261
0.448448
0.203405
1.339443
0.741293
0.557511
0.288217
1.770896
1.206565
1.102129
0.346483
1.036962
1.773695
0.919446
1.434885
1.316229
0.587103
0.496142
0.761573
0.578251
0.906265
0.510070
1.054811
0.264469
0.116773
1.271032
1.759925
0.332271
1.444481
0.078267
0.254396
0.779482
1.767684
1.760553
0.737214
1.333007
0.821987
0.182285
0.261861
0.873607
0.622338
1.308910
0.185597
1.304872
0.982077
1.767373
0.703405
0.289633
1.773847
1.675287
0.748614
0.167155
1.021652
0.834709
1.684677
1.643617
0.872220
1.254497
1.736414
0.847212
0.582288
0.935385
1.446012
1.128604
0.701157
1.342647
1.439340
0.082386
1.776348
0.474798
1.708445
1.238147
0.277018
1.757169
1.151312
1.316681
0.935880
0.548959
1.320011
1.683848
0.998625
0.071836
1.747292
0.006651
1.750521
1.750532
0.859875
0.256029
0.408381
1.273175
1.769555
1.372957
1.018988
0.660961
0.773759
1.771228
1.746886
0.147667
0.906652
0.123389
1.763059
1.756074
1.757252
1.320777
1.763577
1.340830
1.774683
0.866083
0.294848
1.751971
0.414906
0.290995
0.418617
0.295522
0.714765
0.596095
0.419205
1.236410
0.775006
0.177817
0.937744
1.309648
0.817699
1.094205
1.738348
0.199005
1.767356
1.157337
1.773164
1.769804
0.458899
0.450803
0.142466
0.220848
1.325416
1.765679
0.418099
1.270258
0.210432
1.147444
0.342472
0.417666
1.345352
1.340889
1.193855
1.343549
0.759553
0.143695
1.272927
1.737466
1.068940
1.749752
0.729227
0.453907
0.285068
0.726167
0.260083
1.345534
1.168045
0.320225
1.334021
0.672884
1.313877
0.173225
1.049082
1.768253
1.327241
0.212239
1.249988
0.175919
1.722157
0.826682
0.605312
0.252887
0.323899
1.742442
1.752106
1.576930
0.145697
0.470122
0.150774
1.719712
1.269499
1.762375
1.771276
0.297858
0.299938
0.984277
0.093104
0.954239
0.982835
1.421303
1.762048
0.421421
1.769681
0.787934
1.760827
0.286877
1.257732
0.964736
0.816978
0.874053
1.034294
0.974597
1.774184
1.766282
1.774747
0.278480
1.243860
1.082001
0.958601
1.437063
0.181614
1.372302
1.318549
0.283895
1.764483
0.111708
1.353812
1.008546
1.647936
0.404101
0.908962
1.599108
0.337327
0.225177
1.767160
1.726007
1.315664
0.135619
0.953822
0.922749
0.343657
1.758780
1.331915
1.761259
1.755602
0.297023
0.182040
0.860050
0.708366
0.748049
0.480383
1.189387
0.323501
1.755026
0.353060
0.471258
0.233277
1.775926
1.004566
0.911099
1.124456
0.356967
1.770699
0.460840
0.798894
1.264720
0.310024
0.698566
0.645425
1.323014
0.172749
0.140010
1.151379
0.920918
0.222701
0.382337
1.323981
1.749340
1.117602
1.192833
1.056566
0.202744
1.765959
0.902432
1.030018
0.837265
1.729867
0.175170
0.650377
1.746115
1.736778
0.445922
0.183876
0.058409
1.290680
0.585302
0.285348
1.757844
1.303591
0.562051
0.532960
1.355852
0.276158
0.298498
1.150531
0.189876
1.334523
0.923049
1.769257
1.089131
1.299849
1.098675
1.002960
1.771321
1.308703
1.710471
0.918223
0.677634
0.211679
0.373209
1.043834
0.419220
1.655184
1.330715
1.005094
1.771315
1.590273
0.286324
0.548329
0.807011
1.013446
0.498443
1.739534
0.151956
1.749466
0.548709
1.332105
1.018261
1.264531
0.868848
0.139826
1.749781
1.207750
0.803949
0.971835
0.342127
0.220752
0.501252
0.448819
1.076741
0.138006
0.770351
1.506194
0.130600
0.042535
0.866046
1.330326
0.583890
0.509225
0.503581
0.946678
1.774642
0.282189
0.880050
1.773377
0.410715
1.680573
0.684636
1.700148
0.467655
0.639223
0.957840
1.752642
0.265339
1.227646
0.790737
0.437371
0.023981
1.277096
1.759995
1.770703
0.469049
1.758848
1.334296
0.155977
1.767145
0.405577
1.739013
0.927977
0.150411
1.771179
1.135036
1.034608
0.973684
1.244251
0.462862
0.725910
0.917088
0.932958
0.513753
1.773709
1.192252
1.745117
1.700644
1.322499
0.210663
1.600065
0.868473
0.660173
0.607723
1.266184
1.073450
0.137102
1.768984
1.760557
0.623087
1.194309
0.820826
0.581410
1.299426
0.577494
0.909788
1.738203
1.247532
1.746684
0.512652
0.160202
0.198855
0.178490
0.381262
1.080196
0.554047
0.772144
0.358664
1.330885
1.703200
1.625154
1.764265
0.455053
1.113366
1.306684
1.336988
1.578872
0.651956
1.768659
1.768312
0.737944
1.743330
1.751135
1.755922
1.169244
1.727428
1.226208
1.246960
1.760005
1.168815
1.403642
0.772115
1.038690
0.331656
1.191393
0.000000
1.052859
0.181135
1.024684
0.720853
0.866185
0.302996
0.745776
0.627628
1.765652
1.757053
1.332743
0.816993
0.598350
0.841463
1.489583
0.592056
0.148021
1.647505
1.764251
1.698097
1.013503
1.316545
1.366169
0.626327
0.161285
1.339075
1.776842
1.472010
0.991288
1.364229
0.296241
0.833592
0.673235
1.353104
1.298385
0.581305
0.168542
0.463339
0.470738
1.335641
0.173542
1.491179
1.461846
0.982030
1.767007
0.442685
0.405742
1.712279
0.740037
1.090671
1.771788
0.156752
1.772305
1.755047
1.769926
1.263467
0.079873
1.749226
1.213905
0.839350
0.066254
0.459345
0.390151
1.001372
0.776935
1.344952
1.154166
1.352181
0.111833
0.515199
1.332636
1.411065
0.139079
0.587126
0.640080
1.287991
0.266193
0.322311
1.309829
1.755685
0.380018
0.189072
0.412494
1.774010
0.154149
0.535382
0.526282
0.411375
0.675854
0.492890
1.628081
1.266934
1.771481
1.744942
0.782280
1.295106
0.833146
0.935759
0.620902
0.498320
1.739743
1.217901
0.297320
1.219665
0.211379
0.916680
0.689923
1.038472
1.754342
0.105282
1.771098
0.524635
0.440421
1.130306
0.304287
0.609574
0.733918
1.767331
1.308826
0.680103
0.674394
1.315308
1.691033
1.015475
0.960477
0.639637
0.883201
1.772570
0.603273
1.062965
1.308997
0.231970
0.566596
0.683469
0.845191
1.223899
0.589981
1.191825
1.295335
0.224933
1.341913
0.149645
0.211152
1.195924
1.484497
1.011667
0.329065
1.461066
1.762079
1.324219
0.395043
0.469783
0.209002
1.758836
1.768368
0.215930
1.286281
0.436832
0.265762
1.332509
0.509824
1.364342
0.818625
0.626225
0.537770
1.001566
1.313518
0.798457
1.327914
1.224605
0.504759
0.869186
0.799152
1.717285
0.869145
1.729113
1.283900
0.399645
1.767977
1.621087
0.824438
0.132872
0.990200
0.789203
0.548065
1.700517
1.768327
0.210397
1.773171
1.759120
0.160872
0.230730
1.775575
0.833607
0.531487
0.108559
1.764839
1.048515
1.217144
0.156116
1.581862
0.079015
1.365872
0.176810
0.814454
1.293403
0.878148
0.838863
0.768712
1.219846
1.218885
1.775170
0.334535
0.143117
1.341358
1.457645
1.329647
1.317443
1.004839
1.124288
0.107407
0.148718
0.959189
0.346017
1.773982
1.093874
0.642738
0.809709
0.348918
1.756745
0.403370
1.133830
0.935451
0.810397
0.373414
1.375540
0.194715
1.133399
0.980480
1.126354
1.185618
0.112353
0.808680
1.439038
1.315713
0.641381
1.029422
0.940883
1.291834
1.752716
0.124253
0.871538
1.419431
0.406049
0.249716
1.201852
0.267768
0.806259
1.366489
1.310384
0.872946
0.888735
1.694302
0.305229
0.730041
0.716073
0.893346
1.005933
1.763627
1.769549
0.237361
1.406863
1.371811
0.223595
1.425186
1.333679
1.766325
1.773803
0.370470
0.710965
0.895786
1.358381
1.775933
0.420269
1.764125
1.773247
1.771697
1.751726
0.839042
0.277582
0.856735
1.767709
1.300305
1.052656
0.886510
1.252908
0.620184
1.168988
0.500400
1.329212
0.254298
0.220238
0.474834
1.259940
1.355335
0.447106
0.552597
1.390623
0.533256
1.496966
1.295349
1.338648
1.766982
1.405554
1.289401
0.413328
0.373275
0.639607
1.206877
1.740994
0.171677
1.051031
1.770266
0.052783
1.757660
0.107157
0.669931
0.046511
0.973497
1.735822
0.251105
0.673287
0.850134
0.130120
1.756361
1.656815
1.337279
1.294393
1.742603
0.252798
0.661832
0.407468
1.106158
1.719191
0.995430
0.132631
1.668029
1.702757
0.188322
0.573155
1.757906
1.746014
1.328810
0.853199
1.343787
1.765294
0.056453
1.044680
1.048238
1.256318
1.767405
1.031659
1.731090
1.751390
0.950279
0.467403
0.096415
0.339471
1.712939
1.746388
1.094985
0.544200
1.195095
1.763061
0.571731
1.092124
1.769319
0.948666
1.035846
0.251680
1.706681
0.779988
0.026477
0.828413
0.138336
0.134806
1.771563
1.134120
1.369966
0.272372
1.140927
1.737400
1.769684
1.170199
0.211525
0.912508
1.180711
1.746686
0.269348
0.781049
0.745299
0.904033
0.323255
1.495187
1.763358
0.687858
0.093562
0.865837
1.326622
1.764838
0.968452
1.766236
0.110252
1.770153
1.772584
1.717814
1.748699
1.338111
0.800843
1.745373
1.605396
1.301042
0.091776
0.800593
1.752489
0.229609
1.388100
0.753112
1.773270
1.754147
1.694215
0.898568
1.767094
0.659888
0.549244
0.694568
1.770722
1.324208
0.811877
1.420902
0.839762
1.291115
1.690122
0.358261
0.875251
0.248416
1.080835
0.657828
0.888975
1.342204
0.964433
1.302236
1.268189
1.106100
1.009347
0.438665
0.331365
0.646309
1.357504
1.248792
1.627041
0.207901
1.013496
1.584948
0.132090
0.975924
1.332312
0.196942
1.758439
0.931652
0.587711
1.161238
0.581637
1.458281
0.383169
1.768180
0.541000
0.230685
1.677624
0.451160
1.052651
1.756586
1.234979
1.764689
0.310052
0.934297
1.747137
0.057223
0.584863
0.913124
1.722137
0.043629
0.811212
1.511789
0.429888
0.971504
1.258126
1.076281
1.768411
0.801027
1.044906
1.738510
1.323036
0.914088
1.146273
1.767439
0.884921
0.129880
1.745250
1.332070
1.764336
1.296251
0.090491
0.643498
1.329691
0.245159
0.886118
0.284548
0.188609
1.038524
1.756286
0.518103
0.523744
1.342388
1.770035
1.760262
1.773047
1.032861
0.213023
0.148156
0.280760
1.739828
1.499177
1.333930
1.611287
0.038577
1.433607
1.770540
0.761773
0.883833
0.785707
1.069759
0.674861
0.789708
1.338849
1.324619
0.744099
0.437038
1.763299
0.119396
1.755254
1.336208
1.299201
1.771568
1.342327
0.845160
1.743961
0.816408
1.342414
0.706014
0.175928
1.225724
1.257776
1.574991
0.715500
0.076058
1.299938
1.769458
0.546642
0.453542
1.769472
0.219678
1.747230
0.178402
0.373020
1.317282
1.523179
1.742967
1.057918
0.094403
1.132810
1.769507
1.141926
1.768447
1.234888
1.199160
1.029798
0.393428
0.162573
0.809093
0.486552
1.754760
0.281505
0.166461
0.212525
1.761501
1.737354
0.001144
0.952710
0.152383
1.748144
1.120422
0.210541
1.042824
0.513195
0.044780
0.971612
1.721194
0.563998
1.370384
1.356522
1.769561
1.058523
0.468066
1.735832
0.552136
1.765512
1.336687
1.686965
1.772932
1.767782
1.749299
0.865668
0.016824
1.291363
0.458571
0.313239
1.330406
1.263049
0.266466
0.460639
0.762709
0.517908
0.372695
0.246100
0.817945
0.234729
0.602336
0.409925
0.000000
0.758160
1.076493
1.332422
0.000000
1.329193
1.758657
1.772583
1.767397
0.635069
0.449836
1.190855
0.899693
1.269977
0.985477
1.747462
0.839015
0.995113
1.339443
1.458987
0.566428
0.939873
0.285767
0.982041
1.330475
1.100957
0.630847
1.763940
0.236335
0.242615
0.976952
0.539422
0.850707
1.337191
1.339339
1.759528
0.619754
1.343567
1.153053
1.423554
0.287989
1.149925
0.989145
0.202870
1.398463
1.478546
1.248374
1.768816
0.583332
1.318468
0.554674
0.480401
0.956283
0.308276
1.272514
1.625493
0.566378
0.247516
0.241912
0.653747
1.760748
0.809425
1.344044
1.581985
0.420906
0.251060
0.252867
0.831658
1.762884
1.699037
1.764063
1.768713
0.345268
1.005463
0.442363
1.070182
0.183660
1.770544
0.939619
1.370727
0.447912
0.577113
0.285311
0.669880
0.645407
1.395682
0.222941
1.394884
1.416561
0.383700
0.831868
1.351920
1.029173
1.284812
1.336338
1.753595
0.602633
0.541068
0.148162
0.601451
1.411933
0.236652
0.236731
1.757519
1.775626
1.715179
0.664549
1.773869
1.341118
1.118168
0.332868
0.791124
0.343647
1.377253
0.159457
0.490475
1.768984
1.774451
0.292402
0.662439
1.767045
0.416520
0.346892
0.411589
0.341443
1.658454
1.323757
0.697761
1.327859
0.163538
0.357837
0.422971
0.517809
0.920828
0.643567
0.400814
0.441734
1.037177
0.296680
0.213980
1.336068
0.405238
0.357686
0.355227
1.018882
1.761764
0.490637
0.375118
0.864097
1.407376
1.349502
0.913987
1.764843
0.482583
0.164852
1.747931
0.663237
1.331468
0.601200
0.401619
0.159321
1.757405
1.322471
1.771322
1.240895
0.922829
1.320259
1.341632
1.445177
0.988021
1.339687
0.683469
1.332023
0.655887
0.434819
1.304515
0.212401
0.462677
0.388100
0.260236
0.148883
1.775958
0.455889
0.675726
0.873259
0.564489
1.770059
1.298139
1.336194
1.337436
0.230902
0.346250
1.084406
1.158308
0.998985
0.479548
1.758112
0.893226
0.427069
0.938851
0.401446
0.748631
1.337821
1.756911
0.708268
1.336088
1.757609
1.702364
1.370052
0.396066
0.808976
1.705602
0.132903
0.944946
0.859505
0.425752
0.833230
0.202037
0.800700
1.325585
1.771546
0.807683
0.861799
0.447867
1.242080
1.295488
0.087141
0.639883
1.304841
1.389185
1.336866
0.913321
1.330887
1.663752
1.335863
0.893375
0.259584
1.772204
1.519376
1.318866
0.187776
1.084681
1.065775
1.770468
0.915415
1.742399
0.798230
1.772917
0.185781
0.433916
0.199564
0.696734
1.757911
1.043780
1.706195
1.311205
1.080395
0.194545
0.698456
1.336981
0.155593
0.240295
1.046315
1.760318
1.341362
0.262590
0.118519
1.169652
1.769554
0.663904
1.773720
0.945775
0.808228
1.351922
0.427923
0.837936
0.495395
0.620055
1.710206
1.766275
1.735488
1.323167
0.206206
0.164044
0.684613
1.342762
1.735889
0.166907
1.046475
0.874175
1.038556
0.796125
1.696731
0.154104
1.315462
0.403648
0.766212
1.766897
0.580164
1.022180
0.652891
1.733398
0.346100
0.069810
0.373388
1.768195
0.657011
1.605732
1.759402
0.869113
1.761843
0.292928
1.187068
0.114977
0.431657
0.274962
1.744817
1.304782
1.328712
1.537123
0.107539
0.304502
1.764703
0.502271
1.583809
1.315012
1.768557
0.954510
0.100442
0.462975
0.967011
1.760638
1.678605
0.765663
1.758407
1.306361
0.131180
1.767004
1.392044
1.073962
0.802270
0.542071
0.585766
0.840288
1.337961
0.134837
0.523958
0.391690
1.322615
1.050979
0.754529
1.055694
1.306410
1.667534
0.180655
0.022587
0.173671
1.069337
0.220337
0.672013
1.513707
0.613860
1.335853
0.636952
0.750843
1.748154
0.377622
1.050619
1.741683
1.129941
1.335807
1.665282
1.177666
0.524578
1.765974
1.736327
1.249205
0.977506
0.237456
1.066896
0.464534
0.784023
1.027946
1.252060
0.204305
0.304710
1.732373
1.769932
1.399072
0.138646
0.223955
1.224192
1.448566
1.351906
0.248737
0.548644
1.147970
1.766342
0.249956
0.282727
1.769554
0.141077
0.512997
1.212055
1.702710
1.753375
1.330236
1.179069
1.413433
0.122221
0.900453
0.879339
0.824695
1.313693
0.535692
0.832789
0.905526
1.068526
0.187586
1.029611
1.759816
0.684403
1.045076
1.324415
1.747684
0.305298
1.294963
1.760046
1.141034
1.262315
1.740424
0.268453
0.896889
1.273928
0.990341
0.880275
0.561770
1.230311
0.804275
1.007269
0.905636
1.665354
0.838800
1.303927
1.413104
1.185296
0.213921
1.169259
1.324602
0.350239
1.315472
0.097577
0.089595
1.332579
1.180653
1.757151
1.320664
0.304596
1.317523
0.834585
1.671330
0.431020
0.170973
0.292280
1.188551
0.608652
0.410594
0.920328
1.265528
0.638770
0.599032
0.548890
1.311950
1.041076
0.225036
1.761986
1.230140
1.406911
0.839711
1.317423
0.946958
0.319562
0.428143
0.907820
1.763480
1.773187
0.585363
0.703327
1.192594
1.338975
1.341495
1.304239
1.023729
0.152529
0.961343
0.942860
1.740880
0.638080
1.303283
1.765366
1.321328
1.720329
0.668130
1.342184
1.400756
0.135853
1.093142
1.316559
0.419900
0.141265
1.686268
0.408941
1.720931
0.895204
0.402283
0.854186
0.295390
0.771492
1.471988
1.284806
0.844313
1.640675
1.079535
1.764145
0.968068
1.337703
0.506577
1.765996
0.098216
1.299916
0.349895
1.329365
1.334725
0.970500
0.405199
0.694106
1.282019
1.681957
0.841119
1.024782
0.661537
1.756044
1.625287
1.324217
1.035282
1.745345
0.860516
0.401271
1.764774
1.474172
1.739577
1.341959
0.946002
0.421798
0.280807
1.755528
0.709891
0.267082
1.334229
0.640709
1.315975
0.035574
0.751625
1.768110
0.345837
0.068133
1.621431
1.750580
0.715777
0.322147
1.298899
0.449378
1.040603
0.543313
0.068976
0.877178
0.626447
1.186153
0.206945
0.541284
0.889586
1.704837
0.225976
0.215442
0.612324
1.267381
1.332859
1.355056
0.391448
0.498759
0.905290
0.305167
0.754980
1.445660
0.310495
1.317036
1.532014
1.180350
0.074901
1.071803
1.316832
0.326119
0.892560
0.065082
1.680403
0.713125
0.211630
0.897650
0.336485
1.447268
1.332052
1.308161
1.532277
0.788095
0.826655
0.276356
0.332076
1.029422
0.370849
1.773852
0.247998
1.770179
0.832802
0.220945
0.758311
0.246960
0.952688
0.948067
1.041333
0.407753
1.610667
1.176833
1.746272
0.729237
0.917369
0.263901
0.996569
1.753156
0.677459
0.838432
1.636856
1.622712
1.762915
1.758177
1.176051
1.590227
0.409004
1.763727
1.765637
0.237741
0.783373
1.298535
1.033593
0.373620
0.920529
1.706453
0.433313
1.771889
1.310220
1.325481
0.553966
0.189628
0.299996
1.322680
1.028446
0.227166
1.310446
0.139701
0.767922
1.735335
0.928051
0.321399
0.166330
0.720582
1.771714
0.368802
0.962803
0.163867
0.274248
0.202341
0.297346
0.629812
0.703934
1.292601
1.768907
0.918280
1.291703
1.768016
0.658809
1.259348
0.085579
0.520840
0.344172
1.220936
0.706324
0.929063
1.133365
1.756376
1.773022
1.763839
1.774335
1.358798
1.522663
0.275923
1.321465
0.496534
0.509919
1.139099
1.324823
1.274359
1.377183
0.756030
0.445731
1.339780
1.231859
0.927719
1.191313
0.728529
1.752078
1.688878
0.949518
1.344137
1.326556
0.240978
1.743406
0.542070
0.268598
1.333219
0.177323
0.109647
0.980154
1.748514
1.764007
0.312342
0.424475
1.752573
0.163343
0.645304
1.726228
0.378944
0.090104
1.767634
1.766616
0.168166
0.515693
1.337177
0.188806
0.201996
1.766112
1.751175
0.885467
0.314635
0.888085
1.287984
0.804464
0.594832
0.176637
1.344655
1.770411
1.773109
1.343132
0.112209
0.153559
0.752861
0.807839
0.319498
1.345992
0.914399
1.769710
1.513000
1.741196
1.249986
0.931975
1.492133
1.379783
0.313511
1.761166
1.062426
1.762195
1.353930
0.899439
0.783502
0.177288
0.984557
0.123960
1.155703
0.246506
1.704052
1.079821
1.096460
0.773747
0.327722
0.749744
0.341037
1.330537
0.470598
0.714476
0.222499
0.645638
1.294892
1.761808
1.775646
0.997672
0.328819
0.185566
1.166756
1.017100
0.077547
0.721232
1.401110
1.312190
0.942331
0.993392
0.304495
0.518155
0.836951
1.536652
0.791157
0.946718
1.764681
0.297586
0.651933
1.747258
1.555385
0.969787
1.762475
1.346843
1.512479
0.820273
0.930976
0.445925
0.032356
1.418925
1.744697
1.326140
1.765454
0.211881
1.278020
1.765810
1.398411
1.769863
0.658418
1.206053
0.827149
0.152412
1.755798
1.254931
0.838344
1.765379
0.245589
1.023590
1.399667
0.579066
0.355282
1.755096
1.697169
0.661553
0.455283
0.965354
0.285550
0.384235
1.098135
1.207213
1.027584
1.772116
0.038423
0.089386
0.880398
0.936865
1.739609
0.534959
0.536054
0.234379
0.575987
0.954026
1.294189
0.182216
0.485132
1.208282
1.744382
1.375923
0.247251
0.398031
0.128203
1.369264
1.091456
0.208227
1.266290
1.341008
0.550684
0.225217
1.768504
1.324020
0.955881
1.018378
1.317895
0.102149
0.174233
1.238651
1.011645
0.239397
0.705886
1.742466
1.775675
0.544655
0.163047
0.975559
1.678409
0.150810
0.036935
1.301511
1.075529
1.328321
1.227738
1.439514
1.326061
0.164101
1.331719
0.246386
1.031992
1.352997
1.758155
0.326949
0.522334
0.732786
0.413043
0.939535
1.335167
0.399017
1.342717
1.771339
0.897810
1.330763
0.935099
1.082027
0.638896
0.421970
1.084530
1.661912
1.240428
0.209529
1.761497
0.169914
0.146482
0.532354
0.772777
1.323724
0.710238
1.764848
0.509493
1.482549
1.369813
1.157099
0.527235
1.196086
1.288296
1.764612
1.327444
0.788705
1.342210
1.443122
1.404176
0.742184
0.850993
1.724749
0.683976
1.611974
0.519903
1.188774
1.764958
1.758965
1.753895
1.774404
0.557699
1.344027
1.712703
1.769453
0.481208
0.781339
0.457828
0.430420
1.095373
1.693572
1.768814
0.379986
0.223758
0.436030
1.164593
1.011699
0.376023
1.735006
0.174977
0.076144
0.287396
1.758117
1.093827
1.750154
0.179857
1.148116
0.236190
0.776433
1.739357
0.538111
1.090561
1.225807
0.508396
0.067484
0.186416
0.947696
0.401260
1.221810
0.372082
1.766957
1.509989
0.664566
0.588213
1.055427
1.187865
0.897153
1.019801
0.305841
1.769465
1.735214
0.813198
1.629968
1.072459
1.029042
1.771392
0.917402
0.869085
1.319068
0.575491
0.665428
0.360803
0.194833
1.768523
1.773659
1.334676
0.661841
1.079343
1.774649
0.674469
1.286421
1.774682
1.326799
0.908240
0.388800
0.920803
1.704862
1.006448
1.762713
1.744750
1.772799
0.481912
1.745167
0.287252
1.465845
0.315789
1.027416
1.298349
0.750042
0.218078
1.454308
0.487074
1.744828
0.968387
0.689796
0.604837
1.066341
0.157124
1.759876
0.431843
0.842627
0.789095
1.303732
0.972240
0.711093
0.291839
1.768547
0.253061
1.369018
0.783715
0.288201
1.714065
1.693699
1.148137
0.366675
0.226594
1.774643
1.192467
0.767977
0.428703
1.295874
1.756317
0.161121
1.322000
0.941510
0.845270
0.386397
0.312281
1.764324
1.340924
1.212574
1.699026
0.842745
1.761114
0.528692
0.101470
1.771370
1.775971
1.776760
1.417581
0.958412
1.767488
1.700505
1.769840
1.174405
0.149790
0.234435
0.706786
1.224238
1.773589
1.763544
1.764950
0.050198
1.019908
0.288552
1.773156
0.910050
0.937786
1.768056
1.291090
1.307885
1.347690
0.282067
0.225040
1.657551
0.204052
1.006331
1.015921
0.044846
1.076205
1.766183
0.356283
1.762833
1.763443
0.137057
1.203528
0.293920
1.216529
0.131972
1.768714
0.960359
0.680725
0.402575
1.772256
0.662061
0.129092
0.857938
0.618329
1.674020
1.281673
1.318063
0.502612
1.664915
0.025158
0.441921
0.208292
1.760383
0.846976
0.287374
0.328689
0.729449
0.868936
1.514906
0.881248
1.766861
1.155682
0.284253
1.292610
0.946088
0.299960
1.028919
0.267361
1.738015
1.329164
1.330862
1.777442
0.877593
0.199312
0.402075
0.399874
0.824722
1.757274
1.031844
1.086243
0.479361
0.922659
1.327685
0.641066
1.221193
0.960633
0.695302
0.519767
0.200305
1.300432
1.753813
1.769086
0.906405
1.654706
1.763648
0.945371
0.831346
1.739718
0.192773
0.491683
1.244786
1.761036
1.348909
1.762925
1.767459
0.980439
1.760773
0.091634
1.764894
1.443363
0.626992
1.300678
1.420845
0.113065
0.945190
0.269700
1.087434
0.253650
0.808852
1.732293
0.907768
0.271280
1.770379
0.252326
0.974739
0.155853
0.639045
1.296977
0.178236
1.445553
0.855665
0.868528
1.757743
1.021523
0.702262
1.517336
0.442788
1.718188
0.270222
1.704082
1.332539
0.933131
0.055024
0.218881
0.635889
1.673407
1.767207
1.765457
1.766650
1.773934
1.232877
0.462799
0.862568
0.463429
1.210879
1.354097
1.201241
1.739630
0.260948
1.115854
1.767681
0.421263
0.118706
0.364311
0.946381
1.542705
0.123267
0.204029
0.098905
1.572186
0.315693
0.535065
0.364201
0.800251
1.704952
1.620128
1.732696
1.312851
1.338885
0.712575
1.760546
0.555585
1.733621
0.214386
1.010219
0.249981
0.231485
1.763870
0.303984
0.540337
1.768021
1.717333
1.320781
0.085687
0.646682
1.314766
0.313375
1.769599
1.764891
1.334152
1.722608
0.461329
0.725389
1.341602
0.581386
1.120946
0.952858
0.208149
1.230333
0.301807
0.321343
0.387670
1.336988
0.228603
1.182086
0.292326
1.758827
0.383847
0.165161
0.742317
0.135896
0.725464
1.763460
0.893827
0.735115
1.363483
1.769541
1.757838
0.167099
1.073184
1.340697
1.242815
1.752213
1.343560
0.320469
0.545688
1.240231
0.251716
0.548871
0.251048
1.040682
0.199016
1.019948
0.791384
1.006324
0.578561
1.765729
1.281826
0.194674
0.559764
0.167869
0.853395
1.472697
0.654031
0.082276
0.166142
0.237034
0.750747
1.309494
1.101625
1.711427
1.766354
1.326608
0.680970
0.204077
1.629288
0.928313
0.221716
0.931542
0.715573
0.401181
1.307757
0.106292
0.114382
1.344274
0.167566
1.656661
0.595662
0.439767
1.774618
0.964491
0.159012
1.222435
0.667848
1.043630
1.748660
0.320935
0.381426
1.730686
0.927958
0.992317
0.565306
1.766129
0.966177
0.208093
1.093214
0.766531
0.152686
1.772361
1.229805
1.744516
0.611761
0.924077
1.338744
0.927892
0.884756
0.053928
0.339390
0.806399
1.761963
0.594663
1.768591
1.116615
1.316371
1.765205
1.376041
1.188828
0.950922
1.260945
0.914602
1.761555
0.847338
1.358323
0.024616
0.017659
0.246689
1.303924
1.748297
1.716746
1.322885
0.551472
1.386833
1.751072
1.209207
0.716418
1.679817
1.132830
0.168721
1.770515
1.022100
1.323670
1.019308
1.771486
1.269939
0.234064
1.278464
0.684256
0.336827
1.028179
1.115305
1.077666
0.138655
0.271773
1.312480
0.390665
0.457963
0.165559
1.757080
1.775098
1.326267
0.126470
1.331807
1.278023
0.319538
0.906590
1.751820
0.885972
1.337060
1.757016
0.591159
1.643462
0.786147
0.968489
1.769178
0.460450
0.991297
1.325264
1.760982
1.325199
1.761431
0.503703
0.968498
1.118699
1.419863
0.907223
0.186458
1.004868
0.683830
1.769633
1.277593
0.500161
0.275254
1.317650
1.310178
1.058803
0.146060
1.764420
0.558951
1.082549
1.757294
1.747194
0.338279
0.625317
1.001817
1.335744
1.321630
0.298825
1.765096
0.187664
1.566936
1.300844
0.508342
0.703261
0.321286
1.765250
0.329929
1.743262
1.764593
1.256749
0.133484
0.310601
1.764869
0.915919
1.730258
0.102411
0.341918
0.544259
0.996732
0.925973
1.764997
0.994519
0.822555
1.035942
0.105530
1.387621
0.195193
1.771533
1.268093
0.797204
1.315995
1.117965
1.231504
1.721013
1.720315
0.957967
0.633082
1.411320
0.398595
0.992844
1.743824
0.048278
1.691899
0.469421
1.749985
1.194309
1.279123
1.757280
1.239117
1.320411
1.577840
0.352390
0.389734
0.145797
0.589897
0.426186
0.917404
0.499265
0.694170
1.351518
0.159530
1.343080
0.462680
1.434109
1.767237
0.122126
1.669618
1.004946
1.205981
1.738675
1.683973
0.477396
1.773793
1.334766
0.188282
1.241913
0.358843
0.678685
0.462754
0.888660
0.182777
0.868750
0.577519
0.917035
0.363609
0.813103
0.861752
0.840592
0.331264
0.956170
0.525663
0.342114
0.510556
0.361796
1.673707
1.154458
0.912822
1.755730
0.919697
0.743117
1.775594
0.618958
1.299165
1.304754
0.976033
0.220940
0.190381
0.091476
0.085922
0.807042
0.957848
1.682232
1.757078
0.687628
0.699774
0.444890
1.497035
0.811285
0.349938
0.994207
1.070252
0.572373
1.775983
1.319097
1.157972
1.288600
0.136411
0.632644
0.572299
0.440216
0.973079
0.405789
0.800638
0.371778
1.444456
0.296293
0.469491
1.750200
1.207945
1.766865
1.081196
1.048380
0.766269
0.903067
1.766507
0.495088
1.635636
1.317554
0.899236
0.110961
0.056796
0.870164
0.279848
1.051935
0.215757
0.152541
1.344021
1.307063
1.246355
1.722713
0.606581
1.755232
0.394522
0.486080
1.771432
0.623997
0.290320
1.663057
0.931606
1.768982
1.741107
0.368453
1.745149
1.257193
1.382866
0.157045
0.868505
0.616400
0.196483
0.524944
1.220851
1.029277
1.026277
1.770028
0.697670
0.114155
0.166396
0.272855
0.541995
1.762852
0.489417
1.074407
1.759237
0.854972
0.149117
0.812275
1.771339
0.215326
1.289983
1.280993
0.536374
0.634372
1.463708
0.201534
0.699943
0.382074
0.142540
0.204271
0.533611
0.794335
0.069039
0.475212
1.753493
1.769073
1.229576
0.479136
1.770624
0.437716
0.502121
1.772484
0.496736
0.224235
0.345582
1.736538
1.307168
0.808512
1.732202
0.417344
0.979004
0.487390
0.586068
1.690800
0.762907
1.763924
0.289273
0.553331
0.449224
1.691234
0.661574
0.253406
0.174504
1.393849
0.948538
0.275124
0.239438
0.164948
0.817128
1.131354
1.041566
0.321095
0.185433
0.475894
0.047773
0.629305
1.409551
1.137411
1.041779
0.146877
0.157831
0.376320
0.287162
1.108048
1.764837
0.102286
0.409822
1.219369
1.050151
1.666230
1.534443
1.732512
1.343443
0.726691
1.746161
0.534710
1.351917
1.767514
0.936519
0.690522
1.320239
1.719699
0.432515
0.445460
1.764944
0.705027
1.565000
1.331415
0.795660
0.724378
0.701679
0.239783
0.083317
0.366591
0.114199
0.473217
0.275419
1.772141
0.171344
0.374845
1.280416
1.701296
0.294428
1.026081
0.253705
1.014579
0.488675
1.373721
1.337323
1.333366
0.913395
1.763302
0.832670
1.724508
0.786656
1.235541
0.333612
0.385898
0.156579
0.867719
0.821330
0.288296
0.289916
0.831552
1.321619
1.750718
0.679155
1.011813
0.859498
0.170277
1.342695
0.491046
0.652846
1.055122
0.670739
0.998390
1.743943
1.092327
1.223777
0.216005
0.519048
1.765478
1.251563
1.255785
1.767136
1.766896
1.732920
0.914458
1.772924
1.712792
0.304186
1.763892
0.866765
1.760511
0.164692
0.838357
1.150822
0.304334
0.862454
1.777486
0.378683
0.692593
0.895537
0.194699
1.386888
0.334851
0.261025
1.323759
0.101247
1.744401
1.094731
1.760387
1.757700
0.973694
1.333212
0.407346
0.963408
0.655809
1.773908
0.555852
1.379237
0.486039
1.706101
0.895522
1.288945
0.216167
1.268964
1.776716
0.199916
0.603910
0.500575
0.516286
1.339677
1.042368
0.183731
0.233534
1.765772
1.325244
0.524410
0.379030
0.606682
1.772598
1.001529
0.938220
1.769395
1.304274
0.526335
1.636778
0.139792
1.256344
1.775845
0.835456
1.256658
0.813640
0.239484
1.695405
1.758227
1.061769
1.352819
1.761167
1.731063
1.416958
1.400133
0.899824
1.448426
0.939395
1.316043
1.760840
1.390204
0.400129
1.313959
0.139489
1.315213
1.766050
0.358079
0.425513
1.278552
0.542001
0.497482
0.793900
1.756332
1.773081
1.338808
0.257628
0.450008
0.521466
0.887785
1.688277
0.840640
1.639497
0.425483
0.442920
0.629696
0.874127
1.296098
0.562802
1.759712
0.981141
0.721550
1.226209
0.279226
1.332573
1.522392
1.596994
1.263695
0.694683
1.306376
0.003639
1.112499
1.063902
1.313458
1.417400
0.651601
1.763210
0.999728
0.947608
1.309963
0.517117
0.955221
1.768663
1.759930
0.448598
0.445402
0.761635
1.470007
0.791010
0.582782
0.947821
1.095866
1.387204
1.062442
1.001146
1.041622
0.237310
0.929256
1.171113
1.321360
0.138498
1.354724
1.279606
1.453433
0.296584
0.676175
1.330713
1.758588
1.489764
0.536715
1.336226
0.255885
1.229115
0.470800
1.053446
0.890419
1.339135
1.024721
0.282295
1.774385
1.756458
1.771223
0.142449
1.068103
1.177952
0.305515
0.323889
0.296263
0.333130
1.744971
0.215461
1.385681
0.104602
0.375463
1.341219
0.881862
0.543946
1.706616
1.162554
1.756384
1.625148
0.240162
1.406243
1.111049
1.124978
0.049705
1.256541
0.820957
0.350062
1.094026
0.537658
1.768923
0.247405
1.004653
0.916733
0.178836
0.153449
1.081437
0.819759
1.767737
0.181687
1.075726
0.169940
0.695756
0.936974
1.029987
0.594734
1.763340
0.300218
0.926128
0.161901
1.737165
0.438892
1.649054
1.319865
1.036510
1.078329
1.763760
1.068143
1.322312
0.724751
1.769650
0.163170
0.824545
0.490576
1.008844
0.512089
0.391626
0.283549
1.262236
1.772258
1.336263
0.325573
1.761628
0.442219
1.039707
0.370646
1.325675
0.417009
1.661797
1.750616
1.021459
0.687428
1.106081
0.165744
0.170411
1.564434
0.040038
0.351877
1.772435
1.768479
0.234098
0.942225
1.036598
1.285139
1.321357
0.486491
0.192505
1.342118
0.803961
0.016347
0.317579
0.588676
0.210965
0.198686
0.153852
0.268755
0.503913
0.300401
0.403325
1.754073
1.226534
1.100278
0.935896
1.773660
1.391865
1.766675
0.166243
0.078727
0.648098
0.191140
0.787184
1.729761
1.621138
1.758373
0.510148
0.635170
0.952600
0.377166
1.156735
0.607350
0.936468
0.684564
0.311780
1.274017
1.344419
0.264452
0.948745
1.768067
0.379251
0.675137
1.735734
0.507324
1.042768
1.342150
0.707200
0.411027
0.212256
1.482993
0.781410
1.763958
1.755108
0.437175
1.170888
1.103523
0.054468
1.762745
1.717269
1.078310
1.765073
1.493930
1.748900
0.328437
1.613279
0.273214
1.665570
0.098940
1.336026
0.246466
0.941835
1.088827
1.303437
0.621845
0.411248
1.774435
0.285856
0.879168
0.997125
0.227485
1.775239
1.106826
1.761061
1.380449
0.314724
0.335770
1.767096
1.437860
0.438676
1.011930
0.623567
1.419563
1.743947
1.769258
0.605210
0.217981
1.091391
1.198521
0.313084
1.470407
0.211680
1.774562
1.326092
1.775837
1.754722
1.212681
0.977289
1.038488
0.785908
1.016650
0.177145
0.299927
0.459149
1.269669
0.276850
0.746837
0.926956
1.486103
1.269743
0.687093
1.742646
1.768079
0.265784
0.601435
0.950451
0.312435
1.323089
1.337735
1.761940
1.404960
0.987198
1.030497
1.684716
1.339596
1.018580
0.796476
1.761894
1.299303
1.765351
0.936517
0.817847
0.646623
0.290143
1.453387
0.751014
0.473341
1.386420
0.240209
0.837779
1.773189
0.702561
1.330992
0.377673
1.770911
1.749445
0.436059
1.765691
0.305361
0.444196
0.318199
0.330284
1.010703
0.847474
0.504288
0.542209
0.828453
0.244760
0.622392
1.408008
0.906742
0.934044
1.334438
0.071680
1.330612
1.768409
1.093084
1.740088
0.993091
1.336732
0.756471
0.075680
1.715484
0.661599
1.301069
1.770619
1.773958
1.759015
1.760888
1.755272
1.770718
0.722893
1.065654
0.916783
0.918767
1.767640
1.674062
0.716936
1.512023
0.425186
1.042945
0.598018
1.732032
0.898616
0.833420
0.541040
0.851477
1.709780
1.326615
1.306999
0.966222
0.946302
0.902045
1.762761
1.088399
1.318301
0.537031
0.190308
1.127777
1.072765
0.233821
1.125215
1.082241
1.054487
1.338380
1.600108
0.207018
1.772967
1.311143
1.201841
1.514771
1.335927
1.015885
0.214525
1.773400
1.331786
0.939268
1.136263
1.756067
1.340459
0.992784
0.096600
0.440674
0.197904
1.744442
1.050407
1.544927
1.127344
1.744222
1.247577
0.721909
1.336869
0.202022
0.519410
1.762194
1.704387
1.773204
0.790234
0.728325
0.368357
0.650465
0.322650
0.497035
1.326359
1.769384
1.184953
1.609466
0.037930
1.756668
1.737361
1.766414
0.919333
1.243263
1.693075
1.324375
0.461620
1.099917
0.175372
1.363149
1.037932
0.600872
0.875050
0.395537
1.328148
1.301769
1.770854
1.264287
1.336258
0.750032
1.709570
1.290428
0.208732
1.767024
1.744861
0.966987
0.675526
0.753569
0.457575
1.064348
1.470825
0.241152
1.234149
0.926615
1.341490
0.938572
0.497922
1.735830
1.136492
1.766141
0.875593
0.410648
1.183174
1.119656
1.759703
0.907325
0.196897
0.890030
0.739386
0.934186
0.477812
0.904482
1.768990
1.312497
1.366925
1.015892
0.437776
0.178309
1.227610
0.468871
0.550125
0.105195
0.480174
0.656707
1.132038
0.617913
1.696029
1.173395
1.047179
0.244505
1.208779
0.633213
1.454675
1.341519
1.769039
0.994434
0.687881
0.650368
1.281734
1.204954
1.668383
0.449359
1.325356
1.342137
1.759592
1.768625
1.336084
0.117343
0.916048
1.345629
0.484011
1.402767
1.308482
1.333158
1.757985
1.387429
1.751993
0.150814
0.938781
0.871645
1.293164
0.249981
1.285888
0.765095
1.765390
1.760922
1.478811
1.008767
1.774728
1.367594
1.162301
1.339287
0.695575
1.755654
1.254006
0.080802
0.902476
1.204267
0.568416
1.092279
0.569570
0.565265
1.261362
1.169982
0.270479
0.474563
1.768070
1.014273
1.343548
1.085881
0.419294
1.336557
0.122313
1.759406
1.761683
0.757832
1.033244
0.901920
1.622846
0.419662
0.053600
1.251855
1.057862
0.511925
1.329300
0.716971
1.218093
1.283095
0.164596
0.842695
0.596078
1.754237
1.771050
1.152033
0.831211
1.328356
0.762533
0.275988
0.945628
1.774601
1.753856
0.257603
1.773606
0.125389
1.002787
1.151642
1.343634
0.465924
1.668748
1.289259
0.916095
1.435544
1.660445
0.892420
1.405968
1.443351
0.928771
0.479369
1.524008
1.019547
1.156443
0.286039
1.189096
1.641626
0.540535
0.545879
1.715053
1.767634
0.259048
1.066844
0.864831
1.765879
1.238329
1.204110
1.161513
0.140544
1.652911
0.962615
0.711429
0.326796
0.709285
0.831089
1.634903
0.946578
1.752824
0.292858
1.245357
1.695771
0.047524
0.326197
1.741145
0.186725
1.137897
0.693008
0.477673
0.465233
1.737597
0.847551
0.904514
1.265442
1.337150
0.541288
1.073090
1.336582
0.390692
0.365245
1.171216
1.770315
0.562677
1.769699
1.751869
1.708531
0.236305
0.558461
1.735589
1.089612
0.469067
1.750750
0.422994
0.720600
1.385144
1.766806
1.046741
0.273692
0.931166
0.238725
0.191883
1.720067
0.121769
0.196552
1.763396
1.676236
1.281670
0.196447
0.183969
0.987850
0.546825
0.624731
0.248624
1.390233
0.909673
0.013806
1.047974
1.773025
1.773649
1.765975
1.752158
0.505736
0.877376
1.751143
1.258428
0.922529
1.756562
0.214429
1.739012
0.483078
1.116000
0.302943
1.317766
1.775025
0.691354
1.338772
1.363531
1.338734
1.774677
1.775611
1.181515
1.766895
1.754773
1.312516
1.355000
1.738256
0.111396
0.455856
1.025851
1.743414
1.621302
0.747423
1.332620
0.213773
1.221876
0.891940
0.637728
1.755214
1.278471
1.763131
1.339290
1.065017
0.179973
1.766155
1.772477
0.600502
0.257981
0.851019
0.974056
1.770040
1.728731
1.060432
1.288239
1.771989
1.051244
1.342562
1.759346
1.767260
1.010651
0.226543
1.292684
0.720329
1.757114
1.333641
1.306648
1.330525
1.754812
0.391565
1.079502
1.132224
0.192600
1.772675
1.767653
1.773038
1.767312
0.936688
1.774643
0.720432
0.509835
0.177994
1.311333
1.337520
1.345693
1.283221
1.353340
0.269041
1.760443
0.496133
1.098850
0.670604
1.442866
0.815297
0.249872
0.158012
0.159680
1.247561
0.869023
0.915120
1.331628
0.582844
1.250101
1.317487
1.005967
0.266452
0.989395
0.512130
1.736071
1.728482
1.410266
0.656662
1.503122
0.398266
0.278526
0.554467
0.858068
1.629008
0.134444
0.990080
0.172505
0.553418
1.125152
0.738630
1.657842
1.062148
1.299100
1.143572
1.261471
1.641480
0.728765
0.222974
1.561592
0.431869
1.115514
0.306555
0.855343
0.807213
1.349931
1.057374
0.363881
1.770423
0.495979
0.497239
1.763640
1.646383
1.752845
1.240480
1.154084
0.314840
0.291456
1.260706
0.741559
0.403190
0.183373
1.313927
1.456828
0.997641
0.794727
0.403272
1.073473
0.087279
1.249630
1.530462
1.330268
0.734965
0.631967
1.728615
0.788350
1.765176
0.457986
0.783329
0.826144
1.115409
0.821328
0.573442
1.331556
0.969643
1.771720
1.334102
1.334154
0.597157
1.575872
0.035406
0.405068
1.305579
1.763758
0.353668
1.078790
1.245742
0.315301
1.635832
1.307952
0.314725
0.710838
1.771656
1.295331
1.705194
0.841754
0.202594
0.967137
0.398390
0.743429
0.180159
0.580638
0.895059
1.722258
0.140664
1.019132
1.339795
0.912592
0.644144
1.281553
1.317397
1.334468
1.749242
0.299429
1.337624
0.901991
1.755253
0.517411
0.146924
0.848996
1.656347
1.213139
1.646755
1.318478
1.526352
1.344819
1.336882
0.225910
0.926737
0.932043
1.730385
0.793001
1.062711
0.366841
1.290735
1.326028
1.307147
1.113363
0.302981
0.516123
0.931756
0.661281
0.566306
1.320724
1.143691
0.121033
1.646321
1.285356
0.390545
0.892225
0.513951
0.397105
0.192973
0.490020
1.686198
0.821955
1.288666
1.768942
0.178212
0.110487
1.313853
1.167012
0.643084
1.351247
0.423507
0.391994
1.331728
1.760585
0.096367
1.331926
0.648719
1.170187
0.831750
1.769221
1.333219
0.508213
0.997466
0.323376
1.193979
0.525619
1.172739
1.720137
1.322954
1.770340
1.730480
0.272833
1.742476
0.601709
0.080627
1.756976
0.214209
0.358680
1.730510
0.257761
1.766150
1.728369
1.031777
0.281217
1.641218
0.173229
1.290333
0.200396
0.497075
1.320946
0.653107
1.765633
1.662616
1.534944
1.186471
0.206849
1.256505
0.236607
1.324504
1.252899
0.604614
1.770553
1.322375
1.520576
0.240100
1.229772
0.313550
1.008211
1.094098
1.521234
1.764669
0.803421
1.659363
1.152337
0.640589
0.914056
0.430552
1.773685
0.757909
0.089760
1.742729
1.003682
0.761639
0.751979
0.193591
1.232921
0.757507
1.325707
1.320403
0.254076
1.336468
1.025478
0.701148
0.192274
1.772931
1.342636
1.748473
0.398252
0.323215
0.202688
1.358504
1.744671
0.702249
1.768017
0.438807
0.198356
0.100412
0.123048
0.742743
1.541567
0.431249
0.201345
0.620068
0.565345
0.200306
1.763292
0.691789
0.333463
1.750721
1.473634
1.235790
1.370987
1.769123
1.762019
1.124372
1.672724
1.318474
1.520060
0.818669
1.403130
1.087453
