0.788868
0.736081
1.700760
0.199352
0.452876
1.768574
0.256260
1.701670
1.076242
0.625328
0.302229
1.777356
1.468327
0.150372
0.940106
1.009717
1.773578
0.277192
1.137197
1.474778
1.397306
1.116196
1.783387
0.827867
0.668748
1.381941
0.209207
1.387029
1.671302
1.107222
0.914167
1.318192
1.094292
0.643132
1.099221
1.039948
1.388408
1.608069
0.280535
0.767483
1.738477
0.530765
1.048417
1.382612
0.921999
0.452495
0.156665
1.106685
0.244484
1.386185
0.676083
1.772415
1.390488
1.103184
0.825740
0.666846
0.119644
0.212054
1.253570
0.877293
1.780914
0.375413
0.414806
0.460934
1.397735
0.172533
0.256762
0.578854
1.272282
0.173006
0.244357
1.777236
1.374926
0.077525
0.114255
0.475272
1.061049
1.461979
0.410561
1.769519
0.668269
1.089074
0.596694
1.768531
0.208161
1.065177
1.144607
1.765086
1.351582
0.110929
1.202044
0.425563
1.096339
1.397545
0.211738
0.079924
1.387121
0.944294
0.224618
0.379002
1.108824
0.716934
1.316846
0.335918
1.783428
0.581176
1.773211
1.392895
1.582118
1.344259
1.197462
0.473172
0.167251
1.776248
0.636149
1.189391
1.358770
1.400298
0.291173
1.780327
0.577622
1.375076
1.771310
0.707900
1.082062
1.140914
0.139367
0.691571
0.272396
0.165497
1.646727
1.121353
0.716606
1.177191
1.773468
1.359144
1.389057
0.587490
0.736754
1.179413
0.848479
0.436146
0.135074
1.098902
1.116206
0.887125
1.348233
0.220056
1.779735
0.329553
1.367020
0.508929
0.908841
1.779992
0.404289
0.968559
0.634877
1.750386
0.345280
0.049520
1.573198
0.276126
1.783051
1.394288
1.779050
0.076909
1.766500
1.763870
1.378276
0.491207
0.678149
1.099295
1.384587
0.577010
0.147547
0.887040
0.165011
1.777229
1.402878
1.621600
1.541465
1.776533
1.229156
1.314129
1.393559
0.823942
0.528381
1.364147
1.344579
0.707422
1.388749
0.697421
1.103108
1.195148
1.779429
1.778230
1.118026
1.773706
0.099480
1.779631
0.136885
1.781347
0.431744
1.284541
0.252196
0.228247
1.119053
1.106535
1.370488
0.561448
0.449687
1.674815
1.778624
0.439775
1.095481
1.029445
0.339049
0.160179
0.588516
0.696929
1.735702
0.822995
1.643870
0.716054
1.716557
0.311731
0.242257
1.664915
1.724584
1.518939
0.234658
1.773824
0.511134
0.509527
1.102455
0.425475
1.072232
0.232597
0.640226
0.235317
1.733252
1.625680
1.088000
1.709105
1.119908
1.241650
0.200181
0.735951
0.776523
0.298688
1.781716
0.344349
1.362954
0.815143
0.388310
0.637963
1.046164
1.401684
0.469870
1.375817
0.120495
0.659299
1.106977
1.275582
1.105162
0.689683
1.359249
1.074577
1.777255
1.404669
1.396024
1.273397
0.781750
1.385051
0.112975
0.833647
0.446539
1.120794
0.342808
1.305487
0.288047
0.285891
0.555430
1.765451
1.366893
1.751670
0.170238
0.909466
0.725428
0.999004
1.759161
1.400749
0.452865
0.201794
0.569499
0.848142
0.873098
0.744838
1.757850
0.567167
1.734970
1.186258
1.774829
1.478391
0.049626
0.650166
0.842136
0.234441
1.702322
0.869163
1.205101
1.455385
0.215659
1.118988
1.712279
1.763268
0.324564
0.862244
1.025042
0.540552
0.078282
1.770239
0.150859
0.174624
0.811905
0.373686
1.398667
0.484021
1.501842
0.219967
1.780672
1.413775
0.245885
1.297615
1.245890
1.776736
0.621320
1.568001
0.615439
1.106646
0.640405
0.563662
1.712153
1.769412
0.586601
0.295132
1.102325
1.775205
0.327800
0.886959
0.598845
1.023582
0.000000
0.484773
0.789751
1.180668
1.705390
1.778298
0.894116
0.697605
0.367467
0.852732
0.000000
1.098161
0.117729
1.780874
1.020595
0.245969
0.153474
0.255870
1.778066
0.880032
0.242367
0.175010
1.390062
0.632282
0.743823
1.529801
1.385512
0.057024
1.082417
0.667049
1.755633
1.114889
0.095618
1.762025
1.780058
1.737371
0.294241
0.991916
0.486513
0.420046
0.289890
1.382821
1.678494
1.767351
0.428816
1.272343
0.493596
1.369255
0.540450
1.334720
1.292764
1.134942
1.404762
1.100306
1.613744
0.857227
1.381009
0.689169
0.211441
1.783896
1.783232
0.396424
0.288031
0.932007
1.767704
0.164553
0.108276
1.396029
1.769415
1.387263
1.179493
1.052401
1.127324
0.518363
1.780809
0.573817
1.497095
0.427275
1.276007
1.108490
0.816178
1.262081
0.393682
1.739087
0.158605
0.859285
0.812123
0.770409
1.365763
1.395821
0.117396
1.355251
1.591473
0.347492
0.141957
0.794092
0.524698
0.741005
1.421404
1.747810
0.502500
1.714542
1.572327
0.153614
0.173502
1.494594
1.177184
1.393333
1.221650
1.780156
0.151055
0.228576
0.186725
0.618302
1.047188
1.098024
1.113087
1.406722
1.103641
0.135097
0.208039
0.864250
0.656819
1.749389
1.397239
0.306943
1.345166
1.391358
1.758128
0.610666
0.429101
0.117185
0.645445
0.884547
0.426505
1.109301
1.769465
1.770630
1.407981
1.103083
0.911090
1.480357
0.884243
0.299719
0.795575
0.737704
1.263406
0.275740
1.722561
1.048053
0.797815
1.735481
0.638987
1.458431
0.674452
0.476938
1.401686
0.895448
0.612377
1.107741
1.779641
1.392660
1.781186
0.982135
1.762590
1.095284
0.316438
0.627208
0.859980
0.944068
1.361934
0.867752
1.782219
1.781673
0.260154
1.567351
1.402667
1.771240
0.456763
1.778758
0.243757
1.326302
0.458538
0.120347
0.629876
1.770049
0.258332
1.355114
1.165442
1.298634
0.945547
0.838709
0.902662
1.781420
1.312312
0.289518
0.876450
0.147920
1.769347
1.160537
0.904186
1.337951
1.376414
1.134074
0.474397
0.614610
0.821147
0.859762
0.694421
0.950399
0.326065
0.034546
1.383930
1.153420
1.766561
0.798413
1.777819
1.084465
1.150885
0.016187
0.218707
1.389395
1.327635
1.159227
1.393906
1.759938
1.774111
1.525635
1.775056
1.691835
1.113169
0.410449
1.783580
1.404225
0.582481
1.783155
0.089565
1.778251
1.401606
0.337521
1.663852
0.823055
1.135990
1.784462
0.645236
0.294390
1.367698
0.496413
1.780453
0.167418
0.395361
1.238825
0.240755
0.171016
0.280001
1.031019
1.776548
0.911649
0.088790
0.412641
1.112263
1.777705
0.051395
0.523706
0.930041
0.599349
0.054313
0.255029
1.778451
1.637169
0.240522
0.877524
1.649247
0.319529
1.408369
1.397510
1.088441
0.642047
0.420575
0.423622
1.095454
1.364541
1.003479
0.121482
0.152476
1.218034
1.412524
1.701491
0.364997
1.675058
0.984170
0.767047
1.501661
0.128939
1.017064
0.459898
0.469073
0.218854
0.402140
1.383915
1.780362
0.282645
1.725437
0.629432
0.960359
0.230992
1.777553
0.627740
1.777541
0.720636
1.774407
1.744933
1.156659
1.381049
1.776793
0.193228
0.337879
0.123283
0.162454
0.379182
0.603873
0.820481
1.606161
0.106057
1.111841
0.435740
0.068354
1.779892
0.660803
1.771347
0.500111
1.169868
0.007942
1.401589
0.095573
1.776424
0.734969
1.768696
1.389778
1.771904
1.282763
1.104100
1.698210
1.350648
1.778080
0.796491
1.781559
1.581505
0.830658
1.690910
0.197702
0.288513
1.156710
1.694071
0.102690
1.383368
1.392057
0.522628
1.781415
1.118747
1.778342
0.219542
1.309842
1.115827
0.400322
0.721602
1.028310
1.777755
0.182874
1.779249
1.099159
1.766284
1.754722
0.959385
1.681318
1.107583
0.228505
1.782426
1.452940
1.780450
1.686152
0.189421
1.735086
1.081503
1.373819
1.773528
0.438807
1.311028
0.899732
1.389129
0.207222
1.766038
1.198237
1.388767
0.213296
1.779312
0.394934
1.323358
1.055131
0.440666
0.594217
0.846278
1.398734
1.299987
0.979608
1.392555
0.529038
0.358211
0.360664
0.549900
1.373268
0.504551
0.346333
1.384680
1.368763
1.352854
0.280304
0.294686
1.345983
0.502237
0.944302
1.775584
0.137017
0.359699
1.779971
0.492528
1.345644
1.775202
1.784564
0.273497
1.780437
1.293708
0.100096
0.970188
0.427333
1.477105
1.365645
0.176279
0.837867
0.244882
0.350009
1.391656
0.162439
1.159368
1.096657
1.778246
0.941879
0.191676
0.329750
0.512862
0.671238
0.871308
0.000000
0.141398
1.720433
0.221402
0.265768
1.473657
1.344115
0.499080
0.323463
0.480543
1.232116
1.701743
0.772489
0.346347
1.600472
0.306028
1.445456
1.757301
1.071250
0.886673
0.467553
0.152037
0.259483
0.867542
1.751743
0.116423
1.770900
1.772849
1.180016
1.378451
0.674569
1.094039
0.804164
0.301449
1.779358
1.392599
0.128533
1.388419
1.391330
0.298525
0.822470
1.100392
0.664841
1.101019
0.608393
0.674087
0.317030
0.644999
1.106734
0.272836
1.747844
1.772887
1.773812
0.739732
0.375257
0.859323
1.778906
0.454629
1.420997
1.774912
1.327401
1.368103
1.392619
0.884383
0.331401
0.287786
1.419213
0.833684
1.418000
0.493653
1.113790
1.652303
1.362817
0.420492
1.771878
1.610753
0.271170
0.554552
1.777071
1.373962
0.324988
0.596182
1.637227
0.470895
1.101345
0.472700
1.302678
0.565351
0.183449
0.803629
0.858895
0.386103
1.106712
0.080503
0.235257
0.918905
0.374492
0.066392
1.782647
0.396378
1.117006
1.402843
1.773317
1.772501
1.383734
1.220062
1.446900
0.659384
0.571522
0.298847
0.219066
1.110049
1.283572
1.404779
0.259705
0.568380
0.655720
1.765848
0.799417
1.780403
0.732277
0.245397
0.756859
1.356497
1.155334
1.369334
0.882445
1.615981
1.780017
1.733997
1.724785
0.923447
1.780217
0.590259
1.539177
0.263139
1.776622
1.116824
1.774552
0.789961
1.741254
1.375184
0.340238
1.734721
0.401675
0.363418
0.794456
0.432510
1.103685
1.380143
1.767275
0.607816
0.121145
0.977927
0.764951
0.337148
0.079407
1.419094
0.581372
0.156981
1.369787
1.018474
1.373830
0.359328
1.218680
1.671452
0.725322
0.563629
0.948400
1.210014
0.969848
1.374836
1.779756
1.782734
1.143518
0.409641
0.810252
0.345799
0.232450
0.123344
1.020271
1.768389
1.100365
1.098336
0.320621
0.780957
0.453362
0.249130
1.385354
1.780467
0.436836
0.937985
1.772827
0.556333
1.106308
1.782057
1.336071
0.457247
1.371621
1.104900
1.129631
1.779440
0.314913
0.646832
0.363431
0.582476
0.406164
0.810135
1.359239
0.182666
0.523855
0.345615
1.000450
0.196556
1.187811
1.119184
0.722053
0.706037
1.769731
1.718992
1.168818
0.918114
0.495041
1.396769
1.126192
0.391662
0.794401
1.771772
0.811320
0.464926
1.769413
0.530622
0.654464
1.492220
0.221528
0.762268
1.125965
1.767986
0.481297
0.078533
0.429910
0.030935
0.523148
0.658845
0.130658
0.184097
0.561871
1.578294
1.363032
0.477182
0.877090
0.772925
1.261844
1.776781
1.384223
0.877397
0.616158
1.754378
1.460746
0.266736
1.778959
1.007468
1.092776
0.525464
0.171630
0.313175
0.387638
0.014828
1.390501
1.657837
0.327437
0.863294
1.730085
0.304540
1.491824
1.098842
1.192861
0.919436
0.993883
0.420036
0.889717
0.099206
0.635052
0.425633
0.378440
0.055106
0.269382
0.705166
0.634156
0.415889
1.783779
0.869233
1.381727
1.388770
1.768124
0.420479
1.772204
0.555782
0.170398
0.363151
1.773625
1.677926
1.124752
0.874237
0.908280
0.561695
0.872537
1.077766
1.085772
1.776966
0.674135
0.275443
1.138864
1.762927
0.754259
0.096845
1.180207
0.770381
1.771240
1.778633
1.384993
0.210828
1.370623
0.782392
1.090516
1.781280
0.146911
1.773536
0.179480
0.772622
1.689882
0.306087
0.859904
0.586756
0.361210
0.515233
1.136765
0.574685
0.520045
1.249337
0.248225
1.435673
1.389763
1.126424
0.316546
0.879169
1.733973
1.781612
1.344058
0.871842
1.309191
0.496254
1.773222
1.779522
0.236928
0.260405
1.776590
1.113387
0.875084
0.479291
0.459151
1.387646
0.649311
0.126282
0.485168
1.245669
1.780821
0.217208
0.811295
0.638814
0.164087
0.409758
0.216053
0.193304
1.408033
0.918851
0.138883
1.383942
0.894899
1.759294
1.768152
1.131371
0.465983
1.329303
0.888079
0.786170
0.938695
0.473706
0.772793
0.737318
1.112496
1.433968
1.371312
0.896018
0.138459
0.807243
0.889303
0.584613
1.000485
0.322119
1.051686
1.442488
1.773768
1.484443
1.399423
0.784140
1.775191
1.781002
0.285883
0.182615
0.298372
1.763187
1.526217
1.113313
0.929348
1.708648
1.762629
0.121043
1.475787
0.500065
0.968675
0.149708
1.779129
1.379502
1.240636
0.439261
1.378090
1.385443
1.105952
1.305160
1.390407
1.170444
1.767144
0.637934
0.258597
0.235497
1.387768
1.141042
1.699352
0.365058
1.771946
1.352561
1.718029
1.276228
1.764102
1.578379
1.264488
1.260340
0.122897
0.248338
0.180385
1.393466
1.777138
1.780288
1.778781
0.046298
1.106606
0.505503
0.797219
1.113549
0.607010
0.652552
1.104334
1.494451
0.223091
0.611132
0.565714
1.773672
1.675414
1.116490
0.926708
0.834895
1.445925
1.761273
0.494502
1.367094
1.307278
1.781944
0.360987
0.163191
1.484897
1.086257
0.169128
0.096629
0.940870
0.555567
0.699674
0.088367
0.914957
1.112704
1.753441
1.334105
1.153072
0.930397
0.194831
0.765395
0.232349
1.101118
1.122623
0.773629
0.884202
1.774018
1.742039
0.374416
1.557220
0.727557
0.075975
0.587636
0.362361
1.750144
1.767282
0.205864
0.359515
0.697406
0.215695
1.083406
0.709681
1.394751
1.778774
0.564983
1.361061
1.777721
1.767229
0.728490
1.110466
0.482502
0.291709
0.238738
0.228653
0.871746
0.636750
0.866256
1.765460
1.768328
1.404173
0.236374
0.735555
0.655461
0.421010
0.453744
0.631795
0.151007
1.782686
0.651418
1.349230
0.628527
1.367477
0.754914
1.760663
1.682126
0.183063
1.747827
1.779346
1.407231
0.785416
1.045293
0.823988
1.250832
0.746218
0.331497
0.549775
1.783562
1.774250
0.965761
1.690930
1.385889
0.625822
1.094931
1.778031
1.054148
0.536234
0.844137
0.013561
0.619428
0.281239
1.774480
1.775837
0.212337
1.091879
1.778853
0.468033
0.289554
0.210793
1.338899
0.700417
0.343400
1.222417
1.762720
0.642833
1.044826
1.366124
0.271479
0.124131
0.493914
0.472242
0.215580
0.340116
0.775745
1.395737
1.255488
1.780432
0.425575
0.643286
1.290649
0.362770
0.622589
0.174949
1.703352
0.236154
0.195716
0.801849
0.376604
1.313101
1.727210
1.463067
1.008422
1.034113
1.694086
0.415409
0.550723
1.370009
1.783596
0.550258
0.703876
0.368504
1.127802
1.390334
0.877009
0.417256
0.071632
0.247868
1.410513
1.782551
1.772073
0.315761
1.456192
0.956926
1.104807
1.670610
0.764554
1.777509
0.299252
1.637343
1.101108
1.426575
1.776589
0.712982
0.805219
1.135939
1.390309
1.395372
1.377995
1.255843
0.826017
0.442043
1.393270
0.221696
1.196394
0.394806
1.392617
1.070927
0.196939
0.422374
0.520128
0.739243
1.779188
1.370212
1.749936
1.115365
0.635703
0.641345
1.774917
1.773427
0.912349
0.124220
1.774997
0.948430
0.568444
0.229483
0.685366
1.384638
1.779710
0.890178
0.365454
0.944117
1.227076
1.621154
0.646987
1.735755
1.765502
1.295994
0.465418
0.413406
1.772041
1.564114
1.367841
0.328101
1.750340
1.363299
1.182189
0.357009
1.774783
1.146347
0.850885
0.270963
0.128231
0.783361
0.894710
0.959365
1.676518
0.777401
1.770185
1.121656
0.169019
1.311968
1.778629
0.443675
0.288156
0.633064
1.189771
0.087579
1.539881
0.907276
0.977087
1.103629
0.760512
1.754979
1.698784
1.088205
0.619637
0.219075
1.782871
1.345078
0.454711
1.240696
1.486687
0.173688
0.946778
0.482265
0.477569
0.844898
1.105722
1.172630
0.103925
1.771282
0.632022
1.783341
0.794407
1.388551
1.106804
1.159405
1.682230
1.014008
0.331960
1.389998
1.359862
1.303282
0.525323
0.332427
1.064299
0.125755
0.861896
1.088291
1.567508
1.367257
1.628225
0.765376
1.367630
0.216141
1.062521
0.937910
0.276450
0.121311
1.076317
0.861411
1.153746
0.376651
0.698368
0.249921
1.784173
0.676733
0.458184
0.334136
0.667211
0.166951
0.816963
0.334561
1.178178
0.333556
0.289731
1.139937
0.759786
0.191563
1.356748
1.118118
0.639458
0.233874
1.027994
0.335815
0.857909
0.229704
1.733373
1.337621
0.165535
0.274797
0.254227
0.000000
0.366058
0.420931
1.338365
1.757056
0.263120
1.778359
0.297690
0.274383
0.785354
0.116438
1.101843
1.046105
1.026961
0.347064
0.533779
1.388095
0.347325
0.340342
0.244222
1.777807
1.383786
1.000754
0.470328
1.150138
1.105150
1.115858
1.742734
1.130326
0.159122
0.529223
1.733079
1.138191
1.391670
1.735350
1.714768
0.147768
0.400390
1.377720
1.756793
1.410343
1.269506
1.596548
0.749600
0.692729
0.862281
1.282394
0.274502
1.558104
1.328526
0.728617
1.418115
0.812435
0.286521
1.182463
0.802484
0.118481
1.777236
1.221219
1.166333
1.751440
1.764244
0.614213
1.381699
1.106668
0.214994
0.177652
0.610904
0.970595
0.401612
1.390718
1.783143
0.786933
1.386577
0.225947
1.104486
0.749804
1.783467
1.443330
1.775861
1.343087
1.161305
0.951752
1.108516
1.229862
0.973579
0.874335
1.384255
1.776437
1.366939
1.707971
0.554236
1.026937
0.257508
1.392902
0.964732
1.780370
1.765148
1.706009
0.372934
0.501072
1.781421
0.876756
0.895417
1.390730
1.780859
1.781049
0.269530
0.409574
0.305301
1.775338
1.376239
0.888995
1.778022
1.782513
1.718796
1.104990
0.176489
1.759718
0.886151
1.174072
1.777135
1.773912
0.249710
0.180712
1.775250
1.767516
1.770459
1.348351
0.157067
1.385740
1.633614
0.579306
0.872992
1.434590
1.390183
1.355381
0.190777
0.109488
0.087539
1.346583
0.816906
0.964426
1.235438
1.761587
1.322828
0.162407
0.789850
1.390057
0.428024
1.371597
0.178503
1.472633
1.252545
0.726532
1.777251
0.124162
1.772853
0.224070
0.648389
1.361957
0.653802
0.183670
1.391219
1.520021
0.533344
1.332455
1.390653
0.179514
1.777448
1.541734
0.514664
1.117926
0.183185
1.125926
0.523747
0.310825
0.945162
1.067634
1.027224
1.758050
0.472866
0.644793
1.389436
1.374202
1.388785
1.696662
0.776893
1.015065
0.666304
0.264503
0.930720
0.990738
1.368553
0.019408
0.460589
1.684540
0.571259
0.200991
1.736464
1.777581
1.758859
1.380745
0.390744
1.359618
1.258145
1.383521
1.720243
1.178030
0.927946
0.579735
0.308573
0.227294
1.046235
0.364043
0.889411
1.778540
0.904740
1.771517
0.841867
0.302755
0.503083
0.442129
1.625274
1.773861
1.133610
1.459161
1.371764
0.733928
0.679687
0.096174
1.127942
0.832683
1.768695
1.119046
1.394414
0.921566
1.169423
0.068726
1.625516
1.782815
0.147884
1.737363
0.341269
0.678619
0.312530
0.386310
1.362239
0.564140
0.752644
1.231115
1.587985
0.289652
1.770462
1.781310
1.636970
0.612814
0.413432
0.282371
1.118396
0.102200
1.106285
0.085636
1.364623
1.370062
1.395484
0.679561
0.477563
0.007681
1.780250
1.649693
1.408578
0.603480
1.770195
1.130784
0.326180
0.866525
1.551704
0.653229
1.587637
1.480871
0.340839
0.204219
0.243549
0.272389
0.205818
0.642410
0.572260
0.467258
0.220639
1.759612
0.140924
0.915514
1.759770
1.299562
1.116435
1.717591
1.292571
1.129260
1.134536
0.568626
0.808785
1.777102
0.482123
1.087211
0.089239
1.373329
1.754967
1.146105
1.107440
0.989913
1.777997
1.781637
1.110427
0.802190
1.773508
1.077042
0.350639
0.642722
1.544626
1.781345
1.689384
1.404033
1.323224
0.553669
0.291800
1.305685
0.102814
1.387365
1.314354
0.520590
0.027098
0.912531
1.056187
0.528265
0.766501
0.908197
0.365236
0.392020
0.746164
1.717945
1.152729
0.419785
0.726743
1.761068
0.114713
1.726012
1.324711
1.072991
0.306795
0.324825
1.113901
1.364629
1.327187
0.806867
1.175482
1.782958
0.820303
1.756231
1.417206
1.387888
0.198691
1.763281
0.880876
1.773456
1.373871
0.907265
0.596782
1.767478
0.876597
1.773822
0.381241
0.347507
1.754454
0.251681
1.288428
0.428316
1.327507
0.185641
1.776256
1.110033
1.489176
1.560650
1.399352
1.388175
0.109002
1.761588
0.240491
0.652596
1.094257
0.397212
1.781571
0.390575
1.777533
1.281713
0.618752
1.757095
0.542224
0.763109
0.530271
1.777776
1.369479
1.053481
1.123765
1.097995
0.474566
0.270707
1.771944
1.389622
0.247393
0.208795
0.183300
1.782633
0.476723
1.708256
0.717510
0.207692
0.451799
1.781228
0.063922
1.317322
1.210121
0.925870
0.693503
1.314334
1.747263
0.802755
0.491676
1.392550
0.706944
0.192687
0.489570
0.601043
0.542322
0.707471
0.537192
0.760258
0.417627
0.826833
0.761205
1.101088
0.290735
1.425690
0.858448
0.849005
0.297519
1.779685
1.780217
1.268417
0.424899
0.380435
0.591219
1.417348
0.268668
0.272661
1.393809
1.360847
1.107260
0.675951
0.964139
0.391001
0.187641
0.263876
1.112661
0.816410
0.863181
0.286321
1.386445
1.779007
1.783083
1.670375
0.132669
1.087276
0.152386
0.603888
1.747170
1.762753
0.513652
0.547882
1.390279
0.486966
0.662701
1.590394
1.769881
1.372430
1.354338
1.202749
0.625957
0.754621
1.084663
1.196490
1.413177
1.754206
1.778914
0.802423
0.144686
0.576603
1.763963
1.007705
0.934507
1.780704
0.801389
0.844965
1.312777
1.764610
1.725149
0.852374
0.341174
1.087338
1.743723
0.416035
0.379878
1.477331
1.455582
0.109015
1.103106
0.368356
0.598679
0.801322
1.780914
0.928877
0.281880
0.785664
0.456406
1.768346
1.242314
1.777981
0.798003
1.064465
0.295463
0.880243
0.932624
0.920331
1.728437
1.711855
0.885627
1.605762
1.030832
1.155365
0.834703
0.252748
1.107526
1.704812
0.840251
0.724695
1.405404
0.725935
1.112839
1.745508
1.083618
1.536902
1.373365
0.493243
0.234336
1.309799
1.089055
0.401856
1.619322
0.760997
1.392629
1.141158
0.600280
0.147038
1.392197
1.596373
1.341065
1.386367
1.061360
1.460105
1.773605
0.151110
0.171486
0.905300
1.778126
0.805478
0.101550
1.380836
0.455731
1.390058
1.766175
1.336050
0.721694
1.121024
1.777818
0.820020
1.140351
0.056492
1.066728
0.347944
1.141714
1.052510
1.348332
0.451612
1.618245
1.592324
1.774460
0.880626
0.000394
0.267294
1.780607
1.775297
0.397496
0.073381
0.822284
0.523430
0.319777
0.144689
1.542936
0.895695
1.407166
0.329854
1.370652
0.185535
1.779779
0.702989
1.268052
0.301519
0.341019
1.103552
1.769023
0.516264
1.777830
1.085744
1.763674
0.851913
0.828668
0.173607
0.278954
0.264580
1.258610
1.536111
0.294721
1.781775
1.780693
1.765211
1.774753
0.293489
1.386745
1.766886
0.631901
0.233484
1.781240
1.304003
1.379452
1.739339
0.352029
0.752231
1.710526
1.778973
1.771426
0.759861
0.444464
0.202780
1.772983
0.790381
0.771972
1.774477
0.862732
1.109538
0.454803
0.624247
0.869540
0.821748
1.373505
0.212693
0.833192
0.567105
1.152776
1.335884
1.542827
1.376806
0.837555
1.774265
1.778566
0.334302
0.437689
1.105658
1.128226
0.257947
0.664681
0.359380
0.485926
0.515575
1.101984
1.225926
1.778200
0.837040
1.774950
0.658353
1.166215
1.778668
1.397994
0.215448
1.768053
1.380876
0.100898
1.779408
1.137705
0.350928
0.398815
1.108276
0.387810
0.351132
1.383634
0.885022
0.469778
0.114520
0.367256
0.099247
0.265890
0.476403
0.306258
1.738298
1.386158
1.782017
0.546444
0.590383
1.761994
0.743623
1.746487
1.708775
0.812552
1.386969
0.365466
0.195742
1.742852
1.065981
1.776738
0.803195
1.178007
1.317349
1.781358
0.520373
0.589426
1.438632
0.944909
0.292452
0.345658
1.404026
1.750319
1.395265
1.768978
0.637994
1.779216
0.948993
1.692873
1.574211
0.785159
1.113723
1.757715
1.103251
0.564553
0.303657
0.192168
0.049525
1.091491
0.581629
1.780469
0.243696
0.238740
0.471558
0.850665
1.097643
1.686812
0.913204
0.384401
0.636101
1.776184
1.773572
1.780620
0.648006
1.398473
1.460588
0.572064
0.504566
0.294130
0.759073
0.764036
0.302171
0.908954
0.144089
0.144620
0.278200
0.713822
1.374339
1.394337
1.104315
0.894287
1.780659
1.053266
0.377723
1.410803
1.782647
0.192672
1.148391
0.888919
1.779299
0.390596
0.900854
0.970006
0.408465
0.074460
0.423992
0.575616
0.825918
0.914209
0.158236
1.116741
0.131016
0.703139
0.056467
1.068929
1.258889
0.814866
0.235084
0.131204
0.103089
0.153086
1.014601
0.729965
1.390682
1.202594
1.387755
1.368974
1.618655
1.195708
1.154310
0.278527
1.295257
1.043708
0.726123
1.107460
0.360984
1.374335
1.601612
0.469773
0.645078
0.517879
1.771248
0.070337
1.774087
1.365314
0.939968
1.402242
1.101707
0.865951
0.447252
0.885567
1.317142
1.246505
1.743803
0.870127
1.595682
0.676674
0.996140
1.107665
1.514031
0.705563
0.233169
1.781039
0.333742
0.186789
0.310382
1.778690
0.787209
1.774276
1.703435
0.885434
1.782951
0.950433
1.214422
1.085442
0.132085
0.587545
0.652777
1.113742
0.223671
1.262026
0.685504
0.134394
1.779733
0.099072
0.639598
0.335888
0.532116
1.391147
0.835546
1.264582
0.932027
1.101505
0.584094
0.854915
1.248397
0.340697
0.709015
1.108257
0.052595
0.850190
0.311432
0.135400
0.885608
0.463744
1.385973
1.383537
1.650959
0.953176
0.111237
0.170493
0.571536
1.391378
0.382983
1.008540
1.368270
1.391809
1.778346
0.760191
1.038434
1.773846
1.356031
0.204081
1.107323
0.486584
0.625152
0.509434
1.547786
1.388881
0.737180
1.596001
0.096081
0.230578
0.191648
0.353916
1.392862
0.594146
1.765204
0.459187
1.316127
0.406168
1.147612
0.582421
0.901686
0.827129
0.898571
0.162201
1.772643
0.457507
0.232860
1.348317
0.229555
0.162491
1.751081
0.476455
0.315854
0.227804
0.847063
1.777084
1.102935
0.270282
1.381340
0.256328
0.140996
1.007948
1.761799
0.259662
0.637489
1.560420
1.759862
1.389343
0.330732
0.677776
1.763192
0.259099
1.752947
1.784001
0.876581
0.898532
1.341758
1.763335
0.880753
0.013324
0.239232
1.763011
0.475394
0.404833
1.345642
0.309690
1.781452
0.288224
1.359715
0.954521
0.727795
0.159596
0.129037
0.801842
1.103414
0.829696
0.872113
1.100423
1.775749
1.610858
0.223811
1.773288
1.776803
1.761229
1.399745
0.757772
1.394759
1.437869
1.372505
0.391915
1.392044
1.383849
1.765962
1.221468
0.720734
0.301988
1.121833
0.725881
1.393947
0.241551
1.688377
0.735510
1.777595
1.339656
1.085106
1.377932
1.075362
1.383936
1.392688
1.111064
0.256973
1.020341
1.130820
0.127337
1.759311
0.807045
1.778291
0.159300
1.129334
0.091562
0.170269
0.263453
1.779545
1.712262
1.776294
1.512052
0.072610
0.688676
1.104523
1.120820
1.131035
0.518204
1.772534
1.389021
0.384980
1.107924
1.743194
0.569739
0.391181
0.108946
1.293309
1.758144
1.100386
1.781127
0.269513
0.714156
1.178943
1.302050
1.330981
0.343632
0.641775
1.118886
0.065723
0.771116
0.174219
0.505812
0.900996
1.369890
1.225905
0.818305
1.753062
1.729729
1.773161
0.171806
1.765354
0.315246
0.480018
1.363508
0.551405
0.419504
0.133128
0.884765
1.779592
0.263761
0.534686
1.779696
0.170936
0.410980
0.836917
1.324632
0.380787
1.781045
1.163453
0.294543
0.833789
0.000000
0.699075
1.054904
1.378934
0.666295
0.156333
1.758835
0.074975
0.257140
0.484164
1.404335
0.476210
1.751168
0.786046
1.101425
0.104547
0.119761
1.556020
1.326647
1.250934
1.763350
1.769449
0.112666
1.749605
0.647186
1.109785
1.107009
0.761786
1.396691
0.822489
0.622294
1.389859
0.240528
1.107406
0.891491
1.332669
1.477236
1.241320
1.778536
1.783379
1.057616
0.611613
0.893815
0.268898
1.776787
1.776634
1.153151
1.778118
1.767980
0.964113
1.778528
1.558512
0.441532
0.686523
0.912369
1.378900
1.758278
0.178489
0.233673
0.983647
0.450920
1.768371
1.779802
1.753571
1.601114
0.519122
1.780919
1.417042
0.318153
1.770710
1.320568
1.375145
1.377241
0.323749
0.027921
1.394844
1.768308
1.262227
0.410073
0.432407
0.328375
0.523477
1.400229
1.758275
1.413543
0.409006
1.389959
0.601508
1.385753
0.386719
0.462715
0.839892
0.314224
0.559274
0.178701
0.199091
1.772347
0.472075
0.190853
0.734161
0.230528
0.815268
0.323965
0.225318
0.864406
0.865549
1.385196
1.336392
1.085788
0.847560
0.834152
1.580331
0.691035
1.779211
1.325618
0.304296
1.782141
0.832259
1.246955
1.768231
0.397291
1.289980
0.174472
0.782996
0.548524
1.773779
1.318328
0.900668
0.527548
0.688465
1.781353
0.749013
0.160807
1.108067
0.603675
1.778297
1.689805
0.098915
1.249402
0.950884
0.199442
1.321137
0.155076
1.360450
1.394069
1.774019
1.392848
1.388109
1.763357
1.766812
1.723210
0.216999
0.501696
1.776281
1.565422
0.224666
0.971429
1.053153
0.289095
1.390613
0.137386
1.133945
0.328176
1.773776
1.106013
1.358515
0.348948
1.216899
1.718539
1.148515
0.720134
0.170644
1.684825
1.453513
0.225648
0.381672
0.731869
1.141237
0.774952
0.845826
0.232249
1.778974
1.036177
0.797134
0.647299
0.369889
0.200313
1.780689
1.308373
1.312624
1.780994
1.620938
0.638854
1.287171
0.080330
1.773636
0.611740
0.827385
0.193501
1.477844
0.704985
0.689312
1.763067
1.776616
1.772535
0.075345
1.723357
0.937465
1.778600
0.326014
0.186739
1.779346
0.978487
0.405572
0.784130
1.780272
1.766268
0.782026
0.947485
1.054259
0.168999
0.781372
1.313198
0.622376
0.424316
1.764396
1.229679
1.371695
1.776205
0.764363
0.475039
1.307619
0.795865
0.055590
0.522717
1.777149
0.339759
0.632226
0.116250
0.700572
1.777433
1.779300
1.108597
1.051997
0.218979
0.363937
0.784454
0.267012
0.563751
1.779713
0.896052
1.585274
0.725864
0.962400
0.395652
1.453480
0.941400
0.799448
0.082730
1.097961
0.009096
0.549049
0.072294
1.394417
0.324170
0.398253
1.770070
1.783695
0.642027
1.764164
0.091939
1.333293
0.890858
1.775379
0.044184
1.451177
1.379419
1.762654
0.227614
1.439922
1.397267
0.374468
0.475042
1.658118
0.874114
0.128807
0.934955
0.690079
1.582229
1.395070
1.331811
1.765318
0.283104
0.529525
0.978962
0.954815
1.108608
0.169031
0.310010
0.226089
0.106643
0.534029
1.776749
0.326821
1.775507
1.781002
0.108089
0.447818
1.693287
1.577032
0.924396
0.182041
1.161919
1.772506
0.231929
0.435997
1.609036
0.604644
1.075404
0.141987
1.189892
0.092391
1.105183
0.542449
0.186032
1.779801
1.392207
1.453501
1.779999
1.770712
1.119722
0.852381
0.225337
1.755643
0.575956
1.390168
1.095202
1.087862
0.518415
0.409160
1.378296
1.094553
0.155859
0.328384
1.432076
0.449561
0.163964
0.629385
1.394561
1.394834
1.368378
1.692519
1.358929
0.025887
1.101172
0.376565
1.132277
1.396826
0.026991
0.741392
1.781121
1.368462
0.262360
1.073381
0.720875
1.421265
1.389842
0.693988
1.722936
1.329845
0.827591
1.184573
0.968895
0.842587
0.131641
1.782326
1.774559
0.626006
1.775718
0.853000
0.280171
1.769951
1.298175
0.707520
0.414971
0.818723
0.151468
1.410340
0.560330
0.932997
1.732791
0.928819
0.628450
1.782103
1.714861
0.633270
0.134904
0.337921
0.261546
0.817308
1.114749
0.390852
0.966845
0.175095
0.888736
0.360694
1.762129
0.519533
0.181258
1.366897
0.481410
1.350222
0.106280
0.609104
0.252374
1.771461
0.859335
0.621894
0.122694
1.758966
1.105307
1.376350
1.285532
0.898600
0.223556
1.763713
0.419761
0.927408
0.864036
0.823256
1.108654
0.681128
0.213527
1.769595
0.321432
1.381040
0.356848
1.172871
0.555300
0.483438
1.413911
1.781469
1.781636
0.282732
1.390370
0.324138
0.803159
1.751075
1.647796
0.178409
1.185003
0.691593
0.885962
0.153643
0.267186
1.272902
0.279649
0.817578
1.775534
0.849944
1.378656
1.772802
0.355198
1.386791
0.716720
1.774639
1.775172
1.782406
1.375291
1.451962
0.167113
1.473068
0.283811
0.518073
0.168920
1.103846
1.426353
1.574896
0.853851
1.778809
1.392483
0.619787
0.440749
1.733328
1.122102
1.782439
0.355135
1.022052
1.669690
1.704796
1.199719
1.771386
1.336698
0.258755
0.235426
1.765575
1.221179
1.779772
1.531971
1.388660
0.348498
1.447939
0.430744
1.499388
1.377858
0.212187
1.380227
1.536753
0.537856
0.623887
1.355926
1.761921
1.729117
0.875464
0.279335
1.352164
0.255057
0.791530
0.489021
0.284363
0.297887
0.463409
1.177336
1.461220
1.070228
1.129033
1.776266
0.570305
1.766870
0.422796
1.116817
1.781136
1.156440
0.696308
0.243137
1.392258
1.137442
1.771734
0.914100
1.459827
0.189489
0.834224
1.781767
0.608919
0.727741
0.896917
1.379544
1.104040
0.244815
1.776513
0.108674
0.751122
0.668738
1.777919
1.112305
1.646457
0.587289
1.503104
1.187192
1.433580
0.888582
1.666557
1.343990
1.345873
1.134081
1.370525
0.614218
1.389329
1.409164
0.216835
1.066119
0.230189
1.783212
1.109740
0.767921
0.209256
1.099489
0.828853
1.674031
1.389580
1.335205
0.096199
1.237622
0.043606
0.432226
1.436611
0.884239
0.889047
1.401274
1.658887
1.777233
1.261826
1.059785
0.202960
0.258002
0.521889
0.516054
0.382495
1.529392
0.380554
0.198232
0.387720
1.768956
1.774854
0.177790
1.782011
0.733772
1.151493
1.601361
1.391510
1.637351
1.719218
1.492271
0.314955
0.866391
1.586017
0.110032
1.093011
0.574692
0.185628
1.206377
0.288636
0.873619
1.746642
1.025330
1.773335
0.650744
1.773434
1.768396
1.772901
0.192662
1.602324
0.691579
0.254746
0.732749
0.589765
1.133876
0.846454
1.100410
0.281867
1.769222
1.666776
0.925295
0.160138
0.830008
0.086755
1.390174
0.133636
0.340719
0.622918
1.530726
0.093129
1.772979
0.842170
1.213096
0.665100
0.709520
1.782404
1.101326
1.251010
1.111645
0.446934
0.368343
0.719198
1.769579
0.186118
0.831490
0.866815
1.418586
0.911136
1.405885
0.787747
0.064628
1.775018
1.780948
0.040735
0.334513
1.604395
0.631326
0.873319
0.898858
0.103634
1.431232
1.460579
0.388490
1.345452
0.149422
0.857352
0.554994
0.247042
0.236487
1.728095
1.728152
1.253038
0.945550
0.141539
0.811092
1.497277
0.145469
0.939147
1.388594
1.776883
0.875396
1.377795
1.775503
0.895571
0.668475
0.090060
0.248388
0.833899
1.150337
0.930062
0.378163
1.376864
1.769606
1.365658
0.714949
0.781037
0.901580
1.778700
0.319359
1.777668
0.812989
0.196460
0.089529
1.244503
1.776287
0.793888
0.125345
0.424722
1.393942
0.646328
1.740911
1.390118
0.097375
1.685424
0.895845
1.681743
0.199774
0.510319
0.905472
0.364453
0.180597
1.779032
0.857810
0.543188
0.981477
1.781422
0.171276
1.760053
0.585965
0.085065
1.418667
0.704570
1.771781
1.105389
0.219834
0.538261
0.329144
0.456629
0.252932
1.330128
1.779751
1.417188
1.773642
1.778679
0.892960
0.729518
1.105474
1.386825
0.301446
0.322778
1.101359
1.778599
0.589148
1.433328
0.360713
0.751262
0.571957
1.776195
1.401076
1.074005
0.708334
1.224391
0.154145
1.150105
0.893094
0.789208
0.313370
1.776630
0.224762
1.741650
0.873112
1.743722
1.775790
0.969780
1.364986
1.780531
1.404255
1.612282
1.390196
0.261271
1.363974
0.124302
1.779999
0.213810
0.416175
0.432294
1.777323
0.414775
1.766950
1.779942
1.151203
1.113079
1.320403
1.228214
0.387283
1.768832
1.778444
1.437748
1.407119
0.769502
0.240205
0.651470
1.350684
0.442999
1.779745
0.283486
1.782493
0.415396
0.537295
0.556204
1.148159
1.271612
1.706461
0.079459
0.869873
1.127205
0.798333
0.169843
0.825933
1.782207
0.355818
1.190542
1.771898
0.910914
0.419886
1.365874
1.050513
1.105326
0.229929
0.593667
0.259942
1.741805
0.948660
1.752010
0.632473
1.164709
0.516330
1.341953
0.214906
0.910420
0.530764
0.876567
0.539212
0.363441
0.784685
1.385717
0.867513
0.911345
0.356244
0.700683
0.495243
0.763716
1.772672
0.669409
1.100014
0.290043
0.157801
0.326847
1.106264
0.244033
0.276245
1.089496
0.880643
0.152981
0.808598
0.607059
1.255040
1.452888
0.162580
0.369629
1.596657
1.586726
0.904282
0.742504
1.780868
0.211284
0.738814
1.605617
0.230882
1.107386
0.232707
0.000000
0.963190
1.188666
0.768556
1.397810
1.107830
1.779862
1.749579
1.100358
0.604317
1.450631
0.142899
1.744864
0.363905
0.124031
1.450591
0.900753
0.092590
1.352610
1.392972
1.191787
1.382347
0.135762
1.388328
1.672273
0.720058
1.384673
1.420321
1.768294
1.161537
1.331307
1.772568
0.814358
1.392735
1.104155
0.374035
1.781021
1.386123
0.594569
1.389705
0.150319
1.774930
0.514843
0.365675
1.154876
0.739653
0.608874
1.394913
0.219897
1.118040
0.598358
0.284543
0.709531
0.565319
1.416363
1.722260
0.142040
0.679820
0.864078
1.779537
1.379982
0.529925
0.922893
1.782456
0.378975
1.385303
0.167767
0.600129
0.587672
1.310473
0.439692
0.340305
1.777256
1.782053
1.779245
0.672384
0.151697
1.399058
1.756460
0.161473
0.786870
0.548048
1.223842
0.892499
1.410015
1.064820
0.459967
0.834107
1.369486
1.775377
1.648634
0.906128
0.546030
1.353176
1.105403
1.088023
1.327290
0.868041
1.752444
1.780922
1.034972
0.552285
1.741447
1.419788
0.139260
1.373075
1.250939
1.767776
0.898894
0.882175
1.391981
1.383258
1.399462
0.681236
1.781574
1.476346
1.106583
1.342993
1.002464
0.934647
1.761690
0.708729
0.520130
0.646005
1.455361
0.328621
0.401035
1.108483
1.452705
1.747221
1.779750
1.719498
0.646329
0.767483
1.102952
1.774545
1.295175
1.388999
0.264937
1.742332
1.009780
1.755535
0.288267
1.774969
0.239341
0.115252
0.859616
1.775888
0.428174
0.295132
0.278467
0.931158
0.252628
0.468123
0.801538
0.817136
1.390693
1.170296
1.102702
0.325260
1.375286
1.385407
0.487806
1.352361
1.333866
0.552773
1.765092
1.780019
1.370397
0.120354
0.461289
0.559238
1.434725
0.150113
0.201896
0.512921
0.660753
1.223629
1.217833
0.232620
0.386590
1.750389
0.271815
0.832177
0.842569
1.383153
1.120610
0.789107
1.381282
0.634548
0.034060
1.106540
1.459308
1.219388
1.173722
1.268642
0.533993
1.130181
0.199799
0.532720
0.434700
0.591736
1.372573
0.932639
1.782945
1.385792
0.375364
0.113456
0.130908
1.753639
1.269837
1.154987
1.781392
1.233767
1.138442
0.395670
1.384598
1.118349
0.914706
1.321210
0.663884
1.387237
1.451944
1.167002
1.423482
1.773978
1.393074
1.389778
0.620390
0.405947
1.359885
1.772699
1.358197
1.086923
1.067898
0.209978
0.674989
1.387738
0.785787
0.302409
0.772337
0.551352
1.387095
0.530960
0.754633
0.873405
1.717450
1.473191
0.894445
0.737321
1.580942
1.773336
1.129320
1.107566
1.347285
0.482556
0.834820
1.780123
0.846415
1.396916
0.406907
1.366373
1.049019
1.104062
1.766780
0.485315
1.778866
1.608306
1.781864
0.838920
1.397956
1.357868
0.127086
0.106431
0.594488
1.579371
1.113369
0.318641
1.730520
1.391446
0.508494
1.390152
1.464065
0.962220
1.320094
1.443165
1.107763
1.338943
1.777255
1.053607
0.972535
1.088290
1.389755
0.289977
0.466626
0.233798
1.777157
1.738833
0.603655
1.393615
1.099743
0.061188
1.780462
0.924322
0.943360
1.781981
1.658300
1.385757
1.344983
0.685317
0.183795
0.887935
1.377948
0.225693
0.494389
1.658941
1.434278
0.660323
1.761934
1.384289
1.736326
0.544551
1.183017
0.724209
1.744651
1.777727
1.105673
0.965416
0.076417
0.660019
1.397699
1.283136
0.430086
0.818540
0.733838
0.849418
1.162488
1.634765
0.248088
0.207126
1.771739
1.103400
0.808679
0.710302
1.010922
0.783111
1.121861
0.319356
0.677616
0.282801
0.395694
0.544458
1.777981
1.771536
0.259811
0.777632
1.760402
1.404244
0.220407
1.387903
0.799440
1.257638
1.282472
1.744333
0.436961
0.904057
1.104581
0.106127
0.648627
0.265576
1.582650
0.523707
0.764809
1.783460
0.313563
1.263291
0.101693
0.727045
1.087448
0.611767
0.114657
0.219509
0.361321
1.493406
1.173619
1.770241
0.892465
1.769938
1.077563
1.402293
1.334769
1.093001
0.716893
1.390302
0.683695
0.378635
0.573253
1.133608
0.970418
0.429670
1.392816
0.169648
0.448957
1.013321
1.583285
1.726384
0.278400
0.461079
0.857671
1.394949
1.781253
1.110099
0.849491
1.127453
0.720958
0.827251
1.770618
0.546330
1.777745
1.652441
0.874909
0.898373
0.141497
1.782193
1.780658
1.445433
1.782094
1.780500
0.202641
0.202039
1.356169
0.253313
0.408118
0.470859
1.098448
1.124962
1.779978
0.287508
0.078810
1.778565
0.272536
0.864678
0.227561
0.161147
1.769920
1.151047
1.354901
0.450969
0.736869
0.174166
0.160814
1.105478
0.599960
1.577808
1.386873
0.507643
1.357845
1.033877
1.274592
0.462462
0.173159
0.097394
0.937686
0.746845
1.776526
1.783987
1.777175
1.382275
1.117821
1.776593
0.218832
1.400338
0.311237
0.577553
0.260767
1.513654
1.135738
1.074095
0.731068
1.376743
1.171619
0.269791
1.783024
1.329907
1.355687
0.935657
0.837709
0.129218
1.375847
1.175906
0.593132
0.830106
0.043998
0.098620
0.074803
1.634723
1.766229
0.566681
0.120980
1.250982
0.580133
1.745306
0.271808
1.381821
0.189189
0.780010
0.278210
1.184204
0.339069
0.415269
0.157257
1.386680
0.328939
1.571161
1.132766
1.313064
1.275230
1.236911
1.392644
0.537866
0.250625
0.727476
0.328505
0.876581
1.366106
0.231396
1.111736
0.791846
1.168450
1.783038
0.889621
0.277694
0.346378
0.610369
1.442283
0.984728
0.904026
0.098773
1.424085
1.776102
0.403514
0.405979
0.545874
1.783365
0.341620
0.205401
0.568159
0.958428
1.780624
0.652642
1.038828
0.299812
0.530375
1.105720
1.575625
0.343051
0.234129
0.477895
0.088338
0.218052
1.112640
0.841574
1.193349
1.543333
0.251856
0.319243
0.005240
0.233835
1.781054
1.335120
1.718692
0.650916
1.182561
1.389797
0.700427
1.395719
0.129004
0.363323
1.219370
0.867827
0.529742
1.421117
0.599867
0.879050
1.552786
1.106792
1.780825
0.911326
0.346114
1.779048
0.365066
1.392211
1.180600
1.773704
1.389925
0.883734
0.654628
0.870981
0.722677
1.373209
0.234972
1.709399
0.916588
1.120364
1.393697
1.385286
0.077948
0.108189
0.824210
1.145021
1.404843
1.391677
0.870928
0.394313
0.354886
1.140126
1.747978
0.435743
0.491510
0.278873
1.443728
0.441373
1.403882
0.107737
1.086961
0.251892
0.402836
0.890826
1.105362
0.806855
0.384310
0.614407
1.410073
0.438844
1.769059
1.628754
0.000000
0.139540
0.886738
0.248601
1.047328
1.358910
0.194375
1.099038
0.059312
0.613013
0.785249
1.104420
1.223499
0.103670
1.733217
0.781028
0.206576
1.733628
0.522644
0.196512
0.567264
0.500495
0.052051
0.156474
1.395655
1.395194
0.275682
1.386733
0.150042
1.777233
1.779659
0.441757
1.431853
0.139300
0.342227
0.426742
0.405240
1.761127
1.108398
0.658427
0.484860
0.483258
0.917154
1.776601
1.662970
0.787928
0.521884
0.171084
0.280466
0.819702
0.250694
1.571349
0.304279
0.554298
0.281357
1.397449
1.471516
1.258502
0.778141
0.489940
1.773757
1.389403
1.751243
1.270532
0.931035
0.634432
0.491481
0.249784
1.772087
1.715190
0.322277
1.102098
0.808023
0.716572
0.627574
0.160191
0.906874
0.904885
0.153390
1.210589
1.780136
0.796444
0.203061
1.751473
1.782022
0.252935
0.517521
0.838326
0.715165
0.257316
1.387114
0.336928
1.782895
0.402742
1.106540
1.716648
1.048931
0.022697
1.697722
0.376618
1.757619
0.844508
0.383760
0.740764
1.385818
0.267706
0.411499
1.739677
0.801673
0.180560
0.722979
1.775246
1.773100
0.617332
0.635812
1.399966
1.131410
1.556901
0.396682
1.402751
0.602379
1.126499
1.410024
0.296012
0.154327
1.493556
1.770603
1.307896
0.148422
0.394069
1.773973
0.956274
0.338857
0.138501
0.520628
1.214573
1.779360
0.645577
0.383422
1.771043
0.861060
1.324374
1.401652
0.325676
0.247457
1.105803
1.357481
1.768297
1.372312
0.545213
1.105162
0.806367
0.460341
1.635406
0.148002
1.691597
0.340294
1.355794
1.345111
0.427763
0.755954
1.125605
1.378524
1.401679
1.048890
0.863732
0.956780
1.514225
0.444106
0.889807
1.776721
0.461005
1.137716
0.168392
0.134165
0.188979
1.400214
0.960716
0.890878
0.867542
0.868062
1.423118
0.213620
1.778077
1.389497
1.401989
0.793107
1.368804
1.156059
1.780156
1.289179
1.389412
1.775157
1.265410
0.493646
0.322323
0.903818
0.220791
0.133626
0.562512
1.702682
0.249764
1.376885
1.016030
0.802927
0.787293
1.746036
0.477962
0.718583
1.108044
0.588824
1.627221
1.781843
1.781842
1.628061
0.128911
1.774993
0.332197
0.262198
1.775171
1.389896
1.747242
0.893198
1.366019
1.781765
0.258606
0.731035
0.192163
0.756055
1.381922
1.330140
1.009284
0.812732
1.745603
0.112498
0.393236
1.373479
1.091133
1.783322
0.452777
1.780214
0.760464
0.916002
1.113776
1.748009
1.737866
1.079779
1.773032
0.928451
1.099011
0.490032
0.908675
0.986898
1.419090
0.401033
1.760980
1.376184
0.301046
0.675143
1.365698
1.116455
1.379505
0.404904
1.366647
0.442126
1.106478
0.361957
0.855564
0.612543
0.198265
0.396577
0.678217
1.771657
0.508069
1.777632
0.608824
1.779130
0.183716
0.683431
0.109484
0.264907
1.770712
1.376794
0.448460
0.314936
1.753114
1.742267
1.039575
0.196961
0.310615
0.356018
1.764538
0.785472
1.779864
0.867445
0.900669
1.431669
0.619010
0.687537
0.076767
0.933845
0.351069
1.164688
1.482391
1.312142
0.679061
1.077302
1.773831
0.886935
0.275736
1.360083
0.779630
1.727880
1.765304
0.381299
0.266109
0.954318
0.244410
0.089517
0.153787
1.139403
1.446708
1.767477
0.640872
0.160141
0.813845
0.434904
0.850773
1.077649
0.223734
1.401857
1.375495
0.847950
1.782351
1.354455
0.214923
1.748384
0.125443
1.225929
0.853871
1.396839
0.871670
1.086949
0.641089
0.645304
0.073477
1.100137
0.771563
0.933442
0.126531
1.761775
1.781141
1.095030
1.241441
1.365537
0.142562
1.127263
1.652361
1.783219
0.308564
0.842618
1.312037
1.388730
0.142542
0.754526
0.242735
1.420801
1.359032
1.596525
0.700216
1.326001
0.680497
1.781214
0.240025
1.123644
0.898823
1.779501
0.618498
0.276961
1.633007
0.416298
0.258091
1.293541
0.018264
0.032115
0.213504
0.417736
0.245437
1.780057
0.410268
0.397696
0.799360
1.771319
0.723957
0.515826
0.768298
1.461246
1.361331
0.885976
1.393460
0.267915
0.081829
1.297636
0.926818
1.133603
0.118896
1.503723
0.761480
0.631271
0.549461
0.703347
1.530731
0.331016
1.005777
0.684401
0.089182
1.780346
1.363542
0.343003
0.279035
0.198341
0.377863
1.744144
0.201437
1.683291
0.329750
1.383893
0.630757
1.387848
1.094314
0.886053
0.388094
1.483370
0.289001
1.090993
0.853588
0.241551
1.764650
1.121739
0.387083
0.382389
1.445334
0.178590
1.781634
0.660671
1.556189
1.782053
1.288434
0.077552
1.757529
1.775173
1.089648
0.291404
0.398684
0.256250
0.200444
1.347168
1.399810
0.092643
1.390688
1.110087
0.649346
0.201616
1.768491
1.755899
0.787377
0.351600
1.114405
1.753112
1.095797
0.417499
0.144716
1.395064
0.526302
1.428869
1.088818
0.104990
0.188243
0.518127
0.988486
0.186216
0.805648
1.585231
1.343835
1.776828
0.291253
1.777917
1.781883
1.267543
1.341855
0.404378
0.425773
1.390192
1.783477
1.426168
1.776009
1.397714
0.825595
1.361569
0.754178
1.778633
0.521550
0.541533
1.398862
1.658391
0.909628
0.439089
1.576686
0.266254
1.319435
0.241053
1.774633
1.776215
1.392358
0.655919
0.164512
0.252460
1.354563
1.094689
1.393608
0.342024
1.128565
1.782959
0.864963
0.317478
0.016481
1.280682
1.164702
0.257069
0.771733
1.783000
1.768826
1.393011
1.391867
1.232285
0.639061
0.707820
0.015320
1.720159
0.190175
0.640017
0.069523
1.418704
1.056655
0.179670
0.980795
1.536397
1.766568
0.680032
0.925318
0.094861
0.575996
0.582401
0.083489
0.588932
1.392346
0.731499
0.630557
0.252507
1.766731
0.723547
0.777183
0.364050
1.386118
1.083080
0.818888
1.311398
0.874309
0.333367
0.226880
1.074746
0.171778
0.017089
1.710629
1.779693
1.772642
1.006044
0.760110
0.766426
0.700644
1.311515
0.344414
1.765763
1.776339
0.680355
0.469810
0.997503
1.762605
0.654344
1.054632
0.923851
1.120137
1.152607
1.386092
1.777960
0.406730
0.915252
0.790294
0.259978
0.904397
0.938884
0.701741
1.394940
0.224808
0.241223
0.479620
1.667248
1.083806
1.216938
1.111156
1.373579
1.721006
0.279524
1.626153
1.323196
1.229117
0.076925
1.225744
0.268237
1.352473
0.909895
0.335813
0.505450
0.772789
0.551016
1.418619
0.604692
0.556159
1.782752
1.101532
0.398663
0.894455
1.060045
0.305427
1.063691
1.773449
1.315732
0.301819
1.676538
0.149227
0.338019
1.383405
1.103851
1.280931
1.079218
0.157634
0.259294
1.174008
0.336480
1.778398
1.031142
0.506442
0.208953
0.729949
0.430155
0.362475
0.599978
0.917586
1.686943
1.776095
1.756137
0.065617
0.802805
1.350021
1.387268
1.395175
0.694022
1.118292
0.373540
1.387929
0.729909
0.866344
0.519556
1.723310
1.110170
0.393335
0.068815
0.259439
1.384485
0.538679
1.338608
1.777613
1.109824
0.298753
0.307210
1.039522
0.825787
0.145826
0.090072
1.776006
1.259380
1.392919
0.541213
1.132507
0.922997
0.350927
1.162300
0.334694
0.665244
0.201447
0.103924
0.389931
0.986279
0.169460
0.177193
0.555692
1.175259
0.902416
0.764303
1.001276
0.829330
0.306781
0.907813
1.320067
0.699840
0.191809
0.218646
1.150262
1.438823
0.707125
1.756291
0.978714
1.234542
1.748956
0.473381
1.658167
1.391259
1.758013
0.195121
0.561182
1.113306
0.491508
0.926923
1.748637
0.907897
1.071386
1.394816
0.727268
0.293249
0.544617
1.397515
0.235083
0.670123
0.683481
0.683058
1.629122
1.781155
1.357081
0.306756
0.188112
0.654597
0.820497
0.803231
0.960159
1.086560
0.095634
0.385281
0.895075
0.414135
0.201653
0.189138
1.453574
0.875932
1.359900
0.537661
1.704995
1.097859
1.046257
1.773906
0.779181
0.055755
1.777548
0.931403
1.580222
0.230719
1.392553
0.833115
1.775333
0.630915
0.908031
1.341129
0.875234
0.300500
1.620247
1.162407
0.128817
0.983960
1.776072
0.111353
1.381170
0.706482
1.106236
1.095171
1.268114
1.331611
1.103824
0.333322
1.392028
1.779902
0.137776
0.894633
0.441976
1.383070
1.747643
0.301605
0.044952
0.129281
1.100394
0.467579
0.314525
0.996634
0.369157
1.272331
1.638116
0.425103
0.598116
1.770616
0.042247
0.961673
1.761450
1.360747
1.115119
1.390340
1.308599
0.284248
0.746331
1.143738
1.024171
0.139676
0.043023
0.171271
1.781682
1.092330
0.650694
1.149962
1.223114
0.960346
0.181995
0.713086
1.365350
1.363240
1.180264
0.104327
1.779688
0.380794
0.340074
1.742165
1.234335
1.775253
0.896912
1.386702
0.895181
1.172275
0.320165
1.284651
0.707759
1.760299
0.925558
0.100555
0.152519
0.838283
0.144246
1.769454
0.363166
0.985784
0.171688
1.040785
1.383231
1.414129
0.183105
0.390183
1.780244
1.378329
1.622684
1.188131
1.214215
0.431581
1.115497
1.778621
0.026100
0.707521
1.101221
1.354230
0.210618
0.040664
1.137722
0.568700
1.101486
0.914319
0.239053
0.196461
0.867623
1.108334
0.848693
0.513991
1.777963
0.241087
0.763248
0.416902
1.404664
1.260268
0.219495
1.738137
1.522360
1.591195
1.688931
1.779343
1.780074
0.365563
0.503997
0.264307
1.065793
1.380183
1.007658
1.780893
1.380281
0.606309
1.126691
0.732775
1.781882
1.438277
1.779795
1.416994
1.771128
1.781144
0.512714
1.393495
1.781049
1.103152
0.645043
1.113367
1.378749
0.721941
1.222723
0.204221
1.781140
0.413062
1.137158
1.314828
1.092638
0.812966
0.472285
1.774589
0.316843
1.491612
0.910642
0.664621
1.267765
0.275218
1.387555
0.342435
0.035201
0.926194
1.373919
1.003728
0.689848
1.444164
0.238999
0.672732
0.155388
1.765584
1.361578
0.874947
0.601712
0.478827
1.766515
0.004045
1.381231
1.482895
0.489326
0.332558
0.324457
1.391182
1.715967
1.616649
0.508429
0.785508
0.230316
1.395260
1.506009
1.770692
0.583860
1.437974
0.976141
1.273641
1.192776
1.424986
0.141212
0.544265
1.676988
1.110102
0.827392
1.777448
1.103711
0.535499
0.303383
1.336137
1.770124
0.198832
0.240923
0.486334
1.778970
1.161678
0.188771
1.759762
0.462117
0.533241
1.769613
1.394047
1.062794
0.940957
1.750254
1.237032
0.936626
0.782158
1.768572
0.432551
1.085552
1.556298
0.175569
1.287505
1.342299
1.676276
0.353710
0.920775
0.533991
1.371289
1.096318
1.175321
1.728354
0.158841
0.201368
1.537929
1.038016
1.776824
0.703315
0.328814
1.433068
1.368812
0.525778
0.492658
0.661136
1.107061
1.374167
0.298997
0.998848
1.092526
1.391273
1.334204
1.702329
1.404045
1.670802
0.885705
0.870051
0.458351
1.778960
1.498573
1.400519
1.101246
0.056619
0.148310
0.898808
0.834686
1.619059
0.791933
1.400209
1.374486
0.488744
1.100436
0.876674
0.520313
1.272050
0.160762
1.031232
1.365109
0.969227
0.792220
1.398921
1.500397
1.779567
0.879480
0.300799
1.345066
1.409192
1.774557
0.005635
0.152377
0.305271
0.404396
1.435726
1.376793
0.530933
0.617205
0.947546
1.359640
0.035420
0.403143
1.445546
0.302054
0.460622
0.919569
0.153768
1.403725
0.781796
0.801131
0.873050
1.557684
0.105757
1.237566
1.068302
0.543737
1.103534
1.769217
0.171662
1.075546
1.275683
1.510264
1.373024
1.230888
1.768439
0.369485
0.266571
1.383932
0.183005
0.303744
0.489566
0.663525
1.778643
0.678889
1.514348
1.771923
0.301968
0.746006
1.760782
1.528748
0.472038
1.763453
1.414912
1.362164
0.542229
0.941774
0.244373
1.384897
1.476839
1.747074
1.191151
1.780992
0.111273
1.751271
0.192239
0.235040
0.787261
0.844116
0.685211
0.231756
0.044053
1.349571
1.714225
0.453307
1.137463
0.955791
0.852445
0.097074
1.731178
1.100173
1.370807
0.266742
1.753813
1.200248
0.239929
0.878214
1.073754
0.484610
0.653747
1.104018
0.158216
1.116012
1.094306
0.530554
1.383884
0.766909
1.384425
1.356209
0.784285
1.635806
1.774512
1.780063
0.542265
1.409690
1.071182
0.231243
0.292866
1.778615
1.445352
1.720587
0.950841
0.037449
1.089815
1.072831
1.414520
1.403074
1.079002
1.535047
0.778498
0.420167
0.955897
1.653488
0.685889
0.524465
1.298503
1.755696
0.923367
1.768553
1.354276
1.523898
0.332323
1.104646
1.780913
1.772505
1.100085
0.356856
0.061240
0.195202
1.643677
1.224448
1.374669
1.746102
1.347993
1.107780
0.137016
1.412424
0.514578
1.240032
1.761664
0.242641
1.422166
0.858862
1.356768
1.100891
1.712863
1.331780
1.356734
1.782572
1.385078
1.778441
0.400890
1.704840
0.442862
1.212014
1.383222
0.809572
1.240563
1.778423
0.366264
0.080715
1.383438
1.027815
0.700824
1.778995
1.003400
0.390972
0.666765
1.404665
0.153538
1.659159
0.830408
1.404045
0.721340
1.545539
0.338535
0.649961
0.706224
1.773780
1.779612
0.493328
0.270875
0.698628
0.971973
0.538844
1.373106
0.688537
1.782229
1.392487
0.540066
1.359342
1.222671
0.457704
0.211893
1.754064
1.728153
0.890150
1.752096
1.775524
1.671389
1.311390
1.267880
0.894974
1.209456
1.399580
0.370961
0.489546
0.420543
1.384065
0.615548
1.089375
1.783798
1.373504
1.653512
1.454234
0.447795
1.774571
1.761920
0.619545
1.032974
1.310866
0.598630
0.958536
0.545681
0.778971
1.442257
1.392806
0.455318
1.437163
0.889497
1.768975
0.148478
1.692833
1.389453
0.524410
0.434728
0.208712
1.660839
1.775635
0.190702
0.136849
0.192640
1.089078
0.573447
0.455414
1.778350
1.359906
1.413826
1.283218
0.468164
0.381530
0.761837
1.009060
0.643683
0.993322
1.086574
0.110559
0.794356
0.622364
0.409783
1.387848
1.056309
0.146690
1.444501
0.737117
0.792268
1.103196
1.782804
0.088115
1.105886
1.080679
1.780723
0.368813
0.289276
1.376806
0.093407
0.463246
0.857620
0.775879
1.778583
1.614227
1.107635
1.376527
0.539357
1.766047
1.372756
0.354070
1.397092
0.837243
0.137645
0.269832
0.928396
1.397986
1.601362
0.895270
1.779011
0.471092
0.501446
1.782175
1.069737
0.962257
1.402437
0.837511
1.313482
1.254428
0.492870
1.522597
1.288023
1.566971
0.177640
0.301913
0.183245
1.781346
1.659580
0.276668
0.334672
1.083193
0.601614
0.356836
0.110194
0.255409
1.067743
0.523472
0.732877
1.123042
0.897555
1.198490
1.390385
0.960538
1.411853
1.778823
1.774656
1.783365
0.245102
0.334786
1.693037
0.333689
1.469404
0.694907
1.774216
0.654845
0.561654
0.494362
1.237621
0.931553
0.193671
0.898811
1.275753
0.120840
1.558402
1.701970
0.882917
1.782680
0.271468
0.141083
0.282975
1.104157
1.086610
0.579046
0.217546
0.015479
1.381781
0.542174
1.213249
0.620187
0.710752
1.783436
1.139428
1.776953
0.552048
0.870228
1.371616
0.984091
0.970427
0.456082
0.004592
0.392629
0.916996
1.442997
0.602632
1.109645
1.733182
0.936222
1.775171
1.378410
0.930703
0.308894
1.781514
0.730295
1.693246
1.346107
0.230926
0.276999
1.762211
1.782242
0.966729
1.095208
1.765038
1.771355
1.294024
0.261887
1.439098
1.661541
0.144981
1.775396
1.782110
1.106660
0.901799
0.381817
0.644443
0.903481
0.182636
1.781119
1.777748
1.318737
0.838791
0.911470
0.818560
1.373432
1.400476
0.263754
1.772462
1.770929
1.379327
1.392615
0.123035
1.087043
0.810086
0.205811
1.395264
0.374854
1.686630
0.506421
0.330420
0.554231
0.234181
0.185632
0.177777
1.771887
1.115953
1.305712
1.385089
1.571806
0.466603
1.273994
1.776322
0.938867
0.202123
0.230422
1.782940
0.283780
0.217082
1.187008
0.101712
0.703274
1.100895
0.145565
0.100025
1.774717
0.830957
0.207063
0.883803
0.384428
0.390615
0.056866
1.383821
0.328759
1.720901
1.098723
1.562263
0.287015
0.234356
1.674961
0.452313
0.887786
1.138228
1.085223
0.795387
0.811820
1.777217
0.947729
1.084469
0.999399
0.518380
0.589905
1.759023
0.208530
0.859343
1.391073
0.159665
0.537033
0.562067
1.392911
0.192314
0.883246
1.779818
0.229306
1.496300
0.356043
1.774913
1.724576
0.431948
0.208503
1.386576
0.728454
0.531042
0.285073
1.778674
1.153412
1.115858
0.341277
1.105605
1.781493
0.886818
1.425675
1.368108
0.579099
0.481833
0.748141
0.560549
0.897527
0.497517
1.084586
0.247226
0.114247
1.331431
1.757437
0.318921
1.447146
0.072326
0.249135
0.762103
1.771549
1.764844
0.722971
1.383958
0.816425
0.168752
0.247044
0.856253
0.605958
1.368080
0.174426
1.362981
0.960837
1.775233
0.686634
0.278930
1.780919
1.602043
0.731035
0.148959
1.080037
0.811621
1.682353
1.528410
0.850082
1.276289
1.751571
0.817758
0.575136
0.913155
1.470785
1.126914
0.693635
1.389827
1.433815
0.078733
1.783691
0.451697
1.707456
1.271553
0.264580
1.747485
1.149508
1.347867
0.915446
0.535931
1.375541
1.651604
1.010172
0.057860
1.722706
0.000000
1.746042
1.755044
0.839141
0.250464
0.396423
1.263556
1.779712
1.401455
1.077574
0.659864
0.765999
1.779978
1.739377
0.146241
0.881495
0.112072
1.774360
1.758626
1.768467
1.373291
1.773942
1.391251
1.782735
0.837366
0.308601
1.767033
0.415372
0.271107
0.410587
0.278281
0.701809
0.577789
0.421151
1.220400
0.758716
0.157798
0.911897
1.341875
0.796344
1.107788
1.735516
0.186551
1.778133
1.184391
1.780361
1.779789
0.449870
0.433312
0.136190
0.209940
1.379882
1.774352
0.409684
1.330040
0.206577
1.130581
0.347174
0.419280
1.389567
1.390862
1.177325
1.392480
0.755084
0.138023
1.306368
1.739461
1.092847
1.752260
0.715298
0.446287
0.285353
0.712124
0.260000
1.393272
1.118043
0.306883
1.382365
0.657789
1.370270
0.163777
1.102840
1.778452
1.374455
0.209461
1.278544
0.168909
1.714237
0.811261
0.590261
0.249048
0.305620
1.759397
1.763141
1.468794
0.144381
0.456479
0.140931
1.711975
1.249261
1.774085
1.780121
0.294885
0.312785
0.967549
0.080838
0.924729
0.951383
1.425083
1.763247
0.411491
1.779646
0.769489
1.772666
0.285805
1.289352
0.949558
0.793930
0.851006
1.075804
0.965908
1.780472
1.777106
1.782412
0.268237
1.244246
1.102783
0.968266
1.433135
0.179177
1.400424
1.374472
0.263280
1.776090
0.099035
1.394833
1.057801
1.628075
0.402092
0.875276
1.513988
0.335481
0.218936
1.777380
1.747279
1.370812
0.123157
0.922771
0.894539
0.330479
1.771947
1.384615
1.773790
1.763896
0.293438
0.174765
0.845509
0.697435
0.733219
0.472565
1.135870
0.302136
1.768921
0.355846
0.448013
0.220343
1.783726
1.052141
0.885243
1.129419
0.357075
1.780226
0.449070
0.782840
1.208132
0.315352
0.684404
0.631919
1.378559
0.159135
0.126229
1.121094
0.880888
0.228662
0.370718
1.368100
1.765205
1.125287
1.202446
1.103355
0.186917
1.771711
0.883935
1.044962
0.815346
1.742253
0.171752
0.640977
1.752597
1.713039
0.430869
0.175452
0.048800
1.319507
0.572015
0.295456
1.749964
1.349156
0.559514
0.520588
1.395712
0.278516
0.291501
1.145249
0.188395
1.386845
0.915260
1.773812
1.130102
1.355781
1.132267
1.013431
1.780560
1.348116
1.689580
0.901641
0.663872
0.216095
0.365080
1.089505
0.420335
1.575696
1.382874
1.039297
1.780363
1.490591
0.284082
0.536168
0.790413
1.058196
0.489327
1.747969
0.138368
1.764850
0.536788
1.385565
1.014743
1.292019
0.853562
0.137078
1.764265
1.148257
0.787729
0.939321
0.329220
0.214287
0.492410
0.453674
1.105668
0.133574
0.761763
1.442586
0.125071
0.038522
0.845650
1.382857
0.572615
0.497885
0.494277
0.922093
1.782286
0.276725
0.855176
1.781125
0.408181
1.624307
0.674123
1.678015
0.458951
0.634978
0.947133
1.752963
0.262622
1.190681
0.771808
0.436306
0.029061
1.321972
1.773182
1.775854
0.460321
1.771941
1.386722
0.152674
1.777185
0.395446
1.728690
0.902387
0.134099
1.778973
1.127038
1.091287
0.954514
1.278669
0.455590
0.710561
0.876178
0.899068
0.505666
1.782357
1.190661
1.739419
1.696777
1.369981
0.203903
1.567612
0.846921
0.647295
0.596155
1.215882
1.102844
0.145887
1.778656
1.768148
0.604476
1.225132
0.799505
0.581119
1.339243
0.557260
0.889302
1.725692
1.271017
1.756975
0.501140
0.151876
0.195902
0.179121
0.371246
1.103716
0.548277
0.746741
0.340476
1.383852
1.688876
1.591325
1.767715
0.453826
1.109100
1.360460
1.385075
1.500613
0.643431
1.776087
1.776386
0.721447
1.761461
1.735054
1.745477
1.147042
1.692633
1.260320
1.277590
1.772976
1.133237
1.406653
0.749796
1.082605
0.318821
1.216763
0.000000
1.105952
0.164757
1.075465
0.711501
0.841975
0.294873
0.729317
0.620403
1.776843
1.762575
1.384158
0.796926
0.582856
0.822834
1.464646
0.576334
0.143715
1.620012
1.774568
1.643247
1.005028
1.356014
1.398439
0.612275
0.156471
1.388324
1.783833
1.430189
0.989035
1.397243
0.284925
0.812219
0.658469
1.395136
1.318283
0.573015
0.158033
0.455257
0.448834
1.387371
0.158569
1.456749
1.456109
0.950611
1.777882
0.440803
0.390743
1.734474
0.728241
1.124046
1.781064
0.145106
1.781397
1.761841
1.778020
1.284082
0.071476
1.751319
1.145366
0.812318
0.065344
0.474793
0.390479
1.030905
0.763254
1.391247
1.152402
1.393217
0.103094
0.526168
1.377982
1.431260
0.132348
0.575266
0.630341
1.309680
0.268264
0.320449
1.347824
1.770020
0.375440
0.177819
0.404724
1.779424
0.146897
0.533877
0.511093
0.398828
0.655130
0.486760
1.565174
1.292571
1.780680
1.746928
0.763921
1.347093
0.817465
0.908918
0.606731
0.485849
1.757257
1.191759
0.291186
1.171551
0.204231
0.894390
0.672106
1.095207
1.752881
0.104542
1.777766
0.516715
0.432455
1.121921
0.280982
0.589465
0.717327
1.775455
1.367359
0.660551
0.658616
1.372387
1.686991
1.050409
0.930834
0.620528
0.872992
1.781631
0.582297
1.104203
1.366176
0.225790
0.551662
0.666448
0.821274
1.259461
0.577684
1.170686
1.271535
0.219313
1.391451
0.132921
0.203237
1.221717
1.455864
1.054584
0.320871
1.451491
1.774303
1.376639
0.384539
0.450711
0.210283
1.764906
1.778762
0.213777
1.308148
0.435115
0.261892
1.381235
0.514680
1.398069
0.794660
0.615560
0.530149
1.029177
1.361019
0.787277
1.365578
1.224119
0.485225
0.861399
0.777157
1.739067
0.857681
1.739172
1.283494
0.390955
1.778223
1.561706
0.829878
0.122944
0.986664
0.776565
0.554114
1.615367
1.778887
0.215874
1.781719
1.768835
0.152663
0.222712
1.783549
0.809347
0.525672
0.102115
1.776329
1.074206
1.190138
0.154810
1.554858
0.071008
1.397853
0.164606
0.798441
1.332084
0.847879
0.812220
0.751275
1.212523
1.179624
1.782447
0.317693
0.129383
1.388977
1.431591
1.379522
1.355185
0.994196
1.132267
0.100899
0.137829
0.952095
0.341004
1.779724
1.107659
0.631188
0.790413
0.340642
1.770563
0.406210
1.160854
0.919105
0.783153
0.369592
1.405446
0.178435
1.147534
0.950876
1.161570
1.170795
0.113158
0.792513
1.458228
1.353836
0.635417
1.088042
0.923657
1.303259
1.734849
0.118024
0.847911
1.414501
0.405390
0.238032
1.227130
0.270918
0.787758
1.400822
1.354851
0.849463
0.875200
1.628206
0.304577
0.713035
0.702808
0.866379
1.045961
1.775609
1.779628
0.223131
1.409578
1.403066
0.209517
1.447499
1.385427
1.776495
1.781017
0.364309
0.693266
0.859911
1.396711
1.782158
0.419095
1.774249
1.778901
1.780250
1.765666
0.820577
0.264848
0.843347
1.772038
1.350457
1.073464
0.856216
1.312705
0.610148
1.151299
0.484490
1.381354
0.238910
0.219527
0.463964
1.213532
1.396906
0.446296
0.542680
1.401824
0.520638
1.469686
1.345323
1.389351
1.777742
1.410892
1.346892
0.392968
0.370853
0.632323
1.164972
1.734048
0.163173
1.089791
1.777804
0.051631
1.769467
0.108044
0.657252
0.038603
0.991678
1.724508
0.237378
0.662347
0.828248
0.124127
1.770440
1.547992
1.388845
1.298253
1.749140
0.253867
0.650590
0.397201
1.110010
1.721929
1.007414
0.129822
1.606146
1.619119
0.183059
0.573450
1.771566
1.742546
1.382921
0.836931
1.392814
1.776703
0.056812
1.102903
1.076767
1.291628
1.774952
1.048813
1.700251
1.762036
0.991550
0.457494
0.092561
0.325105
1.663894
1.756236
1.107188
0.526425
1.246688
1.774071
0.565421
1.107483
1.779350
0.928846
1.067014
0.242928
1.655044
0.761736
0.020115
0.813395
0.131753
0.135268
1.781028
1.126077
1.400031
0.264565
1.207898
1.746743
1.779170
1.154175
0.207971
0.877355
1.184731
1.730461
0.266824
0.768361
0.736735
0.873955
0.314111
1.437157
1.772835
0.675593
0.085933
0.846411
1.379658
1.776332
0.958951
1.777062
0.108563
1.776432
1.781127
1.691432
1.729015
1.387656
0.787786
1.760721
1.548380
1.330438
0.074326
0.779768
1.761473
0.213662
1.413112
0.740104
1.781905
1.768786
1.619690
0.883330
1.776197
0.653728
0.534025
0.686875
1.780560
1.378161
0.802716
1.419732
0.815710
1.343745
1.677331
0.348908
0.853289
0.233737
1.103683
0.640666
0.862570
1.392182
0.969522
1.347307
1.284298
1.112774
1.046320
0.427577
0.309149
0.639214
1.397004
1.198423
1.544778
0.203370
1.011389
1.516149
0.131493
0.967802
1.384133
0.189799
1.763141
0.908969
0.574709
1.161941
0.569993
1.432299
0.377707
1.774534
0.533653
0.214863
1.700981
0.443089
1.088964
1.759766
1.302666
1.762411
0.299735
0.927370
1.745475
0.051557
0.575129
0.887972
1.671372
0.040026
0.793968
1.472810
0.419911
0.962317
1.298066
1.107378
1.778933
0.777377
1.085095
1.721664
1.373031
0.963282
1.171148
1.778227
0.855067
0.131028
1.734764
1.372211
1.770884
1.344326
0.092149
0.633417
1.381608
0.247986
0.859182
0.276672
0.177927
1.099390
1.765489
0.508872
0.505068
1.391560
1.774898
1.772492
1.781523
1.063156
0.206070
0.136781
0.278356
1.733698
1.455328
1.384674
1.518801
0.033922
1.416760
1.779545
0.745448
0.870157
0.762719
1.123130
0.663916
0.775303
1.390019
1.379693
0.726730
0.433288
1.775407
0.111743
1.768980
1.383252
1.335278
1.780942
1.391808
0.825349
1.728454
0.801510
1.391790
0.683381
0.167041
1.205718
1.207025
1.516697
0.691503
0.069433
1.322251
1.779847
0.528425
0.433280
1.777731
0.216494
1.760619
0.169714
0.359478
1.371363
1.490093
1.747567
1.098407
0.090673
1.126582
1.779181
1.113672
1.772331
1.157014
1.147666
1.044986
0.382617
0.148931
0.797013
0.494700
1.757604
0.274315
0.158056
0.208616
1.774170
1.725536
0.002997
0.930670
0.155694
1.763897
1.111392
0.206560
1.106126
0.513887
0.033870
0.977206
1.742203
0.561394
1.401223
1.394183
1.779671
1.106106
0.459273
1.715943
0.537393
1.775911
1.388190
1.649305
1.781726
1.771089
1.753602
0.846326
0.006163
1.333597
0.465365
0.309783
1.382885
1.313149
0.252737
0.446648
0.749206
0.521508
0.365387
0.251499
0.798522
0.231343
0.582411
0.407383
0.000000
0.736904
1.106033
1.382102
0.000000
1.383230
1.771834
1.780531
1.773872
0.628675
0.452469
1.196309
0.875928
1.283805
0.973596
1.763273
0.831879
1.004852
1.389413
1.442443
0.553690
0.939287
0.274830
0.986580
1.377821
1.109172
0.614672
1.775767
0.224724
0.229405
0.985134
0.532487
0.828923
1.386663
1.384979
1.766648
0.603490
1.392455
1.115254
1.416406
0.287975
1.152115
0.965398
0.197398
1.409452
1.450159
1.169381
1.776996
0.562722
1.373627
0.547230
0.472054
0.931518
0.297496
1.309834
1.611629
0.554614
0.236794
0.243226
0.649526
1.773722
0.796220
1.393124
1.506666
0.414836
0.252829
0.237984
0.811561
1.773678
1.705152
1.775798
1.778975
0.340121
0.997660
0.426190
1.096358
0.183093
1.779958
0.927736
1.400116
0.422213
0.561974
0.281614
0.665428
0.631945
1.408709
0.221475
1.409714
1.415852
0.375000
0.813895
1.394341
1.103752
1.324612
1.385517
1.768420
0.601348
0.545902
0.142577
0.583384
1.421281
0.234084
0.239263
1.769048
1.782420
1.732635
0.642580
1.782252
1.389244
1.165781
0.332480
0.766947
0.325710
1.409747
0.154669
0.484975
1.773688
1.782495
0.284566
0.648161
1.773126
0.421341
0.332348
0.405958
0.331607
1.606313
1.377686
0.686389
1.374590
0.167683
0.359550
0.416267
0.499304
0.921110
0.628401
0.386792
0.436042
1.055283
0.292310
0.204040
1.388008
0.391243
0.352838
0.347675
1.039787
1.773552
0.483079
0.362720
0.851715
1.412722
1.393909
0.899097
1.768982
0.465738
0.161595
1.760398
0.651720
1.380715
0.582388
0.402211
0.152015
1.768967
1.377879
1.780674
1.195984
0.886560
1.364789
1.391315
1.417462
0.982238
1.390392
0.663603
1.384672
0.640276
0.422420
1.363500
0.207525
0.459718
0.378351
0.253630
0.139915
1.783401
0.449309
0.662555
0.846371
0.547839
1.780018
1.348607
1.388221
1.386232
0.220723
0.341392
1.105215
1.202722
1.026163
0.464770
1.752865
0.867088
0.422436
0.923349
0.396726
0.731063
1.388500
1.766147
0.687380
1.386926
1.767550
1.724937
1.401247
0.395180
0.793803
1.645919
0.123878
0.933941
0.839222
0.430911
0.816241
0.192257
0.781388
1.378197
1.780840
0.784275
0.844058
0.429237
1.269526
1.330586
0.078559
0.641083
1.334745
1.405468
1.384226
0.893031
1.382298
1.592083
1.387325
0.859322
0.254394
1.777374
1.481010
1.360231
0.173693
1.113035
1.085392
1.780406
0.881980
1.760280
0.785130
1.779706
0.183805
0.423619
0.185162
0.691976
1.771418
1.088099
1.664047
1.364460
1.105969
0.195232
0.680321
1.385945
0.147722
0.249054
1.096432
1.767404
1.388946
0.260897
0.119331
1.152499
1.779348
0.667460
1.782420
0.903526
0.788263
1.394442
0.418954
0.830756
0.490645
0.611573
1.687386
1.775922
1.745415
1.358099
0.197740
0.152837
0.674823
1.392308
1.747533
0.166159
1.102900
0.849024
1.095567
0.784664
1.665778
0.142676
1.370243
0.394722
0.751515
1.775043
0.577383
1.066212
0.636587
1.736710
0.347845
0.074004
0.349708
1.778720
0.654993
1.581721
1.771469
0.844642
1.774085
0.300121
1.152045
0.110922
0.429339
0.259962
1.761481
1.311086
1.382299
1.535193
0.097694
0.305795
1.775921
0.493603
1.517172
1.371258
1.778312
0.945965
0.097448
0.469453
0.976894
1.768133
1.676955
0.748169
1.753641
1.348058
0.124405
1.776470
1.409149
1.101237
0.775280
0.532208
0.570256
0.820046
1.384199
0.136249
0.518076
0.381082
1.373200
1.091847
0.738367
1.107135
1.329868
1.651334
0.169581
0.012985
0.171856
1.106014
0.205402
0.665573
1.482460
0.603126
1.386117
0.636112
0.738542
1.756021
0.364272
1.090106
1.735590
1.133910
1.385287
1.626481
1.172542
0.525195
1.777104
1.711672
1.239596
0.957765
0.225433
1.102142
0.441268
0.764843
1.046418
1.255499
0.201367
0.292836
1.710389
1.779971
1.408722
0.142706
0.213509
1.181342
1.448366
1.394319
0.246003
0.525796
1.192314
1.775109
0.250777
0.284585
1.779746
0.133478
0.514196
1.247208
1.678219
1.748394
1.383843
1.147360
1.420182
0.110791
0.871611
0.856553
0.808894
1.352767
0.523961
0.807856
0.889305
1.096416
0.185415
1.096822
1.768474
0.676874
1.106931
1.371583
1.746925
0.284276
1.349585
1.772880
1.117343
1.307908
1.753635
0.254971
0.867297
1.306678
0.982266
0.853193
0.556344
1.233998
0.784780
1.049183
0.880497
1.607312
0.819732
1.349784
1.417907
1.214156
0.207040
1.152098
1.360592
0.337973
1.358194
0.083828
0.093383
1.381379
1.148361
1.766088
1.373650
0.294003
1.372691
0.815949
1.701830
0.415200
0.161265
0.274021
1.141930
0.601616
0.404145
0.888495
1.291461
0.619494
0.590652
0.539949
1.366159
1.071291
0.213048
1.773605
1.195698
1.417085
0.821587
1.365657
0.933294
0.322698
0.416336
0.875962
1.775528
1.782055
0.568194
0.696468
1.189830
1.389506
1.391282
1.359628
1.085068
0.138803
0.948605
0.927294
1.749342
0.627138
1.357159
1.775988
1.377746
1.715836
0.663433
1.392016
1.404170
0.136217
1.109007
1.368805
0.398202
0.127257
1.646432
0.401900
1.715917
0.874170
0.409258
0.823489
0.287342
0.742803
1.459059
1.261672
0.826717
1.587028
1.106534
1.772619
0.949732
1.385595
0.499368
1.777293
0.089245
1.337398
0.353239
1.382928
1.386824
0.941036
0.392851
0.685564
1.331190
1.673939
0.823223
1.045698
0.639583
1.770118
1.512735
1.377400
1.092795
1.737901
0.864600
0.386907
1.774880
1.463071
1.757920
1.390751
0.942950
0.412977
0.264346
1.753976
0.690479
0.269812
1.384542
0.623617
1.371393
0.022585
0.740484
1.777220
0.343881
0.071673
1.559699
1.763963
0.709844
0.313154
1.349071
0.460296
1.107171
0.545887
0.057790
0.856423
0.617951
1.233819
0.198863
0.527146
0.881797
1.701009
0.218015
0.207372
0.602800
1.313891
1.382141
1.395673
0.375953
0.489676
0.875906
0.294439
0.734688
1.444005
0.301372
1.372728
1.462602
1.127506
0.073469
1.102751
1.361836
0.321237
0.868102
0.059784
1.648365
0.708283
0.205156
0.878187
0.337402
1.435946
1.382246
1.363593
1.459067
0.767915
0.803995
0.269240
0.329048
1.093302
0.366752
1.782305
0.237252
1.777244
0.812927
0.218695
0.736650
0.248949
0.923513
0.919520
1.094210
0.403227
1.563284
1.142002
1.763044
0.717402
0.939002
0.270451
0.990320
1.768318
0.676262
0.814222
1.597282
1.553604
1.770495
1.771790
1.164073
1.522457
0.397773
1.775533
1.776902
0.242628
0.772466
1.351146
1.100890
0.366787
0.892286
1.709209
0.431528
1.781062
1.361972
1.368154
0.547786
0.181527
0.278388
1.375268
1.101667
0.227834
1.312473
0.129501
0.748489
1.754011
0.900221
0.316067
0.182097
0.709778
1.781093
0.362136
0.957390
0.172603
0.261016
0.193048
0.288690
0.619012
0.699733
1.351624
1.774772
0.891027
1.348973
1.778374
0.643671
1.302350
0.081487
0.511871
0.330328
1.193519
0.690757
0.912047
1.116489
1.769406
1.779100
1.765327
1.781857
1.396007
1.510436
0.286324
1.373319
0.497265
0.498666
1.143229
1.363044
1.296859
1.399452
0.740205
0.438538
1.385842
1.186145
0.897989
1.221093
0.717428
1.756731
1.702286
0.938727
1.390155
1.381464
0.240289
1.760352
0.536235
0.262637
1.386284
0.167952
0.101294
0.949856
1.764138
1.765908
0.304244
0.413949
1.756841
0.155246
0.634791
1.699484
0.366671
0.084803
1.778412
1.775238
0.167936
0.510869
1.385949
0.190319
0.199006
1.777267
1.759470
0.875496
0.298760
0.876391
1.338645
0.782066
0.592813
0.167892
1.392347
1.780219
1.781409
1.392634
0.110286
0.151712
0.731614
0.797254
0.321052
1.392955
0.902234
1.777877
1.472592
1.727034
1.189560
0.902343
1.437495
1.403229
0.307142
1.772884
1.087795
1.774564
1.395378
0.901892
0.765423
0.183490
0.977848
0.119780
1.133916
0.246353
1.657535
1.102086
1.108261
0.759102
0.315314
0.739725
0.342148
1.384149
0.464967
0.696979
0.211354
0.633945
1.345419
1.771887
1.783495
1.010702
0.319072
0.176318
1.179964
1.038943
0.072745
0.708228
1.411010
1.365900
0.924170
0.981417
0.309148
0.499356
0.810266
1.481267
0.774719
0.918931
1.765261
0.277207
0.633047
1.761164
1.473231
0.953851
1.771361
1.394210
1.459509
0.804563
0.897637
0.443196
0.026312
1.434244
1.743073
1.375507
1.776413
0.208656
1.265947
1.777001
1.425782
1.775502
0.638836
1.241872
0.816577
0.152978
1.764152
1.249285
0.823635
1.774980
0.240259
1.103432
1.415004
0.572701
0.339208
1.754613
1.634911
0.660490
0.453424
0.932565
0.267267
0.369417
1.120931
1.130202
1.105096
1.781457
0.036544
0.084393
0.861923
0.914190
1.745705
0.540750
0.520944
0.235042
0.567936
0.937609
1.352961
0.192894
0.473727
1.172049
1.740596
1.401937
0.249729
0.392983
0.124422
1.400024
1.109004
0.198332
1.307497
1.386807
0.544823
0.229531
1.775446
1.378003
0.926938
1.059024
1.373866
0.092588
0.165263
1.303232
1.008644
0.232687
0.692983
1.750275
1.782823
0.525886
0.165639
0.971349
1.681606
0.155357
0.028368
1.356549
1.102388
1.380651
1.269881
1.440555
1.379725
0.169393
1.384293
0.239541
1.103520
1.392731
1.771404
0.324337
0.513243
0.711840
0.401194
0.911365
1.387208
0.387624
1.388462
1.775384
0.875272
1.384135
0.905979
1.107303
0.625868
0.421672
1.106813
1.625652
1.246460
0.217863
1.753723
0.157707
0.132629
0.533885
0.756286
1.357834
0.689548
1.776308
0.503719
1.447295
1.401524
1.124807
0.513736
1.139993
1.314825
1.770855
1.381415
0.776961
1.391596
1.423413
1.411368
0.737627
0.823044
1.699116
0.667241
1.526865
0.519490
1.190422
1.775570
1.764439
1.768580
1.782705
0.541891
1.392745
1.669504
1.779681
0.472895
0.753244
0.450910
0.427961
1.132112
1.603940
1.778329
0.372348
0.217269
0.423082
1.204030
1.030936
0.370104
1.724647
0.178089
0.074925
0.273772
1.771328
1.108605
1.760323
0.184515
1.176331
0.240516
0.754695
1.724632
0.534455
1.107365
1.241715
0.493601
0.057387
0.171204
0.921016
0.396537
1.210384
0.365234
1.774683
1.455861
0.632301
0.582359
1.103162
1.137733
0.880155
1.083227
0.292408
1.779480
1.737066
0.792834
1.538256
1.107310
1.089055
1.780310
0.894825
0.850903
1.371166
0.562418
0.646070
0.349166
0.195996
1.778937
1.781078
1.376063
0.661906
1.106776
1.782635
0.665070
1.320830
1.782989
1.356961
0.887249
0.384187
0.914731
1.672403
1.048934
1.773948
1.754362
1.781279
0.484906
1.759129
0.273572
1.426045
0.305728
1.098620
1.358543
0.733934
0.214217
1.447442
0.489291
1.733587
0.952742
0.671082
0.598071
1.102395
0.154131
1.773226
0.431240
0.827366
0.771319
1.363079
0.941596
0.693852
0.287420
1.772499
0.242513
1.399164
0.762056
0.270104
1.683542
1.692879
1.210131
0.364993
0.231191
1.782456
1.180657
0.752763
0.414497
1.312099
1.750890
0.156183
1.367452
0.925242
0.849102
0.392862
0.311051
1.776132
1.391284
1.264163
1.709562
0.820427
1.773210
0.509205
0.091773
1.778506
1.783352
1.784159
1.444759
0.917766
1.773032
1.628302
1.779436
1.157901
0.148392
0.230515
0.697942
1.185015
1.782197
1.774584
1.776543
0.047674
1.076804
0.277868
1.781264
0.897643
0.906924
1.778264
1.346723
1.365001
1.393697
0.275216
0.217826
1.607634
0.212537
0.995171
1.030238
0.039354
1.094958
1.776427
0.344636
1.773594
1.771288
0.132404
1.220719
0.289236
1.216759
0.124088
1.778031
0.927419
0.666626
0.391293
1.780766
0.646886
0.128816
0.840375
0.607045
1.646834
1.306390
1.360916
0.488683
1.651352
0.020910
0.431025
0.200800
1.764155
0.829995
0.269853
0.324330
0.713748
0.851101
1.437908
0.857617
1.777648
1.157658
0.276916
1.352637
0.929748
0.297116
1.102188
0.268907
1.729195
1.372485
1.373972
1.784225
0.856289
0.183294
0.397481
0.388657
0.800749
1.748394
1.092120
1.106627
0.462024
0.894799
1.381184
0.628361
1.167226
0.959463
0.678763
0.508463
0.192983
1.325010
1.767291
1.777706
0.888049
1.655747
1.775134
0.899334
0.815808
1.734164
0.179894
0.477989
1.222976
1.773383
1.393942
1.769367
1.775505
0.972313
1.767943
0.080632
1.774910
1.419991
0.602759
1.350557
1.414486
0.105390
0.914763
0.266007
1.105229
0.253002
0.786859
1.750280
0.885100
0.258925
1.779125
0.241892
0.940115
0.149685
0.630645
1.351199
0.170754
1.437299
0.837257
0.857498
1.760571
1.089429
0.687710
1.505086
0.421870
1.691187
0.255141
1.706053
1.380013
0.891864
0.056719
0.218565
0.630263
1.701194
1.778210
1.775174
1.765662
1.781475
1.230634
0.464249
0.837910
0.450110
1.140982
1.396056
1.229207
1.728453
0.254886
1.108245
1.775453
0.411086
0.105997
0.350770
0.916819
1.518959
0.112736
0.188555
0.092813
1.481318
0.320587
0.521740
0.363238
0.778962
1.636002
1.586914
1.696791
1.367871
1.389404
0.707397
1.770998
0.554802
1.753573
0.217050
1.038359
0.253862
0.226488
1.771907
0.296444
0.525021
1.771473
1.694485
1.376065
0.076695
0.625884
1.369249
0.304835
1.774262
1.776510
1.380418
1.709064
0.468349
0.710290
1.389563
0.585439
1.130577
0.923826
0.196815
1.272362
0.290652
0.317478
0.374216
1.386618
0.224900
1.213181
0.288617
1.772007
0.384699
0.164691
0.726519
0.130388
0.713485
1.765013
0.870149
0.723757
1.397720
1.779573
1.756278
0.155920
1.100102
1.390209
1.295741
1.767407
1.392721
0.308820
0.528408
1.275371
0.256595
0.538685
0.233736
1.105212
0.200403
1.054963
0.773655
1.074496
0.571402
1.776918
1.333591
0.193805
0.545641
0.157316
0.823660
1.425778
0.643423
0.079429
0.159575
0.214715
0.748507
1.366827
1.122472
1.674251
1.777531
1.370698
0.675431
0.196794
1.570814
0.898911
0.210809
0.895965
0.713904
0.394430
1.364543
0.098121
0.107210
1.393296
0.164548
1.670592
0.593063
0.424382
1.782069
0.954490
0.146628
1.170499
0.658913
1.079173
1.762618
0.318093
0.382923
1.719223
0.901215
0.963789
0.554355
1.776519
0.957568
0.205648
1.112525
0.754515
0.137560
1.781391
1.287717
1.748021
0.602817
0.888057
1.389507
0.919837
0.857600
0.044010
0.345084
0.783397
1.773479
0.570763
1.775959
1.150650
1.372409
1.776532
1.402718
1.216986
0.910995
1.238697
0.884329
1.770116
0.824406
1.396417
0.019341
0.020630
0.239332
1.354024
1.737599
1.675031
1.377017
0.539688
1.408646
1.766004
1.254122
0.701751
1.639232
1.134569
0.165912
1.777574
1.089952
1.376185
1.057792
1.780940
1.304778
0.224278
1.309332
0.671446
0.341956
1.095211
1.164306
1.107134
0.128798
0.267495
1.325093
0.383035
0.441653
0.151910
1.765789
1.782939
1.376607
0.129518
1.383494
1.313231
0.311201
0.885867
1.740188
0.854869
1.388555
1.770694
0.585763
1.603742
0.787432
0.971423
1.778707
0.450898
1.002637
1.368202
1.772280
1.375246
1.773621
0.486906
0.944530
1.111751
1.420421
0.873959
0.183664
0.997773
0.682582
1.779584
1.317572
0.493158
0.282216
1.341752
1.364632
1.083026
0.146844
1.772578
0.542726
1.107043
1.759145
1.760121
0.327058
0.605342
0.993864
1.387746
1.368283
0.288775
1.764571
0.178975
1.490173
1.359340
0.491174
0.692970
0.310347
1.775196
0.328886
1.746769
1.776181
1.269968
0.135303
0.297853
1.772967
0.893672
1.737444
0.095373
0.329329
0.526439
1.026375
0.914755
1.775062
1.017800
0.793132
1.106392
0.098913
1.413448
0.201009
1.778922
1.258387
0.777443
1.368410
1.143290
1.280502
1.666336
1.672021
0.932304
0.616696
1.415887
0.381451
1.010138
1.752409
0.036402
1.661383
0.457382
1.740914
1.222248
1.324349
1.754695
1.198533
1.373042
1.479974
0.345770
0.382082
0.136676
0.572122
0.428995
0.888135
0.486839
0.678091
1.394119
0.152362
1.389487
0.451838
1.443107
1.777973
0.114936
1.635041
0.986531
1.169935
1.756541
1.622228
0.463689
1.781014
1.383332
0.175867
1.232024
0.349125
0.668160
0.456126
0.866285
0.165872
0.850858
0.567494
0.908316
0.350048
0.793150
0.838853
0.821636
0.330406
0.931918
0.510588
0.324145
0.492914
0.344842
1.604405
1.167310
0.890705
1.766025
0.892808
0.722380
1.783324
0.602507
1.328469
1.334314
0.966649
0.215997
0.178095
0.080425
0.077091
0.793239
0.924125
1.667607
1.771029
0.673957
0.696170
0.454582
1.475166
0.789140
0.343080
1.001105
1.106370
0.556011
1.783404
1.367599
1.178391
1.347237
0.127344
0.620219
0.572794
0.425044
0.948638
0.406010
0.777484
0.362280
1.417994
0.289792
0.458256
1.757013
1.133669
1.777029
1.105640
1.103058
0.751781
0.873793
1.776259
0.489259
1.598207
1.373696
0.876604
0.111623
0.057060
0.844648
0.275280
1.098783
0.213286
0.149442
1.390973
1.363277
1.293625
1.716326
0.591682
1.769514
0.386745
0.484063
1.780844
0.617180
0.277981
1.674499
0.917215
1.779291
1.707447
0.350600
1.755332
1.318198
1.400552
0.156771
0.845810
0.606324
0.203215
0.527394
1.215954
1.027889
1.099397
1.779863
0.685857
0.111711
0.165531
0.270517
0.533046
1.775057
0.477704
1.102277
1.756258
0.829273
0.131256
0.786944
1.780864
0.199850
1.289412
1.321528
0.529502
0.635478
1.465593
0.187927
0.688419
0.385362
0.130202
0.208271
0.527923
0.783639
0.070581
0.467860
1.767790
1.777280
1.199104
0.473907
1.780227
0.413088
0.499539
1.780929
0.490942
0.213015
0.340379
1.728118
1.354483
0.790919
1.726569
0.410420
0.972165
0.476587
0.578353
1.649342
0.747984
1.774828
0.278721
0.547885
0.434502
1.681498
0.642110
0.255765
0.169572
1.411083
0.964165
0.260967
0.227253
0.163354
0.795160
1.130902
1.098140
0.310193
0.194188
0.477631
0.049156
0.611676
1.407993
1.109367
1.096579
0.128027
0.150049
0.367331
0.287980
1.144833
1.774620
0.098594
0.411028
1.177342
1.100992
1.656874
1.472324
1.721830
1.391743
0.712445
1.752481
0.526771
1.393986
1.778337
0.894994
0.670563
1.374442
1.719405
0.428960
0.452833
1.776666
0.690635
1.517324
1.383578
0.784739
0.714172
0.689171
0.228274
0.077999
0.348526
0.114384
0.467546
0.274209
1.779123
0.162892
0.364157
1.260150
1.694521
0.278079
1.050168
0.239331
1.087713
0.479689
1.402087
1.385679
1.385439
0.877855
1.775071
0.813349
1.707356
0.771380
1.272103
0.333236
0.367943
0.151033
0.844846
0.794583
0.289636
0.283185
0.813279
1.374729
1.766435
0.659020
1.018766
0.845120
0.160611
1.391764
0.490124
0.643628
1.091950
0.648224
0.990326
1.749073
1.113357
1.240799
0.203768
0.513119
1.771223
1.250234
1.301991
1.777200
1.775586
1.743450
0.879427
1.779086
1.695560
0.296695
1.774758
0.842741
1.772393
0.160145
0.809339
1.160214
0.299564
0.839726
1.784324
0.372630
0.684375
0.870659
0.187716
1.412183
0.322036
0.256307
1.373633
0.093299
1.761670
1.108685
1.762233
1.757822
0.964138
1.384801
0.413741
0.930248
0.633964
1.782223
0.564409
1.403407
0.488278
1.728640
0.865980
1.335259
0.210142
1.287223
1.783232
0.190967
0.595750
0.493492
0.506235
1.390439
1.067580
0.179705
0.226771
1.776996
1.373712
0.503740
0.367096
0.601357
1.780138
0.970150
0.911011
1.779630
1.362200
0.504609
1.574127
0.133821
1.279596
1.782637
0.811245
1.238950
0.791934
0.235909
1.622673
1.771034
1.086930
1.394044
1.773761
1.715391
1.419843
1.406619
0.865023
1.417277
0.916115
1.357768
1.773457
1.409211
0.389485
1.366972
0.136103
1.364014
1.776044
0.337875
0.420219
1.219858
0.545806
0.492058
0.782755
1.770129
1.779244
1.389764
0.253351
0.437440
0.506985
0.861135
1.634738
0.817347
1.603940
0.418101
0.442343
0.621232
0.860016
1.349205
0.545578
1.772607
0.996727
0.696809
1.213317
0.271042
1.383463
1.454835
1.515223
1.330460
0.674378
1.356550
0.001311
1.110792
1.106235
1.359141
1.413256
0.628994
1.771839
1.107813
0.917605
1.368449
0.508057
0.923922
1.778785
1.759445
0.427076
0.445298
0.742407
1.423643
0.769077
0.574401
0.917497
1.113464
1.403371
1.095952
0.995485
1.068871
0.235767
0.907684
1.137483
1.376350
0.138026
1.395647
1.326697
1.431432
0.297254
0.664624
1.381754
1.771628
1.464782
0.529949
1.387518
0.241486
1.236594
0.459132
1.067388
0.860829
1.389945
1.081434
0.270060
1.782712
1.761518
1.778815
0.147367
1.098329
1.183315
0.304601
0.338769
0.279450
0.333190
1.718390
0.204938
1.411392
0.096666
0.365005
1.390870
0.858793
0.529131
1.658206
1.171686
1.770052
1.526954
0.233855
1.406073
1.116149
1.115479
0.055512
1.280235
0.796625
0.341104
1.108008
0.529653
1.777362
0.240440
1.042532
0.900759
0.175803
0.159154
1.106207
0.803946
1.773014
0.174352
1.094487
0.173892
0.673951
0.906523
1.091058
0.580106
1.775143
0.287981
0.900916
0.158706
1.745726
0.422096
1.598797
1.372950
1.101661
1.103744
1.762205
1.106191
1.372863
0.706888
1.779606
0.159388
0.802886
0.484845
1.041986
0.508745
0.388151
0.279581
1.282725
1.781054
1.388065
0.324047
1.769732
0.438914
1.106600
0.362638
1.377606
0.413344
1.582371
1.763672
1.097754
0.670474
1.118923
0.164293
0.152319
1.540817
0.026885
0.352042
1.779679
1.773825
0.235273
0.924033
1.100939
1.312699
1.373118
0.486994
0.193829
1.392057
0.779317
0.015609
0.314812
0.576461
0.183232
0.185566
0.143331
0.262301
0.490879
0.304495
0.398806
1.765749
1.155577
1.118365
0.908154
1.782222
1.429265
1.777716
0.155007
0.068730
0.641523
0.188329
0.775731
1.735841
1.552812
1.770019
0.505391
0.623913
0.932543
0.372223
1.165440
0.599858
0.914128
0.667104
0.309316
1.199119
1.393373
0.274199
0.921200
1.774950
0.359576
0.654205
1.725689
0.492649
1.046475
1.391625
0.695337
0.398688
0.211986
1.460522
0.763057
1.775291
1.769279
0.414546
1.170578
1.214849
0.054566
1.774780
1.710030
1.105510
1.773199
1.448458
1.730106
0.322834
1.537149
0.276422
1.552947
0.087538
1.381998
0.240540
0.920107
1.107429
1.344949
0.614366
0.408040
1.781237
0.271491
0.860802
0.974237
0.223702
1.783030
1.109430
1.773781
1.410260
0.311123
0.325142
1.774201
1.427360
0.424398
1.023179
0.613239
1.415622
1.751729
1.779427
0.589964
0.206351
1.110302
1.163393
0.306750
1.436332
0.205672
1.782508
1.363928
1.783506
1.747328
1.194926
1.015644
1.101660
0.772916
1.081227
0.183259
0.287049
0.441871
1.281191
0.270837
0.731895
0.899553
1.463408
1.332899
0.674942
1.759670
1.774592
0.262881
0.592209
0.935678
0.313888
1.377427
1.388970
1.772741
1.436668
0.980031
1.090354
1.660824
1.390061
1.079823
0.776004
1.768201
1.344466
1.770845
0.913253
0.799210
0.633165
0.290643
1.476611
0.732278
0.455815
1.405880
0.226943
0.817734
1.779401
0.689674
1.382513
0.368522
1.780277
1.746227
0.430108
1.777336
0.289227
0.433335
0.309869
0.318878
1.059777
0.820099
0.494818
0.527303
0.807396
0.243177
0.603278
1.413455
0.885447
0.913556
1.380887
0.061806
1.380258
1.778969
1.140346
1.726839
1.007869
1.381626
0.744649
0.072714
1.667625
0.644291
1.356466
1.780250
1.781623
1.754257
1.772969
1.769408
1.780457
0.713327
1.102518
0.895742
0.892247
1.778250
1.660443
0.694615
1.467174
0.417110
1.062883
0.590523
1.729037
0.869108
0.811383
0.526827
0.829173
1.732535
1.380817
1.340933
0.937281
0.932644
0.909979
1.774924
1.111207
1.362427
0.530675
0.185502
1.112837
1.103991
0.227809
1.138891
1.102801
1.102375
1.389728
1.566057
0.209953
1.781055
1.362693
1.147101
1.489693
1.383700
1.065454
0.212963
1.782061
1.375399
0.916094
1.489434
1.765233
1.388829
0.978022
0.087809
0.420670
0.187004
1.748344
1.068794
1.502567
1.113674
1.736341
1.214269
0.712505
1.386272
0.199276
0.504143
1.774019
1.708883
1.780552
0.774220
0.699917
0.361220
0.637499
0.325864
0.488232
1.375189
1.779040
1.164582
1.591558
0.032855
1.769812
1.755512
1.766905
0.892989
1.196301
1.666663
1.378929
0.443747
1.107744
0.164643
1.397889
1.103328
0.581245
0.848999
0.387292
1.381627
1.336975
1.780322
1.212445
1.386408
0.743103
1.656927
1.343601
0.211963
1.775314
1.736668
0.936100
0.672978
0.743757
0.443112
1.098787
1.435620
0.233379
1.250378
0.899294
1.391051
0.917106
0.490042
1.706919
1.165587
1.770169
0.859112
0.421920
1.188061
1.118277
1.772966
0.877290
0.191350
0.861423
0.718119
0.899255
0.480379
0.883356
1.776075
1.353927
1.400358
1.084338
0.419629
0.178037
1.220234
0.467655
0.537473
0.106807
0.468462
0.643735
1.131608
0.610643
1.659178
1.183883
1.106032
0.240386
1.211387
0.623101
1.431728
1.388582
1.779316
1.077584
0.662399
0.649294
1.309743
1.154244
1.622488
0.451557
1.379607
1.391730
1.772610
1.771325
1.386588
0.111182
0.888744
1.393749
0.478939
1.405601
1.352839
1.386204
1.766608
1.403801
1.739415
0.142556
0.918835
0.852064
1.327453
0.245382
1.308477
0.756537
1.776124
1.756888
1.439767
1.042275
1.782555
1.398779
1.175701
1.389907
0.680685
1.769855
1.232568
0.067357
0.886676
1.154564
0.554387
1.108176
0.567876
0.556837
1.305093
1.149657
0.269713
0.456754
1.778479
1.022709
1.392173
1.106274
0.407327
1.378034
0.123054
1.770748
1.774391
0.735326
1.102643
0.870028
1.557101
0.414478
0.045172
1.228064
1.104642
0.508080
1.380772
0.704148
1.224063
1.343903
0.162448
0.820994
0.589179
1.768944
1.777409
1.121826
0.814877
1.381837
0.748958
0.281391
0.920909
1.781345
1.759414
0.260978
1.781914
0.131054
1.004760
1.166664
1.392905
0.458429
1.664847
1.331425
0.895989
1.439997
1.616070
0.865644
1.406700
1.418361
0.903508
0.468698
1.491978
1.044311
1.140618
0.273000
1.158715
1.645100
0.542618
0.540693
1.707808
1.777188
0.230157
1.095216
0.843542
1.773244
1.172429
1.155342
1.167666
0.124937
1.595619
0.940897
0.689590
0.314650
0.698687
0.818856
1.518213
0.960623
1.743320
0.287026
1.292218
1.635032
0.038292
0.315880
1.751130
0.182352
1.115880
0.685358
0.468034
0.449981
1.736580
0.824395
0.881558
1.293404
1.384736
0.530283
1.107158
1.383649
0.383132
0.369162
1.200362
1.778559
0.551121
1.778225
1.754013
1.711778
0.229408
0.556272
1.748581
1.107364
0.458447
1.766069
0.409809
0.710554
1.402703
1.778003
1.105759
0.264067
0.904556
0.233853
0.189391
1.685895
0.113109
0.192540
1.771408
1.606920
1.228491
0.180586
0.180971
0.985317
0.531252
0.614845
0.248221
1.410049
0.880915
0.010155
1.068751
1.781965
1.782270
1.774639
1.742999
0.489417
0.863136
1.766401
1.281914
0.909855
1.758592
0.207818
1.725266
0.481255
1.109910
0.287560
1.375094
1.782777
0.675120
1.385744
1.404912
1.388455
1.781197
1.783234
1.141966
1.777908
1.769197
1.370835
1.394691
1.738778
0.103643
0.437112
1.103819
1.730329
1.527766
0.731391
1.384829
0.206433
1.259297
0.875784
0.638438
1.768723
1.280325
1.772036
1.389995
1.094469
0.179939
1.777146
1.781342
0.584364
0.252808
0.831680
0.971867
1.777372
1.708174
1.076261
1.333798
1.779545
1.089456
1.392118
1.771231
1.770902
1.029232
0.222892
1.314450
0.697335
1.771016
1.386466
1.353273
1.383262
1.766498
0.387730
1.106638
1.139899
0.190633
1.779599
1.776455
1.779847
1.775682
0.904784
1.782242
0.705236
0.511938
0.167087
1.369292
1.388670
1.393673
1.273424
1.392759
0.261851
1.755671
0.484934
1.107971
0.646212
1.421997
0.793977
0.253312
0.148820
0.158319
1.227965
0.842798
0.884223
1.384188
0.574848
1.297391
1.372127
1.043419
0.260240
1.010801
0.497494
1.707007
1.748616
1.407950
0.656567
1.458877
0.384970
0.289356
0.543338
0.837652
1.530727
0.125326
1.004628
0.162780
0.539782
1.138507
0.719282
1.628638
1.092284
1.349861
1.116451
1.320422
1.569197
0.716659
0.221511
1.481395
0.421497
1.157348
0.302725
0.829361
0.791008
1.394890
1.102762
0.363670
1.780263
0.488475
0.482391
1.775820
1.613820
1.757921
1.225291
1.135055
0.305949
0.277172
1.258460
0.723389
0.395537
0.175456
1.328048
1.417952
0.987481
0.776438
0.405587
1.106164
0.074679
1.216591
1.464968
1.381299
0.725895
0.626115
1.748950
0.763620
1.776744
0.458257
0.759045
0.813693
1.151686
0.804006
0.563626
1.384649
0.929716
1.777627
1.386603
1.385207
0.588167
1.468437
0.031665
0.397927
1.360401
1.767132
0.343179
1.107182
1.275772
0.307050
1.585529
1.363611
0.319899
0.685172
1.780903
1.333939
1.651927
0.811267
0.191091
0.951641
0.388281
0.730616
0.176570
0.567512
0.863869
1.657752
0.136685
1.073794
1.389086
0.886402
0.632637
1.331747
1.350337
1.384428
1.748484
0.296885
1.388721
0.880001
1.765725
0.517449
0.141800
0.830693
1.665341
1.205839
1.603881
1.370514
1.503757
1.392646
1.387676
0.229828
0.910019
0.903615
1.690217
0.772406
1.094840
0.367520
1.314823
1.379484
1.334916
1.110356
0.297841
0.504471
0.929953
0.647123
0.548059
1.374467
1.115594
0.119177
1.527261
1.334256
0.377099
0.865528
0.505237
0.390153
0.177384
0.490211
1.619601
0.805268
1.316656
1.777585
0.171946
0.103550
1.370229
1.120241
0.629590
1.393713
0.413908
0.392242
1.384571
1.760212
0.087519
1.383600
0.635073
1.126493
0.802891
1.777282
1.381532
0.494195
0.975672
0.334877
1.142066
0.515209
1.135145
1.741310
1.377777
1.778207
1.732255
0.273485
1.756649
0.583720
0.076290
1.770669
0.211124
0.352294
1.742984
0.245975
1.772286
1.748270
1.080786
0.280379
1.526256
0.180407
1.326538
0.196756
0.494489
1.375344
0.635039
1.777020
1.567933
1.495447
1.153141
0.205162
1.322236
0.218934
1.354348
1.255891
0.604088
1.777431
1.370560
1.488240
0.232077
1.279203
0.307539
1.062434
1.113928
1.509983
1.776406
0.788058
1.554363
1.122816
0.632306
0.882215
0.432112
1.781745
0.738895
0.083379
1.726496
1.051829
0.738592
0.732764
0.183789
1.224761
0.742280
1.379797
1.374533
0.248087
1.385927
1.082160
0.689099
0.191016
1.781619
1.387680
1.761090
0.403253
0.317510
0.192904
1.396296
1.760585
0.696316
1.778616
0.430073
0.191127
0.095441
0.114786
0.738481
1.472993
0.424850
0.201324
0.614058
0.568748
0.189638
1.768273
0.674494
0.323736
1.756718
1.442462
1.299092
1.405255
1.777990
1.774804
1.123203
1.652341
1.375364
1.472665
0.798188
1.409573
1.108733
