0.787947
0.732936
1.679979
0.204888
0.453941
1.722827
0.254284
1.695421
0.988892
0.614138
0.306384
1.742074
1.473993
0.149621
0.894367
0.973947
1.732903
0.267918
1.159294
1.637469
1.420668
1.224782
1.755717
0.843304
0.680661
1.303967
0.214962
1.290382
1.685091
1.217940
0.901304
1.267424
1.086104
0.640672
1.166269
0.963449
1.282236
1.680649
0.294245
0.795464
1.728151
0.534761
1.030633
1.280939
0.919061
0.452875
0.166993
1.212444
0.248089
1.283222
0.682435
1.729780
1.345311
1.054832
0.833705
0.673347
0.122172
0.224070
1.262982
0.879529
1.750926
0.370104
0.411521
0.463151
1.402835
0.175277
0.251279
0.573116
1.269817
0.183966
0.251677
1.742786
1.281519
0.089679
0.115313
0.464965
1.036666
1.425519
0.408663
1.729148
0.666657
1.112329
0.587103
1.720815
0.204524
1.066333
1.258372
1.744901
1.274323
0.127720
1.269894
0.421315
1.083132
1.436765
0.220174
0.089628
1.282118
0.928860
0.237081
0.379555
1.181611
0.713402
1.273826
0.312700
1.755338
0.588123
1.731917
1.295566
1.596951
1.277117
1.267870
0.456657
0.174432
1.746777
0.633476
1.213107
1.275853
1.382862
0.272927
1.751591
0.577206
1.282367
1.743519
0.707283
0.999068
1.188003
0.143530
0.700364
0.270140
0.178977
1.687111
1.251138
0.713251
1.276175
1.741405
1.274853
1.338599
0.579520
0.741147
1.247936
0.824004
0.431079
0.147101
1.084316
1.231816
0.902545
1.275929
0.213889
1.749742
0.328844
1.276947
0.501996
0.892632
1.747230
0.390854
1.001913
0.635578
1.732692
0.323418
0.069735
1.675209
0.266898
1.754833
1.365383
1.745815
0.088964
1.740657
1.745656
1.279555
0.472809
0.671553
1.131880
1.281123
0.579732
0.149644
0.883470
0.171259
1.741326
1.395975
1.683019
1.686896
1.742367
1.278454
1.273387
1.307974
0.832885
0.528552
1.276876
1.276971
0.699385
1.294783
0.693913
1.101285
1.260287
1.745942
1.744354
1.249835
1.738123
0.110528
1.747090
0.145279
1.752538
0.407958
1.271586
0.248973
0.226318
1.134196
1.201023
1.280362
0.556675
0.453509
1.716528
1.744715
0.433609
1.101874
0.982737
0.331985
0.173204
0.584069
0.703073
1.718593
0.829550
1.628276
0.719582
1.661717
0.294524
0.242238
1.681984
1.727738
1.659894
0.232864
1.734484
0.527170
0.507456
1.146752
0.405738
1.083056
0.234448
0.633616
0.231677
1.697085
1.689701
1.004214
1.716140
1.220875
1.234940
0.192939
0.735109
0.786857
0.300187
1.751903
0.335749
1.275985
0.836095
0.365800
0.649314
0.968295
1.402757
0.454075
1.291121
0.143365
0.665315
1.197176
1.270132
1.161988
0.693386
1.276329
0.970763
1.744999
1.468192
1.392265
1.254676
0.795682
1.282243
0.118915
0.856189
0.431268
1.248970
0.334762
1.267947
0.309387
0.280443
0.551237
1.713318
1.280018
1.727557
0.180626
0.920222
0.728775
1.005458
1.719690
1.398593
0.436044
0.201853
0.575841
0.858270
0.876028
0.762396
1.718000
0.574063
1.658048
1.233800
1.742939
1.582406
0.060512
0.635398
0.843489
0.241772
1.670744
0.884676
1.241308
1.461737
0.200268
1.274072
1.702789
1.734828
0.322434
0.863103
1.015036
0.525179
0.104330
1.742652
0.164691
0.173917
0.819539
0.374313
1.426756
0.481442
1.611720
0.206602
1.751525
1.528488
0.231906
1.257446
1.225514
1.740483
0.607723
1.694128
0.610924
1.183823
0.615249
0.559907
1.712292
1.723225
0.581484
0.276421
1.125806
1.741844
0.330607
0.908191
0.603144
0.967472
0.000000
0.473733
0.798659
1.238465
1.700959
1.743418
0.875483
0.684530
0.371362
0.862064
0.017756
1.122273
0.130119
1.749658
0.997856
0.239232
0.152134
0.254272
1.746081
0.887065
0.230143
0.188046
1.282421
0.631953
0.742197
1.646762
1.281243
0.061849
1.053363
0.665744
1.742722
1.256828
0.109154
1.728199
1.747682
1.689086
0.327517
0.930974
0.486579
0.405240
0.291232
1.321338
1.669554
1.733385
0.409973
1.276364
0.496674
1.278886
0.547679
1.275009
1.258692
1.214320
1.364135
1.145690
1.674193
0.854945
1.282845
0.696469
0.215658
1.755940
1.755187
0.385803
0.304562
0.914429
1.740202
0.172998
0.114093
1.393623
1.724925
1.301974
1.209075
1.027735
1.236663
0.517397
1.748983
0.575109
1.548524
0.430576
1.256292
1.243067
0.841433
1.257350
0.392306
1.712356
0.177029
0.864522
0.820056
0.749962
1.276123
1.381235
0.137321
1.276543
1.674284
0.349583
0.148573
0.787212
0.506009
0.757712
1.597533
1.737813
0.496421
1.719990
1.596695
0.158400
0.179295
1.631935
1.276223
1.337451
1.267276
1.748308
0.161411
0.217229
0.195840
0.618970
0.996257
1.064103
1.268835
1.501969
1.175446
0.144873
0.204617
0.888078
0.658571
1.720761
1.418030
0.309465
1.270489
1.325892
1.696119
0.603899
0.433589
0.118180
0.638221
0.899609
0.422618
1.190874
1.723639
1.729521
1.528835
1.158416
0.920967
1.487211
0.892713
0.302922
0.793043
0.740064
1.243060
0.271983
1.615269
0.990498
0.806349
1.731671
0.646150
1.605369
0.686923
0.486351
1.448041
0.897069
0.627396
1.244725
1.752029
1.306144
1.751315
0.953409
1.706231
1.012597
0.305231
0.618851
0.868421
0.928433
1.292158
0.879780
1.754442
1.751301
0.265623
1.677734
1.407727
1.744746
0.453255
1.744925
0.235529
1.270824
0.448126
0.128657
0.641470
1.726197
0.266421
1.280018
1.246492
1.271993
0.938963
0.839655
0.889926
1.752049
1.264523
0.302307
0.876361
0.148981
1.736319
1.223220
0.892610
1.271183
1.284111
1.214282
0.489533
0.622918
0.871858
0.874860
0.693634
1.058837
0.315590
0.049824
1.280612
1.249675
1.717869
0.816133
1.742511
1.074562
1.275775
0.036279
0.217580
1.317999
1.270691
1.266309
1.337574
1.724474
1.744845
1.627327
1.746282
1.692588
1.220713
0.409306
1.755602
1.491967
0.582773
1.755265
0.091612
1.752652
1.462560
0.321522
1.722449
0.809672
1.247992
1.756707
0.649019
0.297551
1.297078
0.490852
1.749757
0.173985
0.407856
1.226490
0.256383
0.168921
0.273770
1.006124
1.740235
0.896868
0.109167
0.422296
1.212483
1.745698
0.062439
0.519827
0.934551
0.606542
0.069415
0.243147
1.748592
1.683345
0.254056
0.890026
1.646542
0.316113
1.498534
1.381126
1.089254
0.628787
0.416838
0.408226
1.116745
1.280553
0.995483
0.127988
0.153606
1.267385
1.389666
1.723236
0.365674
1.713901
0.982107
0.755758
1.538353
0.152992
1.012790
0.451380
0.453582
0.206612
0.392151
1.333814
1.748156
0.261580
1.695829
0.627392
0.930398
0.227481
1.749488
0.621892
1.746199
0.730638
1.736390
1.684196
1.239728
1.301661
1.740525
0.193119
0.331025
0.139207
0.154390
0.370826
0.584334
0.838309
1.703207
0.128650
1.251155
0.414308
0.084565
1.749120
0.664414
1.727990
0.489603
1.254385
0.025315
1.449217
0.097831
1.739288
0.736145
1.720886
1.292252
1.729853
1.281221
1.145720
1.675743
1.292357
1.749537
0.793656
1.753030
1.563695
0.833832
1.683533
0.187846
0.278607
1.236023
1.712398
0.117657
1.332418
1.309410
0.513475
1.751202
1.056987
1.744932
0.212345
1.273800
1.264523
0.406958
0.729249
0.957636
1.742392
0.194878
1.747047
1.121610
1.736882
1.692905
0.918716
1.689415
1.242494
0.227893
1.753553
1.470068
1.749572
1.645562
0.188963
1.736636
1.092885
1.279900
1.732820
0.435106
1.273207
0.912602
1.294987
0.222480
1.717205
1.254517
1.301614
0.215166
1.746145
0.394797
1.277659
1.052339
0.424978
0.586938
0.878792
1.392796
1.257179
0.987234
1.306504
0.519792
0.364275
0.347942
0.532655
1.280178
0.493637
0.352955
1.282451
1.281959
1.276328
0.288925
0.295041
1.276018
0.499108
1.086837
1.738841
0.148692
0.362256
1.747259
0.498745
1.273249
1.736827
1.757214
0.276389
1.748766
1.259973
0.114139
0.952814
0.419195
1.565475
1.276125
0.177873
0.839185
0.232169
0.344455
1.344084
0.154630
1.272447
1.095659
1.743642
0.948850
0.205240
0.332639
0.492863
0.686245
0.893187
0.000000
0.146616
1.676540
0.219009
0.264925
1.599839
1.282312
0.488504
0.327107
0.468719
1.260722
1.682934
0.776888
0.347981
1.612856
0.301246
1.526654
1.725889
0.982217
0.871276
0.476148
0.153974
0.264682
0.865403
1.701447
0.115812
1.736056
1.736530
1.216502
1.301391
0.679100
1.061083
0.816620
0.300163
1.746367
1.309195
0.144460
1.286042
1.345678
0.290318
0.833485
1.040601
0.676033
1.109897
0.592210
0.669184
0.317862
0.644197
1.182753
0.280385
1.725973
1.731414
1.733183
0.758189
0.364123
0.894093
1.745226
0.455508
1.491576
1.742248
1.276174
1.276263
1.285663
0.916002
0.318469
0.293182
1.438696
0.863844
1.384638
0.494555
1.265388
1.676986
1.275587
0.406209
1.731092
1.607934
0.269614
0.541881
1.747700
1.278738
0.312485
0.593872
1.697512
0.476518
1.102806
0.472428
1.273185
0.539736
0.187655
0.804676
0.888501
0.369136
1.182939
0.092401
0.228769
0.931582
0.359853
0.081361
1.753059
0.384005
1.205160
1.396276
1.746642
1.730197
1.314241
1.227803
1.446489
0.660195
0.554116
0.305915
0.212643
1.239999
1.262110
1.438674
0.256034
0.568717
0.667089
1.742515
0.827389
1.753415
0.719272
0.259732
0.764153
1.275917
1.264907
1.295159
0.888421
1.696061
1.752012
1.713095
1.719364
0.932217
1.748457
0.602154
1.611338
0.274070
1.740387
1.244783
1.735244
0.782859
1.692946
1.281189
0.334834
1.733997
0.391332
0.350776
0.791008
0.432080
1.147698
1.279541
1.731087
0.621570
0.137879
0.959404
0.782463
0.331964
0.096503
1.581317
0.571590
0.159729
1.282469
0.964957
1.279753
0.359130
1.245636
1.662392
0.724392
0.564957
0.923687
1.253533
0.975757
1.281193
1.752223
1.754204
1.270814
0.402542
0.812060
0.346896
0.234348
0.142240
0.979684
1.734686
1.145006
1.107767
0.319836
0.778354
0.446830
0.255756
1.281855
1.748818
0.427510
0.928641
1.730926
0.563510
1.182526
1.751618
1.279921
0.447222
1.277804
1.189195
1.184719
1.747563
0.326275
0.638101
0.350889
0.581844
0.390176
0.810311
1.273111
0.189189
0.514199
0.343925
1.003119
0.191186
1.236396
1.222759
0.718125
0.712954
1.732517
1.729016
1.252776
0.901040
0.478034
1.405144
1.156584
0.396863
0.804987
1.729758
0.825936
0.465194
1.741449
0.526218
0.659335
1.517803
0.219660
0.751843
1.159571
1.725827
0.453057
0.080690
0.410227
0.047488
0.520663
0.657112
0.145408
0.197331
0.560323
1.658099
1.279262
0.473467
0.881112
0.774136
1.238458
1.740661
1.285137
0.879565
0.613224
1.739070
1.558565
0.262934
1.751141
0.927023
1.037557
0.515195
0.174645
0.307189
0.387806
0.027923
1.282937
1.689367
0.316207
0.863440
1.651941
0.291574
1.636653
1.122258
1.267951
0.926316
1.010038
0.417414
0.910246
0.110884
0.645327
0.416519
0.380020
0.053518
0.279340
0.709273
0.629076
0.404170
1.755476
0.846929
1.281621
1.334578
1.733695
0.429815
1.729858
0.558894
0.167284
0.359705
1.732387
1.664548
1.246211
0.895369
0.888880
0.566809
0.873210
0.981619
1.077029
1.749312
0.661996
0.279934
1.256215
1.732497
0.758332
0.107013
1.190055
0.780793
1.734014
1.744689
1.281229
0.222543
1.278095
0.801735
1.054008
1.753090
0.159411
1.732445
0.178067
0.787994
1.686908
0.302896
0.848312
0.576702
0.366874
0.498992
1.206057
0.588749
0.527210
1.272956
0.242300
1.539335
1.323517
1.257490
0.305665
0.896140
1.725202
1.753169
1.274624
0.907535
1.274169
0.476393
1.749064
1.747540
0.226043
0.263978
1.743249
1.177799
0.899577
0.473965
0.459113
1.297336
0.653297
0.129472
0.479000
1.252815
1.749615
0.220085
0.814542
0.637093
0.168644
0.398804
0.210772
0.198479
1.493993
0.901495
0.148792
1.296863
0.937391
1.714774
1.740137
1.262800
0.472741
1.276621
0.897330
0.793319
0.913740
0.474496
0.786033
0.752834
1.168959
1.464525
1.308213
0.875694
0.159910
0.813209
0.896466
0.595625
0.929678
0.308484
1.027588
1.519851
1.734485
1.589828
1.407106
0.781525
1.738679
1.752635
0.292176
0.188572
0.299101
1.739985
1.546510
1.160750
0.910931
1.698309
1.736803
0.133592
1.562342
0.490909
0.917837
0.147941
1.745805
1.291611
1.255016
0.450434
1.285067
1.320741
1.170305
1.273543
1.319464
1.202993
1.731295
0.626273
0.250328
0.247499
1.291992
1.273960
1.723811
0.342671
1.738813
1.274240
1.725088
1.264749
1.734563
1.652780
1.264416
1.239027
0.119111
0.258792
0.188169
1.347933
1.740658
1.752136
1.748384
0.064265
1.116638
0.502515
0.805274
1.260554
0.597608
0.647398
1.170815
1.617251
0.245409
0.617800
0.565039
1.735381
1.709845
1.200999
0.929163
0.828251
1.513613
1.712564
0.494609
1.281369
1.271847
1.751731
0.352646
0.159813
1.599819
0.982976
0.178742
0.111234
0.981075
0.561535
0.705389
0.091544
0.933625
1.212392
1.707623
1.273439
1.264376
0.899198
0.190650
0.782217
0.236452
1.120610
1.239520
0.784586
0.879297
1.733470
1.713831
0.356591
1.667981
0.732121
0.092291
0.582680
0.351389
1.707335
1.718416
0.208733
0.369737
0.690662
0.211618
1.010732
0.710329
1.370140
1.745146
0.571220
1.276288
1.747134
1.724253
0.732467
1.231881
0.482261
0.305151
0.248964
0.225150
0.879670
0.638202
0.894212
1.728531
1.737068
1.440240
0.247120
0.739288
0.671114
0.420195
0.420418
0.635676
0.144559
1.753067
0.654628
1.274849
0.622447
1.304902
0.779355
1.736303
1.636756
0.175490
1.675669
1.746021
1.366756
0.779518
1.040387
0.838362
1.281179
0.752094
0.337229
0.547740
1.754946
1.746474
0.907102
1.714665
1.315168
0.632105
1.049755
1.746685
1.044865
0.534610
0.858352
0.029788
0.620502
0.264113
1.734842
1.741859
0.213536
1.129539
1.744831
0.476850
0.282499
0.213393
1.266999
0.704568
0.338136
1.264907
1.707403
0.639849
0.966154
1.288825
0.280152
0.138733
0.504320
0.468137
0.228791
0.335163
0.761085
1.386793
1.245550
1.748573
0.416839
0.649702
1.268404
0.348026
0.613705
0.171266
1.696690
0.233819
0.204458
0.801789
0.370381
1.276334
1.717327
1.505385
0.920987
0.975504
1.695792
0.408741
0.548066
1.279965
1.755776
0.534226
0.706379
0.365036
1.228985
1.285494
0.884824
0.425469
0.090859
0.254081
1.537786
1.754444
1.730023
0.308338
1.403124
0.898865
1.101736
1.703095
0.779325
1.745611
0.279221
1.678179
1.111346
1.401853
1.740114
0.723099
0.824098
1.208991
1.320939
1.372632
1.311268
1.271347
0.816056
0.439064
1.298211
0.225492
1.088841
0.392883
1.299535
1.075280
0.199002
0.414088
0.503571
0.733915
1.746050
1.278916
1.728530
1.259604
0.639686
0.623443
1.735445
1.737497
0.912648
0.130743
1.747542
0.969920
0.567386
0.215810
0.682335
1.322559
1.748852
0.894641
0.360545
0.933606
1.253897
1.698576
0.639513
1.731703
1.730140
1.271863
0.455152
0.394833
1.732202
1.681675
1.277848
0.324901
1.723733
1.275756
1.246343
0.365636
1.746101
1.267981
0.879241
0.274115
0.121543
0.785459
0.876156
0.934506
1.699008
0.770367
1.737373
1.255918
0.175767
1.268237
1.744743
0.433255
0.284649
0.611643
1.271252
0.107485
1.603463
0.892645
0.972100
1.155387
0.769520
1.692917
1.611935
1.096443
0.611322
0.224370
1.754308
1.275419
0.458369
1.269335
1.528221
0.180038
0.982182
0.486780
0.466901
0.871830
1.116905
1.232146
0.120202
1.736396
0.622541
1.755236
0.803072
1.330926
1.153146
1.238334
1.663986
0.984232
0.328156
1.290729
1.276713
1.256819
0.520129
0.332919
1.060215
0.137183
0.876675
1.118723
1.660809
1.275728
1.683339
0.771794
1.283830
0.223199
1.033704
1.006222
0.282559
0.142152
0.993027
0.889961
1.256150
0.384754
0.694031
0.248945
1.756429
0.663284
0.453379
0.335656
0.656243
0.173729
0.812936
0.323623
1.264246
0.321760
0.275033
1.252655
0.747882
0.202724
1.280472
1.241408
0.639230
0.229643
0.949507
0.337629
0.856746
0.226580
1.705245
1.271009
0.173908
0.274771
0.262252
0.013073
0.348795
0.417210
1.270733
1.736657
0.272041
1.744881
0.305112
0.276207
0.815172
0.116883
1.109136
0.992372
1.023554
0.337383
0.540932
1.288055
0.334327
0.326225
0.250244
1.742451
1.299053
1.013930
0.464648
1.248082
1.194043
1.266487
1.658609
1.199283
0.157955
0.534231
1.718515
1.264513
1.290015
1.708676
1.647164
0.147589
0.401075
1.282564
1.724953
1.475290
1.266603
1.600427
0.747489
0.685901
0.865902
1.256670
0.274942
1.615910
1.274069
0.734722
1.471352
0.815813
0.299905
1.245159
0.812236
0.116306
1.741523
1.238551
1.239808
1.734936
1.745653
0.617998
1.280308
1.186851
0.215558
0.185328
0.611946
0.967448
0.393476
1.336843
1.753905
0.801940
1.291400
0.225955
1.184464
0.767113
1.755041
1.600712
1.750210
1.271323
1.236800
0.918784
1.142355
1.241488
0.943756
0.978020
1.319473
1.741443
1.278606
1.691634
0.555848
0.945341
0.255912
1.344072
0.996522
1.751373
1.729403
1.694284
0.369145
0.496462
1.752222
0.846055
0.903474
1.292790
1.749290
1.752780
0.266062
0.417779
0.307840
1.749320
1.316460
0.881976
1.743243
1.752707
1.711181
1.174856
0.174410
1.732772
0.917077
1.070568
1.742815
1.746869
0.246653
0.183630
1.745908
1.730689
1.727137
1.273919
0.167745
1.290904
1.643318
0.574122
0.881118
1.556236
1.336972
1.284156
0.188996
0.115649
0.091918
1.277259
0.809782
0.931898
1.220976
1.721620
1.267171
0.156662
0.814288
1.282409
0.408120
1.292917
0.196519
1.525068
1.239183
0.722073
1.743221
0.128025
1.735306
0.230398
0.640646
1.275369
0.658982
0.197967
1.337964
1.608118
0.535972
1.271796
1.305397
0.183284
1.742132
1.657326
0.518956
1.246420
0.189613
1.259811
0.512156
0.310454
0.905985
1.041730
1.007793
1.727974
0.462053
0.649852
1.336871
1.288556
1.346899
1.705248
0.768885
0.990169
0.673706
0.253741
0.938876
0.936318
1.277264
0.030073
0.450440
1.691489
0.569775
0.214821
1.689575
1.749845
1.697820
1.313944
0.388793
1.278203
1.272602
1.281971
1.698754
1.252061
0.898360
0.583017
0.315258
0.239102
1.031125
0.363127
0.919346
1.744047
0.923938
1.743779
0.841599
0.309794
0.492595
0.448286
1.638327
1.744320
1.230999
1.590801
1.280172
0.748546
0.693829
0.108151
1.226186
0.871708
1.725975
1.196029
1.365160
0.900995
1.172032
0.085580
1.616381
1.753409
0.151387
1.730365
0.331643
0.680020
0.279501
0.380442
1.278297
0.559809
0.771546
1.259414
1.674478
0.291481
1.726578
1.750172
1.603308
0.606516
0.409267
0.275713
1.256452
0.122623
1.176139
0.093606
1.281081
1.276890
1.374679
0.689537
0.459306
0.033826
1.749380
1.617597
1.523891
0.607276
1.724951
1.187939
0.318447
0.849457
1.656920
0.638715
1.642794
1.607305
0.334361
0.215492
0.235635
0.261135
0.214465
0.643618
0.584772
0.466858
0.220506
1.735167
0.154653
0.905215
1.725101
1.261111
1.190931
1.712631
1.276521
1.207260
1.266449
0.569780
0.800658
1.750081
0.469030
1.073325
0.101889
1.281934
1.687342
1.200941
1.234475
0.975999
1.743179
1.750916
1.253580
0.811504
1.739769
1.033988
0.340035
0.647215
1.591213
1.750398
1.681746
1.404250
1.265521
0.544820
0.299964
1.259867
0.121855
1.326409
1.276774
0.516295
0.036383
0.887409
1.051769
0.516768
0.764260
0.888842
0.356745
0.407507
0.758775
1.697720
1.163064
0.412561
0.724970
1.744967
0.119525
1.725704
1.267825
1.051252
0.302005
0.309496
1.183305
1.278689
1.274010
0.817066
1.258839
1.753705
0.818624
1.691481
1.480481
1.281773
0.203679
1.742271
0.883001
1.732188
1.278734
0.950317
0.606749
1.739094
0.882949
1.733269
0.376100
0.343727
1.737415
0.252939
1.265903
0.424281
1.270339
0.186370
1.741195
1.236583
1.552548
1.570199
1.417947
1.285401
0.119335
1.735977
0.235476
0.650099
1.103741
0.382730
1.751360
0.379000
1.742055
1.261272
0.605130
1.695961
0.526717
0.772130
0.536208
1.746598
1.277576
0.971504
1.271569
1.139333
0.477811
0.257260
1.729993
1.296643
0.248846
0.204211
0.183077
1.753984
0.482117
1.663408
0.724319
0.215590
0.463019
1.749844
0.082005
1.264367
1.245433
0.944041
0.697335
1.267241
1.714137
0.807139
0.468789
1.355739
0.728503
0.196511
0.488771
0.610144
0.552652
0.723643
0.540444
0.750148
0.427050
0.841031
0.771657
1.110432
0.285236
1.573451
0.861914
0.885012
0.287762
1.753146
1.749865
1.272736
0.443096
0.379670
0.593705
1.588013
0.276553
0.261800
1.315250
1.276865
1.222455
0.676852
0.948809
0.390063
0.216471
0.242613
1.259895
0.812244
0.861480
0.264744
1.334264
1.746064
1.754891
1.712743
0.142052
1.079833
0.160982
0.601358
1.724069
1.707409
0.517083
0.527992
1.291293
0.485996
0.667215
1.652243
1.735450
1.278157
1.275303
1.260236
0.626536
0.752776
1.073191
1.226786
1.512317
1.729520
1.745163
0.814009
0.153004
0.587211
1.711617
1.009622
0.907911
1.749576
0.813988
0.853908
1.265438
1.711736
1.713021
0.881500
0.352069
1.022714
1.708117
0.388066
0.380729
1.436269
1.470758
0.104723
1.134241
0.360632
0.596855
0.796739
1.752349
0.903484
0.260388
0.804298
0.435469
1.743096
1.266088
1.748393
0.794594
1.032509
0.286514
0.860488
0.953051
0.916520
1.729524
1.722370
0.918536
1.663662
0.975724
1.245651
0.859083
0.267383
1.230321
1.717137
0.841435
0.722845
1.398299
0.717630
1.227225
1.698777
1.021629
1.518971
1.278424
0.496177
0.239867
1.268799
1.131636
0.408663
1.709531
0.764563
1.290720
1.200137
0.600084
0.152091
1.327077
1.638646
1.272441
1.289983
1.031600
1.482150
1.736783
0.157127
0.174458
0.886533
1.750068
0.808957
0.106860
1.280423
0.443294
1.316319
1.715704
1.269911
0.724685
1.193628
1.748238
0.820043
1.195678
0.079290
1.050205
0.344344
1.214931
1.056985
1.276722
0.439596
1.674618
1.670019
1.734964
0.875374
0.021559
0.272441
1.748633
1.737332
0.391250
0.077045
0.829360
0.537693
0.325766
0.154283
1.637578
0.929251
1.380691
0.338378
1.277296
0.193856
1.749436
0.692498
1.241715
0.310749
0.325442
1.164541
1.728216
0.513421
1.742820
1.088479
1.736521
0.872959
0.838090
0.194038
0.283777
0.252611
1.269190
1.671440
0.289217
1.751304
1.750183
1.719439
1.735124
0.286821
1.281747
1.727048
0.635212
0.231983
1.753603
1.262440
1.323978
1.715481
0.343095
0.744714
1.730681
1.748577
1.727303
0.759252
0.432696
0.222595
1.740939
0.794989
0.763393
1.735101
0.913347
1.198489
0.454686
0.622038
0.865637
0.817128
1.280786
0.223985
0.827327
0.569034
1.272385
1.275204
1.549019
1.279557
0.847271
1.737807
1.744006
0.325611
0.413379
1.149331
1.270645
0.268451
0.656318
0.369871
0.481882
0.497881
1.135909
1.257656
1.749656
0.856047
1.735812
0.656817
1.232773
1.747365
1.420727
0.217589
1.733155
1.288022
0.117353
1.746845
1.258151
0.343055
0.381320
1.100671
0.385607
0.344825
1.294402
0.868437
0.467127
0.124089
0.339895
0.106898
0.261103
0.474584
0.288021
1.731748
1.293812
1.751940
0.545111
0.576867
1.735407
0.747445
1.721444
1.724010
0.810195
1.307932
0.363687
0.200680
1.684504
0.981021
1.743083
0.816040
1.274966
1.265422
1.750452
0.507333
0.590246
1.579916
0.950746
0.274771
0.347936
1.444199
1.715676
1.375960
1.736443
0.632541
1.745304
0.925109
1.692708
1.690905
0.794940
1.243574
1.731472
1.056530
0.559878
0.310152
0.222449
0.069195
1.079369
0.578921
1.750849
0.252432
0.244884
0.468525
0.847860
1.089952
1.690270
0.953746
0.386730
0.636595
1.738804
1.736438
1.750099
0.651794
1.428897
1.420231
0.578060
0.497550
0.287470
0.771820
0.771532
0.308637
0.903695
0.152309
0.150889
0.274393
0.726677
1.283025
1.358179
1.104400
0.904862
1.749065
0.980625
0.381964
1.530587
1.754059
0.183184
1.244977
0.893477
1.752298
0.384928
0.893143
0.959533
0.403768
0.097546
0.409801
0.583799
0.849684
0.902527
0.157730
1.188303
0.139728
0.714474
0.056484
1.056301
1.273911
0.822506
0.222262
0.141862
0.106682
0.177637
1.010041
0.741702
1.295821
1.277672
1.297211
1.280769
1.622544
1.243876
1.185007
0.294392
1.261727
1.007652
0.720323
1.191679
0.347371
1.280749
1.545582
0.469052
0.633115
0.541683
1.741331
0.091303
1.734257
1.277823
0.914168
1.409098
1.153589
0.900919
0.446088
0.894867
1.262623
1.240240
1.727090
0.881638
1.682042
0.680958
0.939509
1.169930
1.612975
0.705819
0.230013
1.749733
0.348870
0.205543
0.296776
1.746567
0.802395
1.735892
1.683842
0.903629
1.754984
0.973626
1.276060
1.082446
0.144262
0.586182
0.660384
1.192669
0.220796
1.254120
0.688135
0.134276
1.749279
0.108477
0.636264
0.335938
0.516144
1.295138
0.845911
1.256118
0.933772
1.150729
0.572307
0.874903
1.268910
0.335935
0.712258
1.242566
0.060857
0.880086
0.328523
0.134315
0.889201
0.450951
1.283231
1.286966
1.685401
0.943571
0.129348
0.167885
0.574070
1.341664
0.371528
0.974322
1.277402
1.351603
1.744162
0.760930
0.984064
1.735880
1.280301
0.195960
1.217387
0.483015
0.616688
0.495899
1.598777
1.282776
0.749394
1.651002
0.094813
0.238701
0.181308
0.345574
1.344073
0.595324
1.740330
0.461529
1.265801
0.403543
1.163523
0.574056
0.903256
0.820351
0.894785
0.158113
1.731922
0.451482
0.234284
1.272737
0.249480
0.170351
1.713649
0.481645
0.320290
0.210820
0.834607
1.741572
1.163934
0.257756
1.306429
0.259644
0.144767
1.003430
1.737174
0.250929
0.638211
1.636039
1.741488
1.284203
0.333489
0.670539
1.736279
0.241124
1.716208
1.756000
0.868525
0.919884
1.274813
1.742826
0.851471
0.034042
0.230552
1.707425
0.475674
0.405944
1.275858
0.311694
1.750979
0.297426
1.278770
0.985089
0.736552
0.161426
0.143358
0.801702
1.096428
0.842116
0.907841
1.145462
1.740031
1.574353
0.248123
1.733092
1.742657
1.721066
1.467386
0.765052
1.358517
1.491766
1.278402
0.389340
1.287109
1.322562
1.732827
1.269784
0.744766
0.298401
1.249580
0.746894
1.356235
0.241059
1.713022
0.737750
1.747417
1.277954
1.095227
1.286682
1.077512
1.305565
1.311612
1.236847
0.246428
1.009669
1.172011
0.131677
1.697989
0.804392
1.746972
0.168231
1.264862
0.106520
0.182550
0.262946
1.746269
1.719878
1.738959
1.666020
0.078682
0.684666
1.134474
1.245849
1.256181
0.509880
1.730361
1.284548
0.380784
1.160763
1.733293
0.569843
0.401282
0.124374
1.254335
1.726468
1.058634
1.751092
0.263456
0.714760
1.244929
1.267001
1.271539
0.346775
0.641767
1.186437
0.081169
0.762335
0.173230
0.494245
0.907961
1.280726
1.261557
0.830922
1.713676
1.704961
1.740441
0.188537
1.713905
0.313031
0.462372
1.277310
0.542638
0.422223
0.130694
0.910300
1.747090
0.277765
0.534588
1.746913
0.168071
0.394387
0.883762
1.275972
0.377034
1.750994
1.262443
0.310586
0.819696
0.000000
0.705687
1.009805
1.279405
0.673105
0.162008
1.735822
0.083152
0.260805
0.485623
1.409311
0.465795
1.724969
0.790290
1.146003
0.120082
0.125904
1.680802
1.276519
1.260447
1.708516
1.731880
0.120913
1.736685
0.644954
1.248241
1.183122
0.758111
1.410198
0.835380
0.616893
1.313922
0.241299
1.230033
0.856541
1.275898
1.648487
1.254159
1.745499
1.755192
0.971197
0.612611
0.886038
0.277381
1.740244
1.739771
1.263996
1.750530
1.728462
0.986368
1.748285
1.625317
0.437665
0.676563
0.895426
1.280085
1.742369
0.164009
0.219316
0.957098
0.459273
1.734003
1.747101
1.712314
1.567546
0.515634
1.750486
1.537110
0.317864
1.731550
1.277967
1.307089
1.293607
0.316759
0.040748
1.380862
1.720014
1.266296
0.400418
0.431358
0.324260
0.519390
1.423506
1.745205
1.417670
0.405445
1.286356
0.600855
1.287561
0.388857
0.461488
0.829938
0.318939
0.536461
0.180126
0.195653
1.735069
0.456710
0.193684
0.745105
0.251101
0.831237
0.313891
0.216361
0.879189
0.859905
1.312171
1.269228
1.079960
0.870775
0.843447
1.677845
0.691815
1.747765
1.276138
0.326106
1.753579
0.845727
1.251472
1.740380
0.398560
1.256524
0.173457
0.776351
0.552975
1.744884
1.279283
0.938265
0.538033
0.697163
1.751109
0.754503
0.168218
1.231690
0.599547
1.751445
1.710227
0.122751
1.231021
0.960388
0.186380
1.275221
0.156565
1.282885
1.351099
1.734057
1.293433
1.307378
1.724788
1.739539
1.693675
0.222047
0.494883
1.740456
1.621892
0.227503
0.954702
0.988658
0.290818
1.289561
0.150819
1.244249
0.297943
1.733827
1.194696
1.274315
0.353988
1.266867
1.718262
1.244832
0.733454
0.172648
1.711862
1.568456
0.209291
0.392449
0.726383
1.261070
0.775379
0.833772
0.242624
1.751465
1.045421
0.805748
0.645704
0.372938
0.207095
1.749214
1.259800
1.269777
1.750811
1.590414
0.640857
1.280331
0.092036
1.733882
0.610651
0.869095
0.194742
1.655639
0.713379
0.701303
1.728579
1.740630
1.730107
0.098750
1.717063
0.926243
1.747085
0.323463
0.176148
1.745950
0.913848
0.398995
0.778644
1.749099
1.715852
0.782516
0.955646
1.001148
0.169330
0.777140
1.272951
0.620239
0.408433
1.712598
1.274156
1.279714
1.742949
0.764653
0.464529
1.275758
0.791262
0.072492
0.528395
1.742130
0.320596
0.628018
0.142117
0.713876
1.742032
1.745952
1.243287
1.070674
0.218036
0.352741
0.786892
0.270038
0.571089
1.750151
0.879142
1.696099
0.714390
0.915392
0.399319
1.426219
0.930881
0.791490
0.098991
1.039714
0.031522
0.538819
0.086167
1.364069
0.331057
0.384455
1.738804
1.755654
0.643101
1.710639
0.109793
1.272170
0.902038
1.738764
0.061869
1.551328
1.280312
1.719002
0.227622
1.613560
1.392000
0.366299
0.448979
1.688951
0.883846
0.125480
0.906764
0.677393
1.580556
1.375590
1.268083
1.738070
0.275835
0.525161
0.924204
0.934487
1.231927
0.178439
0.306350
0.235060
0.110995
0.513374
1.741387
0.312499
1.749062
1.750192
0.125458
0.451366
1.707968
1.607839
0.909712
0.174753
1.247994
1.731467
0.255655
0.416896
1.685216
0.590898
1.054431
0.162387
1.242414
0.120963
1.119600
0.541565
0.200991
1.747236
1.357369
1.489913
1.750451
1.726681
1.224101
0.859950
0.234849
1.716824
0.581253
1.291210
1.105875
1.094345
0.510311
0.385441
1.288438
1.115082
0.163120
0.338337
1.492792
0.437328
0.171427
0.620422
1.355980
1.371635
1.281607
1.703961
1.278852
0.027895
1.070345
0.357033
1.131149
1.374367
0.041430
0.737991
1.749718
1.279880
0.257478
0.987655
0.720951
1.406963
1.286649
0.690361
1.727398
1.271247
0.827512
1.157617
0.987673
0.856286
0.135199
1.752451
1.735435
0.634987
1.745147
0.865484
0.286920
1.743638
1.265894
0.715315
0.415143
0.815850
0.155490
1.367071
0.551572
0.936647
1.722943
0.904650
0.638770
1.752419
1.729306
0.639033
0.140637
0.332198
0.258050
0.806013
1.233159
0.397857
0.952371
0.188986
0.902425
0.345370
1.737745
0.526372
0.167859
1.280035
0.473322
1.274236
0.113105
0.603178
0.251796
1.744171
0.854796
0.620484
0.140008
1.740288
1.015442
1.281315
1.252803
0.899214
0.216242
1.733735
0.408593
0.944833
0.852000
0.829923
1.242878
0.691312
0.192305
1.747688
0.331087
1.311458
0.347041
1.221165
0.561987
0.486057
1.541667
1.751430
1.751761
0.299357
1.290538
0.336772
0.807102
1.679173
1.716426
0.184483
1.270709
0.704272
0.905894
0.149357
0.276954
1.271419
0.291042
0.813848
1.742021
0.843513
1.284053
1.731250
0.348912
1.295497
0.717718
1.740385
1.736299
1.752540
1.294039
1.594415
0.167011
1.598958
0.274980
0.517398
0.167353
1.098203
1.383705
1.627968
0.841175
1.748451
1.315566
0.631516
0.443496
1.732672
1.250437
1.754587
0.336247
1.005740
1.700941
1.722220
1.261115
1.746121
1.273446
0.279004
0.220629
1.715122
1.258265
1.750294
1.622897
1.341501
0.336155
1.530742
0.416984
1.670521
1.293155
0.230150
1.280009
1.633870
0.527855
0.631351
1.275411
1.742943
1.701191
0.881641
0.277607
1.277222
0.243299
0.796297
0.478387
0.284490
0.287459
0.449625
1.230179
1.497480
1.041405
1.150635
1.741646
0.560296
1.733064
0.408409
1.130963
1.750532
1.191083
0.703348
0.250698
1.321455
1.250564
1.738405
0.936796
1.458633
0.200963
0.857211
1.752123
0.615873
0.728718
0.904448
1.285847
1.176042
0.234521
1.745423
0.120130
0.759924
0.654049
1.747711
1.216407
1.713228
0.587662
1.511645
1.249464
1.484560
0.902902
1.720471
1.277424
1.278621
1.234061
1.281441
0.605364
1.344218
1.432937
0.207948
0.983513
0.235608
1.756196
1.245224
0.780857
0.224552
1.098357
0.851812
1.670798
1.337901
1.275458
0.108961
1.253778
0.060492
0.419212
1.542363
0.910925
0.914917
1.426711
1.717506
1.746054
1.277083
1.049914
0.216736
0.254550
0.528130
0.521464
0.403475
1.604793
0.384767
0.203969
0.390011
1.743485
1.736583
0.192784
1.754783
0.739166
1.232571
1.646765
1.299188
1.711719
1.699440
1.497902
0.306844
0.872372
1.556162
0.126256
1.088176
0.570990
0.185968
1.204482
0.280253
0.937083
1.721144
1.015909
1.746946
0.659049
1.733118
1.722152
1.738101
0.195758
1.693530
0.686634
0.244343
0.744531
0.595723
1.249057
0.874868
1.093724
0.267023
1.747005
1.662089
0.911728
0.147323
0.834495
0.096805
1.321033
0.129886
0.334797
0.624283
1.623472
0.107166
1.737013
0.850040
1.238253
0.663167
0.715304
1.753935
1.111307
1.245536
1.189991
0.435344
0.369218
0.720628
1.740909
0.179165
0.844753
0.867683
1.487939
0.898642
1.438483
0.793138
0.069360
1.735899
1.750027
0.058837
0.333399
1.635084
0.631652
0.878057
0.907303
0.120079
1.400431
1.561223
0.389119
1.273942
0.157332
0.849036
0.542454
0.255550
0.241132
1.713496
1.713698
1.268577
0.906915
0.137838
0.800780
1.628479
0.162778
0.886086
1.299480
1.750179
0.851431
1.279060
1.744263
0.903893
0.669972
0.107178
0.258004
0.835533
1.266253
0.918668
0.371258
1.293891
1.722757
1.274399
0.696812
0.783922
0.928727
1.744241
0.311384
1.741975
0.801947
0.203077
0.089708
1.219098
1.740271
0.804684
0.132750
0.420391
1.348672
0.650710
1.732293
1.340919
0.114250
1.603065
0.913208
1.649235
0.188938
0.514394
0.897238
0.379941
0.194950
1.752993
0.851358
0.547564
0.987342
1.750636
0.183614
1.718141
0.584893
0.104105
1.559986
0.709552
1.728647
1.109990
0.228864
0.530237
0.327217
0.459611
0.254110
1.275134
1.749517
1.466663
1.740509
1.748301
0.890781
0.733506
1.196813
1.281307
0.290941
0.318399
1.160526
1.744131
0.591420
1.508403
0.339927
0.742020
0.567775
1.738679
1.440309
0.963800
0.710161
1.267946
0.152246
1.266310
0.888346
0.798661
0.335453
1.739906
0.244545
1.737700
0.855473
1.732900
1.737754
0.953142
1.278581
1.748707
1.400723
1.690282
1.294160
0.259912
1.281618
0.145739
1.752563
0.214703
0.403753
0.407773
1.746508
0.411040
1.720309
1.749165
1.242731
1.227817
1.270320
1.275522
0.403927
1.722579
1.749369
1.361494
1.448799
0.761131
0.235711
0.648361
1.272799
0.458011
1.747836
0.259193
1.753669
0.421860
0.549911
0.539936
1.262752
1.266207
1.663189
0.080960
0.872719
1.254465
0.804960
0.167345
0.835993
1.752641
0.341696
1.269439
1.730075
0.923534
0.388300
1.277749
0.950040
1.177726
0.216240
0.593519
0.253336
1.677823
0.936291
1.732823
0.631248
1.261946
0.504405
1.269453
0.208085
0.919619
0.498203
0.902452
0.548035
0.377565
0.808734
1.310688
0.880767
0.902153
0.346817
0.700063
0.477508
0.766264
1.737909
0.672750
1.120401
0.297680
0.186967
0.334230
1.202754
0.243446
0.271460
1.092023
0.881978
0.158704
0.818284
0.615360
1.252790
1.471941
0.181134
0.372006
1.689431
1.678009
0.945033
0.740960
1.751261
0.210455
0.756150
1.697590
0.233499
1.196490
0.225863
0.000000
0.916090
1.239016
0.817512
1.433061
1.218961
1.751093
1.710069
1.118868
0.594761
1.604355
0.159002
1.704386
0.361777
0.133732
1.450910
0.920140
0.101583
1.271477
1.322055
1.252306
1.281095
0.141807
1.312436
1.692115
0.722122
1.281002
1.544558
1.721135
1.271677
1.273993
1.748811
0.819958
1.336363
1.171402
0.364138
1.749604
1.281075
0.603705
1.282393
0.169122
1.747121
0.501416
0.370338
1.107895
0.737248
0.613986
1.376890
0.231007
1.237403
0.596051
0.292713
0.717071
0.558461
1.559419
1.705895
0.148427
0.702945
0.872194
1.749831
1.301711
0.522894
0.896781
1.752634
0.383555
1.297200
0.177075
0.596992
0.577952
1.266672
0.442303
0.344756
1.741827
1.751782
1.745939
0.676360
0.153335
1.436830
1.691433
0.177965
0.789343
0.540524
1.234168
0.913095
1.514351
1.020698
0.457822
0.834711
1.281975
1.748475
1.619267
0.942113
0.533843
1.280346
1.139692
1.066324
1.273482
0.875361
1.682049
1.750942
0.990947
0.533177
1.729375
1.520105
0.151791
1.287584
1.280088
1.738068
0.888840
0.907163
1.302099
1.281030
1.389340
0.682392
1.751323
1.615099
1.137798
1.276133
1.026212
0.957741
1.704711
0.713435
0.514158
0.634545
1.583122
0.318965
0.392922
1.221361
1.503856
1.681458
1.750437
1.710859
0.640581
0.780964
1.096109
1.735214
1.272619
1.310073
0.268098
1.699732
0.930482
1.708973
0.294663
1.736292
0.240702
0.128196
0.852748
1.745696
0.410412
0.294414
0.291674
0.910254
0.250566
0.486750
0.786683
0.842216
1.342578
1.263235
1.102726
0.326883
1.280189
1.313732
0.481221
1.275344
1.275923
0.539808
1.722471
1.750508
1.281664
0.131277
0.449299
0.545940
1.620270
0.157722
0.222243
0.512233
0.643796
1.263765
1.233492
0.240217
0.381335
1.729782
0.274545
0.832705
0.861831
1.330818
1.132359
0.840475
1.280201
0.619601
0.058852
1.183189
1.575457
1.254358
1.278248
1.265268
0.527790
1.260964
0.200772
0.524496
0.429018
0.586607
1.280252
0.930280
1.754153
1.307363
0.363209
0.133015
0.135892
1.712521
1.267961
1.251298
1.752140
1.263007
1.257403
0.388293
1.281039
1.257740
0.918784
1.271897
0.667180
1.344015
1.600755
1.261868
1.537684
1.743380
1.338215
1.294419
0.625721
0.388652
1.275811
1.744786
1.272396
1.017285
1.071252
0.210140
0.679414
1.299847
0.793027
0.301086
0.788010
0.563006
1.281215
0.535487
0.775463
0.894129
1.705232
1.578879
0.925470
0.755497
1.598901
1.732342
1.227304
1.229763
1.273779
0.476568
0.856638
1.747860
0.868922
1.383400
0.402011
1.280419
1.052483
1.122010
1.723127
0.470936
1.748963
1.658893
1.751972
0.854188
1.408874
1.273493
0.131978
0.117589
0.581537
1.677789
1.257550
0.317775
1.685610
1.283618
0.504163
1.337476
1.634469
0.940490
1.272802
1.578977
1.208584
1.275597
1.741709
0.989400
0.909592
1.069470
1.288682
0.282074
0.482728
0.229830
1.740957
1.677601
0.608022
1.294167
1.092122
0.076901
1.751657
0.929481
0.972859
1.751910
1.672441
1.281309
1.272169
0.691438
0.194338
0.887208
1.281401
0.227605
0.509300
1.707367
1.517261
0.665056
1.741760
1.281024
1.725183
0.542653
1.217399
0.722950
1.734166
1.742162
1.191385
0.978359
0.075055
0.654836
1.396616
1.269238
0.433412
0.826548
0.730308
0.861543
1.222182
1.651906
0.242494
0.214057
1.740394
1.133707
0.822545
0.717378
1.069100
0.774239
1.271374
0.314789
0.682984
0.302922
0.394978
0.532642
1.744215
1.743985
0.263132
0.777546
1.726441
1.454438
0.213287
1.311340
0.799242
1.265095
1.246470
1.722674
0.428618
0.876200
1.163301
0.121540
0.635237
0.264162
1.674691
0.527065
0.773127
1.755610
0.294555
1.268644
0.112187
0.734188
1.125644
0.610276
0.133607
0.215004
0.354410
1.582690
1.241156
1.727760
0.915477
1.733047
1.107529
1.496792
1.279172
1.055252
0.732841
1.346455
0.682819
0.376536
0.583026
1.269094
0.904736
0.419453
1.325970
0.169680
0.423561
1.100178
1.597270
1.726791
0.272101
0.472824
0.872886
1.343477
1.753342
1.222460
0.869150
1.177157
0.727850
0.854713
1.725583
0.532743
1.746087
1.695503
0.867674
0.887973
0.152697
1.752151
1.749640
1.576777
1.752816
1.750150
0.211678
0.183102
1.274094
0.272641
0.406022
0.483541
1.096983
1.263984
1.748081
0.298989
0.080289
1.744492
0.259487
0.879725
0.236172
0.160380
1.724429
1.265791
1.280771
0.434871
0.738722
0.174203
0.156746
1.179680
0.611207
1.612543
1.303185
0.493900
1.283378
0.960323
1.281966
0.459123
0.173980
0.107298
0.925544
0.764639
1.742800
1.756023
1.742457
1.281045
1.267089
1.747066
0.224030
1.414078
0.308682
0.554024
0.273397
1.607786
1.241424
1.086864
0.746742
1.281229
1.259523
0.261527
1.754979
1.278729
1.273240
0.898527
0.849535
0.140729
1.288010
1.270892
0.594964
0.866737
0.068330
0.094941
0.083861
1.633825
1.725324
0.579280
0.124148
1.245778
0.583611
1.731785
0.266136
1.280798
0.186056
0.773455
0.275125
1.250045
0.347882
0.403588
0.161600
1.330273
0.310713
1.670730
1.213426
1.264680
1.263773
1.247369
1.301978
0.535435
0.248657
0.720802
0.312381
0.846193
1.277151
0.225101
1.209771
0.792816
1.234007
1.755135
0.889970
0.283972
0.342922
0.602149
1.427713
0.929244
0.879348
0.113986
1.412735
1.743735
0.402302
0.418389
0.542268
1.754549
0.370715
0.215434
0.569884
0.934855
1.749313
0.655575
1.019859
0.293898
0.519811
1.140373
1.642335
0.336184
0.237147
0.482647
0.094443
0.215671
1.267635
0.850226
1.264717
1.687000
0.260117
0.313766
0.024744
0.232907
1.750635
1.272606
1.719064
0.648907
1.275438
1.283988
0.698161
1.389503
0.131837
0.371640
1.259209
0.899243
0.512912
1.503655
0.601030
0.869185
1.526236
1.209022
1.751749
0.881549
0.351488
1.745816
0.350182
1.327488
1.269652
1.743905
1.298732
0.892199
0.658476
0.844653
0.739157
1.279084
0.239210
1.731208
0.916224
1.107747
1.351749
1.281781
0.092621
0.118524
0.820778
1.268631
1.484735
1.346605
0.879396
0.394183
0.339595
1.240917
1.729354
0.413751
0.484849
0.270103
1.434933
0.414062
1.426984
0.115884
1.125825
0.249016
0.396230
0.909308
1.159817
0.818734
0.379499
0.630832
1.345654
0.433880
1.746950
1.655913
0.000000
0.141163
0.897363
0.263480
0.963752
1.275009
0.200873
1.115730
0.078176
0.622420
0.781755
1.172167
1.217618
0.109160
1.706666
0.783858
0.196512
1.713124
0.511301
0.196814
0.556971
0.485993
0.069986
0.179801
1.390465
1.361516
0.275976
1.306271
0.160387
1.742125
1.748494
0.427925
1.504757
0.135987
0.346225
0.438410
0.396470
1.703618
1.214987
0.666650
0.465578
0.468333
0.898440
1.742871
1.657148
0.799517
0.535554
0.179063
0.284207
0.819129
0.254113
1.697719
0.293108
0.551419
0.301303
1.414657
1.638487
1.233394
0.780781
0.489222
1.736382
1.282722
1.720397
1.270196
0.888744
0.634733
0.483077
0.239163
1.729495
1.655349
0.325111
1.077535
0.796785
0.718181
0.637885
0.165523
0.917282
0.919885
0.159586
1.202987
1.748954
0.796794
0.200967
1.739384
1.752082
0.240190
0.503897
0.859327
0.718803
0.264352
1.281487
0.328302
1.754361
0.365601
1.176599
1.679611
0.981843
0.037637
1.689064
0.388730
1.723674
0.847865
0.390421
0.750444
1.283880
0.265620
0.405988
1.725812
0.800290
0.191261
0.722833
1.749062
1.733528
0.621200
0.634602
1.411448
1.230895
1.608104
0.396499
1.482964
0.601517
1.221106
1.366843
0.312673
0.158079
1.469749
1.733300
1.264400
0.146991
0.391548
1.740644
0.933332
0.330103
0.147233
0.498571
1.234604
1.751225
0.646859
0.374663
1.745946
0.865974
1.272246
1.477113
0.323954
0.259777
1.184487
1.277752
1.734896
1.278709
0.543624
1.183701
0.817952
0.463143
1.657655
0.148306
1.693706
0.342652
1.277861
1.274119
0.415128
0.760148
1.177722
1.288723
1.429395
1.044283
0.876360
0.937774
1.546227
0.432002
0.885708
1.744511
0.460431
1.151174
0.167216
0.121767
0.196167
1.374893
0.908205
0.932490
0.894224
0.903781
1.471114
0.197114
1.745490
1.337968
1.449831
0.785593
1.276775
1.261397
1.748020
1.270941
1.288513
1.737851
1.260063
0.486170
0.320389
0.885565
0.224385
0.131945
0.564738
1.666381
0.244736
1.280573
0.971569
0.795363
0.796800
1.698424
0.460594
0.721185
1.239843
0.578424
1.603813
1.752529
1.751297
1.574149
0.134006
1.735824
0.326015
0.283284
1.746492
1.284103
1.706874
0.894003
1.275433
1.754341
0.277047
0.727672
0.187103
0.765785
1.281773
1.270737
1.009993
0.830118
1.730308
0.121140
0.408845
1.282829
1.090898
1.754695
0.438222
1.752293
0.763969
0.922670
1.252453
1.669303
1.699224
1.070133
1.731158
0.941940
1.091445
0.483076
0.900422
0.933826
1.529500
0.395732
1.704255
1.315040
0.311044
0.675665
1.277922
1.191378
1.319815
0.393035
1.276653
0.432331
1.209052
0.362320
0.876143
0.609199
0.192502
0.391128
0.686571
1.744304
0.507138
1.742733
0.617773
1.748095
0.192677
0.692293
0.116383
0.253106
1.728697
1.279833
0.426931
0.307923
1.686666
1.710532
0.982376
0.194488
0.309969
0.343758
1.741437
0.804934
1.749543
0.856895
0.907302
1.542960
0.621492
0.677488
0.095000
0.925856
0.336130
1.242795
1.520798
1.265387
0.661737
1.011860
1.733691
0.880406
0.287875
1.276713
0.791043
1.728830
1.721794
0.375623
0.254688
0.955804
0.229497
0.108016
0.175009
1.273483
1.560162
1.733583
0.639153
0.158693
0.824584
0.435377
0.862928
1.121559
0.232191
1.384287
1.311468
0.834660
1.752667
1.275687
0.191131
1.716509
0.142295
1.260465
0.854600
1.380122
0.875025
1.121479
0.654040
0.636963
0.084681
1.148065
0.760270
0.929702
0.126512
1.736316
1.751544
1.040937
1.231196
1.277375
0.144162
1.186507
1.710421
1.754323
0.303188
0.856786
1.268529
1.302508
0.132048
0.754816
0.244393
1.560227
1.280177
1.640762
0.716014
1.263372
0.670512
1.753713
0.239754
1.273462
0.936678
1.746185
0.614021
0.268864
1.688235
0.412953
0.254197
1.268221
0.034537
0.047190
0.226512
0.417134
0.240457
1.747928
0.391765
0.392570
0.812198
1.742927
0.741446
0.501703
0.763894
1.524168
1.275423
0.895309
1.343911
0.270955
0.081161
1.277830
0.917670
1.191144
0.142355
1.566793
0.784229
0.643025
0.543721
0.704810
1.675999
0.312789
0.935550
0.699155
0.096953
1.751484
1.277744
0.358192
0.277419
0.217093
0.379181
1.740033
0.199422
1.694889
0.321933
1.322412
0.624886
1.282146
1.031167
0.887424
0.392382
1.642449
0.284662
1.049220
0.852978
0.253547
1.738374
1.272019
0.371871
0.366253
1.521403
0.170128
1.750816
0.661989
1.648385
1.751941
1.266903
0.087577
1.726501
1.743718
1.103745
0.300296
0.386341
0.251275
0.216542
1.272337
1.360784
0.100568
1.301534
1.191270
0.643966
0.227095
1.739718
1.734831
0.790110
0.339158
1.275542
1.724623
1.047150
0.416437
0.164658
1.377908
0.530821
1.576388
1.062256
0.123048
0.192907
0.506778
0.960543
0.189494
0.821294
1.610771
1.276894
1.740338
0.296511
1.749987
1.751932
1.253006
1.272210
0.384601
0.433675
1.284688
1.755164
1.501648
1.747598
1.430205
0.824063
1.279791
0.759732
1.750060
0.525577
0.537944
1.399285
1.689647
0.907806
0.420490
1.666912
0.243271
1.263170
0.226509
1.743042
1.738817
1.345070
0.646827
0.178649
0.249725
1.280783
1.126290
1.332563
0.339032
1.198331
1.753922
0.886063
0.303198
0.037772
1.278122
1.216604
0.249487
0.778510
1.755418
1.740313
1.332832
1.318195
1.251144
0.640564
0.719619
0.029170
1.726482
0.195801
0.641406
0.082756
1.434734
1.042279
0.171620
1.009312
1.623465
1.719806
0.684334
0.932236
0.099340
0.572231
0.590192
0.086505
0.583771
1.350334
0.744506
0.632112
0.269634
1.728000
0.740019
0.788394
0.359134
1.296147
1.083930
0.826288
1.263980
0.875686
0.334625
0.220033
1.091644
0.170566
0.041120
1.705887
1.752115
1.740879
0.965650
0.776718
0.768682
0.719040
1.279910
0.361229
1.733993
1.739486
0.667772
0.478931
0.933836
1.731736
0.658693
1.012747
0.949967
1.218401
1.218740
1.328422
1.747587
0.419559
0.890980
0.800056
0.261746
0.905776
0.931802
0.706380
1.361581
0.222300
0.225745
0.457930
1.663159
1.038649
1.226529
1.230457
1.278502
1.729324
0.293233
1.704105
1.266755
1.235599
0.101242
1.270676
0.262682
1.273843
0.911112
0.336137
0.482109
0.772780
0.541646
1.390222
0.622978
0.551012
1.753866
1.133168
0.382277
0.938141
0.979604
0.300604
1.038554
1.732560
1.270009
0.295439
1.723343
0.160778
0.357329
1.282795
1.144938
1.256428
1.074914
0.161674
0.258432
1.216208
0.349103
1.746396
1.028131
0.505873
0.208293
0.738554
0.442157
0.367375
0.590482
0.892869
1.721852
1.738914
1.718545
0.091632
0.799125
1.284771
1.321227
1.370543
0.696281
1.072424
0.364573
1.295149
0.739152
0.884104
0.515040
1.684820
1.202181
0.389400
0.091355
0.255628
1.296801
0.536856
1.280251
1.742393
1.231046
0.298283
0.310835
0.954587
0.829726
0.144847
0.102047
1.739153
1.270581
1.309537
0.536107
1.216806
0.927860
0.351440
1.272388
0.342555
0.677373
0.198474
0.109801
0.407344
0.932041
0.170095
0.183257
0.543269
1.235576
0.907847
0.770592
1.025489
0.868385
0.303885
0.932357
1.270721
0.712044
0.194589
0.217313
1.269033
1.484043
0.711969
1.729146
0.932484
1.261528
1.708519
0.467751
1.640779
1.348537
1.718930
0.208672
0.558352
1.263091
0.483795
0.936979
1.706156
0.889819
0.959312
1.367185
0.735632
0.287098
0.518326
1.395167
0.247777
0.680726
0.657091
0.691547
1.711632
1.753469
1.277136
0.303449
0.203198
0.665806
0.833370
0.814526
0.908325
1.016546
0.108599
0.381931
0.919909
0.409601
0.203694
0.195774
1.492155
0.873304
1.276984
0.518744
1.675060
1.034460
0.958087
1.733525
0.781735
0.079515
1.742242
0.948882
1.680988
0.248989
1.350466
0.849205
1.738830
0.624345
0.883616
1.268368
0.886474
0.312694
1.694469
1.240514
0.147020
0.939020
1.738874
0.133053
1.306448
0.707769
1.097919
1.125570
1.263741
1.280394
1.082602
0.348196
1.349900
1.747244
0.152284
0.920611
0.443763
1.281062
1.721273
0.303000
0.074647
0.136601
1.142587
0.454639
0.288272
1.004651
0.354557
1.258992
1.690829
0.435838
0.601603
1.734270
0.053973
0.931314
1.742460
1.287802
1.205191
1.284212
1.256800
0.284754
0.737547
1.157315
1.063420
0.142599
0.061471
0.171637
1.751797
1.064223
0.654155
1.262426
1.237897
0.922691
0.175564
0.713172
1.276270
1.274267
1.231177
0.101583
1.750258
0.367605
0.343161
1.657213
1.233601
1.745524
0.904359
1.281644
0.894127
1.261136
0.321437
1.269312
0.715108
1.730428
0.930543
0.108853
0.173552
0.846443
0.163188
1.736553
0.349678
0.930261
0.185024
0.968034
1.283027
1.473519
0.194817
0.393428
1.748665
1.291944
1.635571
1.258040
1.239904
0.427220
1.212904
1.748454
0.053655
0.707343
1.137528
1.272491
0.223727
0.064949
1.212933
0.565856
1.080762
0.901805
0.251145
0.199139
0.872196
1.204089
0.850008
0.508215
1.743500
0.246989
0.759138
0.416674
1.421500
1.259390
0.227578
1.708476
1.654391
1.684449
1.635275
1.746579
1.748670
0.340162
0.502654
0.265802
1.073484
1.321311
0.979599
1.749983
1.281162
0.607291
1.256107
0.742909
1.754491
1.491916
1.748857
1.485417
1.734139
1.749946
0.505443
1.301937
1.749295
1.070822
0.652083
1.217171
1.285251
0.721924
1.276406
0.213718
1.752902
0.411833
1.211594
1.275278
1.130210
0.802998
0.451355
1.735022
0.321629
1.659815
0.881332
0.666582
1.265999
0.276521
1.298941
0.349865
0.054781
0.952792
1.286437
1.016119
0.694851
1.454221
0.217910
0.662805
0.168067
1.727737
1.275989
0.884470
0.606339
0.461111
1.741742
0.024468
1.283796
1.630857
0.490680
0.346486
0.317004
1.285818
1.721004
1.691700
0.495035
0.785789
0.221986
1.377778
1.566382
1.726333
0.581374
1.401963
0.966320
1.267853
1.272170
1.576489
0.154862
0.532094
1.691393
1.183626
0.829638
1.742720
1.080548
0.530111
0.281951
1.277751
1.725067
0.188205
0.251069
0.493960
1.751775
1.255540
0.194270
1.720896
0.444280
0.529397
1.741023
1.325146
0.966315
0.927038
1.702641
1.272433
0.910315
0.794987
1.742632
0.410864
1.069290
1.684498
0.180598
1.256414
1.280108
1.723043
0.360316
0.931918
0.523805
1.278744
1.061735
1.183214
1.698554
0.148127
0.206356
1.641283
1.020523
1.744591
0.713965
0.316247
1.553927
1.277529
0.531583
0.496648
0.671650
1.219721
1.314531
0.293763
0.979197
1.101661
1.344291
1.265885
1.704288
1.481603
1.621521
0.885939
0.888472
0.436280
1.745097
1.541640
1.489445
1.125976
0.080086
0.160733
0.912958
0.860191
1.682586
0.821106
1.389763
1.292208
0.507667
1.142926
0.866874
0.502454
1.262593
0.158941
0.997610
1.277092
0.907152
0.810161
1.383813
1.588620
1.747893
0.852881
0.275692
1.278759
1.410303
1.735177
0.029462
0.156720
0.281885
0.403302
1.463530
1.281059
0.530437
0.618345
0.971655
1.273396
0.051625
0.393202
1.530492
0.302231
0.451539
0.920875
0.149330
1.406436
0.781241
0.803074
0.879225
1.580171
0.110583
1.235899
1.025792
0.552705
1.147522
1.742042
0.179090
1.069200
1.261946
1.506794
1.313000
1.265128
1.728332
0.385916
0.259744
1.301720
0.175584
0.311961
0.470708
0.659844
1.746725
0.673277
1.679721
1.729224
0.302198
0.749757
1.734539
1.641035
0.471251
1.729115
1.530362
1.280605
0.543379
0.910990
0.230644
1.281314
1.476804
1.723190
1.274210
1.749616
0.115277
1.729851
0.190913
0.254093
0.804214
0.825937
0.673885
0.225063
0.060962
1.275791
1.714904
0.437335
1.252146
0.943023
0.902035
0.109931
1.718672
1.156039
1.279369
0.270961
1.730865
1.266133
0.235300
0.901631
1.023075
0.479414
0.654128
1.167572
0.151846
1.212571
1.075360
0.527978
1.280706
0.788013
1.281523
1.275531
0.806263
1.681293
1.735148
1.749043
0.535092
1.391578
0.989868
0.245214
0.291617
1.743826
1.606577
1.716614
0.960580
0.059727
1.098761
1.028901
1.558493
1.392984
1.113318
1.652761
0.794101
0.436800
0.966998
1.671767
0.680612
0.503305
1.277182
1.730826
0.959226
1.734472
1.275483
1.580617
0.319687
1.158349
1.749801
1.738149
1.104617
0.344368
0.078542
0.207382
1.684839
1.228741
1.279810
1.717024
1.272944
1.248199
0.139690
1.385588
0.511937
1.242132
1.714494
0.260262
1.518867
0.883597
1.279310
1.115263
1.721168
1.269807
1.282250
1.753366
1.289397
1.747688
0.388559
1.706099
0.437842
1.268141
1.282401
0.828675
1.239366
1.752254
0.363779
0.096959
1.307765
1.006490
0.704891
1.747557
0.928106
0.378669
0.662615
1.400723
0.151039
1.693003
0.877127
1.444101
0.716556
1.581135
0.335652
0.654482
0.697535
1.732831
1.746859
0.495832
0.276580
0.698195
0.946400
0.530522
1.277897
0.690315
1.753190
1.284015
0.541635
1.278652
1.275002
0.449266
0.228793
1.736937
1.678194
0.914057
1.734158
1.742354
1.586600
1.281040
1.276277
0.915278
1.280997
1.419789
0.367234
0.476515
0.414196
1.280937
0.604413
1.025848
1.755754
1.289670
1.676632
1.544333
0.448381
1.744009
1.727178
0.632741
1.015563
1.270072
0.589591
0.958338
0.543564
0.774033
1.624383
1.289006
0.454523
1.600981
0.882522
1.740571
0.154094
1.722740
1.283611
0.525011
0.420986
0.213724
1.702782
1.742529
0.201516
0.149184
0.203608
1.008205
0.558578
0.439973
1.749290
1.281782
1.514071
1.249803
0.457627
0.388001
0.765548
0.974918
0.647822
0.954945
1.019024
0.122858
0.807718
0.626570
0.419246
1.283074
1.032878
0.155119
1.540992
0.730236
0.802352
1.137380
1.754014
0.098985
1.086637
1.040247
1.751211
0.369692
0.275743
1.280405
0.108188
0.467767
0.870213
0.782910
1.744803
1.601226
1.234316
1.281152
0.538855
1.715388
1.308133
0.346473
1.379584
0.823004
0.144473
0.250197
0.937307
1.447511
1.657495
0.893800
1.746040
0.465092
0.491081
1.754436
1.013206
0.968733
1.402721
0.854873
1.278001
1.261851
0.488238
1.640044
1.264750
1.698108
0.170094
0.299486
0.170424
1.753259
1.689552
0.263630
0.324068
1.068671
0.598676
0.344453
0.116763
0.254964
1.040851
0.519395
0.748784
1.236477
0.880700
1.258970
1.314543
0.962005
1.405394
1.745972
1.745849
1.755129
0.243037
0.324700
1.686722
0.336848
1.416393
0.706703
1.745687
0.668124
0.555489
0.479715
1.218384
0.943253
0.193205
0.918063
1.270166
0.129145
1.651835
1.729975
0.899717
1.754901
0.275856
0.138584
0.272086
1.098077
1.095806
0.571592
0.215765
0.035890
1.282466
0.518911
1.270934
0.620802
0.715344
1.754708
1.205439
1.740713
0.541132
0.875658
1.278221
1.034102
1.021983
0.459637
0.023646
0.370259
0.899496
1.526465
0.586527
1.258768
1.728965
0.973229
1.747416
1.279079
0.912988
0.306887
1.751796
0.724600
1.694566
1.275069
0.230636
0.272982
1.739149
1.752471
0.911147
1.097510
1.732014
1.735860
1.257692
0.263728
1.510949
1.692388
0.151489
1.750639
1.751845
1.200936
0.912089
0.372285
0.665645
0.919033
0.182448
1.752537
1.742774
1.280637
0.850688
0.916639
0.825006
1.296630
1.381852
0.255236
1.735888
1.733820
1.325509
1.315554
0.141542
1.055120
0.807920
0.196206
1.375836
0.351504
1.647911
0.518015
0.330740
0.546922
0.248731
0.201759
0.192400
1.741130
1.212239
1.278087
1.281587
1.656753
0.459773
1.278248
1.739309
0.947464
0.205790
0.238581
1.754698
0.276457
0.225561
1.230556
0.120561
0.689710
1.164423
0.145826
0.101636
1.735415
0.844508
0.213814
0.888146
0.403135
0.391489
0.074260
1.289727
0.314645
1.707263
1.063564
1.616635
0.281478
0.225403
1.672187
0.446371
0.938038
1.234859
1.048869
0.805914
0.807216
1.747808
0.914924
1.084868
1.003199
0.521640
0.594849
1.728492
0.199360
0.853191
1.310251
0.146239
0.547542
0.567802
1.287420
0.188705
0.895457
1.748551
0.229342
1.662734
0.337276
1.737449
1.702706
0.452305
0.188307
1.282037
0.727554
0.536497
0.274762
1.749072
1.270479
1.193789
0.345275
1.109704
1.752484
0.892121
1.531200
1.276560
0.579473
0.485049
0.758108
0.566013
0.909888
0.490702
1.075998
0.250464
0.130970
1.284512
1.739107
0.325627
1.451123
0.081654
0.232036
0.753649
1.746271
1.737813
0.721317
1.322303
0.845799
0.177225
0.239163
0.859610
0.624585
1.278847
0.173797
1.279849
0.948949
1.744678
0.692950
0.277948
1.752706
1.691695
0.737225
0.155702
1.021919
0.846248
1.641163
1.683977
0.878750
1.265224
1.699447
0.815805
0.577076
0.890556
1.413442
1.194907
0.701252
1.336809
1.477489
0.085083
1.755727
0.453507
1.673883
1.255346
0.275566
1.738483
1.224670
1.280293
0.913158
0.535140
1.288679
1.670762
0.945261
0.074355
1.733104
0.017547
1.729474
1.725410
0.833882
0.240190
0.392152
1.274191
1.746456
1.427983
0.984558
0.647703
0.751958
1.749243
1.726174
0.140869
0.904920
0.115746
1.737283
1.734329
1.729446
1.324207
1.739027
1.300897
1.753637
0.839701
0.303924
1.720203
0.403163
0.266244
0.412385
0.274146
0.717919
0.589921
0.396404
1.266126
0.790063
0.169466
0.886285
1.278303
0.807971
1.223090
1.715133
0.192456
1.743718
1.213457
1.751794
1.747125
0.445126
0.444356
0.141270
0.214325
1.305174
1.742610
0.405414
1.268938
0.191635
1.248221
0.329369
0.421082
1.347162
1.286558
1.251961
1.286748
0.760954
0.148133
1.267603
1.710159
1.122874
1.724624
0.733930
0.446291
0.280965
0.721751
0.266411
1.331577
1.269238
0.298379
1.280780
0.675342
1.294108
0.169386
1.136197
1.744956
1.279687
0.197398
1.263864
0.174884
1.697651
0.813418
0.594341
0.236766
0.298020
1.704310
1.723712
1.648574
0.143452
0.458804
0.150522
1.685313
1.275531
1.736412
1.749316
0.292488
0.301530
0.970066
0.075752
0.953252
0.925634
1.469954
1.740428
0.414335
1.746768
0.787792
1.734301
0.274461
1.264708
0.891296
0.809177
0.854579
1.037053
0.967515
1.753224
1.742228
1.753735
0.268970
1.266227
1.162521
0.899278
1.477762
0.176924
1.422187
1.304827
0.267131
1.738698
0.113671
1.359820
0.973086
1.624006
0.409408
0.868494
1.650543
0.323930
0.224051
1.743480
1.676358
1.282282
0.132186
0.902229
0.902171
0.336962
1.729466
1.284190
1.733588
1.729151
0.287290
0.190495
0.831559
0.706636
0.744377
0.448079
1.265131
0.317932
1.724319
0.349481
0.434102
0.231611
1.755246
0.975214
0.886821
1.203417
0.344231
1.748342
0.434337
0.775886
1.278961
0.317934
0.677128
0.644869
1.290490
0.167095
0.130122
1.247659
0.898265
0.222214
0.373340
1.279224
1.714303
1.208159
1.252880
1.165083
0.197635
1.743754
0.889067
1.058354
0.826857
1.692667
0.180529
0.620115
1.718414
1.720784
0.417461
0.181635
0.061642
1.273042
0.578774
0.279161
1.738632
1.273851
0.561662
0.527305
1.381618
0.279408
0.282911
1.243659
0.186516
1.289441
0.939541
1.748103
1.132174
1.272623
1.134350
0.957980
1.749275
1.276700
1.687436
0.901516
0.663558
0.224761
0.359841
1.122036
0.416023
1.672625
1.282094
0.976998
1.749138
1.649774
0.288323
0.519999
0.785233
1.030995
0.470743
1.707417
0.147913
1.715159
0.519757
1.293622
0.988062
1.265199
0.875267
0.143660
1.716306
1.270549
0.803706
0.928543
0.306669
0.228726
0.491558
0.449323
1.183526
0.149151
0.766536
1.610161
0.128994
0.048849
0.862432
1.317739
0.583875
0.505847
0.484960
0.915902
1.753632
0.279725
0.853548
1.751951
0.410762
1.669406
0.663577
1.686529
0.460888
0.640172
0.950239
1.730434
0.259440
1.269740
0.766184
0.437792
0.048805
1.268959
1.732225
1.749660
0.448724
1.729009
1.298556
0.158141
1.743433
0.385573
1.717606
0.913383
0.156388
1.749399
1.231251
1.058322
0.909963
1.257921
0.441071
0.708386
0.887383
0.899488
0.501707
1.752447
1.249225
1.724686
1.664771
1.278047
0.206024
1.603349
0.863530
0.652176
0.600793
1.279155
1.172139
0.151723
1.746067
1.735782
0.596624
1.242640
0.811733
0.591689
1.275127
0.554909
0.889155
1.720109
1.262198
1.714713
0.509763
0.161819
0.200660
0.185728
0.366530
1.142452
0.532515
0.747202
0.351349
1.307694
1.678713
1.624548
1.742191
0.450731
1.245827
1.275077
1.281309
1.624913
0.637943
1.745954
1.745792
0.723384
1.702569
1.734229
1.738461
1.251213
1.717057
1.250710
1.257753
1.731333
1.251039
1.510052
0.753177
1.072683
0.321790
1.234252
0.000000
1.178105
0.177307
1.035617
0.700149
0.856610
0.280438
0.739950
0.624037
1.741593
1.732489
1.282831
0.825947
0.603550
0.836135
1.529945
0.570768
0.152938
1.624080
1.740472
1.696318
0.992002
1.278733
1.428538
0.603801
0.167094
1.333296
1.756266
1.573608
1.031379
1.406378
0.285870
0.801758
0.650134
1.376270
1.277192
0.562085
0.160217
0.451418
0.445674
1.285219
0.162630
1.559620
1.483335
0.935948
1.742786
0.407623
0.394161
1.641373
0.720286
1.138315
1.749671
0.148576
1.750471
1.729251
1.747474
1.270804
0.074318
1.724427
1.273213
0.813769
0.087596
0.449556
0.379444
0.935971
0.777575
1.341985
1.228418
1.364025
0.122972
0.522521
1.281282
1.403780
0.137468
0.565386
0.624504
1.273995
0.274735
0.335623
1.277351
1.725220
0.364061
0.188031
0.397763
1.753286
0.154794
0.533662
0.502433
0.408173
0.657412
0.463015
1.639253
1.269869
1.749375
1.719474
0.764133
1.271408
0.841488
0.922715
0.599689
0.482342
1.694870
1.264105
0.290772
1.267618
0.210757
0.905176
0.669075
1.079565
1.734655
0.119414
1.749380
0.502766
0.421342
1.209336
0.285083
0.597455
0.709375
1.744450
1.293707
0.672854
0.645345
1.301559
1.651958
1.033755
0.934898
0.618933
0.911183
1.750828
0.577601
1.161021
1.281261
0.220374
0.536452
0.646398
0.814691
1.245357
0.584716
1.261113
1.280890
0.221274
1.316441
0.140102
0.212842
1.242542
1.557400
0.969629
0.309107
1.478081
1.735250
1.280251
0.380438
0.455074
0.202775
1.735557
1.744974
0.215441
1.273342
0.423036
0.269556
1.330017
0.502027
1.390025
0.793939
0.602126
0.516165
0.946267
1.276191
0.786215
1.281590
1.260363
0.459505
0.867515
0.782035
1.650476
0.874849
1.692243
1.276808
0.381360
1.744923
1.608708
0.840158
0.123296
0.961293
0.788767
0.566443
1.711880
1.745063
0.212801
1.751712
1.733804
0.165585
0.228040
1.754846
0.827429
0.513500
0.134369
1.739183
1.047111
1.262957
0.166289
1.569861
0.075308
1.426684
0.179824
0.813627
1.273625
0.852022
0.804907
0.765182
1.258729
1.267055
1.754190
0.323501
0.134777
1.337852
1.526547
1.279805
1.279396
0.964579
1.214115
0.120077
0.155446
0.962558
0.332563
1.753020
1.193635
0.635580
0.794701
0.345863
1.726535
0.388755
1.206406
0.923661
0.778539
0.368345
1.401152
0.192388
1.209813
0.933495
1.183330
1.250830
0.119282
0.798729
1.409988
1.278342
0.640133
1.046560
0.946143
1.275776
1.736485
0.126252
0.835891
1.507479
0.402919
0.226996
1.243087
0.259111
0.800124
1.387370
1.275550
0.855060
0.904814
1.698207
0.289753
0.708736
0.704953
0.899125
0.965008
1.737584
1.746628
0.245095
1.505095
1.375749
0.213083
1.429441
1.319710
1.742048
1.752739
0.359820
0.688901
0.848034
1.377607
1.755265
0.406910
1.739733
1.752325
1.749932
1.720185
0.823602
0.277774
0.859815
1.746009
1.273130
1.070690
0.864041
1.268888
0.599580
1.237531
0.475835
1.280861
0.247549
0.206839
0.467543
1.277617
1.364135
0.448219
0.517274
1.500598
0.513686
1.527577
1.272539
1.318031
1.743318
1.483640
1.272194
0.392111
0.370377
0.630671
1.268878
1.721906
0.172507
1.126929
1.748079
0.071807
1.730488
0.106189
0.646530
0.051599
1.002544
1.716914
0.237590
0.657051
0.835987
0.123591
1.724796
1.691114
1.286682
1.277814
1.713521
0.252013
0.652082
0.390317
1.228256
1.680841
0.932589
0.125052
1.670910
1.709923
0.179164
0.578809
1.727973
1.722304
1.294619
0.828003
1.317627
1.740260
0.065386
1.126806
1.063548
1.264375
1.744657
1.072737
1.720027
1.721766
0.963759
0.457552
0.102583
0.316657
1.708755
1.717425
1.202273
0.536727
1.236172
1.737591
0.574072
1.227166
1.746450
0.914616
1.060633
0.242496
1.697859
0.762431
0.040927
0.817362
0.129883
0.150434
1.749506
1.230520
1.408600
0.271704
1.182248
1.706198
1.747001
1.254835
0.192311
0.877653
1.236343
1.729808
0.276907
0.769584
0.751361
0.888108
0.322772
1.598135
1.738424
0.679426
0.109268
0.816782
1.311318
1.739221
0.945648
1.742721
0.117276
1.748596
1.751006
1.709236
1.732931
1.328632
0.811392
1.712499
1.626344
1.276326
0.098215
0.775944
1.725933
0.231787
1.409405
0.744204
1.751652
1.721056
1.701190
0.870804
1.743517
0.648382
0.527144
0.688928
1.748500
1.284044
0.815592
1.462179
0.821816
1.273267
1.663351
0.334060
0.873080
0.229530
1.147710
0.640108
0.879251
1.305171
0.980467
1.274516
1.269210
1.185830
0.962706
0.423199
0.308063
0.636632
1.369562
1.276674
1.670319
0.190898
0.984614
1.631671
0.130656
0.916234
1.314943
0.206988
1.735004
0.877886
0.586273
1.219919
0.547633
1.510808
0.382482
1.745811
0.528137
0.223436
1.603423
0.427188
1.084855
1.733087
1.253333
1.745012
0.295493
0.927217
1.725899
0.074803
0.580097
0.872746
1.716948
0.051444
0.821752
1.541479
0.417256
0.907919
1.264968
1.231643
1.745009
0.775363
1.065059
1.718412
1.278376
0.933685
1.210877
1.743285
0.869618
0.149497
1.728368
1.282179
1.741669
1.272168
0.093871
0.634575
1.320151
0.260649
0.854961
0.264415
0.183070
1.098540
1.730170
0.497103
0.482008
1.322377
1.748269
1.732817
1.751419
1.068033
0.205145
0.134286
0.269862
1.715947
1.578082
1.281305
1.642476
0.046341
1.542420
1.748026
0.765667
0.901718
0.771705
1.163968
0.664553
0.791003
1.301344
1.284734
0.738122
0.405072
1.736757
0.131521
1.724505
1.281512
1.274399
1.749515
1.316350
0.833974
1.725378
0.808364
1.319021
0.684069
0.158245
1.264916
1.277591
1.597791
0.698537
0.083932
1.277720
1.746608
0.526541
0.429395
1.746948
0.195294
1.715024
0.197690
0.371413
1.278058
1.507305
1.715429
1.148347
0.101869
1.215843
1.746708
1.254531
1.747777
1.277094
1.265653
1.019968
0.388348
0.145965
0.810573
0.478001
1.730770
0.279090
0.163308
0.214071
1.734641
1.713358
0.020665
0.928219
0.156766
1.710227
1.232123
0.210478
1.152838
0.499017
0.047685
0.931752
1.657510
0.543456
1.396333
1.363090
1.746756
1.166042
0.465791
1.717745
0.557348
1.741597
1.288554
1.683868
1.751301
1.746246
1.723403
0.854923
0.047118
1.270287
0.454066
0.301961
1.315832
1.263784
0.251515
0.440767
0.744810
0.529944
0.350500
0.247791
0.799284
0.236791
0.581900
0.403546
0.000000
0.728682
1.200143
1.280285
0.000000
1.310915
1.729161
1.751116
1.745382
0.609677
0.445887
1.236915
0.855744
1.271056
0.934947
1.712106
0.848592
0.937654
1.323974
1.514291
0.549204
0.971577
0.262176
1.083155
1.330119
1.232259
0.628484
1.737859
0.224733
0.236671
0.979718
0.530870
0.839396
1.281664
1.282477
1.735651
0.609309
1.322034
1.259684
1.507550
0.294580
1.242171
0.952516
0.202696
1.459059
1.512684
1.277484
1.746107
0.572896
1.305696
0.527710
0.470120
0.892352
0.288321
1.267819
1.603578
0.552174
0.238956
0.264385
0.641935
1.732837
0.820474
1.311801
1.631803
0.409064
0.269975
0.229796
0.805753
1.737888
1.647408
1.738091
1.745352
0.333634
0.980278
0.423315
1.113864
0.191105
1.748124
0.894917
1.419291
0.425741
0.564609
0.276003
0.666363
0.638197
1.458835
0.230999
1.434026
1.488317
0.373579
0.834694
1.364502
1.072235
1.270622
1.281084
1.720265
0.600129
0.548657
0.148307
0.579827
1.440035
0.231590
0.220507
1.730001
1.754819
1.660890
0.645449
1.752514
1.282136
1.171943
0.340819
0.780824
0.315344
1.380232
0.155122
0.494590
1.747579
1.753371
0.312497
0.658478
1.745467
0.403543
0.332569
0.390669
0.324757
1.664546
1.304260
0.684442
1.279930
0.170666
0.347276
0.400209
0.498036
0.987586
0.617900
0.386883
0.429410
1.044183
0.289039
0.209325
1.289735
0.394011
0.331350
0.325325
0.973428
1.735677
0.486829
0.355217
0.875003
1.464001
1.353294
0.931233
1.743392
0.462512
0.160483
1.715703
0.664842
1.280204
0.583556
0.388184
0.153389
1.728708
1.282701
1.749177
1.271948
0.879354
1.278290
1.317577
1.557979
0.942693
1.289277
0.646751
1.288691
0.648760
0.417536
1.283814
0.205715
0.452466
0.382843
0.256641
0.143623
1.755256
0.441245
0.668253
0.847530
0.540037
1.747173
1.272876
1.301369
1.332032
0.218156
0.349382
1.169095
1.215934
0.931779
0.457213
1.738659
0.860197
0.405392
0.932856
0.389320
0.733863
1.320000
1.730011
0.693813
1.316291
1.731544
1.641988
1.393813
0.393468
0.819746
1.701341
0.128218
0.960408
0.853096
0.424013
0.843193
0.189762
0.792228
1.279880
1.749459
0.793495
0.892631
0.446369
1.260536
1.272624
0.076828
0.648052
1.277430
1.470667
1.281471
0.925176
1.280540
1.681760
1.284395
0.863179
0.244215
1.751411
1.568512
1.278986
0.190836
1.134335
1.088893
1.747974
0.880742
1.703418
0.767555
1.751795
0.185957
0.417105
0.195115
0.670847
1.728477
1.075034
1.698123
1.275821
1.184068
0.183179
0.683706
1.332328
0.150100
0.259345
1.092029
1.736051
1.336943
0.251509
0.118768
1.248187
1.746967
0.660969
1.752411
0.912645
0.776139
1.359356
0.410803
0.860974
0.488417
0.612882
1.696949
1.742179
1.700926
1.281032
0.206918
0.164468
0.692575
1.311622
1.698560
0.179086
1.114231
0.857804
1.089374
0.803575
1.684989
0.145972
1.277299
0.377159
0.738615
1.744105
0.587783
1.003393
0.638654
1.702334
0.335811
0.091441
0.342145
1.744731
0.662247
1.608115
1.731906
0.857371
1.736446
0.287203
1.258240
0.117632
0.433767
0.259878
1.703782
1.280569
1.308154
1.495961
0.094709
0.305824
1.739748
0.484847
1.615610
1.281029
1.745427
0.946520
0.106491
0.452004
0.975111
1.735085
1.631006
0.739883
1.739244
1.276061
0.130823
1.744237
1.458951
1.122923
0.781590
0.518034
0.573534
0.824960
1.282076
0.133347
0.521082
0.375998
1.279045
1.112177
0.749676
1.188279
1.279829
1.642324
0.168957
0.040841
0.174237
1.183687
0.215689
0.673651
1.545884
0.601388
1.281711
0.630218
0.740557
1.721289
0.359619
1.097750
1.721243
1.220359
1.330695
1.645995
1.235387
0.532987
1.741455
1.721978
1.268316
0.975717
0.227642
1.166763
0.439349
0.765751
1.018346
1.263644
0.206537
0.289931
1.721051
1.747154
1.479650
0.136203
0.212967
1.272117
1.472798
1.365592
0.243834
0.532025
1.201409
1.743454
0.251459
0.287017
1.746862
0.156829
0.505832
1.239552
1.686383
1.734445
1.288843
1.253601
1.467689
0.113651
0.870847
0.868112
0.796814
1.278131
0.509459
0.815527
0.909367
1.138966
0.168960
1.114361
1.735156
0.679827
1.145668
1.278946
1.724205
0.296844
1.272575
1.732685
1.241493
1.262028
1.704550
0.248639
0.858198
1.267792
0.936865
0.849564
0.573595
1.260123
0.768025
0.967570
0.894736
1.667867
0.818902
1.273087
1.447857
1.234780
0.201854
1.228249
1.281132
0.314462
1.277562
0.105419
0.109240
1.280359
1.254080
1.730818
1.280364
0.293242
1.306367
0.805390
1.588702
0.402921
0.171021
0.285917
1.261093
0.605461
0.397446
0.897377
1.268194
0.619450
0.599207
0.527159
1.276541
1.073101
0.220294
1.735255
1.269305
1.433744
0.820734
1.277462
0.989452
0.311048
0.414401
0.876132
1.737661
1.751729
0.555180
0.692911
1.245243
1.286165
1.318616
1.277863
1.016088
0.153831
0.942218
0.935111
1.710224
0.631779
1.274982
1.741133
1.290024
1.695232
0.666577
1.292292
1.520401
0.142270
1.172615
1.276650
0.405999
0.138288
1.677487
0.394314
1.692533
0.898377
0.400059
0.826519
0.284250
0.752421
1.496793
1.278727
0.841544
1.646808
1.208125
1.740555
0.920244
1.281505
0.476675
1.741003
0.114856
1.275632
0.333644
1.295894
1.284209
0.959606
0.387747
0.692897
1.270031
1.647356
0.828524
1.030474
0.637376
1.724202
1.679394
1.279944
1.131107
1.724596
0.875883
0.385275
1.740011
1.494181
1.700227
1.282831
0.969967
0.434094
0.271183
1.733527
0.689204
0.283200
1.281798
0.613771
1.289586
0.054655
0.765094
1.744951
0.333684
0.080528
1.654920
1.719159
0.711174
0.305923
1.272818
0.434197
1.129747
0.555613
0.077016
0.865072
0.624145
1.233085
0.191001
0.520684
0.959417
1.675905
0.221582
0.213543
0.605718
1.266801
1.280270
1.380922
0.366380
0.495591
0.882185
0.280979
0.726123
1.469191
0.307943
1.291455
1.606721
1.261662
0.092245
1.145888
1.277231
0.327489
0.870606
0.077166
1.667177
0.713653
0.206839
0.916746
0.342502
1.508700
1.323377
1.275205
1.600761
0.770714
0.804569
0.275047
0.317822
1.026996
0.356518
1.752570
0.237689
1.748453
0.822787
0.220803
0.731596
0.259660
0.909851
0.917690
1.064484
0.388464
1.615464
1.259958
1.708532
0.721433
0.935776
0.283948
0.972576
1.720130
0.673541
0.824823
1.629112
1.649349
1.738701
1.728372
1.249277
1.617419
0.387526
1.737612
1.740729
0.253308
0.791007
1.274096
1.065233
0.379583
0.889812
1.667844
0.426196
1.749812
1.275129
1.280358
0.539176
0.182553
0.281722
1.278287
1.049896
0.225687
1.281710
0.135906
0.774445
1.685909
0.893445
0.303604
0.165420
0.715313
1.749616
0.362370
0.923507
0.174428
0.256798
0.205551
0.291041
0.622869
0.699889
1.297266
1.747395
0.876073
1.271657
1.744382
0.648560
1.264653
0.081803
0.501518
0.328617
1.266239
0.695343
0.900810
1.243654
1.726660
1.751789
1.743636
1.753351
1.370607
1.505577
0.291937
1.278201
0.502661
0.506385
1.222862
1.281010
1.270849
1.469456
0.744031
0.434309
1.338339
1.271149
0.898546
1.235418
0.729966
1.725906
1.638476
0.951057
1.343428
1.287854
0.241178
1.700864
0.509336
0.266892
1.302994
0.183782
0.101958
0.951864
1.710355
1.743420
0.299875
0.419857
1.728402
0.141694
0.613222
1.711576
0.369780
0.094157
1.743748
1.743900
0.176725
0.497512
1.281299
0.185467
0.199440
1.741633
1.722816
0.898910
0.305267
0.896891
1.271869
0.801771
0.589658
0.168228
1.333493
1.747708
1.751769
1.306798
0.127699
0.181047
0.738003
0.821762
0.310084
1.339310
0.929949
1.747907
1.563357
1.721383
1.276894
0.909657
1.575708
1.424276
0.311280
1.734569
1.096079
1.734946
1.379215
0.906319
0.774075
0.185160
0.926039
0.130504
1.242205
0.246997
1.704173
1.155313
1.227117
0.779000
0.326055
0.758932
0.331835
1.288226
0.463847
0.701450
0.224080
0.654911
1.271512
1.737078
1.754852
0.931076
0.316457
0.192849
1.227484
1.003927
0.093131
0.715247
1.460228
1.317380
0.904676
0.963864
0.293866
0.497601
0.820964
1.591581
0.785132
0.917897
1.744250
0.283723
0.645441
1.714780
1.636246
0.949687
1.738059
1.333650
1.593278
0.798928
0.899799
0.437415
0.045322
1.425689
1.721543
1.278580
1.740547
0.205724
1.277446
1.740694
1.404801
1.748321
0.638443
1.238147
0.829511
0.146188
1.730287
1.269945
0.850354
1.741274
0.233794
1.056475
1.435499
0.568059
0.343239
1.733335
1.703358
0.659689
0.447398
0.909253
0.270335
0.371410
1.139497
1.275982
1.073177
1.750304
0.054972
0.095349
0.843761
0.909926
1.710129
0.532600
0.524446
0.235469
0.554767
0.902135
1.272290
0.186666
0.483219
1.262690
1.720772
1.443238
0.237436
0.393338
0.123586
1.406505
1.204138
0.216881
1.266376
1.343082
0.546311
0.212462
1.746777
1.281938
0.902644
1.006191
1.303805
0.100348
0.180651
1.265581
1.011682
0.236501
0.692724
1.711345
1.754843
0.516520
0.182164
0.935761
1.637013
0.152552
0.051119
1.273507
1.173714
1.281648
1.255600
1.474504
1.280981
0.168553
1.284175
0.234226
1.067638
1.363642
1.728092
0.322660
0.511582
0.718746
0.402000
0.951570
1.301199
0.377107
1.342588
1.750679
0.910210
1.302755
0.926991
1.113723
0.621632
0.414456
1.199520
1.661054
1.259174
0.210268
1.743308
0.160806
0.144617
0.529230
0.760584
1.281071
0.688459
1.739870
0.520224
1.555563
1.408047
1.255358
0.506141
1.271730
1.272706
1.742371
1.283773
0.764091
1.318622
1.547074
1.456359
0.745144
0.828575
1.710151
0.666160
1.652555
0.515829
1.231915
1.740832
1.735948
1.721839
1.753251
0.537607
1.286139
1.702858
1.746510
0.479512
0.754350
0.440668
0.412323
1.143454
1.705682
1.745783
0.356991
0.226009
0.427775
1.214764
1.023818
0.381898
1.714537
0.172407
0.081219
0.274691
1.729515
1.210069
1.721264
0.194122
1.214050
0.247429
0.759122
1.721877
0.515612
1.221915
1.257274
0.494574
0.069350
0.163495
0.916753
0.370054
1.253646
0.348616
1.744489
1.571139
0.647839
0.593652
1.119402
1.261485
0.885648
1.005427
0.301723
1.746771
1.708036
0.772594
1.658547
1.227257
1.056234
1.749283
0.886359
0.838675
1.277526
0.566515
0.646565
0.339691
0.188728
1.744985
1.752199
1.282455
0.660082
1.182508
1.753601
0.670881
1.270837
1.753762
1.282245
0.875134
0.365205
0.900848
1.686574
0.931626
1.737816
1.713735
1.751338
0.477810
1.711191
0.272848
1.569900
0.309787
1.068753
1.289831
0.739197
0.215300
1.483627
0.481178
1.726726
0.901469
0.687881
0.594256
1.151969
0.173007
1.731557
0.412110
0.837812
0.777224
1.278768
0.946821
0.707716
0.267659
1.748011
0.239565
1.435724
0.769480
0.273025
1.703073
1.645642
1.192617
0.346272
0.227121
1.753708
1.257942
0.759541
0.414826
1.277298
1.737449
0.162884
1.278423
0.876943
0.845405
0.367546
0.310389
1.739148
1.299755
1.244534
1.647195
0.823286
1.733984
0.492329
0.110977
1.749907
1.755240
1.756225
1.409962
0.918937
1.745905
1.706819
1.747365
1.242821
0.161995
0.235577
0.696238
1.265534
1.752219
1.738478
1.739460
0.066743
1.024431
0.280447
1.751832
0.915874
0.926354
1.744797
1.271917
1.277955
1.347828
0.272007
0.227750
1.655203
0.204583
0.987562
1.012199
0.045604
1.160172
1.742121
0.337842
1.737091
1.739862
0.136461
1.246993
0.278863
1.255756
0.125213
1.745692
0.925115
0.660439
0.400989
1.750507
0.658516
0.129722
0.848704
0.611823
1.655064
1.272562
1.278148
0.491075
1.633614
0.034864
0.425119
0.204161
1.737438
0.844657
0.280378
0.317939
0.728988
0.872401
1.628865
0.869983
1.742683
1.224314
0.262106
1.282911
0.896364
0.290177
1.072717
0.278903
1.716407
1.280849
1.281411
1.757055
0.886014
0.195755
0.376676
0.363847
0.817320
1.738673
1.056672
1.212452
0.487273
0.894820
1.317932
0.626129
1.270988
0.967010
0.686191
0.508843
0.188583
1.277468
1.724167
1.746387
0.863379
1.606772
1.737924
0.908885
0.841616
1.719802
0.218500
0.482372
1.273958
1.734185
1.352239
1.739951
1.744440
0.909888
1.737461
0.100910
1.740234
1.551267
0.602942
1.273186
1.519430
0.120527
0.930242
0.264055
1.159012
0.243341
0.782019
1.689387
0.898151
0.267110
1.748031
0.227914
0.944476
0.159448
0.628369
1.272374
0.176220
1.475311
0.834885
0.896799
1.735258
1.088025
0.695774
1.500769
0.421176
1.700683
0.263538
1.660846
1.280557
0.914808
0.059633
0.219837
0.638398
1.572590
1.742977
1.741335
1.746910
1.752873
1.259645
0.458530
0.831838
0.445018
1.276542
1.363488
1.241304
1.716851
0.252761
1.258230
1.744991
0.415082
0.117757
0.345248
0.918171
1.511735
0.112886
0.199240
0.099213
1.642708
0.327627
0.503310
0.356194
0.785367
1.703810
1.605947
1.725636
1.311998
1.284473
0.708435
1.734060
0.543926
1.689640
0.208855
0.982422
0.231385
0.222868
1.740082
0.299840
0.518061
1.746797
1.695498
1.282361
0.095075
0.638324
1.278595
0.298118
1.748352
1.739719
1.281229
1.703078
0.459546
0.714204
1.282320
0.584158
1.191718
0.890691
0.189225
1.250510
0.290537
0.309413
0.369494
1.281895
0.221515
1.236539
0.292247
1.729109
0.394490
0.175846
0.728057
0.129731
0.718404
1.741902
0.864232
0.717656
1.404939
1.746458
1.735796
0.166554
1.149730
1.283350
1.256515
1.717394
1.312819
0.308607
0.529027
1.253437
0.262988
0.533570
0.246018
1.156622
0.186910
0.980632
0.786628
0.957792
0.552269
1.740413
1.266669
0.193427
0.528654
0.164245
0.822702
1.586356
0.641153
0.079960
0.172373
0.218692
0.743382
1.281750
1.190051
1.706038
1.741858
1.280013
0.684491
0.206958
1.650752
0.876062
0.222675
0.882389
0.719793
0.391920
1.279227
0.105755
0.123418
1.290946
0.172480
1.591591
0.580335
0.412853
1.753605
0.890826
0.155229
1.268116
0.647067
1.084352
1.715677
0.333800
0.364166
1.708616
0.921776
0.986209
0.560888
1.742260
0.968216
0.196396
1.163602
0.762898
0.140936
1.750612
1.257179
1.717109
0.600257
0.904357
1.285643
0.929482
0.861996
0.062906
0.343869
0.788368
1.736927
0.551841
1.746439
1.185899
1.281042
1.739824
1.403123
1.235835
0.903580
1.273390
0.881837
1.737579
0.838684
1.368813
0.041286
0.033821
0.226059
1.273873
1.727422
1.708632
1.278382
0.526809
1.444942
1.718309
1.239786
0.698245
1.667969
1.229763
0.164580
1.748363
1.013188
1.280078
0.976561
1.749234
1.264346
0.231116
1.271317
0.669668
0.337964
1.053185
1.175905
1.173297
0.132649
0.266824
1.281316
0.383419
0.448812
0.163159
1.730444
1.754171
1.278813
0.129707
1.280678
1.268495
0.302726
0.868663
1.734868
0.853323
1.301738
1.726082
0.589702
1.644036
0.791168
0.994373
1.746548
0.458547
0.938152
1.280225
1.734819
1.278905
1.734792
0.486097
0.972590
1.252084
1.467839
0.886220
0.181514
0.977507
0.675237
1.747001
1.268307
0.485637
0.273206
1.281006
1.274244
1.088456
0.165416
1.740706
0.538924
1.226188
1.735349
1.714136
0.333444
0.603037
0.968421
1.297432
1.278316
0.287336
1.746062
0.180128
1.617328
1.281962
0.501626
0.698971
0.300830
1.741904
0.318870
1.715783
1.738747
1.266080
0.127855
0.297916
1.741707
0.867207
1.692239
0.110939
0.333691
0.522968
1.253482
0.957000
1.740506
0.951601
0.797094
1.103548
0.105919
1.390460
0.199733
1.750075
1.275352
0.775728
1.276852
1.191785
1.252216
1.715792
1.716485
0.913373
0.623351
1.448610
0.377819
0.948528
1.716910
0.056151
1.685134
0.462408
1.730242
1.239348
1.266814
1.735904
1.273489
1.277752
1.650533
0.342679
0.375799
0.137153
0.566109
0.417026
0.898600
0.491232
0.680321
1.367133
0.171881
1.340374
0.450293
1.426046
1.743250
0.125713
1.660528
0.995089
1.264305
1.692052
1.688208
0.455263
1.752882
1.331944
0.196254
1.269675
0.336224
0.672269
0.460123
0.888308
0.183938
0.836126
0.550580
0.925306
0.357415
0.791979
0.848690
0.837883
0.309589
0.918567
0.510019
0.322030
0.492811
0.342662
1.681063
1.212408
0.944414
1.728655
0.887761
0.723511
1.754818
0.603270
1.276527
1.276946
0.906419
0.232478
0.182227
0.099431
0.091328
0.811161
0.958338
1.658518
1.727649
0.666548
0.698133
0.435476
1.511028
0.802249
0.337826
0.925740
1.206954
0.573519
1.755269
1.277651
1.220836
1.274145
0.133327
0.601797
0.579420
0.421702
0.921547
0.401955
0.778227
0.356877
1.551320
0.298512
0.463327
1.722814
1.274361
1.743242
1.187164
1.139815
0.763571
0.893437
1.742464
0.505211
1.618848
1.281709
0.866445
0.124483
0.064375
0.842419
0.270678
1.145940
0.210842
0.148992
1.339608
1.279320
1.258291
1.694992
0.590531
1.724683
0.377072
0.482002
1.749430
0.627349
0.269447
1.598037
0.939300
1.745697
1.730699
0.343321
1.713088
1.261993
1.485894
0.159013
0.872813
0.601868
0.188367
0.522512
1.264597
1.017974
1.075359
1.747260
0.681765
0.123465
0.177403
0.280185
0.528121
1.736262
0.473906
1.158443
1.740532
0.852608
0.142819
0.792763
1.749196
0.208431
1.278129
1.269565
0.524713
0.638406
1.461623
0.183975
0.700535
0.368704
0.154303
0.201575
0.505375
0.802310
0.085391
0.459075
1.720805
1.746547
1.267168
0.458897
1.748077
0.418478
0.487116
1.750747
0.468702
0.219421
0.330365
1.717402
1.275061
0.794036
1.710787
0.404480
0.969953
0.490188
0.575142
1.681569
0.769638
1.738524
0.279203
0.542165
0.431052
1.664716
0.634206
0.250288
0.171043
1.423741
1.052375
0.252746
0.232429
0.155447
0.801707
1.211472
1.093767
0.300070
0.189924
0.474468
0.064339
0.623252
1.522425
1.263737
1.104088
0.153503
0.143101
0.356178
0.271443
1.166550
1.740585
0.107155
0.388974
1.269076
1.134119
1.637986
1.595669
1.710343
1.283369
0.696454
1.719920
0.524856
1.368382
1.743358
0.905150
0.673160
1.279400
1.681716
0.419248
0.432574
1.739486
0.679065
1.571521
1.312864
0.783080
0.711129
0.700359
0.231729
0.099579
0.347547
0.134962
0.462221
0.258480
1.750694
0.149940
0.371802
1.278299
1.662450
0.284100
1.034824
0.251050
1.016704
0.463669
1.410323
1.281422
1.316966
0.890739
1.737387
0.837436
1.705225
0.786768
1.255058
0.326541
0.371602
0.154056
0.866238
0.798393
0.279548
0.301641
0.812131
1.312846
1.715524
0.654633
0.998086
0.863967
0.171102
1.285141
0.476733
0.646380
1.102983
0.653006
0.956458
1.718046
1.170521
1.260079
0.204504
0.512852
1.742783
1.263293
1.263351
1.743477
1.743515
1.695071
0.882676
1.751951
1.693512
0.294500
1.738977
0.854388
1.734015
0.167537
0.814658
1.226690
0.287713
0.845418
1.757081
0.381685
0.678208
0.883549
0.181685
1.425857
0.327019
0.260855
1.278350
0.095496
1.703288
1.201023
1.737761
1.737599
0.935084
1.281627
0.427574
0.934506
0.635696
1.752652
0.535758
1.418756
0.495712
1.646470
0.862295
1.271525
0.201554
1.271205
1.756179
0.202000
0.592639
0.484721
0.513933
1.306726
1.048030
0.180694
0.235115
1.740754
1.278570
0.495148
0.383353
0.605597
1.750993
0.975429
0.921235
1.746320
1.299060
0.507882
1.659816
0.136184
1.264964
1.755193
0.816780
1.273490
0.786064
0.249644
1.695276
1.729924
1.101458
1.361781
1.733222
1.717156
1.479748
1.490573
0.883155
1.564838
0.939732
1.277695
1.732595
1.451806
0.372109
1.278051
0.143547
1.276516
1.742065
0.347722
0.426372
1.280480
0.527311
0.471699
0.780663
1.726704
1.751988
1.310411
0.233242
0.419941
0.503324
0.858287
1.688066
0.829313
1.616963
0.412960
0.441782
0.610473
0.889618
1.272138
0.548085
1.731114
0.990710
0.704815
1.256929
0.275165
1.325441
1.602071
1.634696
1.270509
0.685600
1.274751
0.018231
1.197780
1.177634
1.277064
1.501112
0.636004
1.738803
1.026707
0.900096
1.291355
0.496051
0.914963
1.745642
1.739482
0.427701
0.442721
0.740807
1.592565
0.778215
0.556068
0.912120
1.154437
1.471189
1.131969
0.962090
1.059816
0.232434
0.873570
1.246766
1.302496
0.159280
1.388137
1.268891
1.518251
0.284738
0.671500
1.325995
1.729185
1.526018
0.517403
1.304417
0.238374
1.261780
0.460262
1.066463
0.874799
1.304272
1.052168
0.261731
1.753301
1.732072
1.749743
0.143111
1.154990
1.230820
0.315621
0.337984
0.279588
0.314030
1.733099
0.212047
1.383433
0.118249
0.376647
1.317537
0.845136
0.516275
1.702428
1.237898
1.726363
1.673715
0.239434
1.517655
1.195924
1.225793
0.062934
1.262073
0.804202
0.328490
1.214942
0.514838
1.746605
0.240884
0.952879
0.926721
0.173436
0.168311
1.177788
0.823838
1.746491
0.180612
1.126278
0.176145
0.675111
0.898154
1.040482
0.575267
1.737702
0.280610
0.926249
0.158368
1.706001
0.430191
1.657153
1.317469
1.092275
1.128446
1.743441
1.181552
1.278193
0.719141
1.746796
0.165398
0.805126
0.487373
0.994582
0.506858
0.381574
0.274256
1.267217
1.750551
1.299625
0.329511
1.737664
0.437084
1.136903
0.350863
1.279303
0.401269
1.677546
1.719155
1.043263
0.671880
1.192295
0.167585
0.154844
1.581764
0.061851
0.329514
1.750928
1.746808
0.230358
0.939946
1.090544
1.271749
1.277756
0.486074
0.184731
1.309371
0.784364
0.039614
0.295551
0.563240
0.191513
0.180928
0.136714
0.250568
0.488589
0.297959
0.392198
1.723848
1.273885
1.191251
0.900119
1.752263
1.380454
1.742427
0.159450
0.084785
0.636200
0.201064
0.785525
1.695274
1.644096
1.731272
0.487687
0.620232
0.923354
0.381130
1.230393
0.572553
0.881896
0.681903
0.298615
1.281271
1.308589
0.263926
0.904762
1.745591
0.363187
0.654314
1.712449
0.492538
1.059284
1.318074
0.689977
0.403395
0.205226
1.533540
0.761965
1.738642
1.722832
0.413978
1.239669
1.141183
0.070291
1.736528
1.694019
1.182423
1.741371
1.561766
1.733282
0.322462
1.655005
0.268654
1.691856
0.104560
1.281692
0.245463
0.962007
1.233993
1.275290
0.616218
0.413947
1.753642
0.281980
0.864195
0.970650
0.214726
1.754440
1.218317
1.733231
1.412856
0.313346
0.322706
1.744323
1.492675
0.408882
0.999055
0.600482
1.473457
1.714914
1.746137
0.593231
0.207783
1.173415
1.261721
0.293831
1.539294
0.205904
1.753551
1.280999
1.755049
1.734561
1.260790
1.009032
1.093599
0.768618
0.995270
0.167430
0.291679
0.418664
1.272597
0.263103
0.739603
0.907118
1.514848
1.284411
0.686530
1.704667
1.745666
0.250831
0.600223
0.913678
0.301775
1.285087
1.288519
1.736701
1.394520
0.955850
1.062199
1.664687
1.286434
1.010337
0.780363
1.739100
1.273223
1.742549
0.956810
0.817531
0.624601
0.289668
1.422798
0.740578
0.449028
1.411495
0.215239
0.823142
1.752029
0.674182
1.321761
0.366762
1.748513
1.726791
0.422199
1.741298
0.287484
0.431631
0.318728
0.331502
0.954906
0.830531
0.498578
0.528610
0.832940
0.241399
0.593544
1.473842
0.900052
0.926642
1.281208
0.081458
1.280033
1.744935
1.131472
1.722021
0.904645
1.282031
0.749592
0.093389
1.710575
0.637601
1.282193
1.748015
1.752743
1.738936
1.734445
1.723874
1.748503
0.721854
1.160400
0.872863
0.936674
1.744062
1.650213
0.701594
1.563911
0.395258
1.057156
0.591127
1.705989
0.881297
0.798514
0.545408
0.814677
1.636638
1.292221
1.277037
0.952286
0.883609
0.978779
1.736158
1.171043
1.278247
0.535546
0.188440
1.241841
1.173620
0.228522
1.204998
1.137964
1.145339
1.290865
1.605366
0.192994
1.751560
1.274688
1.268953
1.557620
1.281273
0.978389
0.228573
1.752050
1.281446
0.908874
1.369308
1.728807
1.282106
0.946091
0.094761
0.426338
0.194986
1.717156
1.064255
1.569523
1.247553
1.723994
1.271639
0.699357
1.281288
0.200228
0.483862
1.735503
1.672300
1.752015
0.768536
0.692041
0.357758
0.650332
0.324329
0.472449
1.279607
1.746659
1.251532
1.579054
0.057110
1.726719
1.689543
1.745799
0.885959
1.272905
1.678825
1.288310
0.444765
1.241908
0.173253
1.406193
1.110430
0.581996
0.863106
0.403153
1.284384
1.274866
1.748482
1.278255
1.322118
0.756003
1.710820
1.269802
0.217553
1.744827
1.724728
0.923337
0.664760
0.756828
0.435621
1.145806
1.546990
0.234064
1.261503
0.900195
1.284694
0.894585
0.500821
1.722151
1.191824
1.744431
0.881717
0.407225
1.240532
1.217066
1.730685
0.908426
0.182381
0.861139
0.713664
0.894823
0.465279
0.897204
1.747092
1.276821
1.399171
0.969135
0.423459
0.172336
1.262550
0.463556
0.547086
0.120525
0.461319
0.654963
1.218968
0.608456
1.687204
1.245086
1.148979
0.253032
1.256111
0.615071
1.531840
1.337866
1.745714
1.019537
0.664745
0.643445
1.273632
1.267658
1.658203
0.451418
1.303029
1.313808
1.730515
1.747862
1.282068
0.119825
0.898416
1.325268
0.475338
1.518107
1.275239
1.295942
1.732528
1.444248
1.733042
0.156816
0.909526
0.882381
1.273668
0.237896
1.274107
0.768911
1.740932
1.740292
1.553207
0.964868
1.753747
1.417862
1.232651
1.310086
0.678383
1.724078
1.276220
0.087647
0.910605
1.265514
0.563092
1.194361
0.556983
0.554164
1.263532
1.249601
0.255829
0.447131
1.744417
0.975754
1.324556
1.169966
0.416671
1.282843
0.124294
1.732237
1.734413
0.739180
1.081290
0.862100
1.633802
0.421647
0.055365
1.271508
1.156268
0.509934
1.280185
0.712540
1.250951
1.277706
0.166189
0.820081
0.584301
1.722816
1.749737
1.257109
0.815143
1.298587
0.756192
0.283827
0.909734
1.753664
1.729824
0.255671
1.752233
0.139120
0.974744
1.215793
1.314267
0.450070
1.624313
1.271031
0.890077
1.466105
1.658001
0.876965
1.503461
1.548400
0.920302
0.460421
1.545539
1.010103
1.242600
0.281442
1.258418
1.590337
0.536738
0.542160
1.683007
1.744473
0.255191
1.105999
0.850239
1.743226
1.275883
1.267206
1.228682
0.133521
1.661265
0.902016
0.683212
0.313390
0.707086
0.815499
1.683702
1.081645
1.733120
0.296091
1.258885
1.697386
0.056235
0.324336
1.708940
0.187478
1.252233
0.690801
0.466668
0.445386
1.710692
0.836176
0.890666
1.269719
1.281529
0.533715
1.209610
1.281574
0.378728
0.359754
1.229679
1.748187
0.546769
1.747250
1.729180
1.672169
0.235260
0.553789
1.699396
1.224749
0.447541
1.716467
0.409932
0.719666
1.473955
1.742746
1.155871
0.261920
0.915750
0.241953
0.183804
1.704269
0.132478
0.196581
1.739871
1.682035
1.280722
0.189871
0.173353
0.933064
0.524557
0.615643
0.238349
1.427990
0.896979
0.009170
1.053974
1.751495
1.752288
1.742605
1.733718
0.478314
0.878127
1.718032
1.263623
0.874844
1.733359
0.199877
1.718974
0.468607
1.235930
0.277779
1.298709
1.754152
0.682491
1.281937
1.369254
1.282866
1.753882
1.754794
1.258073
1.742407
1.722856
1.305126
1.363385
1.713072
0.123420
0.427625
1.047360
1.722552
1.658458
0.741926
1.281807
0.209963
1.246300
0.920682
0.621940
1.724923
1.276865
1.739205
1.289280
1.113017
0.164300
1.741775
1.750710
0.580308
0.241943
0.847105
0.903148
1.748083
1.711677
1.072862
1.271580
1.750284
1.093406
1.315289
1.732415
1.745807
0.983732
0.208989
1.277106
0.708284
1.726881
1.292438
1.274654
1.292976
1.726922
0.381243
1.188655
1.206130
0.194808
1.751287
1.744595
1.751906
1.744588
0.893528
1.753614
0.714486
0.494500
0.154484
1.288129
1.304232
1.325575
1.276553
1.367154
0.272294
1.741342
0.482441
1.198075
0.656007
1.546795
0.792318
0.246401
0.157066
0.162127
1.270089
0.839565
0.891972
1.304966
0.574141
1.256122
1.277972
0.955069
0.252357
0.959705
0.504363
1.725097
1.671575
1.512350
0.660925
1.572614
0.398691
0.291262
0.525035
0.874315
1.661836
0.142804
0.929404
0.170868
0.525718
1.220403
0.737557
1.643974
1.093683
1.273682
1.257761
1.267862
1.655549
0.727776
0.227732
1.626625
0.436390
1.186404
0.316449
0.842813
0.814940
1.361083
1.136864
0.365864
1.747768
0.478617
0.486564
1.737575
1.637491
1.730130
1.268464
1.242662
0.301014
0.287374
1.273393
0.725503
0.399921
0.167497
1.281354
1.572531
0.983434
0.782224
0.375231
1.195942
0.083688
1.270460
1.607791
1.322714
0.734289
0.624499
1.673478
0.773649
1.739823
0.452555
0.773004
0.818523
1.185408
0.799845
0.561530
1.284225
0.929309
1.750445
1.293570
1.335166
0.593174
1.655490
0.038402
0.402952
1.274378
1.741975
0.341920
1.223771
1.260405
0.297462
1.640107
1.276481
0.315399
0.689680
1.749694
1.272824
1.703070
0.816006
0.199171
0.897897
0.388403
0.732075
0.170970
0.583505
0.883685
1.720618
0.139633
0.993615
1.330420
0.895090
0.651466
1.269259
1.280226
1.280835
1.728806
0.304789
1.288229
0.910027
1.728140
0.503428
0.144593
0.838426
1.610465
1.255748
1.645649
1.277321
1.534876
1.333310
1.283664
0.220029
0.963468
0.892310
1.722757
0.779991
1.106784
0.355618
1.275313
1.281223
1.279215
1.218643
0.282091
0.493570
0.959215
0.645947
0.533642
1.311833
1.256738
0.130022
1.690434
1.269907
0.380289
0.881676
0.496649
0.381007
0.201329
0.471924
1.691533
0.813527
1.273013
1.746266
0.169832
0.122702
1.285404
1.252478
0.643051
1.360902
0.412537
0.383412
1.284404
1.740323
0.111141
1.318395
0.648249
1.265835
0.806912
1.747115
1.336752
0.484387
0.960806
0.327791
1.267232
0.515077
1.254796
1.666754
1.283667
1.748581
1.700679
0.278894
1.707463
0.578731
0.083686
1.725694
0.207960
0.335749
1.695204
0.244384
1.743775
1.673382
1.080455
0.266972
1.686038
0.191170
1.272409
0.207454
0.478503
1.308774
0.648830
1.740701
1.683694
1.559627
1.259171
0.212287
1.272795
0.220162
1.281974
1.263405
0.595643
1.748832
1.278077
1.573281
0.232707
1.250727
0.301948
1.012785
1.157519
1.527492
1.739150
0.804972
1.695480
1.260581
0.633393
0.887404
0.421383
1.752232
0.744103
0.106194
1.729789
0.965053
0.747070
0.729970
0.178528
1.264903
0.751381
1.295790
1.278424
0.255924
1.281181
1.016683
0.684906
0.200687
1.751408
1.342124
1.717168
0.372187
0.303296
0.201461
1.409499
1.708946
0.696329
1.744181
0.430123
0.195920
0.116233
0.118811
0.745940
1.608757
0.393215
0.201817
0.618261
0.558670
0.192721
1.740912
0.676579
0.311529
1.725303
1.554027
1.264058
1.369050
1.746374
1.735458
1.229381
1.639688
1.293870
1.578422
0.797681
1.465660
1.203047
