0.813621
0.789286
1.641905
0.215688
0.446470
1.669307
0.243217
1.647994
1.205419
0.613425
0.313264
1.686837
1.534114
0.163144
1.005990
1.130195
1.680946
0.315455
1.233578
1.602010
1.453902
1.231497
1.700000
0.878897
0.697444
1.352728
0.245944
1.297914
1.643183
1.233000
0.973468
1.261154
1.222383
0.678611
1.224370
1.170692
1.239512
1.633896
0.295916
0.856378
1.670660
0.581692
1.188933
1.262170
0.946315
0.457528
0.200073
1.232171
0.251148
1.266961
0.723933
1.677260
1.409959
1.221198
0.858161
0.671156
0.165168
0.238252
1.235907
0.907728
1.694336
0.352271
0.408831
0.465517
1.457550
0.222516
0.282910
0.586627
1.234926
0.216977
0.268231
1.687669
1.235891
0.122244
0.140030
0.456558
1.188931
1.515670
0.441343
1.677163
0.697320
1.214156
0.628417
1.670070
0.248488
1.200298
1.233656
1.684873
1.254943
0.163093
1.234228
0.422946
1.213013
1.456827
0.233796
0.135821
1.256269
0.969196
0.241381
0.389822
1.230577
0.721004
1.236383
0.330702
1.700170
0.600159
1.679111
1.291174
1.596405
1.236251
1.234008
0.470552
0.174544
1.690480
0.650957
1.252578
1.246561
1.446018
0.274663
1.694959
0.580910
1.284713
1.686870
0.740279
1.210869
1.226562
0.170219
0.726132
0.240985
0.205573
1.639362
1.233405
0.742463
1.234694
1.686821
1.260016
1.403235
0.560466
0.761936
1.233253
0.854387
0.426213
0.168848
1.221760
1.232433
0.908297
1.238079
0.224539
1.693957
0.322865
1.248900
0.515187
0.888872
1.692076
0.411268
1.094831
0.633963
1.672873
0.332694
0.115619
1.629031
0.265674
1.699855
1.417793
1.691425
0.112352
1.682457
1.685906
1.241546
0.476280
0.686368
1.226526
1.257774
0.644334
0.165419
0.951850
0.192103
1.686668
1.477699
1.632592
1.628953
1.687822
1.234816
1.235783
1.321344
0.914488
0.548467
1.244987
1.236273
0.709492
1.310730
0.693977
1.234561
1.233828
1.690799
1.688971
1.233320
1.684488
0.151264
1.692218
0.175488
1.695270
0.409409
1.235410
0.288305
0.232175
1.230064
1.231857
1.294991
0.556954
0.473834
1.654997
1.690507
0.434031
1.210128
1.157717
0.324659
0.198901
0.597323
0.727471
1.664751
0.858682
1.614992
0.776101
1.638436
0.325407
0.261107
1.641373
1.668394
1.614860
0.245867
1.680957
0.517402
0.529288
1.227118
0.427601
1.205710
0.243660
0.645997
0.256736
1.655295
1.641301
1.211466
1.656128
1.231148
1.254980
0.205062
0.761792
0.814906
0.285390
1.696625
0.353229
1.246329
0.817416
0.367973
0.657835
1.179601
1.461850
0.451074
1.322694
0.147807
0.658286
1.232167
1.234932
1.230370
0.724133
1.241963
1.202658
1.688119
1.503859
1.429297
1.239525
0.851040
1.237561
0.162619
0.888165
0.427102
1.233188
0.334794
1.237123
0.306703
0.315080
0.535973
1.665138
1.236506
1.673194
0.181837
0.985233
0.763867
1.091458
1.668174
1.453699
0.481318
0.227187
0.591160
0.929531
0.911036
0.832060
1.665244
0.555801
1.631703
1.233586
1.687259
1.578132
0.093151
0.660910
0.897803
0.241774
1.636402
0.988733
1.235113
1.531400
0.205293
1.234618
1.652887
1.677731
0.332282
0.951524
1.229179
0.551012
0.138614
1.686927
0.210057
0.201031
0.817186
0.373930
1.466229
0.482241
1.593167
0.212127
1.695864
1.534297
0.223877
1.261364
1.190875
1.686692
0.639321
1.633705
0.595025
1.231534
0.665167
0.548483
1.657720
1.671530
0.608217
0.283081
1.226733
1.685467
0.344628
0.983020
0.636494
1.116422
0.062391
0.444652
0.865275
1.238484
1.650477
1.687752
0.872286
0.718140
0.384908
0.861227
0.076610
1.225539
0.143244
1.694710
1.160620
0.272145
0.167980
0.272662
1.689950
0.909552
0.265022
0.197661
1.242223
0.631780
0.773891
1.610559
1.242326
0.100615
1.212889
0.719072
1.681775
1.233817
0.139127
1.670965
1.692550
1.649700
0.334907
1.084666
0.510303
0.412683
0.312977
1.387353
1.636798
1.679192
0.425745
1.234666
0.528544
1.238804
0.527566
1.236828
1.255104
1.231781
1.455857
1.220296
1.630273
0.913845
1.276365
0.705116
0.218104
1.701117
1.699692
0.440170
0.323563
1.000765
1.682738
0.193845
0.157125
1.424981
1.675067
1.325762
1.245525
1.187536
1.232471
0.549842
1.695058
0.576970
1.569314
0.411728
1.246538
1.233073
0.858935
1.241483
0.394235
1.661804
0.196814
1.002804
0.872099
0.815604
1.248096
1.433221
0.164398
1.291881
1.622011
0.342605
0.171584
0.820317
0.540388
0.794333
1.560214
1.675972
0.518488
1.661734
1.599415
0.178006
0.199356
1.596694
1.234579
1.384749
1.234246
1.692601
0.187717
0.222265
0.217454
0.623984
1.167909
1.216760
1.234344
1.504961
1.227986
0.170221
0.213654
0.948025
0.627901
1.667133
1.452936
0.320825
1.263545
1.377341
1.653470
0.626721
0.445626
0.136718
0.664234
0.990354
0.416923
1.230626
1.670497
1.678031
1.523246
1.227639
0.974360
1.532027
0.980257
0.293397
0.806635
0.755524
1.270967
0.265709
1.606962
1.181712
0.825980
1.672407
0.664008
1.578682
0.756717
0.474617
1.487857
1.025163
0.645230
1.233470
1.694542
1.321977
1.695838
1.050830
1.660388
1.218374
0.305035
0.644681
0.941327
1.049620
1.353967
0.934698
1.698713
1.694952
0.276262
1.629043
1.478589
1.686292
0.455015
1.690465
0.254072
1.242853
0.444320
0.148446
0.662379
1.673929
0.257647
1.297564
1.232988
1.235475
1.011492
0.867205
0.971890
1.696637
1.292444
0.303788
0.941910
0.161342
1.681964
1.231654
1.011851
1.284006
1.305638
1.230795
0.538354
0.640568
0.969374
0.941324
0.714625
1.104645
0.329485
0.083834
1.254448
1.232892
1.669284
0.887206
1.688561
1.219231
1.234583
0.075506
0.213778
1.360042
1.238200
1.234226
1.367996
1.672257
1.687830
1.606012
1.690341
1.645508
1.231490
0.400918
1.700475
1.507200
0.617970
1.699299
0.112044
1.694288
1.489861
0.340107
1.657486
0.849525
1.232881
1.701926
0.682640
0.310072
1.354882
0.497355
1.693433
0.205531
0.405298
1.266697
0.262163
0.182332
0.252424
1.145343
1.684643
0.941909
0.139105
0.415101
1.230915
1.689304
0.108052
0.507159
0.943329
0.613346
0.100620
0.245053
1.691621
1.630464
0.242197
0.892338
1.625870
0.331002
1.514325
1.464358
1.218025
0.656661
0.382718
0.416464
1.218720
1.235611
1.112539
0.148992
0.168325
1.234197
1.475653
1.663195
0.353151
1.654079
1.124356
0.797128
1.569546
0.160371
1.099156
0.463556
0.434841
0.230469
0.438592
1.413266
1.692521
0.253235
1.650594
0.625772
1.029746
0.283450
1.691996
0.628592
1.689990
0.789406
1.682141
1.650717
1.232200
1.354048
1.686290
0.210396
0.341951
0.169149
0.173855
0.367697
0.606500
0.866954
1.643664
0.151817
1.233524
0.432806
0.119526
1.692171
0.674839
1.675970
0.506934
1.233582
0.083193
1.489712
0.140787
1.685590
0.765812
1.670942
1.297958
1.678326
1.235014
1.226225
1.637766
1.376261
1.692290
0.837557
1.697445
1.590178
0.866765
1.643954
0.199371
0.286670
1.232054
1.656023
0.136297
1.415074
1.334734
0.539772
1.695584
1.354316
1.689412
0.227581
1.235471
1.234081
0.381665
0.763306
1.153642
1.688375
0.212632
1.692077
1.226285
1.680573
1.653044
1.032889
1.645754
1.233580
0.257965
1.697653
1.525295
1.693650
1.625569
0.204630
1.673465
1.210901
1.237691
1.680975
0.431056
1.235880
0.916830
1.312536
0.238010
1.668367
1.235157
1.325863
0.260156
1.691880
0.433256
1.235167
1.146839
0.455637
0.560352
0.963474
1.449821
1.285608
1.094537
1.326502
0.551801
0.372252
0.379110
0.553176
1.278044
0.525166
0.341026
1.267438
1.235469
1.238171
0.290722
0.290357
1.238251
0.489658
1.077750
1.684279
0.170814
0.375917
1.691920
0.528165
1.273653
1.683769
1.702587
0.270707
1.693701
1.313166
0.148891
1.103676
0.401880
1.578331
1.248433
0.192192
0.895860
0.262952
0.332977
1.417264
0.193924
1.234354
1.223799
1.689013
1.083726
0.231609
0.358509
0.501889
0.719068
0.880760
0.029266
0.148168
1.635077
0.243026
0.281446
1.584678
1.235152
0.514851
0.322018
0.444215
1.235272
1.641150
0.825107
0.331669
1.596322
0.311896
1.554099
1.670701
1.199087
0.912840
0.484822
0.158794
0.253297
0.904271
1.658646
0.154016
1.681803
1.681877
1.238531
1.352676
0.687657
1.219205
0.830735
0.283666
1.691493
1.333831
0.168505
1.280766
1.427219
0.303017
0.902494
1.222045
0.708370
1.226620
0.645002
0.709638
0.345244
0.676753
1.230358
0.293496
1.668407
1.679286
1.679966
0.772312
0.343482
0.925416
1.689971
0.467828
1.529631
1.686311
1.235956
1.264654
1.261762
0.987383
0.317806
0.338048
1.500889
0.937896
1.479884
0.513683
1.234210
1.638364
1.268711
0.424992
1.681136
1.596008
0.239963
0.551739
1.691707
1.244458
0.330554
0.597525
1.644065
0.502360
1.224417
0.484144
1.235432
0.556108
0.214386
0.862208
0.974070
0.381555
1.230609
0.127757
0.263648
0.955080
0.351817
0.121798
1.698279
0.368629
1.230543
1.464854
1.688881
1.677277
1.383494
1.249848
1.514803
0.650927
0.571495
0.314134
0.251933
1.233252
1.238987
1.483562
0.270282
0.599368
0.711043
1.683801
0.923891
1.696894
0.772959
0.261457
0.811663
1.240544
1.233672
1.331713
0.935631
1.637551
1.695171
1.660587
1.665313
0.975475
1.693719
0.619907
1.592965
0.266718
1.685654
1.232885
1.682066
0.814141
1.652146
1.279222
0.361344
1.673666
0.379331
0.382908
0.841640
0.402175
1.229280
1.256169
1.676501
0.598347
0.141678
1.123993
0.826576
0.345505
0.139065
1.556825
0.596586
0.185400
1.297951
1.125090
1.239266
0.352938
1.236474
1.633088
0.728802
0.565692
0.958779
1.234130
1.042083
1.236314
1.695277
1.698677
1.234263
0.430420
0.854225
0.375045
0.247054
0.171688
1.133149
1.678861
1.224878
1.225745
0.308813
0.859546
0.439489
0.230271
1.262646
1.693181
0.444667
0.995702
1.679591
0.559081
1.230997
1.696404
1.235093
0.448716
1.252543
1.230964
1.229115
1.692018
0.322835
0.672253
0.377787
0.580463
0.409312
0.855623
1.250584
0.213923
0.512633
0.376322
1.117473
0.219194
1.235905
1.231280
0.759748
0.741552
1.676970
1.668526
1.233252
0.967344
0.501725
1.445242
1.231881
0.391168
0.894401
1.677947
0.888686
0.501307
1.683946
0.568787
0.686160
1.555046
0.246109
0.777776
1.227723
1.672970
0.444327
0.095312
0.416207
0.094680
0.542515
0.682233
0.157020
0.204608
0.564688
1.616293
1.236203
0.492760
0.932691
0.784292
1.292741
1.686577
1.280584
0.920170
0.620575
1.680105
1.563483
0.250444
1.694486
1.122629
1.216731
0.489717
0.186469
0.333544
0.379057
0.072255
1.251959
1.644277
0.329154
0.858113
1.625718
0.318015
1.600669
1.226358
1.234336
1.045754
1.119653
0.422276
0.979538
0.135094
0.682861
0.397860
0.370530
0.103363
0.325103
0.768455
0.647265
0.422243
1.700457
0.947445
1.237603
1.402612
1.678576
0.402510
1.677527
0.580615
0.176648
0.366109
1.679868
1.629745
1.232801
0.984234
0.940607
0.541135
0.877742
1.204499
1.218694
1.691288
0.716715
0.286872
1.233376
1.676203
0.763726
0.155714
1.249885
0.774760
1.680144
1.690345
1.250364
0.225483
1.243205
0.842894
1.218699
1.697257
0.174119
1.679276
0.201360
0.822072
1.637745
0.306802
0.850449
0.586233
0.367251
0.510771
1.229068
0.582523
0.546707
1.234478
0.259117
1.554485
1.377998
1.233759
0.319599
0.922635
1.667275
1.697457
1.278753
0.985909
1.235244
0.480702
1.690259
1.692466
0.232159
0.280521
1.687590
1.225360
0.952266
0.457261
0.465472
1.320341
0.690704
0.176918
0.474069
1.237475
1.694340
0.241111
0.834085
0.655403
0.182546
0.379255
0.221435
0.252488
1.509719
0.963276
0.180642
1.325991
1.059256
1.664734
1.683525
1.233982
0.444643
1.235506
1.005224
0.832331
1.008778
0.512781
0.833589
0.763911
1.227720
1.518628
1.386458
0.886295
0.183894
0.889986
0.910847
0.640215
1.140842
0.279060
1.185718
1.539119
1.682824
1.588732
1.465547
0.827608
1.683591
1.696339
0.304096
0.194984
0.309375
1.681922
1.577320
1.227618
0.986504
1.650411
1.678025
0.145883
1.567845
0.478649
1.079484
0.176359
1.690221
1.319963
1.235175
0.443822
1.297183
1.368741
1.230101
1.235405
1.366475
1.238115
1.676980
0.660759
0.271591
0.289728
1.308468
1.234516
1.661511
0.346045
1.682912
1.246255
1.664363
1.235945
1.678082
1.617261
1.235734
1.248454
0.144458
0.296073
0.170520
1.403279
1.685782
1.694805
1.692086
0.105344
1.228207
0.522615
0.823832
1.233911
0.630645
0.672282
1.229846
1.599681
0.248907
0.629585
0.607131
1.680917
1.652192
1.229159
0.939598
0.895275
1.544397
1.665242
0.497083
1.235595
1.235695
1.697090
0.346646
0.197570
1.581213
1.206304
0.211718
0.144063
1.099550
0.542115
0.760980
0.139450
1.028858
1.230475
1.657639
1.299690
1.233823
0.951474
0.205665
0.871997
0.241028
1.218275
1.231975
0.791340
0.896425
1.680468
1.663764
0.370728
1.625345
0.767177
0.145235
0.620300
0.373428
1.658907
1.670436
0.221965
0.392680
0.703625
0.244016
1.207760
0.746499
1.435514
1.690018
0.599250
1.242949
1.690787
1.671507
0.765629
1.232314
0.486168
0.291287
0.274344
0.243427
0.941846
0.655513
0.916165
1.674577
1.680937
1.487967
0.222808
0.804400
0.708311
0.428739
0.439959
0.643155
0.166633
1.698331
0.707792
1.241118
0.657040
1.376100
0.779135
1.680237
1.619952
0.192937
1.640663
1.690630
1.455094
0.825490
1.145689
0.929530
1.235037
0.782058
0.322829
0.566495
1.700260
1.688266
1.068237
1.656413
1.379094
0.653167
1.219235
1.690748
1.188691
0.526349
0.899869
0.080311
0.633767
0.260838
1.682017
1.688241
0.215385
1.218728
1.690843
0.497365
0.302324
0.242936
1.278918
0.744081
0.329458
1.234877
1.660404
0.664082
1.175094
1.333098
0.273906
0.146490
0.508653
0.447711
0.238461
0.353108
0.776015
1.431215
1.244949
1.693956
0.389842
0.668460
1.237473
0.350831
0.635668
0.182638
1.649356
0.244831
0.217127
0.837530
0.355277
1.235191
1.663975
1.540031
1.116482
1.156013
1.646838
0.445670
0.530212
1.291039
1.700309
0.531175
0.722410
0.393806
1.231775
1.265753
0.921707
0.435331
0.141419
0.252640
1.521668
1.698177
1.677256
0.293820
1.506115
1.054380
1.227467
1.650979
0.805255
1.689112
0.304621
1.634645
1.225963
1.480562
1.686963
0.771887
0.868985
1.230400
1.366844
1.419855
1.368106
1.234459
0.842487
0.452466
1.301651
0.240787
1.270102
0.373679
1.306994
1.204211
0.214064
0.378431
0.508622
0.744642
1.691429
1.238731
1.672444
1.233782
0.638471
0.634220
1.681198
1.681072
0.918756
0.172620
1.690159
1.054636
0.590391
0.222975
0.723050
1.388531
1.692532
0.865506
0.377346
0.977962
1.235618
1.641181
0.664156
1.673163
1.677701
1.235530
0.454370
0.399608
1.678135
1.628190
1.240674
0.355986
1.669484
1.246799
1.233503
0.366901
1.690159
1.234217
0.898491
0.295991
0.178902
0.854280
0.942256
1.010429
1.648084
0.814600
1.681138
1.233566
0.230079
1.244646
1.689711
0.445484
0.318269
0.658231
1.234245
0.162106
1.598961
0.910419
1.039604
1.229033
0.834351
1.653061
1.605597
1.213551
0.611206
0.222614
1.698189
1.239159
0.472203
1.234290
1.559301
0.193892
1.060667
0.469573
0.439181
0.929974
1.228447
1.233563
0.147715
1.680542
0.618165
1.699484
0.838381
1.405677
1.230042
1.233670
1.632217
1.164315
0.331123
1.293223
1.241330
1.334348
0.551930
0.304038
1.183389
0.164526
0.929928
1.215737
1.620025
1.250759
1.634896
0.810224
1.310710
0.248511
1.176250
1.092361
0.299254
0.161836
1.205590
0.974433
1.233163
0.379908
0.720428
0.242184
1.701718
0.705102
0.479198
0.351176
0.684533
0.192563
0.889288
0.342732
1.233859
0.319864
0.297775
1.233277
0.771353
0.221221
1.235357
1.232569
0.647803
0.246896
1.167102
0.321070
0.876756
0.223453
1.654263
1.244134
0.182145
0.281526
0.283190
0.066247
0.340804
0.428106
1.251289
1.679777
0.295608
1.688293
0.320558
0.292676
0.853360
0.146189
1.227010
1.299610
1.222423
0.323541
0.532381
1.286344
0.356072
0.340171
0.242278
1.688351
1.340825
1.169717
0.462226
1.194764
1.230428
1.234136
1.629273
1.230176
0.177110
0.531590
1.662980
1.233856
1.285174
1.661090
1.620643
0.173095
0.369769
1.235604
1.673048
1.505997
1.235252
1.601693
0.754643
0.727807
0.906556
1.248857
0.292269
1.601249
1.236604
0.758026
1.520383
0.818100
0.290409
1.232884
0.837876
0.155981
1.687435
1.241197
1.232896
1.675458
1.686169
0.658147
1.249101
1.231640
0.264741
0.211828
0.623351
1.089563
0.419360
1.406260
1.699667
0.842319
1.298562
0.255284
1.229233
0.774200
1.700330
1.570952
1.692801
1.253890
1.232937
1.050598
1.221219
1.251540
1.048525
1.005234
1.374183
1.687159
1.239578
1.648732
0.557796
1.134376
0.283882
1.398077
1.145351
1.695468
1.672637
1.646608
0.363695
0.482490
1.695562
0.872095
0.950474
1.299363
1.694661
1.696553
0.287582
0.422664
0.316648
1.690935
1.392946
0.951935
1.689107
1.697880
1.655836
1.230290
0.212549
1.678119
0.996390
1.393567
1.688431
1.689740
0.262034
0.168064
1.688659
1.676621
1.675798
1.295758
0.200301
1.306743
1.618279
0.592669
0.890537
1.551479
1.404312
1.323847
0.219923
0.136113
0.137801
1.235982
0.876484
1.031372
1.317201
1.671201
1.258851
0.189260
0.843180
1.248795
0.426066
1.337849
0.204995
1.554629
1.253557
0.757776
1.689468
0.157645
1.680678
0.241236
0.683356
1.248285
0.657731
0.219487
1.399528
1.599286
0.538339
1.240898
1.334212
0.216525
1.686832
1.615739
0.532912
1.232826
0.222703
1.233800
0.494877
0.317028
0.997161
1.203805
1.079869
1.674549
0.449298
0.673042
1.403253
1.315074
1.428491
1.656214
0.796589
1.141935
0.706226
0.246672
1.033763
1.100174
1.270480
0.078150
0.467657
1.649218
0.575144
0.212577
1.648500
1.693265
1.655971
1.379068
0.402480
1.283168
1.234563
1.237258
1.647942
1.233469
1.024795
0.591779
0.332245
0.243762
1.227692
0.334871
0.972580
1.689621
0.973043
1.686537
0.866622
0.318236
0.483605
0.442598
1.614957
1.687793
1.232521
1.574624
1.277683
0.762648
0.721958
0.146504
1.232046
0.932313
1.674856
1.228345
1.435419
1.018998
1.267002
0.121964
1.606024
1.699036
0.183258
1.669909
0.335846
0.725935
0.284768
0.385063
1.289054
0.583044
0.822618
1.234877
1.630311
0.308374
1.673389
1.695242
1.607725
0.628139
0.407895
0.282509
1.233678
0.143741
1.230510
0.119205
1.235467
1.250685
1.434244
0.665987
0.456835
0.073808
1.694301
1.602802
1.522517
0.607460
1.673581
1.231190
0.339592
0.800691
1.618129
0.660165
1.608685
1.590601
0.328076
0.237011
0.249968
0.291962
0.227761
0.652453
0.587011
0.461072
0.245796
1.679284
0.164082
1.006966
1.670059
1.247582
1.229948
1.656383
1.234779
1.229314
1.234037
0.552804
0.817555
1.692452
0.479967
1.217404
0.136151
1.235701
1.650367
1.230088
1.233038
1.106032
1.689282
1.695404
1.233727
0.857293
1.684351
1.205015
0.364340
0.674483
1.592952
1.695662
1.637622
1.464896
1.249041
0.571492
0.339737
1.253294
0.147275
1.395345
1.234955
0.517397
0.087891
0.981657
1.200365
0.516096
0.790808
0.944626
0.376039
0.404609
0.815220
1.644373
1.245610
0.383670
0.786064
1.683553
0.131619
1.665371
1.246281
1.207109
0.287615
0.341576
1.226168
1.287688
1.351750
0.815127
1.233661
1.698930
0.850428
1.652566
1.525326
1.242390
0.197166
1.681904
0.953359
1.677445
1.261477
1.061075
0.629403
1.679510
0.922712
1.682135
0.384200
0.345351
1.676200
0.281630
1.239239
0.441622
1.247030
0.197818
1.685981
1.232695
1.573350
1.578788
1.462391
1.273882
0.155902
1.679985
0.270814
0.697466
1.223644
0.410770
1.695150
0.391698
1.688406
1.237887
0.617764
1.654326
0.561375
0.813288
0.475729
1.691083
1.261007
1.185586
1.234450
1.222937
0.483684
0.282026
1.678044
1.306214
0.258937
0.211022
0.191521
1.698226
0.513704
1.631096
0.733306
0.213785
0.456785
1.695805
0.108055
1.260411
1.234682
1.008897
0.733690
1.240146
1.661807
0.778630
0.489989
1.424494
0.775311
0.196154
0.510201
0.624351
0.564113
0.751231
0.540937
0.753256
0.436929
0.891048
0.818776
1.226740
0.297121
1.552320
0.919254
0.936700
0.275925
1.695942
1.693178
1.234686
0.436656
0.335070
0.605029
1.554014
0.286484
0.237715
1.332824
1.276440
1.232651
0.724114
0.997321
0.386821
0.208576
0.243506
1.233983
0.854238
0.899089
0.289371
1.414312
1.690752
1.699849
1.651726
0.156573
1.219209
0.191961
0.636617
1.666162
1.662455
0.527798
0.539005
1.295282
0.483070
0.678753
1.620806
1.681043
1.242161
1.240182
1.233990
0.642347
0.798847
1.211571
1.236839
1.520743
1.671466
1.689758
0.870275
0.185692
0.556880
1.665952
1.126094
0.989679
1.694496
0.848902
0.925882
1.245442
1.662902
1.660643
0.953285
0.354598
1.213920
1.656647
0.401637
0.356308
1.520352
1.535341
0.143734
1.213071
0.320188
0.626630
0.857542
1.695217
0.962208
0.247126
0.863292
0.472620
1.685214
1.234143
1.691728
0.829833
1.199809
0.289029
0.922218
1.000503
0.973061
1.667068
1.665641
1.003110
1.619011
1.135852
1.232664
0.924532
0.293953
1.233201
1.661508
0.838639
0.759200
1.465885
0.746554
1.232173
1.650840
1.205109
1.564920
1.256723
0.496560
0.238840
1.238132
1.199075
0.428109
1.647134
0.788335
1.285230
1.231129
0.609053
0.183102
1.354301
1.615521
1.243082
1.301861
1.167072
1.527207
1.682803
0.178963
0.176244
0.924551
1.693287
0.873542
0.145413
1.259750
0.448292
1.356027
1.666330
1.247526
0.738314
1.229408
1.691475
0.889928
1.229648
0.121395
1.222229
0.357151
1.233146
1.186823
1.236815
0.462665
1.628562
1.629040
1.682362
0.943998
0.070290
0.293061
1.692497
1.683149
0.383084
0.115561
0.811722
0.552625
0.325151
0.193658
1.606668
1.041823
1.452957
0.329742
1.249398
0.214993
1.694252
0.748870
1.360648
0.329541
0.347449
1.229240
1.675434
0.526583
1.687523
1.207953
1.678996
0.954632
0.893195
0.176655
0.314771
0.279079
1.234793
1.622819
0.304960
1.695976
1.694663
1.670780
1.681051
0.322691
1.255373
1.674342
0.650257
0.238389
1.697187
1.313460
1.399426
1.663542
0.349732
0.747604
1.666245
1.692123
1.675162
0.763420
0.422184
0.266611
1.685858
0.833431
0.782747
1.681782
0.978223
1.230634
0.450947
0.631897
0.926588
0.901521
1.272989
0.229893
0.880238
0.576218
1.234448
1.237777
1.568248
1.269201
0.904466
1.683205
1.689089
0.338083
0.451438
1.230111
1.234385
0.289384
0.669989
0.338110
0.470605
0.494332
1.226331
1.234689
1.692784
0.902639
1.682408
0.673294
1.232337
1.690819
1.460459
0.250273
1.679696
1.297467
0.139783
1.692157
1.233593
0.341854
0.393837
1.228431
0.385395
0.325880
1.324706
0.884577
0.476650
0.156060
0.336932
0.135632
0.261128
0.467018
0.296813
1.672872
1.318208
1.697088
0.549613
0.554356
1.678947
0.764484
1.670405
1.665256
0.861633
1.349786
0.349445
0.211235
1.643002
1.195459
1.686946
0.832445
1.234499
1.286148
1.695273
0.529949
0.577121
1.565713
0.985022
0.274369
0.362622
1.486115
1.664512
1.425477
1.681629
0.658335
1.690843
1.041947
1.648387
1.633906
0.833909
1.232932
1.676617
1.220906
0.572099
0.311566
0.215823
0.105075
1.220146
0.559875
1.695757
0.240519
0.238851
0.479533
0.940157
1.223623
1.646548
0.973635
0.364483
0.634127
1.684813
1.681871
1.693907
0.696507
1.457788
1.499833
0.592628
0.497075
0.314148
0.782702
0.845442
0.320494
0.979340
0.177983
0.177427
0.300653
0.731603
1.300129
1.419474
1.227141
0.963822
1.694571
1.183977
0.374615
1.521173
1.698814
0.215214
1.233368
0.879420
1.695793
0.363705
0.977317
1.105998
0.427172
0.125151
0.423285
0.626401
0.914085
0.970758
0.184761
1.230095
0.175764
0.722494
0.097460
1.197224
1.234503
0.861638
0.243117
0.176441
0.156013
0.183416
1.176064
0.740773
1.308582
1.234714
1.320765
1.236017
1.606561
1.234531
1.258044
0.287423
1.238447
1.178032
0.766575
1.228392
0.356296
1.288504
1.571993
0.470267
0.655364
0.509961
1.682439
0.125213
1.681963
1.239144
0.955215
1.471281
1.228655
1.007306
0.435761
0.921078
1.248520
1.256195
1.668402
0.905223
1.634588
0.691669
1.076482
1.225681
1.594109
0.726087
0.237018
1.694438
0.314122
0.208567
0.273298
1.690949
0.868846
1.681449
1.639945
0.972916
1.699722
1.093124
1.234611
1.211840
0.173859
0.618173
0.659580
1.227967
0.230279
1.238141
0.718058
0.164780
1.694563
0.155996
0.671313
0.323922
0.519361
1.301585
0.922873
1.239508
1.001150
1.228245
0.581613
0.972769
1.234153
0.331167
0.721999
1.233462
0.100548
0.932686
0.331012
0.141595
0.967194
0.458062
1.266835
1.301039
1.639727
1.079113
0.139192
0.194539
0.617379
1.412473
0.336757
1.119339
1.245424
1.408668
1.688766
0.769044
1.169368
1.681391
1.235489
0.215630
1.232694
0.487567
0.629634
0.497896
1.589466
1.256148
0.789048
1.616244
0.123939
0.243097
0.209198
0.360175
1.414003
0.635168
1.680889
0.503386
1.249058
0.403683
1.246678
0.631883
0.928499
0.847804
0.969943
0.197821
1.680114
0.466218
0.229661
1.253909
0.279442
0.186792
1.663723
0.477122
0.283651
0.226655
0.831402
1.686774
1.229025
0.293863
1.370680
0.257987
0.152990
1.160621
1.678812
0.242782
0.677321
1.606341
1.682407
1.266264
0.338831
0.667393
1.680354
0.269597
1.663322
1.701195
0.951554
1.001793
1.237306
1.683833
0.905988
0.093313
0.234137
1.661072
0.485347
0.374594
1.236653
0.320397
1.696061
0.331076
1.236309
1.143923
0.755006
0.189364
0.153474
0.831213
1.219300
0.917759
0.974240
1.226717
1.684360
1.592744
0.266069
1.679549
1.685937
1.669909
1.478623
0.816271
1.386327
1.523455
1.243922
0.398910
1.273244
1.388960
1.676735
1.234169
0.785099
0.305543
1.233152
0.764070
1.437166
0.229191
1.656098
0.733360
1.691022
1.235623
1.213578
1.308464
1.280759
1.343302
1.334031
1.232866
0.242602
1.175740
1.228055
0.149537
1.656269
0.854301
1.691955
0.187925
1.233863
0.140668
0.188055
0.258695
1.691047
1.658755
1.686572
1.616935
0.122855
0.723771
1.227942
1.232892
1.233539
0.518639
1.678976
1.269942
0.385198
1.225913
1.673083
0.564115
0.415332
0.154828
1.269768
1.674156
1.223755
1.694588
0.281928
0.732681
1.233801
1.237259
1.246736
0.347299
0.668822
1.227768
0.110572
0.790900
0.179850
0.494214
0.998444
1.297221
1.234828
0.879803
1.664238
1.654271
1.684925
0.190021
1.666088
0.335204
0.467949
1.238598
0.547091
0.420429
0.168294
1.015724
1.692421
0.284958
0.544962
1.692081
0.189565
0.414201
0.936747
1.235534
0.398126
1.694270
1.233903
0.308124
0.872572
0.045307
0.713389
1.180811
1.253402
0.717898
0.180993
1.677734
0.122335
0.264499
0.487028
1.476844
0.488913
1.671853
0.838940
1.224632
0.173234
0.153776
1.626253
1.235250
1.235449
1.662467
1.678693
0.142695
1.676468
0.675464
1.233441
1.228523
0.797341
1.441997
0.865922
0.641449
1.356718
0.241219
1.233290
0.927249
1.235946
1.604245
1.237290
1.690508
1.699859
1.190215
0.638151
0.913548
0.297058
1.686207
1.685552
1.233876
1.693261
1.675374
1.018138
1.692241
1.596867
0.475366
0.717750
0.963227
1.258223
1.681139
0.167797
0.264440
1.094252
0.448873
1.677936
1.692083
1.661881
1.580012
0.492833
1.693805
1.539271
0.338233
1.678635
1.235147
1.369944
1.330404
0.314826
0.085212
1.439284
1.671782
1.234215
0.409240
0.440809
0.321591
0.530584
1.477439
1.684062
1.477215
0.405967
1.275066
0.632469
1.293608
0.381062
0.464907
0.915569
0.335415
0.552398
0.218793
0.187929
1.680226
0.422781
0.184143
0.756806
0.272530
0.934635
0.295768
0.229380
0.945291
0.938099
1.359636
1.259431
1.217872
0.955276
0.868625
1.626678
0.721795
1.691217
1.235744
0.326856
1.697910
0.859881
1.243471
1.683304
0.386354
1.248457
0.218229
0.815043
0.553285
1.688322
1.234952
1.013327
0.542635
0.759558
1.695523
0.771622
0.183378
1.232913
0.629914
1.694046
1.655412
0.150698
1.267869
0.995610
0.218228
1.235411
0.207453
1.320187
1.397517
1.681262
1.287935
1.341694
1.671234
1.682441
1.651847
0.240233
0.529669
1.685832
1.608406
0.240899
1.044987
1.181271
0.297382
1.289302
0.171657
1.232526
0.330134
1.680841
1.231204
1.252146
0.349580
1.234152
1.662487
1.232771
0.782631
0.178112
1.650787
1.570824
0.233839
0.389297
0.775231
1.233762
0.774392
0.915013
0.261543
1.694857
1.163542
0.827384
0.666182
0.372040
0.215844
1.693616
1.271965
1.238609
1.695610
1.596566
0.632704
1.234904
0.131595
1.681428
0.631269
0.909422
0.231918
1.604590
0.786331
0.737879
1.674785
1.686429
1.676864
0.134368
1.659100
0.978846
1.691678
0.331675
0.210452
1.691338
1.054768
0.407747
0.831639
1.693599
1.666910
0.826113
1.088858
1.182900
0.171327
0.815330
1.235805
0.637334
0.422712
1.667123
1.234499
1.237702
1.686271
0.763845
0.480066
1.235086
0.855010
0.132918
0.519136
1.687665
0.326827
0.614956
0.167444
0.739022
1.687723
1.691211
1.233232
1.178703
0.232053
0.344172
0.844684
0.290519
0.603015
1.694093
0.929060
1.637312
0.734796
1.005457
0.420605
1.502571
1.027937
0.813306
0.136177
1.220316
0.091428
0.527727
0.139023
1.428041
0.321352
0.379554
1.683165
1.700548
0.624058
1.666625
0.151872
1.325707
0.910852
1.684764
0.097007
1.565246
1.240908
1.669659
0.253097
1.576274
1.444523
0.382305
0.450157
1.644883
0.935092
0.154174
0.982017
0.697843
1.592792
1.413739
1.247316
1.682060
0.270806
0.522765
1.033374
1.008332
1.233257
0.207299
0.313221
0.223733
0.154129
0.528008
1.686218
0.332966
1.690581
1.695429
0.156751
0.445083
1.652529
1.608994
0.996636
0.198862
1.233528
1.677564
0.281621
0.422381
1.636672
0.608904
1.207328
0.157599
1.233557
0.160741
1.228776
0.527937
0.233565
1.692070
1.426021
1.543456
1.695362
1.674038
1.230851
0.926867
0.233857
1.667824
0.585533
1.297417
1.219882
1.216067
0.528198
0.383095
1.306649
1.215999
0.185253
0.371803
1.534575
0.446651
0.198184
0.672415
1.434594
1.423668
1.301005
1.653152
1.236196
0.070894
1.225106
0.381033
1.240923
1.456788
0.088568
0.766747
1.694228
1.236791
0.256179
1.203759
0.763187
1.479116
1.279446
0.728372
1.667910
1.439187
0.878046
1.178507
1.106672
0.936611
0.150667
1.697520
1.684323
0.609438
1.687883
0.916402
0.324814
1.685486
1.242473
0.744113
0.405423
0.835800
0.186413
1.471776
0.550323
0.960553
1.663106
1.013671
0.660679
1.697375
1.667783
0.676035
0.158706
0.357304
0.281494
0.850465
1.231966
0.379523
1.063081
0.199690
0.966745
0.361643
1.681142
0.551515
0.202830
1.236146
0.472296
1.245429
0.143142
0.622482
0.294819
1.687420
0.893211
0.601604
0.179122
1.678844
1.234890
1.236458
1.252671
0.926924
0.249873
1.677131
0.413303
1.026352
0.860794
0.845488
1.233173
0.749543
0.216366
1.688507
0.354991
1.370253
0.367464
1.238938
0.561380
0.486494
1.539277
1.695637
1.696199
0.294850
1.293390
0.365284
0.914751
1.646204
1.653152
0.200731
1.234085
0.720024
0.931959
0.178515
0.291296
1.235067
0.274335
0.846178
1.686614
0.850969
1.292656
1.679658
0.360896
1.312019
0.741409
1.683762
1.682727
1.697711
1.348580
1.578694
0.186658
1.586595
0.267640
0.526247
0.191075
1.224673
1.482033
1.606467
0.885881
1.691583
1.345266
0.633895
0.436943
1.671613
1.233424
1.698603
0.356308
1.162399
1.649395
1.664516
1.233651
1.688123
1.350542
0.285353
0.261535
1.665761
1.234679
1.694539
1.606174
1.417769
0.322731
1.542783
0.439287
1.614525
1.340839
0.245726
1.242609
1.597144
0.551615
0.634218
1.243795
1.683459
1.657880
0.883725
0.260030
1.236505
0.257159
0.852283
0.459877
0.288101
0.276362
0.463981
1.233710
1.542020
1.189851
1.235509
1.684495
0.585723
1.676774
0.394315
1.233479
1.695214
1.239074
0.760385
0.261654
1.362907
1.233206
1.684114
1.002417
1.511569
0.213757
0.950352
1.697221
0.616683
0.780187
0.932782
1.292769
1.229099
0.251874
1.688489
0.146953
0.778437
0.698011
1.691006
1.231587
1.649292
0.617393
1.562786
1.234190
1.534363
1.002533
1.658733
1.236083
1.235731
1.231458
1.292369
0.626992
1.433346
1.497105
0.218213
1.195791
0.224652
1.700479
1.233506
0.847432
0.226462
1.223993
0.921635
1.639946
1.408058
1.236172
0.115273
1.236600
0.112501
0.428679
1.551038
1.010069
1.003376
1.483560
1.654375
1.690873
1.234756
1.185247
0.233673
0.256061
0.540571
0.517166
0.376591
1.600019
0.379074
0.215157
0.429350
1.685302
1.682914
0.206324
1.698360
0.785329
1.231564
1.612611
1.318349
1.650660
1.651406
1.547904
0.314784
0.902861
1.586971
0.164912
1.221444
0.583598
0.228432
1.300665
0.278328
0.990924
1.667263
1.151240
1.687550
0.693189
1.679111
1.670971
1.682733
0.212247
1.636755
0.724301
0.258875
0.755859
0.629723
1.233115
0.974726
1.153471
0.281955
1.687889
1.631539
0.968520
0.164622
0.872188
0.112707
1.363695
0.152661
0.353939
0.622680
1.605506
0.140742
1.681906
0.930816
1.241294
0.700342
0.760938
1.697998
1.221993
1.253306
1.231112
0.406242
0.361702
0.729965
1.683509
0.195709
0.896787
0.940364
1.523567
0.938753
1.495897
0.809209
0.124862
1.681683
1.693734
0.107413
0.333997
1.608445
0.652176
0.919864
0.947247
0.146408
1.495565
1.573375
0.399096
1.241075
0.186811
0.878266
0.583011
0.270059
0.262407
1.663185
1.657035
1.234527
1.015670
0.185906
0.862395
1.597729
0.174420
0.936460
1.320389
1.692696
0.938678
1.257977
1.687815
1.004902
0.725007
0.134146
0.264834
0.881299
1.233896
0.974530
0.400142
1.326480
1.671963
1.249775
0.710904
0.856472
1.035209
1.690174
0.314218
1.687520
0.857615
0.231759
0.128297
1.296605
1.684040
0.861236
0.151542
0.402021
1.389924
0.653442
1.673677
1.405729
0.124817
1.609888
0.967050
1.623800
0.201180
0.523988
0.946962
0.372060
0.214650
1.695232
0.923460
0.614456
1.088307
1.695335
0.190450
1.665503
0.618921
0.134667
1.538875
0.716310
1.677625
1.227177
0.281883
0.500881
0.336505
0.467878
0.271112
1.236222
1.693195
1.505025
1.684402
1.691958
0.928109
0.764690
1.230506
1.245959
0.321243
0.332396
1.226956
1.690122
0.598386
1.538211
0.333125
0.785858
0.575333
1.683436
1.483092
1.200467
0.752923
1.234222
0.172493
1.234076
0.910124
0.849259
0.302014
1.685614
0.267408
1.675571
0.853788
1.673321
1.683893
1.073269
1.238325
1.692708
1.473740
1.638517
1.299447
0.267326
1.306107
0.163536
1.695615
0.250278
0.435476
0.429977
1.691184
0.427027
1.671223
1.693179
1.232131
1.232344
1.237342
1.234610
0.410471
1.673518
1.691956
1.456893
1.490934
0.793703
0.236881
0.701435
1.279303
0.466208
1.691762
0.269667
1.697665
0.431557
0.565250
0.557376
1.233934
1.235298
1.634084
0.112434
0.885978
1.233458
0.846540
0.176759
0.849590
1.696982
0.334225
1.234311
1.676789
0.961247
0.402801
1.240542
1.166139
1.230733
0.244303
0.624702
0.276842
1.640482
0.975842
1.673633
0.669828
1.233844
0.525422
1.271449
0.251107
0.965729
0.521068
0.951284
0.538585
0.382234
0.877753
1.353336
0.928235
0.981605
0.335517
0.727970
0.501941
0.790803
1.684133
0.721451
1.225419
0.295970
0.194809
0.333536
1.231570
0.261932
0.276733
1.211987
0.902143
0.156461
0.856580
0.607620
1.244247
1.529846
0.200303
0.372289
1.635264
1.630047
1.049273
0.763550
1.695491
0.233692
0.788789
1.640034
0.262378
1.231347
0.247046
0.071165
1.079272
1.234202
0.851259
1.462643
1.232378
1.695161
1.661036
1.225842
0.592605
1.576684
0.161882
1.654659
0.375706
0.154320
1.519506
0.988794
0.139503
1.257231
1.347668
1.233391
1.240593
0.172888
1.352153
1.643220
0.723131
1.256517
1.546295
1.671488
1.234405
1.237591
1.689979
0.871618
1.389064
1.229699
0.351831
1.695043
1.249377
0.614872
1.241313
0.215510
1.690838
0.492574
0.380768
1.377535
0.756923
0.638886
1.425146
0.233145
1.232546
0.626204
0.327485
0.713547
0.563682
1.549493
1.654193
0.152184
0.736532
0.960582
1.693153
1.349383
0.574282
0.901429
1.697265
0.366429
1.335824
0.225041
0.627500
0.572992
1.241395
0.436178
0.330109
1.688121
1.696887
1.691225
0.736665
0.177437
1.466376
1.651731
0.183317
0.810165
0.557642
1.237758
0.940188
1.522126
1.196853
0.444798
0.835657
1.235470
1.690593
1.610564
0.988155
0.552327
1.235369
1.229729
1.213446
1.237050
0.879967
1.644127
1.694961
1.170165
0.532622
1.669231
1.535862
0.175551
1.306896
1.234946
1.680797
0.962921
0.868690
1.317873
1.259275
1.467425
0.686995
1.696247
1.589014
1.230078
1.236431
1.106663
1.081640
1.660905
0.720316
0.524536
0.662730
1.580991
0.335842
0.369880
1.232068
1.538983
1.642351
1.694265
1.656961
0.670120
0.853170
1.224594
1.682545
1.234977
1.350300
0.269956
1.654536
1.089226
1.658570
0.299132
1.682162
0.255261
0.145965
0.926995
1.688130
0.452191
0.280321
0.311504
0.951448
0.259435
0.482398
0.831400
0.879812
1.451800
1.233813
1.229338
0.368802
1.238676
1.374809
0.506114
1.270917
1.235777
0.552024
1.671546
1.693304
1.296540
0.151136
0.483666
0.561757
1.579993
0.191403
0.231738
0.528803
0.668205
1.234107
1.243674
0.264350
0.378587
1.673296
0.300194
0.857733
0.949246
1.413954
1.231153
0.860066
1.243864
0.633846
0.093807
1.231518
1.572345
1.235734
1.234733
1.237254
0.567015
1.233687
0.213229
0.535791
0.441034
0.627971
1.271245
1.026370
1.699191
1.346228
0.375985
0.151372
0.167524
1.663130
1.235663
1.232955
1.696655
1.234157
1.233494
0.355816
1.248640
1.233856
1.019783
1.237944
0.680388
1.421599
1.581557
1.233813
1.549833
1.687205
1.383242
1.302634
0.639328
0.401237
1.264211
1.688080
1.256262
1.208914
1.205129
0.234683
0.699149
1.332790
0.863559
0.295121
0.813918
0.558947
1.244545
0.537090
0.845335
0.914691
1.653584
1.579566
0.977764
0.790395
1.594096
1.677920
1.231544
1.232721
1.239880
0.494765
0.869301
1.692036
0.952578
1.447862
0.414021
1.235921
1.170217
1.227709
1.669467
0.484532
1.693381
1.627706
1.696881
0.911757
1.459599
1.253336
0.157716
0.132438
0.603592
1.631827
1.233724
0.315120
1.647900
1.254689
0.506550
1.408428
1.595665
1.001395
1.236582
1.570183
1.231703
1.237210
1.686094
1.183645
1.056786
1.215152
1.285709
0.271218
0.493884
0.232389
1.685207
1.645416
0.602717
1.286946
1.225131
0.116216
1.695669
1.048097
1.038213
1.696574
1.633475
1.252559
1.244518
0.726981
0.212329
0.923848
1.273829
0.229021
0.495662
1.651939
1.540637
0.710358
1.683190
1.253376
1.668942
0.530405
1.241476
0.732882
1.675099
1.687173
1.231227
1.068212
0.115734
0.678088
1.453932
1.235629
0.423890
0.873938
0.771306
0.932296
1.232094
1.618795
0.257753
0.218911
1.685073
1.228323
0.862906
0.758889
1.167998
0.776660
1.234412
0.337218
0.705728
0.339711
0.385147
0.555893
1.687652
1.686685
0.278287
0.807856
1.674073
1.486840
0.234156
1.359458
0.812869
1.234545
1.314940
1.668999
0.464704
0.901642
1.229494
0.177444
0.637983
0.270126
1.627979
0.516115
0.819780
1.700473
0.298545
1.234643
0.148560
0.769540
1.216341
0.617878
0.138986
0.220406
0.366959
1.584775
1.232231
1.676725
0.985545
1.681257
1.213146
1.503564
1.235287
1.214532
0.748003
1.417856
0.709101
0.385848
0.576498
1.234342
1.031336
0.412366
1.361527
0.214674
0.467503
1.156657
1.603835
1.666481
0.282095
0.444053
0.948239
1.434824
1.696780
1.231344
0.942097
1.228372
0.769796
0.902333
1.674340
0.539701
1.690097
1.643510
0.898814
0.929980
0.172143
1.697421
1.695185
1.572897
1.697827
1.694254
0.191666
0.198808
1.294653
0.318733
0.402453
0.487277
1.218786
1.233853
1.692048
0.334724
0.098544
1.689215
0.274589
0.932851
0.238420
0.183784
1.672928
1.233991
1.235377
0.450092
0.835571
0.184815
0.169519
1.230740
0.626716
1.591139
1.341177
0.545328
1.313285
1.149240
1.235105
0.478718
0.189620
0.109152
0.980122
0.796696
1.688706
1.701127
1.688443
1.239324
1.234166
1.688992
0.250605
1.463639
0.312130
0.550423
0.291552
1.598455
1.232673
1.203572
0.796601
1.236829
1.233755
0.245950
1.699108
1.348182
1.253680
0.972140
0.896029
0.162742
1.311817
1.234174
0.600096
0.961652
0.107281
0.127037
0.130943
1.620911
1.673017
0.575389
0.146809
1.252324
0.610410
1.671737
0.264503
1.260328
0.221158
0.827295
0.277953
1.233286
0.335101
0.437813
0.192618
1.392322
0.304668
1.627780
1.231468
1.268476
1.237823
1.237872
1.305869
0.531149
0.255909
0.740458
0.308908
0.887211
1.240915
0.252362
1.231313
0.824961
1.232854
1.699534
0.936907
0.297392
0.326045
0.641381
1.493728
1.058411
0.944584
0.150658
1.486517
1.688962
0.401903
0.408761
0.549266
1.699429
0.367966
0.224088
0.539824
1.027516
1.694561
0.707353
1.158917
0.292590
0.534116
1.226528
1.615631
0.322367
0.261027
0.490636
0.142770
0.218538
1.234319
0.883395
1.234006
1.625790
0.285322
0.323090
0.062111
0.251636
1.694269
1.237599
1.662261
0.675086
1.234492
1.260880
0.694307
1.424307
0.133359
0.355713
1.234460
0.999771
0.536511
1.529217
0.601263
0.925399
1.563916
1.231177
1.696671
0.934189
0.350259
1.690890
0.355143
1.369647
1.234073
1.687406
1.313806
0.973892
0.655101
0.876457
0.737811
1.254126
0.265511
1.668175
0.958107
1.229303
1.398673
1.238298
0.139613
0.135668
0.848066
1.234126
1.503688
1.405586
0.901075
0.405702
0.355733
1.232192
1.674465
0.462179
0.463097
0.275910
1.514366
0.428944
1.479302
0.138482
1.217791
0.235686
0.398429
0.990605
1.230117
0.818410
0.357017
0.642706
1.449868
0.465041
1.687702
1.629702
0.051760
0.173165
0.905161
0.259144
1.174725
1.247770
0.203081
1.220212
0.123024
0.615277
0.799259
1.227357
1.312273
0.146925
1.659906
0.810172
0.213117
1.660295
0.507893
0.199238
0.600175
0.444991
0.090884
0.176930
1.428362
1.440584
0.274905
1.346965
0.188657
1.686546
1.691418
0.426478
1.535858
0.166222
0.352945
0.467332
0.357062
1.659254
1.232106
0.678955
0.496038
0.477971
1.004286
1.687138
1.627940
0.864207
0.554512
0.196969
0.309842
0.817744
0.274240
1.637955
0.305312
0.579486
0.293838
1.451893
1.599414
1.327005
0.816025
0.522169
1.680730
1.254603
1.669175
1.235306
0.938256
0.671842
0.500354
0.271881
1.678892
1.629112
0.325256
1.225862
0.827811
0.767074
0.653580
0.196945
0.998422
1.030751
0.187339
1.289536
1.694181
0.877861
0.248776
1.678402
1.696290
0.269571
0.519189
0.907725
0.758330
0.273427
1.247117
0.356006
1.699327
0.385929
1.228601
1.643903
1.176621
0.091646
1.640223
0.407134
1.668394
0.937516
0.383627
0.773045
1.269299
0.257319
0.381176
1.667719
0.792295
0.209737
0.725702
1.691007
1.678837
0.647589
0.646081
1.465067
1.232207
1.601065
0.383898
1.497327
0.603011
1.231257
1.467953
0.298963
0.172447
1.541304
1.676582
1.335645
0.177806
0.399956
1.685245
1.108518
0.328521
0.173648
0.518516
1.260845
1.694377
0.624918
0.379035
1.688978
0.915211
1.238452
1.495468
0.343939
0.281755
1.230966
1.237435
1.678483
1.279604
0.556679
1.230915
0.900519
0.465119
1.624598
0.186760
1.650130
0.354626
1.298738
1.241020
0.432733
0.757494
1.225627
1.323922
1.478042
1.185651
0.919899
1.043297
1.567734
0.418072
0.972622
1.688012
0.424565
1.236091
0.183793
0.161430
0.227289
1.458481
1.047099
1.023965
0.957806
1.004746
1.515844
0.237773
1.690437
1.400581
1.488381
0.834264
1.247431
1.233520
1.693086
1.234951
1.285474
1.682640
1.238686
0.508653
0.323354
0.903765
0.253103
0.164788
0.563199
1.641765
0.254055
1.277490
1.141723
0.830953
0.843023
1.655852
0.445120
0.744493
1.233245
0.596437
1.604218
1.697169
1.696095
1.585947
0.177008
1.682028
0.291627
0.290575
1.690297
1.264906
1.658917
0.940461
1.275310
1.697912
0.293376
0.735792
0.193512
0.814952
1.237072
1.279994
1.116262
0.874864
1.670108
0.162904
0.404559
1.294947
1.219678
1.699418
0.462903
1.695500
0.777299
0.981641
1.233641
1.636143
1.653341
1.212201
1.678039
1.074171
1.224955
0.447769
0.954438
0.990505
1.538249
0.391413
1.661260
1.394583
0.308679
0.677226
1.270782
1.230518
1.393412
0.394548
1.249118
0.422464
1.231628
0.334008
0.932079
0.624864
0.200961
0.426933
0.712856
1.686725
0.510324
1.688143
0.613319
1.690925
0.199018
0.738537
0.145912
0.254413
1.677315
1.260943
0.449622
0.321898
1.648342
1.662197
1.156546
0.221229
0.342050
0.372266
1.682040
0.846311
1.692214
0.864916
0.962200
1.551514
0.667791
0.742154
0.135775
1.025964
0.341228
1.233037
1.554912
1.276788
0.721651
1.207545
1.679828
0.908856
0.272923
1.277026
0.815883
1.667929
1.670497
0.389736
0.267426
1.039314
0.249447
0.148262
0.197227
1.234543
1.566858
1.679839
0.688949
0.180672
0.892783
0.420357
0.874297
1.143122
0.253275
1.457286
1.384397
0.914720
1.696872
1.241416
0.217014
1.666107
0.160423
1.234467
0.899332
1.445448
0.954074
1.219462
0.712487
0.638957
0.140815
1.220645
0.803668
0.984723
0.153058
1.679847
1.695144
1.219207
1.276620
1.241994
0.176910
1.229972
1.651675
1.699102
0.321284
0.892608
1.241910
1.327597
0.166245
0.791781
0.260454
1.544876
1.235616
1.617772
0.736099
1.247469
0.677626
1.697516
0.257733
1.234619
1.035583
1.691719
0.658669
0.293935
1.634188
0.432114
0.275621
1.236356
0.075034
0.099256
0.240626
0.423582
0.262877
1.693189
0.400141
0.411984
0.862508
1.685714
0.757903
0.540230
0.823312
1.547786
1.245816
0.911764
1.391999
0.306393
0.126052
1.234758
0.942500
1.230064
0.175204
1.572662
0.854184
0.650912
0.516004
0.749301
1.620810
0.301655
1.151525
0.736344
0.132947
1.694946
1.239687
0.357459
0.272534
0.214110
0.382428
1.678366
0.230559
1.643521
0.335814
1.398327
0.658227
1.238833
1.217853
0.854203
0.376204
1.597117
0.295216
1.212391
0.904244
0.251108
1.680459
1.234525
0.370872
0.377744
1.539023
0.193514
1.695710
0.681167
1.616803
1.696596
1.236879
0.112049
1.671541
1.687167
1.215298
0.324496
0.370524
0.273022
0.234978
1.266486
1.452855
0.131486
1.322216
1.230825
0.699034
0.268848
1.683499
1.679309
0.853370
0.348551
1.234728
1.672654
1.219077
0.409343
0.183378
1.420375
0.509052
1.556064
1.216555
0.151054
0.196474
0.516469
1.080086
0.199284
0.861663
1.598043
1.236769
1.686000
0.298207
1.692665
1.695977
1.241115
1.266760
0.405284
0.406677
1.264347
1.699675
1.528223
1.689086
1.455375
0.869836
1.235869
0.814866
1.693855
0.557906
0.514853
1.457255
1.640019
0.959794
0.417622
1.623910
0.255223
1.257260
0.230444
1.687434
1.684495
1.406703
0.675286
0.184612
0.273552
1.235336
1.223185
1.363788
0.360971
1.230093
1.699121
0.894659
0.311125
0.085021
1.234901
1.232797
0.271426
0.824161
1.699702
1.683573
1.369960
1.352506
1.243201
0.694780
0.738234
0.077674
1.665286
0.187359
0.653178
0.125154
1.489507
1.259792
0.185056
1.154722
1.600527
1.669950
0.695695
1.040413
0.135217
0.548007
0.620139
0.122701
0.601340
1.407000
0.779532
0.643971
0.277615
1.675919
0.792192
0.876616
0.348974
1.325239
1.206822
0.879820
1.285051
0.899393
0.322479
0.217478
1.198614
0.186730
0.082859
1.653414
1.695505
1.685266
1.096486
0.807285
0.810803
0.705690
1.234975
0.340838
1.678628
1.685854
0.708171
0.490781
1.104744
1.677003
0.674769
1.194311
1.055081
1.230246
1.274680
1.397563
1.690056
0.395646
0.912959
0.836456
0.278268
0.959722
0.951414
0.757790
1.431319
0.234286
0.223587
0.465744
1.629259
1.214325
1.249603
1.232873
1.254147
1.669336
0.307556
1.645642
1.247276
1.246186
0.137159
1.234366
0.255855
1.268807
0.877968
0.349214
0.489793
0.828725
0.543973
1.479764
0.609497
0.578466
1.698081
1.226931
0.414210
1.008607
1.187877
0.286562
1.199983
1.679375
1.238019
0.288530
1.661410
0.163718
0.346740
1.236054
1.229128
1.246207
1.211514
0.190546
0.284500
1.234910
0.339599
1.691433
1.152271
0.508840
0.221622
0.776490
0.424109
0.376891
0.603983
0.970394
1.658577
1.685042
1.664611
0.131540
0.869052
1.346316
1.375293
1.399596
0.732774
1.334917
0.350960
1.313821
0.803924
0.950785
0.490932
1.646178
1.230233
0.409385
0.114978
0.283206
1.319762
0.551920
1.235141
1.687148
1.232480
0.298400
0.299987
1.141329
0.889775
0.168402
0.103680
1.684281
1.234940
1.326279
0.509877
1.229796
0.928120
0.369992
1.234221
0.342736
0.721989
0.214538
0.151321
0.425873
1.070809
0.206522
0.215872
0.552816
1.233063
0.909603
0.836123
1.073025
0.900064
0.295421
1.019336
1.331852
0.741734
0.221513
0.244838
1.234220
1.530326
0.772116
1.673495
0.991050
1.234695
1.661825
0.483219
1.620967
1.415085
1.668016
0.226888
0.585662
1.234187
0.507928
1.039129
1.659031
0.960480
1.194621
1.409649
0.803314
0.293630
0.530166
1.453733
0.239981
0.691894
0.727995
0.729225
1.649545
1.696948
1.283672
0.288004
0.208373
0.670762
0.908777
0.866584
1.005467
1.215004
0.155678
0.388479
1.013038
0.417813
0.222424
0.222279
1.549028
0.950572
1.277586
0.532984
1.634108
1.216560
1.173681
1.681430
0.821120
0.109452
1.686167
1.013722
1.632596
0.267028
1.417506
0.890426
1.683164
0.663964
0.923045
1.257916
0.917449
0.304046
1.639764
1.233049
0.177973
1.076987
1.683658
0.175243
1.367285
0.743846
1.227815
1.223659
1.238691
1.235022
1.221436
0.348922
1.438349
1.692456
0.185051
1.065572
0.449266
1.260875
1.666710
0.306543
0.126257
0.173204
1.226472
0.477936
0.293531
1.177756
0.370169
1.238482
1.634300
0.460132
0.607536
1.678122
0.111558
1.012943
1.682582
1.334339
1.230821
1.262502
1.317094
0.308632
0.782169
1.238839
1.183031
0.179855
0.094939
0.183595
1.696310
1.220500
0.651044
1.233744
1.245289
0.994941
0.214436
0.727984
1.248512
1.264762
1.232894
0.139190
1.694143
0.363355
0.347358
1.629879
1.265401
1.688300
0.964553
1.253810
1.016048
1.233537
0.333630
1.234873
0.739574
1.670998
1.013120
0.157510
0.183201
0.890880
0.195948
1.681466
0.333047
1.005738
0.192165
1.173340
1.275144
1.522522
0.216787
0.392097
1.692833
1.315940
1.617054
1.233259
1.235666
0.436029
1.231060
1.691311
0.088026
0.725688
1.227703
1.255290
0.249067
0.101829
1.230809
0.597505
1.223845
0.987497
0.268074
0.221835
0.927400
1.231762
0.842850
0.500169
1.688484
0.224317
0.743852
0.434653
1.477047
1.238221
0.243876
1.660630
1.611534
1.633545
1.623811
1.691067
1.692938
0.364680
0.515489
0.269292
1.188421
1.392616
1.121983
1.693822
1.237649
0.616054
1.233659
0.754163
1.697529
1.529153
1.693299
1.526827
1.682683
1.694468
0.514407
1.307034
1.693923
1.219800
0.667038
1.231901
1.301416
0.737130
1.234612
0.225946
1.696153
0.438767
1.230137
1.235200
1.219046
0.868236
0.441560
1.680901
0.357380
1.609302
0.969568
0.683844
1.234998
0.293097
1.326074
0.354378
0.104570
1.078279
1.301260
1.179969
0.729860
1.519730
0.241416
0.715715
0.184526
1.674853
1.242785
0.913074
0.619913
0.447437
1.683889
0.066868
1.291341
1.600049
0.484126
0.338302
0.314846
1.269567
1.664670
1.641100
0.493123
0.795300
0.229724
1.410799
1.582034
1.675502
0.615346
1.484017
1.136150
1.235000
1.234342
1.557475
0.162474
0.518307
1.644044
1.228961
0.883558
1.686644
1.225606
0.561564
0.295931
1.235460
1.673271
0.212685
0.265161
0.478869
1.694259
1.232993
0.210020
1.670239
0.421337
0.532463
1.684917
1.348328
1.189967
0.999976
1.655252
1.234431
1.007687
0.837094
1.686000
0.419848
1.216862
1.626897
0.197782
1.339578
1.235347
1.659261
0.383300
1.031898
0.534613
1.284357
1.219937
1.256978
1.649022
0.195390
0.249652
1.612266
1.185282
1.689469
0.720422
0.334389
1.554654
1.262308
0.574606
0.522529
0.725985
1.232428
1.399657
0.283106
1.086660
1.218833
1.398625
1.261492
1.650538
1.498568
1.606109
0.964992
0.893831
0.436150
1.691670
1.561143
1.488086
1.227232
0.115179
0.193469
1.023878
0.952718
1.632040
0.841062
1.461296
1.336811
0.476089
1.226325
0.894766
0.550147
1.239381
0.189574
1.157425
1.242859
1.073392
0.782340
1.457074
1.579948
1.691447
0.879318
0.304135
1.326379
1.484576
1.682795
0.083288
0.191937
0.292090
0.413457
1.534967
1.236862
0.513339
0.657665
1.079158
1.262231
0.092998
0.398627
1.552309
0.296660
0.468555
0.932533
0.177914
1.477833
0.809098
0.842959
0.924743
1.587255
0.132397
1.249352
1.203791
0.591546
1.228820
1.684063
0.186414
1.203986
1.242132
1.550643
1.394471
1.234183
1.676480
0.353900
0.271643
1.345631
0.225557
0.299551
0.461829
0.668108
1.691097
0.682842
1.617927
1.677557
0.323324
0.771433
1.678156
1.607957
0.477793
1.674682
1.538452
1.235494
0.578110
0.960907
0.260208
1.260251
1.537073
1.669742
1.234545
1.695052
0.138598
1.671409
0.202894
0.228507
0.862975
0.890128
0.718888
0.219045
0.105696
1.236966
1.660394
0.423441
1.232992
1.033862
0.955398
0.153563
1.664897
1.227706
1.238747
0.272583
1.675120
1.233836
0.256954
0.939108
1.205755
0.499283
0.700943
1.228726
0.200406
1.231027
1.222009
0.506031
1.248916
0.845270
1.239486
1.240370
0.839989
1.636194
1.681661
1.693385
0.554496
1.475754
1.199071
0.231746
0.300224
1.688562
1.568248
1.662088
1.047588
0.099133
1.215547
1.204148
1.542320
1.463745
1.203442
1.608342
0.840774
0.435286
1.044920
1.629042
0.689482
0.517912
1.234774
1.673678
1.009779
1.679029
1.286167
1.581179
0.311787
1.230289
1.694152
1.681591
1.225610
0.364883
0.131768
0.194363
1.641302
1.253901
1.238525
1.666930
1.242684
1.233659
0.154851
1.461632
0.498555
1.243163
1.668317
0.262051
1.540956
0.970945
1.235902
1.226398
1.663741
1.253251
1.317556
1.698456
1.301766
1.691275
0.396313
1.651520
0.421971
1.234188
1.273407
0.896198
1.240093
1.694361
0.379771
0.128321
1.351407
1.164431
0.718593
1.691747
1.101039
0.377961
0.729148
1.478274
0.161261
1.646888
0.961715
1.494790
0.737747
1.577618
0.340740
0.664561
0.752416
1.679923
1.690836
0.452319
0.294148
0.683974
1.041193
0.536760
1.254164
0.717288
1.697607
1.253400
0.563389
1.236254
1.234522
0.455309
0.232853
1.677320
1.641103
1.009464
1.674611
1.686671
1.594733
1.235047
1.234694
0.981289
1.235008
1.465903
0.339400
0.464791
0.415207
1.240859
0.630584
1.217017
1.700847
1.320446
1.636413
1.557722
0.438514
1.689073
1.672445
0.644444
1.153659
1.312359
0.629367
1.138741
0.517094
0.832002
1.583308
1.277861
0.449920
1.574201
0.947973
1.681944
0.198484
1.659927
1.259737
0.543694
0.400354
0.228153
1.645933
1.687136
0.231411
0.166775
0.218561
1.212087
0.603469
0.443635
1.692689
1.313487
1.530632
1.275222
0.441455
0.418674
0.796206
1.146361
0.672062
1.102100
1.206498
0.156048
0.870661
0.626531
0.419436
1.262963
1.256309
0.176858
1.546852
0.749731
0.822137
1.220728
1.697710
0.138885
1.225435
1.202193
1.695119
0.374930
0.293527
1.272019
0.142264
0.501292
0.871408
0.753952
1.688997
1.587435
1.232970
1.236447
0.584609
1.665658
1.373315
0.392313
1.437693
0.871171
0.162148
0.272564
1.004712
1.462282
1.625349
0.967600
1.690267
0.465273
0.459539
1.698338
1.198483
1.113037
1.470387
0.944094
1.234967
1.235574
0.532029
1.602257
1.237933
1.635727
0.200349
0.325990
0.195830
1.697522
1.636831
0.275005
0.362425
1.215772
0.625241
0.368852
0.141187
0.275601
1.250785
0.507249
0.757383
1.232215
0.927448
1.233482
1.357898
1.031580
1.480276
1.691967
1.688929
1.699829
0.253131
0.311593
1.644970
0.341456
1.497339
0.760084
1.689114
0.666360
0.581255
0.491982
1.291729
1.078832
0.211139
0.979853
1.234788
0.169205
1.615406
1.665048
0.934634
1.698892
0.278082
0.158220
0.282202
1.225879
1.213200
0.591478
0.231130
0.084997
1.235961
0.516801
1.234252
0.647766
0.763337
1.699717
1.230495
1.686629
0.579533
0.969738
1.244185
1.141225
1.114596
0.479013
0.075902
0.395038
1.063839
1.551748
0.608212
1.234022
1.669355
1.097598
1.690505
1.245292
0.990558
0.272670
1.696222
0.767268
1.649249
1.237737
0.226873
0.308643
1.680546
1.697160
1.061334
1.222369
1.676675
1.681731
1.254802
0.281181
1.545972
1.643614
0.178247
1.692428
1.696661
1.231097
0.955238
0.380205
0.650316
0.994690
0.208209
1.696949
1.689193
1.235053
0.901575
0.952318
0.860372
1.346524
1.449592
0.267113
1.682575
1.677400
1.402687
1.352990
0.170655
1.206295
0.837221
0.217670
1.429535
0.383451
1.624959
0.500366
0.328926
0.546360
0.270921
0.228752
0.195871
1.682967
1.231084
1.234900
1.260202
1.619376
0.436868
1.234901
1.685673
1.021440
0.228867
0.253088
1.698862
0.305652
0.258432
1.234717
0.158348
0.711549
1.228249
0.181223
0.122252
1.682517
0.902859
0.224371
0.864434
0.417826
0.371201
0.125719
1.303638
0.353735
1.654167
1.221164
1.595945
0.269086
0.228174
1.639643
0.474781
1.024377
1.232249
1.216169
0.843731
0.818647
1.692062
1.026815
1.213152
1.157509
0.489086
0.601779
1.672992
0.191539
0.865043
1.347198
0.178370
0.538864
0.551233
1.267406
0.208964
0.983478
1.692984
0.237182
1.607835
0.354359
1.683669
1.652671
0.481195
0.223926
1.238636
0.763045
0.498600
0.262947
1.692498
1.234092
1.228950
0.326305
1.227920
1.696712
0.929620
1.551364
1.247227
0.612316
0.496187
0.798848
0.601175
0.982055
0.494621
1.214697
0.251525
0.161713
1.357556
1.678644
0.339952
1.517464
0.138088
0.251077
0.779970
1.687668
1.680889
0.754458
1.391660
0.907451
0.191812
0.246566
0.853803
0.644728
1.297876
0.204911
1.288995
1.029933
1.687777
0.695399
0.278590
1.695990
1.639396
0.760249
0.179140
1.196926
0.903231
1.622739
1.622638
0.958293
1.234666
1.656977
0.834763
0.594674
0.943978
1.518810
1.230121
0.716984
1.393666
1.524022
0.128158
1.700522
0.476633
1.639978
1.239427
0.269215
1.677083
1.231911
1.235191
0.989818
0.580106
1.318974
1.632281
1.112046
0.108419
1.670415
0.070956
1.671002
1.670639
0.883872
0.278032
0.375311
1.234806
1.691110
1.486327
1.205529
0.720809
0.796259
1.693286
1.669499
0.159481
0.899409
0.146207
1.682076
1.677960
1.675575
1.424886
1.684546
1.315421
1.698416
0.891893
0.297610
1.668313
0.412098
0.315375
0.400340
0.293003
0.750847
0.575690
0.389510
1.234074
0.814735
0.207943
0.923450
1.236003
0.846089
1.232123
1.665473
0.203449
1.689726
1.239020
1.695019
1.692457
0.446804
0.444608
0.169592
0.230260
1.351676
1.687430
0.401165
1.287337
0.217328
1.232917
0.318564
0.399453
1.411481
1.274166
1.233355
1.268537
0.806788
0.182743
1.239054
1.661383
1.211328
1.670101
0.740122
0.474656
0.276335
0.731681
0.261420
1.377522
1.234314
0.302855
1.241344
0.696378
1.337967
0.174872
1.228317
1.689324
1.239506
0.219954
1.238358
0.215888
1.654081
0.865015
0.580946
0.274198
0.318371
1.658881
1.673441
1.591440
0.164663
0.456485
0.180061
1.638584
1.234674
1.682504
1.693689
0.298809
0.289428
1.005373
0.095644
1.014247
1.046338
1.521932
1.680893
0.415999
1.691186
0.826335
1.681209
0.272049
1.239317
1.042290
0.837276
0.910624
1.207638
1.112419
1.696193
1.687789
1.697785
0.260234
1.234415
1.227521
0.980836
1.527817
0.202775
1.471840
1.371960
0.296024
1.685778
0.126801
1.440420
1.187489
1.612775
0.411687
0.855853
1.607546
0.303177
0.228295
1.688213
1.645816
1.290296
0.142950
1.003183
0.935436
0.339281
1.677872
1.282073
1.680169
1.674857
0.289495
0.194995
0.831076
0.759390
0.752883
0.455470
1.234096
0.296212
1.671974
0.366999
0.425259
0.250588
1.700465
1.179773
0.937962
1.229525
0.350077
1.694240
0.414537
0.813855
1.234889
0.321458
0.721768
0.642004
1.316223
0.198000
0.167508
1.233162
0.946054
0.243648
0.379473
1.237159
1.665409
1.228617
1.233461
1.229395
0.185868
1.686458
1.006757
1.183775
0.879301
1.653379
0.188991
0.637910
1.668386
1.661981
0.403576
0.213183
0.109836
1.236398
0.594424
0.285965
1.678014
1.244651
0.585968
0.545551
1.438084
0.274956
0.275382
1.232300
0.216622
1.305198
1.032207
1.690332
1.253032
1.264546
1.235276
1.132313
1.694368
1.236781
1.638502
0.985648
0.698837
0.235306
0.360042
1.221865
0.422505
1.620759
1.272639
1.162556
1.693330
1.601993
0.306495
0.537873
0.870562
1.143485
0.474835
1.659897
0.165528
1.667348
0.535183
1.309011
1.111080
1.237174
0.969361
0.176677
1.667076
1.234204
0.865566
0.999010
0.314662
0.246750
0.487936
0.445413
1.230499
0.168280
0.822424
1.578520
0.190941
0.096143
0.912962
1.386981
0.601968
0.525663
0.522072
0.950406
1.697859
0.276884
0.885171
1.695545
0.417561
1.623521
0.687990
1.644858
0.479130
0.660689
1.004066
1.675438
0.235636
1.234159
0.813381
0.468132
0.087074
1.255275
1.679764
1.691895
0.462502
1.677514
1.319662
0.171781
1.687934
0.406640
1.662634
0.967587
0.205529
1.692302
1.232042
1.220351
1.052223
1.236384
0.442578
0.726019
0.914248
0.926441
0.509633
1.697326
1.234043
1.667434
1.633190
1.239940
0.215166
1.602344
0.914930
0.706899
0.597469
1.234809
1.228440
0.164830
1.690035
1.678666
0.608967
1.239746
0.845758
0.590901
1.236226
0.588390
0.963111
1.661685
1.237892
1.662443
0.521648
0.199652
0.199061
0.196850
0.385073
1.220908
0.530805
0.790776
0.343753
1.349417
1.640793
1.611710
1.682976
0.428637
1.233342
1.258609
1.240561
1.590212
0.632433
1.688491
1.689212
0.746289
1.658312
1.672517
1.677361
1.232528
1.658432
1.246064
1.241029
1.680008
1.233382
1.517568
0.797688
1.215240
0.318975
1.242036
0.048654
1.231076
0.196866
1.206601
0.719094
0.946885
0.300396
0.750507
0.606181
1.686894
1.676774
1.269293
0.885509
0.621630
0.929292
1.558309
0.580940
0.170727
1.609740
1.687554
1.641153
1.136773
1.235957
1.466485
0.631489
0.201215
1.411688
1.700822
1.561494
1.011021
1.452933
0.297808
0.867173
0.681954
1.418515
1.235129
0.573846
0.165993
0.463556
0.422135
1.277356
0.186849
1.566317
1.534147
1.029671
1.689417
0.418328
0.406022
1.625407
0.755572
1.242014
1.694228
0.173509
1.695038
1.673390
1.689980
1.235423
0.124351
1.670281
1.234524
0.840637
0.120823
0.440915
0.418973
1.142622
0.831800
1.403938
1.232776
1.426392
0.144404
0.482262
1.237037
1.492418
0.164458
0.566757
0.640061
1.235528
0.274332
0.325581
1.236846
1.673599
0.330418
0.208822
0.408519
1.696099
0.160516
0.519847
0.518687
0.411892
0.699177
0.459790
1.609366
1.237060
1.693591
1.666832
0.831070
1.263267
0.894927
0.969966
0.612953
0.519827
1.655107
1.233983
0.281318
1.234145
0.204949
0.995458
0.697701
1.222244
1.677992
0.148281
1.691722
0.528415
0.435328
1.231285
0.293299
0.624389
0.734448
1.688067
1.340180
0.674152
0.680462
1.371411
1.624018
1.162400
0.980462
0.627169
0.997108
1.695894
0.617033
1.229634
1.309501
0.231085
0.541590
0.672138
0.830814
1.245127
0.603819
1.233467
1.234986
0.231850
1.348136
0.179225
0.210227
1.242080
1.571805
1.170763
0.309894
1.531250
1.679371
1.267322
0.413357
0.476896
0.223280
1.680230
1.689477
0.224491
1.235082
0.398277
0.288281
1.408118
0.505510
1.453135
0.864371
0.634947
0.541163
1.132290
1.247206
0.803174
1.235372
1.235275
0.441251
0.940665
0.830512
1.627587
0.946897
1.650927
1.234774
0.400189
1.691321
1.590466
0.920792
0.166597
1.055971
0.859812
0.519264
1.647516
1.690278
0.237058
1.696320
1.680051
0.195100
0.259170
1.700292
0.855015
0.512226
0.148273
1.683610
1.202584
1.233770
0.162242
1.583898
0.131589
1.458843
0.217994
0.867302
1.238414
0.840814
0.816395
0.804890
1.233940
1.234056
1.698041
0.302715
0.181253
1.407609
1.545752
1.248456
1.235834
1.114237
1.229938
0.168437
0.184734
1.104628
0.342301
1.695294
1.230774
0.682204
0.817790
0.331968
1.674073
0.377753
1.235177
1.000862
0.824387
0.374268
1.470836
0.230083
1.231823
1.015662
1.251264
1.233242
0.145392
0.850037
1.499014
1.236499
0.664464
1.217770
1.038575
1.235155
1.673439
0.166917
0.897787
1.528874
0.440397
0.261942
1.237363
0.274914
0.801406
1.461231
1.242310
0.917579
1.014056
1.643102
0.283539
0.743594
0.729925
0.944006
1.171239
1.685324
1.691559
0.283117
1.521976
1.465460
0.235674
1.514477
1.383126
1.685997
1.697044
0.378617
0.749511
0.873690
1.445000
1.698640
0.428450
1.685236
1.695147
1.694297
1.668338
0.885369
0.288781
0.920127
1.686733
1.250583
1.210603
0.899597
1.326243
0.623221
1.232818
0.493894
1.264217
0.251804
0.229446
0.466699
1.234773
1.454228
0.455060
0.528965
1.497861
0.542622
1.549882
1.260233
1.367090
1.688899
1.517938
1.278930
0.421540
0.383643
0.662730
1.233931
1.668615
0.189861
1.221419
1.690778
0.122734
1.677250
0.138705
0.679086
0.102003
1.145903
1.662480
0.253051
0.695380
0.906339
0.147915
1.672855
1.631747
1.277329
1.234975
1.662310
0.262601
0.663811
0.392858
1.232690
1.641501
1.110540
0.170486
1.630313
1.645744
0.211733
0.569806
1.677193
1.664630
1.316463
0.853931
1.349947
1.685366
0.102444
1.227160
1.205336
1.239306
1.687373
1.153113
1.659746
1.669772
1.123059
0.468558
0.128154
0.319560
1.649520
1.668827
1.231872
0.514989
1.256657
1.682848
0.585410
1.232758
1.691545
0.979901
1.238129
0.252117
1.642500
0.821221
0.089356
0.863611
0.159997
0.172761
1.694574
1.232020
1.466814
0.280020
1.332342
1.660697
1.691179
1.233183
0.240130
0.914310
1.233382
1.669330
0.295376
0.802719
0.814387
0.933485
0.334439
1.571244
1.682364
0.707570
0.150407
0.845151
1.364284
1.684783
0.967804
1.689187
0.157291
1.691056
1.696071
1.658538
1.671793
1.399745
0.890557
1.667863
1.609032
1.235901
0.140618
0.786733
1.673254
0.237394
1.483472
0.778679
1.695573
1.670843
1.643101
0.923043
1.686470
0.681269
0.530571
0.722392
1.693949
1.289793
0.893228
1.506196
0.863419
1.277277
1.636071
0.336250
0.905209
0.246054
1.224513
0.634024
0.957056
1.320671
1.135903
1.240572
1.235808
1.227980
1.173781
0.422090
0.336322
0.650922
1.441599
1.234629
1.626730
0.204481
1.122489
1.605887
0.165690
0.989461
1.375299
0.213538
1.678843
0.968893
0.582574
1.232714
0.544369
1.538175
0.373815
1.688010
0.514152
0.247030
1.604346
0.476253
1.219215
1.676142
1.329163
1.684512
0.320153
1.005503
1.669978
0.110420
0.587715
0.904991
1.653645
0.089939
0.902441
1.555206
0.402309
1.033248
1.239754
1.233417
1.690131
0.817099
1.214251
1.659381
1.244500
1.055836
1.233176
1.688921
0.887322
0.172339
1.671544
1.235548
1.684983
1.250629
0.109650
0.649953
1.392768
0.258384
0.900273
0.308694
0.210134
1.276383
1.675645
0.489261
0.494978
1.365719
1.689246
1.679102
1.694488
1.202195
0.225423
0.159806
0.320126
1.661152
1.570816
1.256132
1.602310
0.100329
1.541984
1.690611
0.788785
0.999001
0.790317
1.331618
0.698634
0.851013
1.325770
1.289340
0.767989
0.424337
1.682592
0.146736
1.671107
1.238022
1.237222
1.694677
1.347545
0.881556
1.666055
0.849519
1.358287
0.740018
0.188807
1.233773
1.234768
1.589149
0.702885
0.122127
1.235166
1.691765
0.534927
0.449974
1.689891
0.237501
1.667376
0.212745
0.376940
1.268718
1.541196
1.663643
1.226417
0.132500
1.230188
1.690601
1.233545
1.689964
1.234694
1.233987
1.182220
0.396361
0.194512
0.862205
0.510023
1.673962
0.278158
0.175913
0.192634
1.680892
1.656229
0.081818
1.024757
0.165611
1.662307
1.232813
0.228591
1.230521
0.531895
0.095491
1.012569
1.631023
0.568978
1.474688
1.425643
1.692038
1.230297
0.467176
1.659604
0.533729
1.686958
1.291766
1.640147
1.696142
1.687283
1.669855
0.850998
0.086113
1.248417
0.440685
0.308333
1.378811
1.256188
0.249392
0.433640
0.818379
0.520090
0.346949
0.269018
0.852256
0.254027
0.599808
0.408402
0.042142
0.723574
1.231264
1.246921
0.076102
1.369538
1.677279
1.694684
1.688866
0.614200
0.447025
1.236148
0.889385
1.235714
1.089291
1.663001
0.901061
1.113718
1.388882
1.544688
0.567838
1.077352
0.283739
1.101168
1.404821
1.232573
0.629533
1.685092
0.216814
0.257066
1.210172
0.556263
0.862372
1.250813
1.236710
1.680598
0.621451
1.354864
1.233845
1.530000
0.311641
1.231777
1.080546
0.253508
1.502789
1.539619
1.234734
1.688930
0.601204
1.362484
0.542579
0.475251
0.961955
0.306892
1.238307
1.605236
0.576129
0.261556
0.266035
0.653433
1.680102
0.900360
1.327486
1.604331
0.412697
0.248563
0.259337
0.854595
1.684165
1.622850
1.685076
1.691040
0.377063
1.098221
0.431893
1.214198
0.188796
1.692819
0.973540
1.469191
0.415342
0.597809
0.274666
0.673268
0.616686
1.498689
0.240906
1.496152
1.520719
0.399740
0.884643
1.424170
1.224996
1.241372
1.244670
1.670663
0.600274
0.548419
0.172641
0.586190
1.506745
0.221225
0.241606
1.677778
1.698427
1.631206
0.656435
1.696826
1.242731
1.263450
0.338659
0.811060
0.337088
1.456508
0.189117
0.525573
1.689407
1.698175
0.304835
0.698120
1.688052
0.410825
0.340747
0.394938
0.329711
1.625532
1.355620
0.688783
1.239077
0.192679
0.369817
0.413714
0.505775
1.074792
0.646105
0.370888
0.448416
1.185949
0.313046
0.239019
1.297697
0.380351
0.362099
0.373452
1.168171
1.682006
0.494405
0.359155
0.998320
1.503353
1.408890
1.075779
1.685695
0.451086
0.196609
1.664238
0.679591
1.241542
0.601525
0.434503
0.190324
1.673172
1.288989
1.693756
1.234349
0.917861
1.238683
1.353525
1.544217
1.062541
1.289808
0.669501
1.294397
0.659632
0.437193
1.321875
0.238198
0.452654
0.368621
0.271115
0.158882
1.700180
0.449248
0.695648
0.891200
0.584723
1.691034
1.254303
1.332391
1.394229
0.215692
0.339679
1.229442
1.255325
1.149797
0.408966
1.678471
0.905405
0.388463
1.024616
0.381244
0.761464
1.385451
1.675439
0.668368
1.360296
1.678099
1.624850
1.474291
0.393557
0.919795
1.644487
0.150638
1.012023
0.920716
0.439452
0.907695
0.225010
0.774811
1.265989
1.693905
0.850197
0.916305
0.435529
1.237371
1.239202
0.113531
0.655285
1.235582
1.508017
1.238581
1.019367
1.258437
1.632584
1.271636
0.852257
0.247715
1.693774
1.577160
1.236367
0.205734
1.222151
1.214224
1.693614
0.893201
1.659678
0.839401
1.695134
0.209295
0.440411
0.214116
0.706685
1.674585
1.216387
1.644670
1.260665
1.230062
0.203370
0.681782
1.419178
0.180933
0.283339
1.222493
1.680084
1.407129
0.276468
0.157843
1.232319
1.691826
0.682634
1.697783
0.991433
0.825912
1.426128
0.416873
0.904092
0.495626
0.630171
1.649191
1.685424
1.657349
1.235400
0.232016
0.193332
0.722421
1.332894
1.652435
0.197057
1.226615
0.889495
1.220760
0.883250
1.640829
0.163287
1.267480
0.400423
0.764900
1.687791
0.599915
1.187715
0.681340
1.657817
0.333625
0.122016
0.384864
1.690326
0.667925
1.608232
1.677617
0.883933
1.684568
0.314972
1.233557
0.136789
0.422248
0.292375
1.660591
1.235026
1.361028
1.545781
0.148470
0.294374
1.685036
0.507902
1.594620
1.286791
1.689690
1.047248
0.134287
0.462375
1.118652
1.676892
1.614350
0.784030
1.679317
1.238038
0.154428
1.689920
1.510350
1.222544
0.832108
0.518350
0.544874
0.868498
1.237400
0.144669
0.522559
0.411051
1.257015
1.222490
0.778872
1.231974
1.235134
1.622142
0.209331
0.099610
0.212292
1.231270
0.222840
0.714908
1.570008
0.595207
1.254760
0.650636
0.771659
1.670197
0.360026
1.218285
1.667820
1.231166
1.406692
1.615080
1.233595
0.522992
1.687787
1.661874
1.234389
1.131125
0.251100
1.228524
0.470624
0.805189
1.193033
1.235569
0.234550
0.313547
1.664668
1.693396
1.514673
0.155074
0.239674
1.234439
1.544990
1.415252
0.238996
0.555367
1.294102
1.688489
0.259909
0.270186
1.692202
0.172040
0.522458
1.241235
1.644114
1.676316
1.295873
1.233230
1.517284
0.165767
0.905962
0.913962
0.820676
1.236466
0.541645
0.882498
1.039967
1.223373
0.202081
1.210596
1.680661
0.707645
1.230499
1.239720
1.669219
0.302712
1.262799
1.680325
1.233209
1.249325
1.656037
0.261542
0.891316
1.240116
1.056753
0.835937
0.610878
1.234592
0.807709
1.179560
0.943062
1.625580
0.847094
1.245777
1.495689
1.246328
0.225834
1.233055
1.235447
0.325837
1.238210
0.133625
0.128806
1.245539
1.233223
1.675528
1.274253
0.306728
1.361100
0.846553
1.599474
0.413455
0.174693
0.287597
1.233815
0.615280
0.408773
0.922851
1.238588
0.640996
0.587442
0.548166
1.259838
1.207161
0.258067
1.680954
1.234221
1.497045
0.869195
1.244132
1.066958
0.320718
0.420717
0.909841
1.685388
1.696498
0.581384
0.725466
1.234532
1.274655
1.365731
1.280308
1.213182
0.160893
1.108411
1.016877
1.659727
0.629301
1.263019
1.686358
1.312636
1.651168
0.676772
1.289028
1.512541
0.176769
1.229529
1.253317
0.423377
0.161102
1.636846
0.403076
1.649980
0.964101
0.386487
0.838610
0.285835
0.769151
1.536652
1.234843
0.899334
1.613771
1.231833
1.685148
1.048804
1.239771
0.475905
1.686060
0.131725
1.237762
0.348978
1.324837
1.270864
0.960816
0.390767
0.712800
1.247417
1.625949
0.900520
1.171539
0.665985
1.673755
1.621281
1.266716
1.211625
1.668254
0.999963
0.405677
1.683437
1.538872
1.656693
1.250369
1.097565
0.422957
0.273259
1.674486
0.701503
0.268623
1.255945
0.628568
1.318564
0.087539
0.837129
1.688754
0.350620
0.114287
1.619904
1.668309
0.725168
0.334540
1.252788
0.431051
1.228552
0.571259
0.116463
0.888377
0.636729
1.258218
0.235978
0.559096
1.014020
1.638806
0.245615
0.226710
0.606112
1.242569
1.245102
1.426649
0.390865
0.487842
0.933768
0.294164
0.789374
1.519661
0.327084
1.325610
1.582966
1.234010
0.118929
1.225860
1.238039
0.314719
0.877352
0.127974
1.629881
0.734540
0.214314
1.037814
0.361139
1.537731
1.385579
1.267592
1.573010
0.805945
0.846368
0.274520
0.324417
1.217449
0.376887
1.697461
0.281144
1.691153
0.860345
0.228485
0.767920
0.271616
0.960432
0.993946
1.237698
0.398360
1.605699
1.233523
1.657213
0.751559
1.060327
0.294313
1.109642
1.671620
0.657232
0.874458
1.612837
1.617462
1.682639
1.677317
1.233091
1.594583
0.384737
1.683528
1.687404
0.239897
0.835992
1.254055
1.224471
0.394168
0.935456
1.634454
0.407812
1.693808
1.250405
1.236217
0.567553
0.235121
0.284370
1.254894
1.221477
0.212566
1.235063
0.174625
0.842291
1.647968
0.870545
0.281728
0.194578
0.756697
1.694502
0.370363
1.094947
0.195890
0.255859
0.214127
0.298121
0.617705
0.728638
1.370822
1.690367
0.887184
1.278966
1.687979
0.641691
1.251123
0.118264
0.514129
0.315303
1.234028
0.723252
0.967954
1.232901
1.673035
1.694242
1.685497
1.697817
1.438246
1.554110
0.288660
1.257111
0.528469
0.518280
1.231734
1.235585
1.235758
1.476202
0.840224
0.448180
1.408700
1.234335
0.959753
1.237175
0.772688
1.669537
1.630223
1.101405
1.425846
1.305166
0.255759
1.654976
0.566671
0.241637
1.340168
0.208017
0.154162
0.998636
1.663382
1.685279
0.303276
0.390646
1.673563
0.167150
0.654243
1.656516
0.392612
0.119590
1.689634
1.688450
0.219323
0.503604
1.244116
0.199399
0.222056
1.685931
1.669964
0.981292
0.290544
0.999327
1.274523
0.849117
0.558644
0.192273
1.369950
1.692378
1.696459
1.330763
0.148829
0.188110
0.806818
0.883660
0.303609
1.391038
0.973025
1.692522
1.574614
1.662626
1.234685
0.968095
1.555861
1.477632
0.316530
1.679231
1.217053
1.681818
1.421181
1.035583
0.795858
0.209509
1.085403
0.154151
1.232603
0.257583
1.650299
1.221063
1.232144
0.860615
0.315601
0.838365
0.330867
1.291970
0.432110
0.733615
0.235992
0.683728
1.254741
1.684010
1.699693
1.099535
0.363120
0.216314
1.232825
1.164796
0.111344
0.736080
1.509704
1.412118
0.925882
1.066279
0.314455
0.505748
0.869375
1.584727
0.811550
0.954608
1.685321
0.304880
0.679303
1.667175
1.599419
1.027852
1.681754
1.361685
1.582466
0.842814
0.935792
0.436078
0.085723
1.498823
1.666804
1.244336
1.685460
0.226312
1.234667
1.686465
1.486262
1.690440
0.629925
1.248267
0.920698
0.174001
1.676487
1.234720
0.943140
1.686543
0.257940
1.220662
1.498776
0.590234
0.371750
1.676464
1.647688
0.654436
0.483777
0.966640
0.266450
0.350854
1.229986
1.234660
1.225974
1.695500
0.103762
0.127442
0.929788
0.961853
1.660315
0.507564
0.536647
0.237757
0.555831
0.984246
1.286348
0.190344
0.485217
1.233717
1.666010
1.487170
0.254240
0.416455
0.172502
1.466520
1.230760
0.226957
1.244978
1.433300
0.559475
0.254626
1.690385
1.270809
0.984862
1.180367
1.369569
0.154729
0.202359
1.336974
1.058584
0.241827
0.718981
1.662476
1.699053
0.563684
0.180937
1.014876
1.622028
0.175899
0.094154
1.273976
1.226509
1.273792
1.274614
1.532771
1.267595
0.178184
1.283484
0.244198
1.221343
1.416011
1.676331
0.347552
0.510037
0.752455
0.388073
1.035731
1.333482
0.392278
1.420501
1.692191
1.020406
1.340479
1.022155
1.223140
0.643753
0.403189
1.231742
1.629637
1.236172
0.222827
1.682044
0.167290
0.183946
0.567852
0.772722
1.235340
0.708908
1.686406
0.503956
1.565593
1.475915
1.233646
0.497607
1.234351
1.235749
1.685637
1.285160
0.833463
1.356076
1.550768
1.492849
0.780496
0.817529
1.657067
0.683100
1.613338
0.522743
1.237388
1.686528
1.680220
1.672287
1.697493
0.561785
1.264542
1.644973
1.692230
0.499655
0.768077
0.431318
0.427777
1.234979
1.643173
1.689493
0.357075
0.236934
0.438018
1.249092
1.181207
0.378340
1.660196
0.205498
0.113880
0.311114
1.676632
1.231165
1.670308
0.215931
1.233886
0.266726
0.757350
1.662867
0.536418
1.232177
1.235082
0.503590
0.131254
0.202731
1.039018
0.363986
1.234415
0.339915
1.688034
1.563481
0.635668
0.626143
1.227537
1.233940
0.998627
1.211460
0.309296
1.691682
1.659964
0.832650
1.610329
1.233258
1.214752
1.692882
0.979095
0.860477
1.254003
0.618718
0.691813
0.368099
0.208113
1.689716
1.695376
1.235597
0.659471
1.231642
1.697948
0.661627
1.239614
1.699518
1.235249
0.951245
0.391711
1.052992
1.639917
1.162665
1.684387
1.663996
1.696177
0.505770
1.664203
0.266589
1.554069
0.333592
1.218784
1.349516
0.794300
0.216613
1.535101
0.484259
1.666886
1.023352
0.685847
0.599697
1.228315
0.169715
1.678330
0.417217
0.918973
0.819246
1.298248
0.979467
0.717161
0.286038
1.689940
0.243543
1.475292
0.788799
0.276022
1.651293
1.617525
1.347555
0.381805
0.234614
1.698516
1.232972
0.750201
0.425484
1.234937
1.677947
0.177941
1.239107
0.970286
0.945704
0.396062
0.317074
1.685070
1.318570
1.264408
1.625541
0.823788
1.679407
0.515091
0.149058
1.693592
1.699623
1.701356
1.496523
0.940895
1.688757
1.646546
1.692348
1.233181
0.186373
0.264194
0.726625
1.234063
1.696760
1.683679
1.684717
0.106024
1.204325
0.280971
1.695816
1.072211
1.007575
1.689196
1.258607
1.284038
1.393768
0.268514
0.213618
1.621803
0.225014
1.115413
1.178173
0.101100
1.219496
1.687486
0.357461
1.681254
1.684612
0.149840
1.238091
0.308924
1.234942
0.156112
1.689468
1.005372
0.672943
0.407601
1.695042
0.683115
0.159806
0.909044
0.654000
1.623701
1.235785
1.237278
0.475855
1.615890
0.063588
0.417047
0.212146
1.679087
0.911556
0.316737
0.334367
0.757623
0.946756
1.584085
0.904173
1.688407
1.232916
0.267497
1.324751
0.956348
0.281011
1.220981
0.285380
1.661831
1.236194
1.235873
1.701984
0.975390
0.221305
0.389764
0.401632
0.808508
1.678308
1.218540
1.231754
0.520293
0.915214
1.390399
0.653135
1.234308
1.088656
0.717429
0.510343
0.205086
1.235092
1.673949
1.689642
0.876013
1.608690
1.683834
0.917349
0.892118
1.667033
0.216724
0.499949
1.234327
1.680056
1.403727
1.682901
1.687351
1.074963
1.682462
0.135569
1.685060
1.543320
0.615334
1.256320
1.534258
0.126028
0.983000
0.279882
1.222822
0.260036
0.811680
1.653628
0.926336
0.289725
1.691346
0.270651
0.979292
0.174112
0.692337
1.262040
0.202719
1.515263
0.863773
0.967691
1.678872
1.201973
0.741654
1.553572
0.434972
1.645799
0.245691
1.631605
1.238385
0.946694
0.098990
0.251283
0.662559
1.581549
1.688599
1.685120
1.686437
1.697511
1.234155
0.446565
0.886643
0.442689
1.234789
1.450854
1.236512
1.658178
0.265056
1.234047
1.688738
0.432814
0.141514
0.355539
1.047311
1.544060
0.148483
0.217692
0.143632
1.600744
0.319456
0.499189
0.333260
0.809922
1.645164
1.597472
1.664953
1.378542
1.266651
0.756348
1.678962
0.556700
1.652327
0.209669
1.169960
0.231950
0.221592
1.684282
0.313950
0.531182
1.688268
1.642576
1.293111
0.122420
0.641038
1.276033
0.301755
1.690003
1.686880
1.237026
1.655246
0.473488
0.736600
1.241775
0.611905
1.232480
0.934708
0.217846
1.244329
0.295123
0.274347
0.371004
1.253080
0.255185
1.245569
0.305067
1.677540
0.381619
0.190687
0.765580
0.168692
0.789487
1.682328
0.913878
0.743746
1.453643
1.692391
1.675175
0.189823
1.223068
1.256251
1.267142
1.667351
1.333594
0.316328
0.520715
1.245944
0.247241
0.531516
0.257635
1.230391
0.179126
1.182363
0.819368
1.186486
0.592382
1.685305
1.255180
0.179857
0.590419
0.192704
0.905174
1.559956
0.618127
0.131251
0.182347
0.233933
0.837967
1.292216
1.229258
1.653541
1.688113
1.236949
0.719019
0.253005
1.620934
0.962454
0.239326
0.943270
0.788969
0.404786
1.288612
0.137877
0.139684
1.279321
0.205982
1.595731
0.589106
0.434679
1.697748
1.030654
0.180545
1.234239
0.682093
1.213612
1.667719
0.331383
0.362437
1.657413
0.981642
1.018679
0.546117
1.687255
1.133813
0.214015
1.225885
0.799718
0.163388
1.695407
1.304514
1.663912
0.578083
0.944553
1.274828
1.081352
0.923789
0.113259
0.347626
0.809154
1.684516
0.591726
1.689284
1.244564
1.285459
1.686571
1.476382
1.241529
0.978594
1.234547
0.930099
1.683004
0.885953
1.448025
0.080762
0.078870
0.253239
1.249431
1.666412
1.651774
1.260838
0.544670
1.506002
1.669073
1.253987
0.748240
1.628949
1.231189
0.192953
1.689942
1.214831
1.264147
1.185706
1.693521
1.245004
0.243041
1.236344
0.696251
0.335069
1.217006
1.277994
1.224733
0.156655
0.276389
1.235072
0.390709
0.465347
0.177252
1.675779
1.698647
1.245926
0.164217
1.257072
1.240230
0.304033
0.901912
1.674642
0.814990
1.332512
1.673812
0.570914
1.620252
0.871132
1.109900
1.691043
0.451772
1.070880
1.236383
1.681100
1.249133
1.680065
0.486641
1.005300
1.233470
1.521532
0.877651
0.199765
1.135398
0.698086
1.692374
1.241269
0.506345
0.273042
1.235142
1.256698
1.205881
0.194197
1.684851
0.532005
1.232587
1.677926
1.665202
0.352781
0.611843
1.107179
1.321288
1.239656
0.301703
1.686877
0.194124
1.591514
1.317029
0.484860
0.717382
0.340630
1.688162
0.344045
1.663113
1.684460
1.236551
0.162600
0.327976
1.686091
0.904760
1.649208
0.153013
0.320637
0.532283
1.151793
1.067601
1.683432
1.112389
0.804917
1.225753
0.141725
1.487504
0.216799
1.693493
1.234656
0.803311
1.256910
1.230666
1.256579
1.653797
1.657490
0.993056
0.635120
1.489609
0.412519
1.083193
1.669259
0.098008
1.643214
0.460065
1.671377
1.245828
1.241073
1.677539
1.234329
1.251047
1.603498
0.340318
0.369731
0.191881
0.590187
0.428500
0.935177
0.514244
0.695385
1.429394
0.199710
1.409236
0.453000
1.501274
1.689269
0.145844
1.631943
1.098896
1.233801
1.654722
1.638273
0.494104
1.697334
1.406615
0.212723
1.234313
0.305285
0.682514
0.470953
0.945559
0.205540
0.898328
0.555017
0.992638
0.374922
0.849369
0.926919
0.910896
0.345240
0.909463
0.528357
0.333418
0.531384
0.340357
1.630816
1.238186
0.988494
1.674270
0.920313
0.743561
1.699915
0.623050
1.235534
1.235445
1.087740
0.244789
0.218245
0.158187
0.138875
0.867139
1.041880
1.627573
1.675303
0.719494
0.701363
0.435404
1.548424
0.845172
0.359022
1.108051
1.231959
0.554589
1.699861
1.243749
1.238743
1.288261
0.135296
0.665566
0.585897
0.410048
1.013442
0.388438
0.796793
0.374202
1.539232
0.308462
0.474065
1.668932
1.234537
1.688277
1.230596
1.227987
0.820998
0.898257
1.685414
0.517357
1.605763
1.288506
0.876292
0.145195
0.095899
0.887326
0.298621
1.226786
0.215703
0.158921
1.393108
1.289831
1.263018
1.649459
0.640561
1.672682
0.368482
0.472372
1.694957
0.620926
0.295043
1.602236
1.034784
1.690622
1.667007
0.349637
1.664335
1.289996
1.484715
0.185056
0.930417
0.623707
0.214206
0.540126
1.234723
1.147273
1.223964
1.691758
0.709587
0.154382
0.189458
0.266231
0.537522
1.681358
0.499974
1.227955
1.682027
0.901537
0.183043
0.808328
1.694554
0.231844
1.234881
1.238654
0.564164
0.617905
1.522703
0.240674
0.727592
0.404072
0.158564
0.212835
0.512730
0.833816
0.122266
0.463121
1.668930
1.689497
1.233905
0.474460
1.692951
0.451880
0.494592
1.694507
0.486864
0.267928
0.345232
1.664148
1.244143
0.843345
1.662873
0.416211
1.041020
0.536623
0.603903
1.637081
0.843215
1.682682
0.288290
0.531103
0.426385
1.634505
0.655022
0.263228
0.180961
1.489421
1.082336
0.262809
0.245321
0.176457
0.838774
1.230327
1.222223
0.318478
0.205895
0.473241
0.082055
0.621773
1.524339
1.234174
1.221655
0.178694
0.175559
0.354780
0.280371
1.240202
1.684760
0.119081
0.384397
1.234162
1.227410
1.627395
1.578422
1.657379
1.250568
0.717902
1.668280
0.544048
1.435296
1.687702
0.909283
0.691051
1.275703
1.638216
0.451234
0.452862
1.684306
0.712484
1.578763
1.362023
0.794145
0.751759
0.749491
0.231005
0.141686
0.380676
0.152345
0.484545
0.296508
1.694033
0.174770
0.362522
1.234882
1.630966
0.287901
1.190327
0.241189
1.211523
0.458419
1.485420
1.241511
1.381751
0.895421
1.682077
0.902626
1.653759
0.841974
1.244861
0.336045
0.385588
0.193804
0.914499
0.837143
0.276522
0.313426
0.871752
1.375355
1.666862
0.672207
1.150595
0.967871
0.202989
1.264459
0.441334
0.657204
1.221008
0.671467
1.095931
1.668807
1.227356
1.236399
0.210866
0.508690
1.684970
1.235550
1.269162
1.687632
1.686106
1.649040
0.906284
1.694990
1.649223
0.270395
1.684542
0.909349
1.680141
0.189266
0.802645
1.232394
0.303058
0.908791
1.702212
0.386496
0.693210
0.872806
0.207764
1.497687
0.339271
0.247222
1.241838
0.122275
1.657788
1.228763
1.678104
1.680692
1.034186
1.260484
0.388758
0.992985
0.663199
1.697066
0.544170
1.483460
0.466967
1.627939
0.905649
1.246054
0.220337
1.235162
1.700446
0.233572
0.632447
0.477177
0.501993
1.332902
1.189371
0.187724
0.251580
1.686795
1.242219
0.483002
0.395332
0.606560
1.693579
1.075029
0.996180
1.692014
1.356913
0.518525
1.625112
0.169657
1.237781
1.699361
0.845589
1.234408
0.824344
0.255640
1.636205
1.676216
1.200133
1.423704
1.680649
1.663474
1.521139
1.508157
0.920732
1.541665
1.048573
1.237218
1.680564
1.512397
0.372314
1.267873
0.159891
1.246826
1.686353
0.357487
0.436258
1.234970
0.496659
0.459762
0.863798
1.675654
1.694577
1.342783
0.259042
0.418800
0.537071
0.899783
1.640404
0.890706
1.603650
0.426563
0.452503
0.613026
0.949070
1.267254
0.558683
1.680245
1.178019
0.743587
1.234690
0.275035
1.386378
1.577448
1.599408
1.328278
0.681344
1.253844
0.062020
1.231416
1.231074
1.240159
1.520844
0.634023
1.682275
1.182773
0.994036
1.339299
0.481831
1.004412
1.690894
1.681219
0.427693
0.433113
0.761269
1.561522
0.802012
0.566708
0.944943
1.226878
1.499137
1.220669
1.104819
1.199049
0.234641
0.975793
1.233143
1.355049
0.174660
1.416187
1.249344
1.536771
0.277818
0.687124
1.398465
1.676013
1.557302
0.534974
1.334225
0.251270
1.234982
0.456662
1.190584
0.929051
1.330958
1.211170
0.256797
1.698449
1.675423
1.694119
0.175090
1.225650
1.233719
0.317576
0.336556
0.290035
0.327532
1.671196
0.243819
1.477154
0.162765
0.354094
1.364875
0.903339
0.548090
1.647377
1.232590
1.673340
1.622481
0.232471
1.513758
1.230150
1.232116
0.100966
1.237892
0.854580
0.339608
1.231440
0.534306
1.691320
0.248913
1.165978
1.009909
0.198189
0.191824
1.230769
0.878560
1.689335
0.199029
1.206776
0.209143
0.688682
0.931188
1.219470
0.590895
1.682751
0.289542
0.980728
0.193825
1.661973
0.418189
1.623393
1.392027
1.224513
1.213255
1.683339
1.231145
1.248273
0.698671
1.692053
0.185843
0.867372
0.508704
1.125304
0.525088
0.409952
0.288823
1.237016
1.695041
1.327622
0.358819
1.681713
0.458328
1.228876
0.384879
1.258107
0.418598
1.626364
1.667871
1.220708
0.742694
1.227671
0.159789
0.181505
1.594774
0.082245
0.349138
1.693953
1.689068
0.228313
1.032558
1.225112
1.236304
1.253155
0.480797
0.198905
1.336961
0.803577
0.074350
0.324148
0.574947
0.217704
0.207041
0.168211
0.250411
0.475740
0.318533
0.396961
1.668720
1.234508
1.229358
0.924866
1.696492
1.479398
1.688288
0.158098
0.124175
0.664388
0.218686
0.830691
1.650280
1.614960
1.677877
0.522707
0.646234
0.990574
0.381772
1.234397
0.597800
0.976097
0.700247
0.314744
1.235060
1.322456
0.280889
0.933605
1.688209
0.373098
0.656168
1.658247
0.521898
1.176844
1.357882
0.711158
0.415009
0.232086
1.562823
0.790285
1.682561
1.674041
0.428723
1.232541
1.326541
0.133152
1.683241
1.650676
1.230275
1.684689
1.561163
1.671603
0.332004
1.617289
0.297820
1.630266
0.135166
1.237363
0.247204
1.045627
1.233222
1.239166
0.639584
0.424256
1.697563
0.275339
0.912051
1.080374
0.233181
1.699420
1.232018
1.681312
1.489340
0.310430
0.328284
1.686993
1.528491
0.430130
1.109410
0.636444
1.508006
1.663885
1.691476
0.621628
0.236933
1.226747
1.233645
0.313915
1.548103
0.232825
1.698108
1.235525
1.699444
1.672483
1.233910
1.154787
1.226117
0.806577
1.207099
0.177788
0.301456
0.422868
1.234723
0.263396
0.805596
0.947202
1.552079
1.365452
0.717410
1.661095
1.687550
0.255414
0.592883
1.021097
0.316356
1.287120
1.288311
1.683202
1.488520
1.120342
1.215559
1.633525
1.277563
1.205138
0.828254
1.683228
1.247192
1.684287
1.050741
0.842038
0.657520
0.341441
1.510382
0.788795
0.463324
1.475816
0.244396
0.865664
1.694876
0.715977
1.384993
0.398736
1.692547
1.669657
0.395458
1.687773
0.302937
0.424956
0.323549
0.344413
1.186329
0.841310
0.489607
0.564454
0.923827
0.256938
0.608677
1.504777
0.995952
1.007006
1.238258
0.117656
1.251494
1.691060
1.305799
1.663356
1.135235
1.236232
0.816190
0.131251
1.652274
0.660884
1.308167
1.691687
1.696875
1.676865
1.680748
1.674335
1.693805
0.789025
1.227554
0.940309
0.990538
1.690210
1.628596
0.722068
1.562131
0.424453
1.192508
0.613686
1.656297
0.963094
0.853287
0.595493
0.875018
1.621929
1.324277
1.236229
1.042801
0.938100
1.011202
1.683616
1.227916
1.238098
0.569918
0.193266
1.232857
1.229549
0.235912
1.231484
1.222418
1.227690
1.294243
1.603297
0.204331
1.695850
1.246909
1.234093
1.579284
1.239323
1.196030
0.230347
1.697182
1.236151
0.931287
1.157059
1.673822
1.244111
1.052850
0.136308
0.462249
0.219835
1.665569
1.188045
1.579153
1.233459
1.667349
1.234414
0.712327
1.248365
0.213268
0.547476
1.681188
1.646501
1.695836
0.793763
0.719407
0.365829
0.687871
0.307089
0.499201
1.241253
1.691167
1.233437
1.587973
0.098234
1.673902
1.651931
1.685754
0.975518
1.234442
1.639090
1.307186
0.440826
1.233352
0.200670
1.457297
1.227815
0.571504
0.915714
0.398643
1.285956
1.237536
1.693492
1.234737
1.381540
0.810327
1.653717
1.256470
0.229930
1.689755
1.668919
0.999829
0.659309
0.795349
0.460139
1.224652
1.552598
0.235992
1.235266
0.936266
1.263166
0.936695
0.504127
1.661968
1.239092
1.685299
0.978400
0.419347
1.235632
1.231505
1.678063
0.917834
0.216584
0.901470
0.752093
0.933070
0.453190
0.897736
1.690589
1.237462
1.467821
1.210271
0.436674
0.185825
1.234141
0.460670
0.554634
0.154873
0.477408
0.657800
1.232410
0.616752
1.641661
1.233331
1.230399
0.262681
1.233933
0.639925
1.547179
1.404791
1.690349
1.152130
0.685240
0.658129
1.235514
1.234043
1.622308
0.446451
1.350919
1.347134
1.678629
1.689152
1.258236
0.154294
0.927950
1.359510
0.494875
1.518265
1.241930
1.316828
1.677897
1.486176
1.670385
0.178915
0.999892
0.964554
1.236432
0.268882
1.235079
0.804605
1.685354
1.679418
1.549734
1.177264
1.698233
1.468686
1.235198
1.345762
0.724548
1.675355
1.234632
0.134235
0.961384
1.234053
0.587339
1.230528
0.570807
0.572932
1.243238
1.232233
0.255151
0.406547
1.689249
1.145570
1.354677
1.230197
0.429469
1.235569
0.147596
1.677509
1.681083
0.731701
1.221386
0.921149
1.602475
0.427840
0.110665
1.234388
1.230179
0.514604
1.256120
0.725066
1.234645
1.308853
0.205770
0.864530
0.590526
1.673168
1.692453
1.233514
0.861524
1.329206
0.834999
0.304066
0.936099
1.696758
1.675999
0.283947
1.696130
0.145940
1.113326
1.233308
1.340169
0.457904
1.614239
1.242697
0.913942
1.527013
1.621619
0.917251
1.510684
1.544680
0.928835
0.483812
1.567356
1.188082
1.232406
0.287404
1.233290
1.604310
0.547075
0.524390
1.640409
1.689152
0.273924
1.220852
0.913511
1.686885
1.234586
1.234002
1.233949
0.151058
1.626143
0.945309
0.717122
0.316389
0.764562
0.854582
1.623433
1.133040
1.673397
0.306284
1.257505
1.642322
0.087183
0.332585
1.662240
0.201828
1.233291
0.711358
0.482826
0.482394
1.660315
0.877192
0.981049
1.235428
1.239474
0.536475
1.232618
1.239131
0.399464
0.388991
1.238437
1.691526
0.577810
1.690960
1.675640
1.640374
0.222820
0.569497
1.658409
1.233033
0.443733
1.666878
0.396067
0.729497
1.498318
1.688591
1.230450
0.276157
1.001375
0.262619
0.198835
1.648903
0.161916
0.218756
1.684695
1.629346
1.234991
0.228215
0.211045
1.083044
0.570130
0.636995
0.260682
1.489107
0.890480
0.061352
1.199104
1.696365
1.696822
1.687106
1.673903
0.487308
0.979797
1.670598
1.240374
0.955545
1.675106
0.209481
1.659470
0.469279
1.232885
0.304558
1.355804
1.698975
0.694607
1.238361
1.469212
1.258948
1.697554
1.699225
1.233465
1.688127
1.671749
1.382926
1.428109
1.660293
0.144135
0.449895
1.221534
1.663429
1.611861
0.762129
1.265169
0.210955
1.255526
0.977934
0.625119
1.673477
1.234673
1.683898
1.290671
1.220203
0.189296
1.686449
1.694615
0.575337
0.249614
0.841581
1.035228
1.691688
1.655812
1.191499
1.240870
1.692990
1.220080
1.342777
1.678677
1.686449
1.164888
0.222318
1.234982
0.751316
1.675333
1.304475
1.246926
1.313499
1.675419
0.360347
1.231606
1.230291
0.226316
1.694368
1.688305
1.695416
1.689063
0.896460
1.697582
0.711964
0.494454
0.186950
1.326107
1.328127
1.358317
1.234776
1.434869
0.271062
1.680779
0.463426
1.231368
0.662671
1.547788
0.844767
0.249037
0.199443
0.177716
1.234460
0.841758
0.906409
1.351060
0.588971
1.254581
1.269664
1.168079
0.246945
1.072812
0.513391
1.664623
1.638410
1.511461
0.661855
1.574395
0.425590
0.266526
0.521650
0.962959
1.610440
0.154197
1.094490
0.194406
0.536759
1.229570
0.782627
1.623480
1.218377
1.254299
1.233719
1.294439
1.616751
0.724875
0.243819
1.591746
0.435189
1.273338
0.317105
0.918931
0.879262
1.390577
1.228522
0.375291
1.692574
0.487092
0.544428
1.683019
1.615908
1.676378
1.234180
1.232513
0.311154
0.274406
1.234634
0.778458
0.409095
0.198578
1.235067
1.545917
1.075638
0.785376
0.393991
1.231442
0.124150
1.234378
1.580561
1.388753
0.773151
0.640914
1.642472
0.787484
1.686333
0.477326
0.801531
0.851619
1.230169
0.839324
0.575237
1.278144
0.934114
1.692250
1.311129
1.438161
0.626181
1.599564
0.085459
0.385930
1.261145
1.683056
0.369963
1.232864
1.242909
0.306988
1.618030
1.269195
0.308673
0.728555
1.694530
1.237452
1.648166
0.851079
0.212420
0.996433
0.401132
0.789818
0.202090
0.602546
0.941074
1.655973
0.179722
1.196760
1.398719
0.937037
0.643461
1.250904
1.235355
1.250225
1.674187
0.295840
1.287709
1.012450
1.675896
0.537216
0.162354
0.879960
1.614000
1.234652
1.620577
1.253740
1.563265
1.370530
1.266791
0.246563
1.017351
0.949301
1.661564
0.824673
1.222120
0.381024
1.235100
1.273597
1.235314
1.232298
0.318622
0.460494
1.092280
0.669869
0.552829
1.364983
1.233650
0.154108
1.628247
1.260495
0.373518
0.894257
0.497414
0.355794
0.200890
0.497383
1.637690
0.840133
1.236336
1.689648
0.186650
0.144340
1.294283
1.233610
0.671269
1.440396
0.423922
0.396143
1.276943
1.682067
0.162737
1.374802
0.688388
1.234084
0.852526
1.691031
1.425408
0.485725
1.056339
0.334517
1.234051
0.532596
1.233440
1.638317
1.284149
1.692101
1.654634
0.284147
1.661855
0.600797
0.127398
1.674680
0.227723
0.349542
1.656683
0.265544
1.686180
1.641415
1.214538
0.272237
1.623671
0.183863
1.237955
0.199711
0.466333
1.364038
0.661147
1.687170
1.628284
1.572561
1.233346
0.208420
1.357374
0.254689
1.235213
1.235923
0.603253
1.691275
1.240689
1.582574
0.252519
1.260804
0.307570
1.178384
1.228103
1.561024
1.684951
0.863154
1.634786
1.233820
0.610766
0.924203
0.440817
1.695485
0.766862
0.137705
1.670517
1.178025
0.740166
0.744958
0.192819
1.234102
0.802181
1.330081
1.260537
0.241588
1.245142
1.210982
0.716262
0.202183
1.695857
1.419792
1.669132
0.353140
0.342278
0.218289
1.432102
1.662987
0.721901
1.689668
0.444407
0.217665
0.145163
0.167788
0.807314
1.585154
0.411156
0.231786
0.614791
0.586099
0.209077
1.684353
0.691440
0.314577
1.673432
1.563710
1.329318
1.446531
1.690024
1.680610
1.232152
1.614519
1.342559
1.579599
0.893778
1.503347
1.230922
