0.795062
0.734763
1.707467
0.218251
0.462278
1.780546
0.252497
1.707222
1.007944
0.599665
0.313265
1.794383
1.571296
0.166983
0.954981
0.972211
1.790926
0.295662
1.059534
1.576142
1.437087
1.129590
1.806935
0.859826
0.660548
1.392563
0.232955
1.378717
1.685233
1.156285
0.941442
1.303291
1.040514
0.624554
1.057469
0.977091
1.369603
1.656505
0.307505
0.772708
1.728233
0.527088
0.991590
1.362982
0.964725
0.454185
0.197100
1.129964
0.275622
1.371656
0.642298
1.786407
1.418985
1.082168
0.844010
0.663540
0.156867
0.243825
1.257663
0.917634
1.797193
0.366017
0.427194
0.464557
1.444418
0.221287
0.291443
0.558570
1.259199
0.199850
0.274535
1.792656
1.348817
0.117817
0.144984
0.458741
0.996981
1.512638
0.426264
1.778394
0.654952
1.030916
0.578192
1.781173
0.249735
1.010026
1.199704
1.754133
1.328779
0.152463
1.249892
0.419576
1.078092
1.436598
0.234739
0.105862
1.369190
0.953961
0.241543
0.367879
1.141193
0.695458
1.289744
0.347932
1.808835
0.555075
1.789042
1.389621
1.642673
1.311038
1.238508
0.456675
0.201015
1.783632
0.617057
1.157673
1.328052
1.467264
0.311560
1.797573
0.561129
1.361344
1.774062
0.680510
1.003233
1.084553
0.168122
0.692084
0.288121
0.197730
1.664945
1.181201
0.712523
1.262218
1.781301
1.329151
1.421407
0.579012
0.734891
1.192222
0.856878
0.416183
0.168973
1.061550
1.156421
0.913396
1.323597
0.249747
1.794885
0.341629
1.338720
0.503055
0.933019
1.801505
0.400320
0.979482
0.593972
1.745248
0.338395
0.092258
1.627523
0.287015
1.806813
1.435260
1.796372
0.119605
1.763788
1.752268
1.351090
0.457738
0.656689
1.052892
1.365114
0.573134
0.160849
0.921452
0.211198
1.795966
1.478441
1.655128
1.597236
1.791752
1.284443
1.300638
1.396686
0.844920
0.513067
1.336540
1.320509
0.688076
1.386984
0.689297
1.041318
1.217931
1.801140
1.795305
1.180704
1.786058
0.136209
1.799167
0.166710
1.796243
0.425690
1.278382
0.276838
0.243987
1.064797
1.128418
1.352145
0.544184
0.430549
1.670771
1.798306
0.414894
1.102210
0.978591
0.334695
0.192179
0.569398
0.687085
1.733691
0.844947
1.678050
0.695249
1.712048
0.347035
0.266252
1.685015
1.717091
1.599042
0.254375
1.787001
0.500346
0.505729
1.077599
0.405062
1.014782
0.252106
0.622213
0.256324
1.732698
1.659905
1.025222
1.703637
1.118044
1.197758
0.221639
0.729927
0.759095
0.305268
1.803550
0.340985
1.333270
0.826113
0.373782
0.638442
0.988644
1.476278
0.438900
1.376247
0.140142
0.628711
1.154284
1.280871
1.092795
0.673079
1.328823
0.991111
1.788883
1.480648
1.431627
1.233016
0.789328
1.362258
0.164803
0.859612
0.468145
1.178918
0.351844
1.278877
0.302167
0.288472
0.540546
1.778952
1.340358
1.745739
0.212666
0.958481
0.715274
0.981349
1.758748
1.474732
0.460751
0.236180
0.556108
0.852460
0.888464
0.748486
1.755737
0.546081
1.736072
1.166938
1.785025
1.580408
0.086552
0.616391
0.865097
0.244951
1.705387
0.887042
1.200029
1.528491
0.217424
1.223558
1.712396
1.762264
0.330574
0.871347
0.999894
0.529587
0.145874
1.774327
0.187879
0.209123
0.826584
0.372618
1.449695
0.455166
1.598948
0.228650
1.799557
1.503700
0.263006
1.269531
1.028873
1.795037
0.580854
1.606093
0.600783
1.115721
0.608632
0.544766
1.718418
1.780460
0.571352
0.316262
1.089942
1.785956
0.320571
0.919540
0.579415
0.978349
0.030592
0.460642
0.779622
1.198883
1.712997
1.797213
0.910846
0.685233
0.399055
0.872083
0.046664
1.056152
0.149088
1.802131
0.982143
0.268212
0.170635
0.256540
1.793483
0.905394
0.259952
0.220365
1.373846
0.594953
0.730683
1.599343
1.364464
0.099236
1.046407
0.647576
1.738647
1.188710
0.145726
1.763489
1.801644
1.732030
0.324925
0.966632
0.479686
0.398094
0.308710
1.405974
1.702099
1.768875
0.438019
1.283881
0.496626
1.340759
0.520277
1.304450
1.270572
1.155700
1.483490
1.039088
1.662232
0.875939
1.365467
0.675845
0.256373
1.812057
1.807353
0.389693
0.311931
0.948440
1.767233
0.219461
0.159369
1.443807
1.780330
1.392178
1.146954
1.015321
1.167180
0.508947
1.804352
0.555945
1.575798
0.419245
1.260520
1.122252
0.842839
1.253078
0.387972
1.737989
0.187896
0.861042
0.836233
0.754908
1.332814
1.436843
0.163906
1.336859
1.633755
0.344712
0.164631
0.805075
0.509580
0.723574
1.505572
1.733801
0.480466
1.707819
1.641861
0.198922
0.205478
1.578536
1.245014
1.414812
1.233975
1.801622
0.179779
0.235387
0.195643
0.594796
1.004495
1.073540
1.209466
1.481521
1.096946
0.178398
0.235309
0.894058
0.630697
1.745154
1.440370
0.321595
1.310794
1.411487
1.768623
0.572451
0.428704
0.141527
0.628420
0.907602
0.420390
1.140543
1.779329
1.781573
1.485466
1.073522
0.933951
1.588596
0.930608
0.308190
0.795606
0.724333
1.214831
0.282994
1.748939
1.007414
0.802314
1.725898
0.622837
1.546582
0.656999
0.474524
1.463568
0.915747
0.613666
1.166011
1.792346
1.397278
1.802627
0.980171
1.777082
1.029777
0.337870
0.602947
0.878278
0.970608
1.375519
0.885079
1.803624
1.803613
0.285620
1.627504
1.470292
1.771312
0.458882
1.799823
0.256065
1.304660
0.451083
0.158691
0.621372
1.780831
0.272083
1.354733
1.188096
1.279790
0.966855
0.863257
0.929414
1.800432
1.295018
0.292994
0.903933
0.175815
1.772935
1.146776
0.928797
1.316033
1.358380
1.128552
0.461096
0.602890
0.836681
0.896846
0.688044
0.982678
0.348964
0.077393
1.360291
1.181395
1.776122
0.801892
1.798126
1.025194
1.237371
0.055263
0.239347
1.400145
1.302288
1.240259
1.410591
1.755430
1.780439
1.603145
1.783898
1.703539
1.122548
0.413447
1.809522
1.470547
0.575503
1.805329
0.123503
1.779271
1.464090
0.321630
1.657910
0.813671
1.164260
1.814280
0.627561
0.320823
1.381457
0.485313
1.800495
0.218921
0.402917
1.176123
0.259782
0.199266
0.304192
1.003098
1.792490
0.956874
0.130053
0.390357
1.123932
1.791316
0.096485
0.501691
0.956827
0.555929
0.094902
0.274432
1.791157
1.659169
0.282296
0.921810
1.676086
0.323864
1.474947
1.456054
1.062589
0.623139
0.402434
0.403971
1.080960
1.337600
0.979288
0.161749
0.179954
1.252428
1.501402
1.691690
0.376693
1.674107
0.973866
0.754140
1.592623
0.174621
1.000159
0.439027
0.454479
0.247578
0.399490
1.417599
1.803213
0.294920
1.719853
0.618137
0.968762
0.273761
1.785187
0.609121
1.790771
0.699984
1.790447
1.743339
1.166461
1.387336
1.794795
0.231813
0.342348
0.161653
0.183988
0.389329
0.582489
0.864342
1.632387
0.155119
1.170029
0.405465
0.110879
1.794564
0.628125
1.786560
0.477214
1.221750
0.059291
1.464593
0.143937
1.796676
0.713618
1.784267
1.384684
1.785402
1.302408
1.071366
1.705903
1.360199
1.788184
0.813262
1.798818
1.634432
0.847706
1.695901
0.209660
0.306731
1.162202
1.690324
0.131254
1.428319
1.395892
0.531176
1.802706
0.994755
1.794651
0.226415
1.291631
1.192856
0.387105
0.706016
0.985898
1.797782
0.219372
1.796232
1.055895
1.763355
1.758569
0.964738
1.702908
1.171252
0.250433
1.806276
1.551253
1.797986
1.692038
0.218405
1.712978
1.017053
1.344178
1.790693
0.440807
1.289883
0.950721
1.388850
0.234123
1.773787
1.223312
1.390864
0.243122
1.798912
0.410322
1.310610
1.025745
0.441085
0.558472
0.853427
1.462372
1.281774
0.971781
1.394913
0.527617
0.365575
0.344129
0.549806
1.353940
0.486771
0.356025
1.370135
1.343216
1.325422
0.288365
0.310316
1.318281
0.492121
0.932827
1.791482
0.188771
0.351083
1.802419
0.497585
1.325031
1.793022
1.814713
0.285696
1.801749
1.276148
0.139298
0.972897
0.416218
1.575169
1.333853
0.201880
0.846168
0.265050
0.352162
1.439648
0.212791
1.238301
1.054611
1.797545
0.946491
0.219967
0.339791
0.491977
0.653415
0.916386
0.000000
0.167463
1.718516
0.239747
0.279354
1.579838
1.324850
0.488212
0.321393
0.457785
1.261512
1.701559
0.765659
0.365979
1.645868
0.305125
1.538144
1.750754
1.000586
0.915638
0.446424
0.179288
0.285201
0.902457
1.744452
0.151067
1.775646
1.782209
1.162000
1.406060
0.643701
1.040119
0.800060
0.323796
1.799035
1.397992
0.161422
1.376538
1.458826
0.309395
0.823033
1.041975
0.672397
1.050037
0.596581
0.649955
0.327888
0.631024
1.104514
0.299585
1.739918
1.787690
1.791801
0.729679
0.367354
0.916005
1.799524
0.435938
1.513804
1.784291
1.307372
1.337384
1.383277
0.926418
0.334287
0.307981
1.512403
0.855422
1.484690
0.475890
1.202761
1.677154
1.335049
0.409236
1.782130
1.646632
0.275449
0.532362
1.788120
1.343788
0.304898
0.586891
1.653641
0.478380
1.093910
0.475540
1.288331
0.520760
0.213701
0.815249
0.878920
0.379105
1.125268
0.121027
0.254946
0.941241
0.392022
0.112289
1.808186
0.389978
1.122337
1.483325
1.775532
1.788141
1.401978
1.198694
1.554572
0.645250
0.563417
0.314541
0.235668
1.177622
1.265254
1.477800
0.261490
0.549230
0.649224
1.762965
0.796174
1.794760
0.703675
0.252677
0.736753
1.325520
1.190195
1.388798
0.904078
1.642670
1.793662
1.725503
1.724082
0.957519
1.802102
0.582715
1.614555
0.277526
1.793186
1.144164
1.791739
0.785636
1.738649
1.355802
0.347429
1.722871
0.386290
0.367791
0.793630
0.414599
1.083864
1.357277
1.775398
0.591260
0.161628
0.976668
0.757488
0.341853
0.129751
1.501688
0.544967
0.194708
1.352890
0.975570
1.347609
0.369568
1.215106
1.684248
0.709911
0.547803
0.966441
1.212935
0.969149
1.348123
1.791689
1.805430
1.220893
0.404552
0.809153
0.359419
0.251530
0.164112
0.976198
1.771628
1.080338
1.063910
0.332157
0.763970
0.451522
0.284488
1.366840
1.800685
0.430377
0.950078
1.788703
0.532458
1.130033
1.806209
1.319677
0.456465
1.344731
1.086600
1.105871
1.797018
0.321372
0.637512
0.368955
0.571303
0.400022
0.820978
1.320004
0.205262
0.496264
0.365656
0.982411
0.233733
1.194444
1.124732
0.720317
0.705793
1.774518
1.705268
1.205660
0.956495
0.485657
1.438804
1.096922
0.392249
0.773788
1.784734
0.828697
0.478017
1.769972
0.519097
0.650553
1.572129
0.232845
0.728198
1.083714
1.775547
0.460106
0.113519
0.421731
0.083935
0.493467
0.647304
0.174458
0.236599
0.556746
1.634232
1.335171
0.471574
0.908636
0.771408
1.216600
1.792972
1.371298
0.909329
0.589366
1.748439
1.551889
0.266303
1.788756
0.976313
1.047139
0.492300
0.196718
0.301704
0.374961
0.073085
1.376737
1.680149
0.344687
0.903235
1.729695
0.294509
1.582440
1.037865
1.242052
0.883675
0.987599
0.413614
0.921234
0.147534
0.634923
0.405925
0.370868
0.107217
0.279489
0.687633
0.621687
0.402445
1.810508
0.871714
1.357801
1.421759
1.773796
0.406173
1.784793
0.560144
0.202283
0.369221
1.788721
1.684869
1.156520
0.872276
0.946012
0.535568
0.911518
1.004702
1.023717
1.783667
0.670952
0.293524
1.193940
1.762042
0.744211
0.129479
1.097673
0.770666
1.778294
1.796914
1.364543
0.245686
1.343485
0.768412
1.023662
1.800578
0.190562
1.789819
0.207435
0.778295
1.704538
0.325002
0.887255
0.572384
0.380715
0.480419
1.098142
0.554638
0.503268
1.272227
0.249842
1.527056
1.411741
1.203333
0.331073
0.929583
1.727163
1.802374
1.339761
0.909223
1.294997
0.473775
1.772562
1.797472
0.240310
0.271031
1.790446
1.067795
0.914361
0.460420
0.464759
1.388553
0.635282
0.166788
0.478879
1.238856
1.802181
0.248330
0.831045
0.630603
0.201633
0.414313
0.247240
0.221308
1.482766
0.949915
0.176533
1.386181
0.904194
1.763034
1.766864
1.220704
0.443779
1.309050
0.914638
0.799940
0.960519
0.463102
0.773713
0.739664
1.108624
1.535370
1.393531
0.941358
0.182066
0.808719
0.938391
0.569084
0.977776
0.324085
1.014838
1.540641
1.787393
1.577797
1.462311
0.782908
1.790200
1.796135
0.305791
0.207873
0.302196
1.762523
1.599248
1.089033
0.963512
1.711331
1.759896
0.153152
1.580990
0.474536
0.972355
0.186467
1.798746
1.378337
1.208614
0.429077
1.365251
1.409780
1.104972
1.297038
1.414151
1.134099
1.770467
0.612847
0.267764
0.253319
1.385559
1.237834
1.691694
0.368089
1.778265
1.325772
1.716463
1.275764
1.759595
1.634923
1.261014
1.183819
0.159049
0.284725
0.201648
1.425235
1.796689
1.793522
1.792528
0.088980
1.120498
0.518040
0.810320
1.177441
0.590346
0.628860
1.095588
1.586051
0.243064
0.606444
0.541422
1.784818
1.679965
1.089481
0.960637
0.826835
1.543325
1.765592
0.474836
1.341024
1.282421
1.807540
0.361234
0.211299
1.574005
1.030602
0.226304
0.132324
0.954523
0.531261
0.680301
0.133120
0.952833
1.115163
1.757691
1.323554
1.206864
0.957130
0.225203
0.727293
0.238510
1.079710
1.136145
0.769382
0.911537
1.791010
1.735639
0.361887
1.626010
0.714662
0.122789
0.544647
0.362227
1.748874
1.782001
0.233528
0.353001
0.686847
0.243235
1.019849
0.695529
1.450978
1.796022
0.551333
1.330351
1.793129
1.773586
0.724792
1.136405
0.481922
0.310800
0.248900
0.244450
0.892525
0.637163
0.933945
1.770052
1.771264
1.478762
0.244781
0.725886
0.647600
0.429721
0.428773
0.615157
0.180654
1.808231
0.618594
1.320624
0.605087
1.391791
0.748116
1.758258
1.688453
0.209798
1.749115
1.799991
1.493010
0.787717
0.985845
0.832671
1.292376
0.742459
0.333148
0.522146
1.811511
1.778355
0.962420
1.695149
1.407447
0.616098
1.044257
1.793103
0.992010
0.515759
0.872019
0.069559
0.584097
0.285863
1.791123
1.789284
0.228536
1.051171
1.800226
0.471047
0.282587
0.236840
1.301959
0.672947
0.358309
1.246092
1.773812
0.597094
0.980174
1.370021
0.277219
0.161089
0.491996
0.439127
0.226360
0.363440
0.759183
1.434926
1.224732
1.803118
0.425487
0.623079
1.278295
0.377650
0.592963
0.210889
1.711977
0.246759
0.214733
0.799237
0.368714
1.298575
1.722204
1.566646
0.966754
0.982683
1.700329
0.421152
0.529841
1.349567
1.808846
0.532477
0.697280
0.351338
1.138369
1.379985
0.895341
0.421947
0.112499
0.252650
1.479420
1.802486
1.784517
0.326702
1.500285
0.965583
1.084281
1.691522
0.761294
1.790940
0.327535
1.671606
1.062726
1.512031
1.796491
0.718330
0.816665
1.130715
1.408823
1.430428
1.407813
1.265273
0.823552
0.429789
1.391616
0.251440
1.008487
0.387678
1.393488
1.011456
0.219658
0.391399
0.493653
0.732206
1.796631
1.341247
1.745703
1.172590
0.612726
0.599540
1.792349
1.782191
0.955672
0.172223
1.776513
0.958085
0.553268
0.246857
0.681626
1.419733
1.796244
0.923769
0.355132
0.958158
1.222239
1.649209
0.620848
1.729360
1.768103
1.282238
0.452397
0.398976
1.781729
1.621114
1.339123
0.318735
1.748895
1.334946
1.196867
0.359968
1.779764
1.225977
0.882635
0.294626
0.159636
0.782336
0.907359
0.964313
1.686073
0.776588
1.776047
1.184906
0.207604
1.300677
1.798659
0.435936
0.322228
0.595344
1.248201
0.143670
1.611863
0.941467
0.978644
1.089495
0.760201
1.760024
1.702639
1.024570
0.607058
0.248519
1.806094
1.321165
0.445758
1.251554
1.591493
0.212279
0.961390
0.461547
0.471537
0.880439
1.101301
1.173839
0.149744
1.778077
0.623032
1.808035
0.807695
1.416789
1.129229
1.181653
1.692044
0.989016
0.339071
1.382143
1.331686
1.265683
0.511494
0.334020
1.028141
0.163897
0.918311
1.030591
1.631258
1.337601
1.657286
0.779921
1.357262
0.248209
1.015081
0.952309
0.284599
0.158190
0.997913
0.873387
1.181814
0.385597
0.689266
0.268688
1.811014
0.653651
0.456292
0.345647
0.661908
0.198449
0.810507
0.346043
1.222175
0.331367
0.307604
1.189763
0.756195
0.218955
1.332888
1.148592
0.615483
0.250577
0.991020
0.332481
0.896637
0.247404
1.736489
1.297030
0.207660
0.287603
0.289703
0.045876
0.376397
0.408413
1.304090
1.755050
0.286419
1.795968
0.305440
0.303417
0.802704
0.159261
1.050953
0.975171
1.003202
0.341649
0.531888
1.380161
0.371124
0.357794
0.271057
1.797939
1.386480
0.995390
0.460100
1.028352
1.085268
1.191336
1.757246
1.117824
0.181578
0.500302
1.729232
1.196265
1.384149
1.732173
1.707021
0.182291
0.413829
1.351635
1.755359
1.502553
1.270916
1.637716
0.732744
0.657975
0.882531
1.257167
0.278460
1.617530
1.305224
0.737798
1.500058
0.805611
0.302757
1.193386
0.804456
0.156356
1.794119
1.200506
1.169814
1.738549
1.752470
0.600310
1.359264
1.133581
0.244750
0.205142
0.581344
0.983576
0.417493
1.438852
1.810488
0.796979
1.379992
0.257150
1.090454
0.746168
1.809171
1.535237
1.779618
1.316184
1.192914
0.961049
1.057303
1.221705
0.979017
0.878195
1.407724
1.792172
1.338971
1.710814
0.536594
0.974928
0.294285
1.424879
0.969588
1.797728
1.765844
1.719200
0.390690
0.479699
1.800538
0.885147
0.940692
1.386374
1.803827
1.795916
0.301645
0.406997
0.357477
1.779736
1.416140
0.919231
1.799033
1.806667
1.709330
1.116097
0.200433
1.755698
0.930912
0.987030
1.793939
1.778196
0.267953
0.198759
1.781965
1.771319
1.780518
1.324572
0.183549
1.380932
1.667775
0.570866
0.932659
1.532574
1.438427
1.358717
0.222117
0.146152
0.129903
1.315126
0.827518
0.968711
1.183324
1.765656
1.295023
0.188501
0.798325
1.374034
0.418647
1.365628
0.200447
1.550963
1.223605
0.700614
1.792173
0.157853
1.781110
0.243462
0.620778
1.329153
0.635094
0.218380
1.427016
1.589873
0.521394
1.310177
1.395754
0.211632
1.793838
1.620631
0.510849
1.141665
0.220723
1.190025
0.489441
0.311266
0.960708
1.007368
1.005733
1.757611
0.448105
0.629788
1.437765
1.370065
1.430860
1.710005
0.776812
0.979899
0.656678
0.276970
0.975179
0.969546
1.344042
0.067895
0.444995
1.692829
0.546636
0.228620
1.723290
1.789293
1.773800
1.411849
0.373967
1.344856
1.273808
1.359536
1.717626
1.213409
0.952067
0.566023
0.330003
0.261270
1.010949
0.363332
0.921875
1.796471
0.926250
1.776420
0.857615
0.324511
0.483202
0.447293
1.665939
1.780795
1.180451
1.554646
1.352736
0.713647
0.670205
0.127805
1.155131
0.853254
1.776235
1.089376
1.435162
0.953330
1.123088
0.120412
1.661497
1.809777
0.189443
1.727313
0.342708
0.650658
0.310489
0.382011
1.340573
0.555812
0.745702
1.250006
1.642365
0.325575
1.781633
1.805773
1.664175
0.594931
0.406092
0.287181
1.184343
0.146830
1.138254
0.124241
1.337677
1.340857
1.432041
0.659053
0.461174
0.071570
1.800882
1.674701
1.482464
0.600023
1.781806
1.110604
0.316162
0.893884
1.611961
0.620319
1.640211
1.576658
0.354873
0.226869
0.251172
0.293684
0.239625
0.635219
0.576403
0.454284
0.248979
1.755389
0.185943
0.951479
1.759083
1.275174
1.112278
1.715348
1.292920
1.117733
1.196875
0.545155
0.814363
1.783942
0.476492
1.027799
0.120597
1.346567
1.763083
1.094847
1.138122
0.973785
1.798871
1.806652
1.181447
0.808734
1.781213
1.020877
0.331717
0.647102
1.617348
1.804616
1.693903
1.480059
1.285520
0.531951
0.311245
1.282009
0.132439
1.412795
1.306260
0.514370
0.076406
0.941311
0.991814
0.512654
0.754834
0.946420
0.367189
0.381182
0.732354
1.719052
1.085720
0.415732
0.729152
1.737767
0.140703
1.716765
1.300525
1.007525
0.315123
0.340690
1.080422
1.344959
1.318286
0.819208
1.209638
1.810405
0.820004
1.766836
1.514481
1.368518
0.238444
1.752054
0.907664
1.787478
1.351545
0.934933
0.582014
1.767548
0.907067
1.790509
0.377433
0.361518
1.737582
0.278476
1.280277
0.419700
1.299544
0.220501
1.791458
1.127373
1.579575
1.627898
1.456560
1.376345
0.144591
1.766310
0.269353
0.634133
1.037694
0.399087
1.803516
0.387350
1.797139
1.252792
0.600797
1.761739
0.538191
0.751197
0.518459
1.790600
1.346675
0.996037
1.226357
1.063464
0.465959
0.293458
1.784316
1.385970
0.280338
0.230183
0.217155
1.805469
0.492520
1.717225
0.692712
0.233506
0.445802
1.806129
0.119864
1.292081
1.189738
0.972255
0.683234
1.279200
1.745177
0.821211
0.499571
1.437593
0.706386
0.215876
0.499607
0.582884
0.513142
0.694695
0.523302
0.745312
0.405541
0.850202
0.748522
1.049516
0.308855
1.506555
0.881712
0.887486
0.306237
1.791675
1.797407
1.276109
0.388698
0.388002
0.579949
1.493003
0.287339
0.267901
1.399102
1.343205
1.124810
0.670594
0.973284
0.386966
0.223881
0.259282
1.194775
0.826402
0.886975
0.299747
1.446945
1.797877
1.807727
1.678361
0.192713
1.010873
0.169662
0.586492
1.734746
1.776241
0.497346
0.525078
1.384560
0.463447
0.648701
1.647467
1.774582
1.342585
1.327258
1.230718
0.613313
0.746438
1.050040
1.187776
1.499725
1.749812
1.798565
0.787984
0.185444
0.553544
1.768275
0.989155
0.968817
1.801054
0.815778
0.861241
1.275653
1.776991
1.729432
0.896719
0.373839
1.037158
1.734111
0.442629
0.359769
1.546213
1.540543
0.159954
1.031176
0.362122
0.576319
0.813923
1.796744
0.942211
0.296056
0.789912
0.448623
1.764340
1.244417
1.791529
0.789545
1.013239
0.294953
0.889718
0.968370
0.958843
1.712637
1.717340
0.924453
1.647921
0.999198
1.174571
0.873753
0.269389
1.169077
1.704559
0.868124
0.709778
1.468226
0.708781
1.135565
1.741338
1.030691
1.584029
1.348781
0.472816
0.246203
1.282238
1.049697
0.405179
1.640357
0.750424
1.387089
1.114569
0.558230
0.173160
1.403551
1.647666
1.310367
1.381425
1.051794
1.564737
1.785875
0.175460
0.196061
0.929989
1.789153
0.812381
0.126987
1.358104
0.450629
1.397081
1.776736
1.312026
0.722896
1.099114
1.789082
0.837966
1.112033
0.107527
1.003084
0.367603
1.154138
1.014668
1.318142
0.443804
1.655784
1.644013
1.791670
0.909683
0.057522
0.283870
1.802383
1.791481
0.397890
0.119280
0.839853
0.516565
0.315651
0.165994
1.620229
0.924362
1.483507
0.331726
1.345574
0.206923
1.797020
0.679245
1.231538
0.321703
0.338380
1.084013
1.773989
0.491161
1.795993
1.033608
1.764002
0.890040
0.837904
0.201986
0.296347
0.264927
1.261348
1.615022
0.298634
1.806785
1.799448
1.772492
1.790752
0.296254
1.368534
1.770621
0.624161
0.253806
1.796571
1.293817
1.413535
1.732368
0.348208
0.736410
1.688496
1.793687
1.786436
0.745360
0.431128
0.232974
1.780312
0.794470
0.763112
1.792213
0.883277
1.118826
0.451160
0.621881
0.890912
0.834246
1.358920
0.233070
0.834137
0.547207
1.235212
1.311566
1.622175
1.353924
0.856147
1.785909
1.799004
0.349331
0.431408
1.107047
1.216997
0.282171
0.642727
0.371394
0.477149
0.506938
1.059729
1.238575
1.790366
0.862978
1.793450
0.639997
1.178239
1.794271
1.449724
0.244289
1.768710
1.375150
0.140176
1.799736
1.200867
0.361650
0.404892
1.039316
0.398655
0.351540
1.378520
0.918331
0.473029
0.152331
0.348020
0.154213
0.283530
0.462705
0.323093
1.730962
1.381475
1.807444
0.531965
0.556261
1.751943
0.748111
1.749793
1.704975
0.826208
1.400245
0.362475
0.222440
1.743058
0.983039
1.789435
0.802191
1.248170
1.303010
1.803863
0.512018
0.568442
1.529350
0.974943
0.299785
0.360031
1.476952
1.747240
1.431123
1.770183
0.625806
1.801134
0.965842
1.689423
1.625870
0.784848
1.146636
1.754846
1.085382
0.546858
0.319677
0.233699
0.092599
1.022097
0.567015
1.799811
0.274384
0.266367
0.458643
0.863830
1.048163
1.689610
0.973984
0.384557
0.631770
1.795188
1.785787
1.800582
0.648226
1.447190
1.537950
0.561804
0.486363
0.302140
0.763532
0.754050
0.312795
0.944289
0.193399
0.164193
0.290996
0.707490
1.357017
1.431758
1.085345
0.944877
1.803463
0.986463
0.382492
1.489140
1.806319
0.208244
1.190734
0.936125
1.791406
0.386482
0.931390
0.962609
0.425274
0.137312
0.418412
0.571583
0.846488
0.947855
0.182774
1.134165
0.183453
0.669482
0.094058
1.008656
1.270598
0.822935
0.240286
0.183272
0.154603
0.181113
0.979534
0.721571
1.388105
1.267285
1.390448
1.344197
1.658704
1.194974
1.147583
0.305475
1.273013
0.992645
0.716512
1.085435
0.369153
1.351839
1.629033
0.464774
0.619767
0.505224
1.769329
0.116449
1.791108
1.331459
0.957486
1.479435
1.051806
0.890613
0.431554
0.925941
1.282046
1.217346
1.740795
0.902745
1.644772
0.655854
0.972425
1.075912
1.604979
0.691414
0.245370
1.803309
0.344957
0.241419
0.319940
1.793897
0.802863
1.787791
1.703871
0.915450
1.806894
0.982420
1.265842
1.040799
0.179362
0.580845
0.639815
1.095488
0.237486
1.218977
0.684850
0.176980
1.798855
0.143487
0.625435
0.334693
0.524806
1.387156
0.847132
1.240297
0.972872
1.055382
0.560014
0.885175
1.250452
0.352223
0.696599
1.169897
0.093634
0.882117
0.320476
0.173381
0.927608
0.445553
1.369873
1.367742
1.674470
0.970322
0.142825
0.208084
0.562019
1.426902
0.383920
0.985919
1.339139
1.440345
1.795928
0.746161
0.980052
1.784862
1.333684
0.224896
1.149834
0.487361
0.620862
0.500691
1.619212
1.373026
0.743667
1.647286
0.122760
0.257230
0.224345
0.346530
1.431319
0.575842
1.757178
0.445835
1.294789
0.416193
1.076374
0.568241
0.945110
0.842128
0.945534
0.181949
1.783562
0.452922
0.232749
1.324844
0.257355
0.202913
1.752583
0.474784
0.308153
0.236556
0.846091
1.794774
1.106152
0.281922
1.390670
0.269309
0.172304
0.986045
1.756175
0.285927
0.618468
1.630605
1.747228
1.376958
0.360134
0.662498
1.760708
0.278024
1.749859
1.812637
0.900210
0.919836
1.306662
1.757763
0.896738
0.081534
0.249171
1.777544
0.483970
0.412294
1.321005
0.313086
1.804167
0.299063
1.331987
0.965550
0.725916
0.188782
0.165730
0.812142
1.124637
0.827273
0.902047
1.077811
1.789026
1.649081
0.245898
1.787801
1.790510
1.759669
1.449159
0.758675
1.410678
1.520178
1.345324
0.371358
1.382926
1.405965
1.768366
1.254896
0.719101
0.311914
1.161447
0.719649
1.462637
0.254254
1.698360
0.727082
1.789554
1.319534
1.058621
1.368902
1.021793
1.401033
1.399410
1.149955
0.272876
0.979167
1.085228
0.169665
1.773089
0.815668
1.794461
0.206304
1.182642
0.135117
0.212957
0.265545
1.801183
1.700199
1.792904
1.595710
0.126225
0.680849
1.095079
1.149189
1.185065
0.507097
1.790156
1.376283
0.393275
1.078958
1.726703
0.559018
0.386077
0.152679
1.252887
1.756363
1.038009
1.800525
0.285817
0.705356
1.196927
1.276337
1.304106
0.349931
0.635160
1.118007
0.106777
0.772595
0.180829
0.491682
0.955044
1.348203
1.238725
0.841206
1.753321
1.730513
1.777649
0.198969
1.774268
0.331734
0.461751
1.332369
0.538246
0.412279
0.170095
0.935664
1.799158
0.282621
0.509904
1.800578
0.211536
0.391559
0.826598
1.307492
0.383771
1.800972
1.210303
0.319358
0.827986
0.026744
0.672055
0.996259
1.355345
0.654994
0.188982
1.751842
0.109005
0.280843
0.482490
1.467878
0.445348
1.747950
0.783329
1.069665
0.162654
0.164848
1.614563
1.305201
1.243311
1.777905
1.775813
0.146800
1.739523
0.628527
1.160879
1.074889
0.744755
1.435758
0.835418
0.599341
1.404287
0.259609
1.174944
0.898262
1.308535
1.564975
1.223951
1.795117
1.808704
0.978891
0.593089
0.938711
0.291887
1.795026
1.796101
1.220901
1.791560
1.771752
0.967024
1.793126
1.633937
0.432363
0.664117
0.950238
1.358564
1.743879
0.187585
0.245791
0.982137
0.446920
1.773875
1.801658
1.753350
1.652101
0.508695
1.799350
1.503599
0.337918
1.781237
1.305644
1.401358
1.387353
0.331606
0.065207
1.452343
1.783513
1.249327
0.419091
0.420410
0.307955
0.518201
1.449894
1.741862
1.492272
0.398811
1.379149
0.587994
1.377700
0.384051
0.454416
0.833591
0.328748
0.538494
0.190935
0.222436
1.779765
0.452912
0.226703
0.718961
0.272875
0.823972
0.329765
0.242488
0.886472
0.890334
1.409334
1.310891
1.023052
0.884827
0.842365
1.624003
0.675937
1.796879
1.308543
0.326720
1.803474
0.858943
1.224311
1.770849
0.402415
1.253760
0.195179
0.791591
0.522793
1.782509
1.309311
0.958551
0.497009
0.686829
1.803609
0.753446
0.186440
1.133954
0.600162
1.786437
1.696024
0.123333
1.200042
0.962147
0.229864
1.306843
0.192492
1.351034
1.423013
1.788087
1.388411
1.398981
1.764702
1.766983
1.723513
0.232096
0.501202
1.792812
1.646807
0.245324
0.976365
0.996526
0.309854
1.382998
0.180456
1.159086
0.328453
1.787749
1.109822
1.327541
0.356837
1.244050
1.712926
1.188910
0.719361
0.198638
1.678797
1.557136
0.262827
0.372758
0.718759
1.209897
0.770026
0.851926
0.262143
1.791745
0.984240
0.796980
0.627155
0.357806
0.232078
1.801412
1.277170
1.285480
1.802249
1.651857
0.626272
1.295692
0.128981
1.787482
0.602934
0.798705
0.224652
1.560374
0.690543
0.682453
1.763739
1.792046
1.787594
0.113999
1.715784
0.975449
1.793713
0.333848
0.201609
1.801780
0.967805
0.387362
0.779858
1.798970
1.777564
0.789388
0.963797
1.005636
0.189740
0.775547
1.296586
0.591198
0.411599
1.776199
1.271005
1.345014
1.786547
0.757524
0.475923
1.301540
0.794574
0.105808
0.512135
1.792380
0.347495
0.618240
0.154232
0.698362
1.797029
1.799030
1.144668
1.001598
0.230097
0.373582
0.787879
0.283734
0.549430
1.794974
0.919479
1.625613
0.709989
0.962972
0.384281
1.547933
0.975233
0.798356
0.143668
1.078089
0.067263
0.514488
0.121546
1.454868
0.333818
0.391643
1.774854
1.811103
0.612691
1.780648
0.151189
1.313367
0.943483
1.790406
0.085109
1.541423
1.354241
1.764546
0.253803
1.528010
1.456205
0.368604
0.454989
1.679490
0.902635
0.170443
0.950328
0.684595
1.637416
1.424947
1.297145
1.766478
0.303046
0.508783
0.970203
0.963981
1.155594
0.199644
0.321291
0.247838
0.153160
0.505245
1.791291
0.322713
1.779932
1.800477
0.163032
0.455614
1.699777
1.618053
0.945499
0.216560
1.197659
1.786344
0.250709
0.421710
1.651311
0.592603
1.016095
0.180266
1.194476
0.147299
1.095730
0.532115
0.234563
1.801848
1.442698
1.543764
1.799383
1.783181
1.114966
0.866908
0.246227
1.753917
0.576692
1.385196
1.055320
1.023590
0.498808
0.404155
1.372801
1.040011
0.187923
0.343227
1.525883
0.434521
0.195362
0.613980
1.447483
1.429149
1.348475
1.705464
1.332708
0.068698
1.066525
0.391707
1.053596
1.445528
0.080327
0.745770
1.804715
1.340724
0.274141
1.000715
0.710935
1.463565
1.378137
0.668986
1.714062
1.279474
0.839033
1.020166
0.996018
0.868642
0.170557
1.807566
1.794091
0.611863
1.787145
0.886789
0.279091
1.768896
1.277664
0.699726
0.416466
0.829542
0.175153
1.477576
0.534349
0.951828
1.719410
0.956816
0.602536
1.806246
1.701782
0.637691
0.176799
0.358483
0.274549
0.816076
1.121850
0.390370
0.976416
0.201133
0.929991
0.350156
1.762883
0.520407
0.198334
1.340773
0.471435
1.314981
0.145514
0.601148
0.271879
1.775975
0.866518
0.602841
0.175413
1.749070
0.979245
1.350677
1.247699
0.938439
0.241211
1.758628
0.411642
0.959544
0.892398
0.843066
1.145542
0.665456
0.235916
1.762882
0.341907
1.402408
0.368804
1.168968
0.536371
0.487383
1.501377
1.803883
1.803796
0.305198
1.384614
0.313540
0.804873
1.767134
1.649070
0.210305
1.223659
0.674594
0.922488
0.184549
0.291286
1.265310
0.278258
0.827430
1.787484
0.870107
1.365123
1.788866
0.369733
1.389292
0.711856
1.786224
1.792388
1.809045
1.367267
1.546010
0.194206
1.572074
0.273929
0.516055
0.190231
1.094237
1.486307
1.637826
0.871903
1.791706
1.400523
0.610476
0.419346
1.717411
1.176380
1.802999
0.348097
0.994523
1.681272
1.705756
1.217823
1.767824
1.307766
0.269186
0.264615
1.772914
1.231062
1.794698
1.606887
1.439053
0.364384
1.553613
0.425069
1.583762
1.372045
0.238189
1.353660
1.615102
0.504638
0.603096
1.328554
1.752001
1.724832
0.923412
0.279764
1.328927
0.279839
0.786356
0.467002
0.288614
0.305857
0.460881
1.171711
1.531612
1.068422
1.070452
1.786451
0.547407
1.763699
0.398452
1.060264
1.801965
1.106460
0.699010
0.277330
1.408823
1.183656
1.777864
0.967218
1.546977
0.226027
0.849818
1.804426
0.612582
0.729950
0.933419
1.370813
1.084324
0.282695
1.787249
0.144298
0.725458
0.643095
1.790077
1.135742
1.656547
0.569650
1.580258
1.209410
1.537574
0.923103
1.674759
1.321992
1.318127
1.145718
1.355740
0.597250
1.461721
1.497898
0.259061
1.006857
0.246238
1.803778
1.171967
0.758582
0.241625
1.066464
0.837918
1.696641
1.453093
1.308647
0.135506
1.212191
0.098818
0.428024
1.530656
0.931805
0.918914
1.461853
1.664597
1.787860
1.281865
1.000574
0.231040
0.267741
0.516986
0.511237
0.385517
1.599653
0.377171
0.233305
0.390654
1.765637
1.790156
0.208234
1.798507
0.726217
1.155776
1.655706
1.391282
1.664330
1.720973
1.579975
0.309913
0.903137
1.629021
0.154072
1.040310
0.570375
0.227598
1.157763
0.311360
0.872147
1.745667
0.992370
1.768486
0.639479
1.787726
1.781533
1.781049
0.212462
1.630588
0.682237
0.263104
0.722908
0.579629
1.182973
0.860693
0.977952
0.286823
1.769172
1.685820
0.956439
0.173267
0.844204
0.131686
1.406798
0.170055
0.353178
0.604993
1.610959
0.148361
1.782232
0.839961
1.206401
0.644819
0.697099
1.802907
1.048013
1.227042
1.158599
0.432341
0.368864
0.697211
1.766606
0.217424
0.858009
0.900552
1.512377
0.950744
1.470971
0.792313
0.112537
1.791643
1.802023
0.093296
0.350301
1.644820
0.609582
0.910955
0.934043
0.142774
1.515965
1.569624
0.390722
1.313713
0.191208
0.851297
0.536531
0.266304
0.250491
1.724744
1.724137
1.257582
0.970699
0.180762
0.815023
1.592034
0.187877
0.948278
1.393134
1.786813
0.884840
1.354638
1.786572
0.937661
0.644337
0.143589
0.254383
0.850101
1.197151
0.952423
0.392701
1.385297
1.783383
1.333174
0.684120
0.777614
0.891975
1.798288
0.335986
1.796739
0.823017
0.232327
0.126253
1.163659
1.790653
0.791161
0.170724
0.410164
1.415676
0.636304
1.733183
1.423545
0.135367
1.685820
0.946090
1.697804
0.215821
0.509926
0.928292
0.369531
0.212681
1.785069
0.877152
0.539800
0.969307
1.803293
0.194594
1.759063
0.565192
0.145853
1.488274
0.686427
1.790000
1.049036
0.259267
0.513922
0.336217
0.431645
0.287024
1.306977
1.795176
1.522234
1.780990
1.794525
0.926569
0.721481
1.098302
1.367127
0.312550
0.312371
1.047955
1.797889
0.572945
1.535870
0.347664
0.742148
0.558976
1.792952
1.459086
0.998515
0.704731
1.243779
0.183298
1.220323
0.929418
0.789793
0.314474
1.795745
0.256992
1.720680
0.893792
1.736455
1.794246
0.974205
1.334364
1.800939
1.481148
1.656758
1.385920
0.270156
1.345446
0.141962
1.791251
0.234097
0.433771
0.412904
1.787759
0.423476
1.773586
1.797456
1.149014
1.141111
1.282646
1.272897
0.404922
1.784787
1.788960
1.524796
1.484449
0.775484
0.269116
0.631218
1.321375
0.439264
1.798145
0.293852
1.803345
0.416881
0.530383
0.539393
1.225325
1.259186
1.703278
0.109550
0.902925
1.186893
0.799750
0.192885
0.865847
1.805120
0.347428
1.245612
1.783783
0.957522
0.398852
1.338880
0.987417
1.084222
0.252458
0.567192
0.286008
1.736680
0.972527
1.739564
0.616480
1.216348
0.494574
1.312343
0.231216
0.938114
0.495462
0.920203
0.531692
0.372349
0.796433
1.398643
0.899589
0.947850
0.358650
0.704122
0.476392
0.745002
1.779031
0.639468
1.092708
0.308433
0.195478
0.349480
1.107182
0.259013
0.292988
1.036588
0.914078
0.180260
0.821447
0.574681
1.234227
1.546566
0.200974
0.358204
1.639580
1.634106
0.935150
0.743092
1.801348
0.245239
0.733068
1.645294
0.257452
1.128023
0.271512
0.030780
0.974650
1.182311
0.730350
1.438206
1.133742
1.797247
1.750114
1.084650
0.585801
1.541091
0.196759
1.744412
0.380306
0.160737
1.539538
0.951529
0.151706
1.311635
1.403386
1.201566
1.359939
0.168589
1.391312
1.693641
0.705154
1.363594
1.511748
1.784095
1.237631
1.306556
1.771481
0.842277
1.413394
1.104526
0.356032
1.805848
1.365791
0.578171
1.372278
0.193465
1.782171
0.486031
0.367883
1.052679
0.731469
0.599094
1.429568
0.243268
1.157724
0.598439
0.308037
0.690211
0.547520
1.504500
1.729230
0.167527
0.688484
0.888832
1.794131
1.385788
0.520969
0.938873
1.808832
0.372902
1.384488
0.213695
0.588334
0.553309
1.280179
0.441869
0.336131
1.797752
1.807730
1.799011
0.654862
0.190426
1.451932
1.771715
0.189856
0.777207
0.557871
1.176963
0.941646
1.486720
1.012287
0.450926
0.851518
1.343433
1.782478
1.671494
0.963937
0.524231
1.331140
1.115500
1.041707
1.312185
0.900791
1.764274
1.801378
0.977953
0.527607
1.732630
1.510692
0.159860
1.372904
1.292597
1.766817
0.922516
0.918148
1.394496
1.362639
1.447575
0.682126
1.803803
1.579760
1.127435
1.317258
1.013283
0.967311
1.776195
0.691899
0.485443
0.634396
1.567140
0.328457
0.381302
1.121185
1.564300
1.750377
1.794690
1.717511
0.652305
0.766249
1.114040
1.791763
1.286886
1.397607
0.287931
1.737385
0.976024
1.756794
0.306935
1.791034
0.256410
0.163839
0.882465
1.786840
0.432172
0.301937
0.286620
0.947826
0.270160
0.454241
0.792861
0.839373
1.442178
1.218860
1.037845
0.345506
1.348526
1.406337
0.471047
1.336536
1.312639
0.539426
1.769381
1.793641
1.350906
0.154730
0.445833
0.512452
1.529278
0.188525
0.233567
0.498398
0.651602
1.250225
1.171590
0.252950
0.372139
1.742851
0.288422
0.836457
0.863267
1.415606
1.035032
0.753636
1.356194
0.593166
0.077906
1.117442
1.547773
1.234958
1.253241
1.263764
0.532484
1.191017
0.232257
0.518260
0.435608
0.578027
1.355215
0.966819
1.807783
1.404982
0.361330
0.145182
0.169656
1.750193
1.267339
1.185671
1.802229
1.244662
1.197435
0.385548
1.363927
1.206217
0.964029
1.295790
0.644113
1.446198
1.559361
1.224453
1.520159
1.782193
1.409823
1.386196
0.588074
0.373221
1.337445
1.778359
1.318697
1.028471
0.998908
0.232906
0.643913
1.388603
0.779718
0.305738
0.764052
0.524706
1.368048
0.526559
0.723574
0.913516
1.713612
1.575609
0.937250
0.745486
1.636286
1.786953
1.142105
1.143297
1.314651
0.463886
0.873143
1.800553
0.861832
1.460217
0.389925
1.341244
0.997568
1.080435
1.773976
0.477456
1.794251
1.650102
1.804273
0.875993
1.446399
1.326287
0.173069
0.133000
0.570129
1.631373
1.178420
0.326483
1.728304
1.379098
0.481277
1.417340
1.562155
0.971480
1.294953
1.536665
1.123908
1.314785
1.795779
0.995823
0.965849
1.057196
1.382006
0.309139
0.476919
0.257504
1.796481
1.734466
0.569312
1.389862
1.034653
0.121395
1.796037
0.941649
0.980608
1.805206
1.683514
1.365903
1.317331
0.684294
0.203237
0.925213
1.360294
0.248648
0.480669
1.674384
1.526221
0.662829
1.756693
1.362912
1.725198
0.512643
1.166685
0.728831
1.730864
1.797176
1.098732
0.980092
0.110983
0.646677
1.453954
1.281919
0.438396
0.822177
0.737590
0.860014
1.139827
1.673256
0.258812
0.251106
1.778011
1.079309
0.827909
0.702721
0.969604
0.776179
1.205293
0.338134
0.654895
0.319105
0.375513
0.532628
1.792210
1.775584
0.269599
0.776482
1.753683
1.471938
0.240922
1.404007
0.799460
1.250394
1.247946
1.743320
0.429806
0.940774
1.112370
0.148943
0.626385
0.280315
1.628345
0.521813
0.778672
1.808305
0.307889
1.265860
0.144417
0.726389
1.032156
0.593909
0.152847
0.252946
0.361238
1.578693
1.165006
1.780994
0.909781
1.772563
1.030257
1.463151
1.317686
1.062886
0.698578
1.447785
0.655813
0.382858
0.533526
1.222352
0.964518
0.426409
1.406856
0.197208
0.447755
1.021237
1.639141
1.717617
0.295327
0.446231
0.882784
1.459439
1.796862
1.101290
0.860663
1.079857
0.701099
0.852340
1.785026
0.525690
1.793527
1.672102
0.911065
0.939286
0.182230
1.808010
1.801462
1.550991
1.804953
1.799098
0.240394
0.225170
1.320758
0.280437
0.409879
0.465667
1.074408
1.183265
1.800557
0.313831
0.106256
1.796751
0.284400
0.888989
0.257338
0.186891
1.784643
1.216537
1.328953
0.438974
0.741770
0.206974
0.189219
1.096600
0.576439
1.639794
1.394490
0.504219
1.357765
0.986130
1.299882
0.456204
0.205409
0.121625
0.953400
0.753872
1.789408
1.812405
1.793614
1.359301
1.198544
1.782522
0.240976
1.462120
0.318068
0.551434
0.286068
1.605225
1.176576
1.030620
0.718267
1.349553
1.223822
0.269024
1.805126
1.335039
1.325992
0.957183
0.861927
0.165784
1.374000
1.231140
0.574216
0.833301
0.092385
0.128908
0.113962
1.661428
1.773309
0.567116
0.153688
1.227040
0.562135
1.730896
0.286372
1.360681
0.209831
0.777725
0.302894
1.205423
0.354736
0.412660
0.191270
1.420600
0.322330
1.637844
1.156674
1.291703
1.267432
1.225844
1.391937
0.515838
0.254025
0.697004
0.314984
0.894586
1.336227
0.236199
1.118933
0.781855
1.147928
1.806469
0.936109
0.292067
0.340633
0.605072
1.539429
0.968179
0.922124
0.132385
1.493743
1.786168
0.405091
0.386327
0.538413
1.809024
0.358737
0.232518
0.527688
0.967698
1.802911
0.649667
0.994859
0.323227
0.521867
1.070585
1.628224
0.352922
0.255999
0.470834
0.130894
0.236355
1.198921
0.850023
1.230767
1.597028
0.289684
0.333267
0.046976
0.255667
1.802946
1.304109
1.716358
0.642227
1.243064
1.377402
0.677902
1.425421
0.170178
0.372996
1.226770
0.890203
0.523936
1.503050
0.577722
0.911320
1.601495
1.093225
1.799683
0.945423
0.347284
1.798748
0.354756
1.409838
1.213650
1.781613
1.388839
0.909804
0.629313
0.884942
0.705937
1.351888
0.270929
1.697882
0.949315
1.031701
1.420377
1.364088
0.100200
0.144087
0.837486
1.215719
1.477704
1.424790
0.907264
0.412492
0.358631
1.161155
1.745179
0.424884
0.465539
0.281698
1.530957
0.424016
1.473323
0.152058
1.044120
0.272066
0.385769
0.946978
1.112444
0.808940
0.391074
0.591042
1.490467
0.441907
1.759065
1.677489
0.013446
0.172513
0.899170
0.251753
0.975758
1.326925
0.227143
1.060320
0.113530
0.598288
0.776612
1.066548
1.185678
0.127969
1.729890
0.771937
0.239412
1.723853
0.495516
0.221053
0.561245
0.485233
0.088242
0.192150
1.427827
1.458057
0.304351
1.407205
0.191326
1.795144
1.797852
0.441132
1.515618
0.174579
0.336783
0.443291
0.385019
1.773425
1.140611
0.632873
0.486275
0.486708
0.949509
1.789355
1.688931
0.792675
0.523531
0.205419
0.312842
0.818591
0.273262
1.620915
0.311627
0.567769
0.283217
1.445554
1.559645
1.205834
0.773528
0.481189
1.781968
1.373812
1.749522
1.280244
0.954011
0.625684
0.480749
0.275423
1.786439
1.705900
0.332917
1.043032
0.819810
0.722859
0.619362
0.204092
0.953340
0.913171
0.193712
1.154530
1.798821
0.803366
0.255855
1.730387
1.805446
0.277777
0.508847
0.860922
0.710909
0.276070
1.368613
0.355076
1.807611
0.390656
1.080311
1.716238
0.979828
0.083994
1.701241
0.391508
1.756438
0.863746
0.393396
0.730806
1.371409
0.273739
0.400461
1.732716
0.800892
0.208585
0.709654
1.778530
1.782003
0.599163
0.626570
1.467626
1.152194
1.625749
0.397271
1.462456
0.579106
1.141401
1.474825
0.310719
0.178493
1.565382
1.777358
1.281030
0.172577
0.395244
1.784148
0.951814
0.338937
0.185376
0.498722
1.232475
1.792893
0.607997
0.393110
1.774267
0.887768
1.291173
1.462904
0.334821
0.267892
1.097070
1.327219
1.772716
1.345231
0.540725
1.094560
0.792855
0.439364
1.661402
0.183756
1.698543
0.351432
1.340387
1.313414
0.396430
0.750907
1.074462
1.367167
1.462299
0.991520
0.887729
0.964381
1.595205
0.436819
0.918355
1.788527
0.418544
1.069725
0.198809
0.182152
0.207046
1.467092
0.963818
0.932527
0.869113
0.858393
1.511983
0.236514
1.794718
1.441167
1.465912
0.775457
1.336357
1.199791
1.802669
1.279623
1.378822
1.788332
1.252009
0.482267
0.324855
0.941545
0.255963
0.183233
0.546335
1.708830
0.255985
1.354576
0.973207
0.812512
0.795221
1.740254
0.451569
0.702209
1.162272
0.574560
1.654125
1.802437
1.808022
1.668697
0.171892
1.792258
0.333713
0.273689
1.785384
1.377061
1.744685
0.932286
1.333443
1.798231
0.286511
0.709827
0.212698
0.749454
1.358235
1.314767
0.991339
0.809227
1.740121
0.148766
0.404756
1.360335
1.032382
1.808056
0.421108
1.794749
0.753037
0.956531
1.188286
1.758355
1.741093
1.029680
1.788579
0.957374
1.076799
0.480422
0.938448
0.980564
1.504357
0.394612
1.765139
1.392912
0.315344
0.660966
1.345696
1.132321
1.425434
0.404396
1.338395
0.442117
1.105618
0.364752
0.872653
0.610221
0.232853
0.383473
0.660552
1.773922
0.497562
1.795371
0.586496
1.794773
0.206262
0.681835
0.140198
0.284444
1.781013
1.357092
0.433251
0.322213
1.758982
1.743561
0.979092
0.235773
0.336835
0.345166
1.759035
0.792936
1.794402
0.898028
0.930692
1.523799
0.597070
0.655989
0.126573
0.960207
0.353630
1.183751
1.579640
1.300541
0.659802
1.017339
1.787102
0.906539
0.288370
1.341785
0.778003
1.714602
1.770357
0.376915
0.279181
0.961288
0.258655
0.142290
0.191686
1.241904
1.541834
1.773010
0.630313
0.206652
0.821666
0.427999
0.883218
1.003427
0.258911
1.461851
1.400063
0.795893
1.807265
1.326366
0.234253
1.739526
0.184958
1.237740
0.869117
1.451283
0.874870
1.034375
0.646482
0.627523
0.129342
1.049684
0.772200
0.947905
0.154541
1.758627
1.798582
1.032318
1.204940
1.339691
0.166512
1.106833
1.667362
1.810871
0.324932
0.862825
1.284438
1.393029
0.169817
0.752045
0.255519
1.504945
1.333979
1.659194
0.684469
1.276200
0.639127
1.799454
0.274182
1.237808
0.912854
1.802070
0.611071
0.300744
1.653669
0.416348
0.282764
1.266376
0.066873
0.090162
0.244299
0.407313
0.248193
1.801490
0.402451
0.406693
0.820560
1.774401
0.712617
0.506515
0.727871
1.554527
1.328722
0.932066
1.417451
0.289567
0.123976
1.294656
0.955556
1.127169
0.171363
1.585855
0.751471
0.633913
0.513628
0.691787
1.600093
0.322060
0.965800
0.667724
0.129409
1.797110
1.334025
0.369477
0.277463
0.211440
0.375330
1.729259
0.229996
1.691140
0.341308
1.420260
0.612365
1.367926
1.028641
0.916281
0.373193
1.565333
0.289621
1.048304
0.862799
0.264409
1.763828
1.226228
0.376760
0.376021
1.537520
0.194110
1.806225
0.647666
1.630137
1.805967
1.274797
0.127791
1.755265
1.781165
1.035780
0.315675
0.395904
0.267427
0.230576
1.319681
1.453631
0.131901
1.391270
1.127024
0.621045
0.228770
1.771180
1.749659
0.770037
0.342380
1.227347
1.749700
1.036728
0.392189
0.185775
1.428290
0.523300
1.517970
1.043291
0.155273
0.195440
0.504864
0.963817
0.209825
0.820418
1.650012
1.321525
1.795324
0.320933
1.786313
1.803302
1.234455
1.324428
0.393022
0.408684
1.378008
1.809989
1.516809
1.781716
1.440319
0.819587
1.333287
0.766548
1.793555
0.513936
0.515291
1.463058
1.679539
0.954976
0.423255
1.635687
0.267398
1.287694
0.261839
1.784244
1.794263
1.424977
0.643616
0.200162
0.244886
1.331559
1.072554
1.406331
0.329526
1.127353
1.809955
0.898457
0.316583
0.076283
1.295036
1.141701
0.259744
0.769525
1.805556
1.774308
1.403019
1.400160
1.239145
0.625055
0.692429
0.083153
1.706712
0.208583
0.624445
0.112396
1.510149
1.016085
0.192071
0.993527
1.619567
1.773439
0.657117
0.947422
0.135828
0.569259
0.569775
0.125733
0.587740
1.435914
0.730580
0.611049
0.287452
1.769366
0.718295
0.784649
0.368384
1.385942
1.060150
0.818559
1.296394
0.904322
0.335920
0.234545
1.017979
0.190610
0.077707
1.708773
1.794005
1.779205
0.971780
0.760953
0.765492
0.691378
1.309686
0.357131
1.772343
1.796388
0.678540
0.453506
0.976237
1.760736
0.641685
0.991552
0.954987
1.115010
1.052726
1.426648
1.790250
0.410861
0.943460
0.774299
0.280451
0.947531
0.962792
0.702611
1.457337
0.245095
0.257052
0.487015
1.688492
1.010040
1.192954
1.163796
1.350434
1.708038
0.323605
1.653689
1.297930
1.197011
0.131869
1.255234
0.283391
1.329822
0.954329
0.347664
0.481030
0.783673
0.536111
1.489823
0.580579
0.544651
1.806199
1.101835
0.400458
0.946462
0.989253
0.309289
0.998727
1.787615
1.286921
0.311116
1.679407
0.177153
0.361935
1.360094
1.070119
1.253464
1.037285
0.193996
0.272907
1.165092
0.349633
1.793535
0.983967
0.489649
0.222260
0.707307
0.410045
0.361811
0.583527
0.957094
1.680229
1.795058
1.752772
0.108623
0.819225
1.333886
1.406160
1.417627
0.695012
1.007923
0.363707
1.386101
0.709651
0.902417
0.503647
1.720468
1.096784
0.373966
0.115176
0.279609
1.384457
0.519272
1.320523
1.795140
1.116618
0.315126
0.316916
0.982601
0.842344
0.175884
0.136021
1.791646
1.269000
1.396443
0.536027
1.122917
0.956955
0.355935
1.219722
0.361040
0.654827
0.214774
0.147602
0.399577
0.967629
0.201419
0.203746
0.528270
1.173609
0.944262
0.778719
0.991773
0.870994
0.315541
0.937698
1.320901
0.711608
0.217055
0.246985
1.229414
1.526278
0.707130
1.748532
0.963337
1.229274
1.742364
0.470817
1.678583
1.424733
1.756106
0.227749
0.562739
1.191568
0.491862
0.965355
1.747009
0.938382
0.999714
1.420649
0.733844
0.296384
0.525938
1.450089
0.253621
0.653742
0.658923
0.678658
1.644028
1.794343
1.340975
0.318905
0.217122
0.630042
0.781457
0.785046
0.964526
1.015672
0.143129
0.400903
0.948365
0.416546
0.226860
0.212213
1.556607
0.885906
1.341110
0.527834
1.706591
1.047677
0.984307
1.790877
0.780857
0.110994
1.794796
0.990582
1.636222
0.271252
1.429579
0.843024
1.788109
0.609376
0.918388
1.305393
0.901453
0.323971
1.654671
1.209255
0.146067
0.974211
1.791659
0.153199
1.387438
0.695867
1.103980
1.062387
1.273477
1.316789
1.110608
0.340481
1.458845
1.802330
0.162715
0.932363
0.433991
1.363650
1.748582
0.321399
0.097675
0.160454
1.059826
0.438378
0.310006
0.981349
0.360002
1.238899
1.654471
0.434893
0.582274
1.777176
0.093367
0.960782
1.758039
1.373612
1.129082
1.377740
1.261750
0.293086
0.730224
1.073993
0.975739
0.176818
0.080447
0.214619
1.804426
1.038057
0.632496
1.201704
1.195689
0.968807
0.225827
0.710213
1.336294
1.328334
1.149989
0.142484
1.793605
0.377229
0.360008
1.760198
1.198711
1.783361
0.933616
1.369316
0.867848
1.210753
0.334142
1.275752
0.691197
1.752896
0.941756
0.134311
0.201135
0.850147
0.177794
1.774615
0.361883
0.969205
0.202834
0.983398
1.366850
1.513915
0.199281
0.408076
1.799963
1.378003
1.667014
1.202798
1.181532
0.434321
1.113755
1.791550
0.086310
0.692488
1.080706
1.315329
0.247521
0.097903
1.135221
0.546432
1.090808
0.946803
0.263638
0.221030
0.898605
1.129512
0.868453
0.483943
1.792614
0.248591
0.757902
0.418407
1.472261
1.254822
0.251117
1.738823
1.602986
1.625378
1.703444
1.798151
1.799385
0.366285
0.488809
0.281932
1.010567
1.398149
0.984495
1.801919
1.356413
0.591023
1.190493
0.722005
1.797822
1.545453
1.798118
1.508986
1.778446
1.804456
0.491974
1.392659
1.803958
1.083297
0.614926
1.142193
1.364359
0.686311
1.269797
0.227854
1.798519
0.411281
1.093781
1.297942
1.038203
0.814428
0.453155
1.790684
0.316041
1.581218
0.934838
0.655790
1.257627
0.284648
1.386565
0.356293
0.079732
0.965581
1.363856
0.993059
0.666106
1.521358
0.257158
0.662045
0.183183
1.767050
1.331809
0.905576
0.583835
0.476610
1.762119
0.068608
1.362462
1.571713
0.453755
0.334069
0.332200
1.381558
1.709084
1.654652
0.483685
0.774867
0.246394
1.421288
1.603054
1.786305
0.572920
1.501121
0.984213
1.263097
1.248632
1.509830
0.173453
0.535414
1.683009
1.093971
0.816928
1.793275
1.086303
0.525747
0.311116
1.313244
1.783781
0.218369
0.267302
0.478326
1.788562
1.181763
0.212064
1.759413
0.448882
0.525537
1.775526
1.403560
0.986920
0.954646
1.752481
1.257161
0.959138
0.779389
1.772638
0.422578
1.027748
1.614762
0.208824
1.283366
1.323886
1.666733
0.355824
0.947877
0.526210
1.347118
1.050912
1.107181
1.716108
0.193782
0.230581
1.622353
0.991840
1.787679
0.678616
0.338065
1.538280
1.345338
0.506935
0.485860
0.654169
1.123985
1.420280
0.303102
0.978886
1.043969
1.429141
1.294675
1.711390
1.474928
1.682461
0.931104
0.944983
0.416343
1.800522
1.595853
1.448971
1.048701
0.109296
0.176685
0.919569
0.846117
1.645333
0.804070
1.464437
1.374731
0.478130
1.075967
0.910436
0.493422
1.259461
0.182927
0.984172
1.336762
0.964435
0.815529
1.471478
1.589896
1.797247
0.892464
0.322884
1.335494
1.498024
1.793908
0.059818
0.177958
0.287434
0.400354
1.528679
1.353074
0.516379
0.630494
0.977953
1.327569
0.076507
0.421613
1.542022
0.312730
0.445384
0.962920
0.182548
1.474830
0.772472
0.791050
0.890840
1.639142
0.158024
1.198156
0.999831
0.543360
1.082561
1.769802
0.198960
1.018602
1.264894
1.593333
1.392168
1.238095
1.772693
0.370174
0.279009
1.388450
0.235534
0.314673
0.474636
0.640812
1.793958
0.651602
1.580170
1.788346
0.323435
0.735974
1.760648
1.596744
0.449977
1.762985
1.492283
1.336326
0.538077
0.953906
0.257206
1.364255
1.570853
1.749997
1.258628
1.804648
0.147379
1.741029
0.208804
0.251455
0.792618
0.855826
0.662245
0.242128
0.089180
1.319679
1.705521
0.437662
1.173328
0.973817
0.868399
0.137654
1.729261
1.058247
1.343832
0.289159
1.752284
1.228546
0.274786
0.921149
1.006397
0.471088
0.640882
1.090622
0.188874
1.118172
1.035246
0.494381
1.363507
0.756907
1.360190
1.327547
0.789769
1.666938
1.790138
1.800133
0.529830
1.497067
1.011145
0.239911
0.326602
1.798274
1.524027
1.711715
0.965986
0.088299
1.072567
1.007274
1.489087
1.477226
1.007333
1.609207
0.779040
0.431172
0.971623
1.671013
0.660740
0.507015
1.295035
1.752746
0.973013
1.769736
1.333482
1.593736
0.323142
1.083573
1.802739
1.781344
1.063775
0.354531
0.110083
0.222914
1.671286
1.194097
1.346351
1.740252
1.315729
1.163393
0.162133
1.511452
0.486077
1.209992
1.760356
0.259741
1.506675
0.886726
1.331420
1.069718
1.703509
1.306402
1.349791
1.807528
1.375267
1.792353
0.397505
1.706678
0.449736
1.237870
1.364182
0.824288
1.202545
1.784735
0.371215
0.115531
1.390420
0.977879
0.687821
1.796837
0.976322
0.370522
0.624595
1.477770
0.180892
1.677195
0.820099
1.470173
0.704083
1.611373
0.350998
0.630241
0.705393
1.789351
1.800060
0.498503
0.276088
0.678473
0.977868
0.533796
1.344937
0.676310
1.803181
1.381351
0.521970
1.332025
1.264787
0.479391
0.229949
1.743258
1.725451
0.923767
1.742458
1.785835
1.673273
1.313553
1.287891
0.930819
1.277294
1.456904
0.378210
0.460600
0.406981
1.360441
0.571543
1.016193
1.811454
1.383800
1.672592
1.566506
0.442301
1.783373
1.765024
0.601037
0.987291
1.327504
0.578970
0.964649
0.545539
0.782114
1.538882
1.386526
0.443554
1.524817
0.916132
1.767930
0.183690
1.688286
1.375386
0.510870
0.409602
0.232298
1.682018
1.786507
0.232910
0.158792
0.233516
1.022676
0.561830
0.444994
1.791055
1.353065
1.501311
1.236332
0.446140
0.387980
0.754465
0.970122
0.643333
0.980672
1.061304
0.138405
0.794266
0.599045
0.415563
1.372870
1.009377
0.176164
1.549871
0.731182
0.802836
1.084041
1.806184
0.132917
1.111599
1.055343
1.798291
0.379267
0.284305
1.355500
0.128762
0.456417
0.891814
0.766702
1.795915
1.657593
1.135318
1.351344
0.531749
1.777155
1.412616
0.377679
1.460940
0.833011
0.175450
0.288541
0.968355
1.439255
1.644104
0.914536
1.797589
0.462084
0.474773
1.799864
1.002597
0.979136
1.474516
0.848775
1.305795
1.243007
0.478611
1.601671
1.259941
1.611449
0.204586
0.326615
0.215350
1.799575
1.673286
0.303296
0.344950
1.012609
0.593626
0.372008
0.138660
0.279255
1.014023
0.508452
0.727911
1.146561
0.936486
1.207080
1.401669
0.958828
1.493521
1.794122
1.782097
1.807615
0.256322
0.320114
1.698412
0.354717
1.539542
0.691358
1.780473
0.648586
0.538558
0.490875
1.180411
0.951099
0.231391
0.942606
1.275021
0.168076
1.616915
1.686834
0.927927
1.805287
0.290802
0.185080
0.291110
1.087946
1.040479
0.567982
0.232236
0.058190
1.357675
0.503557
1.247512
0.603022
0.698457
1.810812
1.133760
1.795194
0.529419
0.896172
1.343312
0.994833
0.985781
0.445444
0.051923
0.390636
0.945240
1.546910
0.575829
1.179717
1.720586
0.962980
1.782001
1.352981
0.962428
0.327250
1.800619
0.703355
1.691944
1.317464
0.248150
0.306142
1.758658
1.806490
0.968524
1.053236
1.766809
1.778379
1.262485
0.267355
1.520311
1.681032
0.186522
1.778762
1.806669
1.099989
0.951944
0.390408
0.638485
0.941425
0.198940
1.797691
1.795498
1.312213
0.862027
0.937789
0.823435
1.378575
1.475895
0.284862
1.782077
1.780185
1.400678
1.404132
0.164518
1.043188
0.823762
0.213283
1.439310
0.361763
1.688560
0.512932
0.338589
0.532684
0.264529
0.223868
0.206110
1.774260
1.135293
1.304235
1.366560
1.623486
0.477731
1.299111
1.794255
0.958368
0.224078
0.271670
1.806530
0.319234
0.259138
1.180248
0.136372
0.702147
1.068187
0.165922
0.155327
1.790982
0.840822
0.229741
0.930134
0.390657
0.386450
0.098702
1.377638
0.326405
1.720647
1.058706
1.628592
0.270898
0.247475
1.691182
0.452369
0.877861
1.172716
1.005573
0.805689
0.807651
1.788761
0.963415
1.024280
0.968400
0.500061
0.567202
1.760615
0.229284
0.881014
1.401226
0.182410
0.540586
0.546848
1.384940
0.213206
0.912174
1.796951
0.246229
1.567392
0.355435
1.790648
1.724044
0.435437
0.234205
1.365099
0.716407
0.512395
0.303718
1.793305
1.207305
1.092645
0.374336
1.093204
1.801922
0.931462
1.526387
1.339681
0.564510
0.476805
0.740480
0.547394
0.928594
0.495515
1.033836
0.247822
0.155602
1.349517
1.742678
0.320903
1.530799
0.132023
0.265670
0.754882
1.769275
1.763856
0.706501
1.419677
0.795562
0.201545
0.258993
0.892686
0.607928
1.342137
0.212145
1.348556
0.973811
1.786121
0.677178
0.287094
1.796382
1.649308
0.728231
0.175535
1.058885
0.845618
1.685900
1.591460
0.870389
1.245920
1.752414
0.817016
0.549928
0.938932
1.511430
1.144347
0.680094
1.425015
1.541365
0.119520
1.810580
0.448960
1.705286
1.239250
0.263028
1.730121
1.157823
1.325592
0.936925
0.523248
1.373935
1.678143
0.976529
0.096049
1.701864
0.049866
1.738195
1.751200
0.849209
0.270600
0.387077
1.279863
1.802339
1.465834
1.002273
0.629220
0.755735
1.799675
1.728865
0.165065
0.898443
0.158495
1.786160
1.757934
1.774770
1.418707
1.784225
1.392599
1.807862
0.861214
0.305660
1.771943
0.406665
0.263961
0.402982
0.301365
0.681696
0.556847
0.416946
1.238274
0.757628
0.204282
0.937604
1.320499
0.805011
1.122176
1.727212
0.219811
1.795079
1.155536
1.794822
1.800422
0.438931
0.451383
0.191304
0.239407
1.397215
1.784242
0.390720
1.309923
0.234005
1.163889
0.333064
0.411617
1.429173
1.381804
1.199004
1.383861
0.747090
0.150685
1.281788
1.739223
1.036364
1.748926
0.694027
0.444985
0.304010
0.710345
0.277345
1.412218
1.205561
0.320607
1.358308
0.634668
1.382022
0.187932
1.075126
1.796165
1.347711
0.214354
1.268033
0.202002
1.711542
0.814316
0.591518
0.277016
0.339076
1.763231
1.767247
1.546945
0.176821
0.459348
0.189302
1.705087
1.280447
1.786214
1.798602
0.306503
0.323765
0.961367
0.104075
0.963136
0.973998
1.516746
1.758036
0.412059
1.800711
0.768670
1.783846
0.301792
1.270690
0.958834
0.801175
0.872286
1.006252
0.968137
1.794541
1.794642
1.804995
0.292136
1.259359
1.092301
0.952554
1.525930
0.202334
1.462657
1.390832
0.300298
1.795929
0.142190
1.451059
0.979864
1.658265
0.402075
0.908999
1.601043
0.344994
0.229145
1.793899
1.748683
1.359959
0.147768
0.956511
0.940895
0.353094
1.787750
1.369492
1.790210
1.769081
0.295504
0.223443
0.837883
0.673245
0.722793
0.450847
1.219921
0.326315
1.778558
0.358580
0.431720
0.248999
1.811745
0.992306
0.913096
1.114120
0.360425
1.803879
0.427435
0.786906
1.278380
0.332185
0.661139
0.620492
1.375129
0.183862
0.164591
1.181088
0.933032
0.245519
0.373704
1.340800
1.773330
1.096859
1.198239
1.065175
0.214664
1.772945
0.894859
1.020418
0.839588
1.745638
0.188496
0.607969
1.747920
1.700151
0.408462
0.218827
0.105760
1.301077
0.563926
0.296412
1.733010
1.324154
0.559075
0.497252
1.435482
0.304203
0.304006
1.149074
0.220769
1.378942
0.933739
1.774300
1.055149
1.318745
1.063135
0.973001
1.801617
1.323839
1.696470
0.921336
0.654386
0.234853
0.378986
1.021635
0.432911
1.629896
1.364409
0.983157
1.800568
1.577301
0.311594
0.499258
0.787987
1.010402
0.485715
1.745007
0.169578
1.773174
0.527998
1.382487
0.985137
1.268303
0.871946
0.170229
1.771740
1.223623
0.801967
0.965381
0.326590
0.245349
0.477338
0.444913
1.105093
0.180908
0.752972
1.539153
0.178373
0.085678
0.884841
1.407479
0.541856
0.483073
0.470966
0.952515
1.804673
0.303799
0.881227
1.799002
0.418743
1.651713
0.640338
1.693103
0.465877
0.605501
0.954137
1.748164
0.277710
1.237560
0.767005
0.430021
0.083438
1.304839
1.787431
1.780678
0.443186
1.788568
1.387671
0.185748
1.790173
0.405013
1.718040
0.932167
0.182169
1.793290
1.145150
1.029348
0.960252
1.236794
0.427754
0.692317
0.927419
0.936840
0.471382
1.806931
1.209329
1.734743
1.706379
1.342110
0.233474
1.634840
0.878792
0.629824
0.575979
1.267345
1.069583
0.187372
1.795237
1.771057
0.581960
1.191266
0.820048
0.564852
1.310364
0.564552
0.911461
1.725358
1.262511
1.756408
0.474218
0.178316
0.231779
0.212628
0.367407
1.046490
0.504413
0.736041
0.336101
1.398467
1.701540
1.648191
1.764333
0.421297
1.158452
1.333854
1.362829
1.596146
0.639025
1.781196
1.787383
0.719189
1.770011
1.715133
1.729300
1.160819
1.691737
1.238503
1.250605
1.790071
1.198508
1.472241
0.761693
1.027987
0.344669
1.185992
0.023579
1.097969
0.204036
1.005467
0.694889
0.854523
0.298468
0.712251
0.606937
1.789746
1.760016
1.369055
0.791051
0.565661
0.840143
1.561021
0.552126
0.169488
1.655749
1.787484
1.659948
0.990963
1.332042
1.447836
0.564648
0.188763
1.420485
1.808650
1.524566
1.007206
1.442206
0.286589
0.820606
0.641818
1.426198
1.312186
0.559288
0.179101
0.455454
0.426517
1.375866
0.179073
1.550018
1.569382
0.964727
1.798335
0.424056
0.385678
1.755838
0.719715
1.068360
1.805606
0.173669
1.804796
1.761718
1.790790
1.268525
0.122333
1.749511
1.240960
0.823690
0.097966
0.452148
0.391767
0.978016
0.759957
1.428430
1.160576
1.439543
0.156932
0.495844
1.353983
1.526348
0.159561
0.543583
0.612627
1.300295
0.289768
0.326253
1.324297
1.779115
0.382947
0.214187
0.416303
1.786481
0.182600
0.528713
0.493983
0.401993
0.636231
0.484505
1.624623
1.277555
1.802980
1.740997
0.782781
1.317002
0.832602
0.940745
0.600564
0.483679
1.771728
1.225346
0.315837
1.238561
0.230032
0.917532
0.666225
1.041654
1.749440
0.160614
1.786408
0.504759
0.419931
1.161722
0.295838
0.582084
0.693780
1.779130
1.370014
0.655124
0.638933
1.373739
1.693648
1.007316
0.958358
0.609043
0.849700
1.806708
0.561253
1.081468
1.350837
0.238827
0.527428
0.645748
0.816925
1.223387
0.576523
1.196918
1.295267
0.235446
1.403049
0.182951
0.210453
1.210043
1.559097
1.023165
0.333257
1.541429
1.787019
1.355560
0.380353
0.451705
0.225775
1.766557
1.797633
0.246665
1.292233
0.394969
0.262852
1.441088
0.491224
1.455460
0.807665
0.593514
0.508612
0.981467
1.330636
0.784600
1.339866
1.239102
0.469893
0.876297
0.794793
1.756846
0.886916
1.737732
1.291614
0.375397
1.795767
1.626449
0.778270
0.173888
1.002142
0.781500
0.540081
1.641133
1.797567
0.231834
1.803139
1.768702
0.196690
0.252531
1.812186
0.823087
0.513459
0.139217
1.793295
1.055132
1.229371
0.192725
1.630824
0.107697
1.445995
0.210994
0.795750
1.302038
0.872498
0.810589
0.758684
1.231195
1.231965
1.801516
0.319013
0.168101
1.454020
1.515019
1.356884
1.329696
0.975985
1.111439
0.139119
0.171191
0.967392
0.362112
1.788359
1.117456
0.631964
0.795074
0.341645
1.782168
0.402998
1.143334
0.968745
0.788463
0.383683
1.479160
0.210176
1.128829
0.965594
1.111418
1.190262
0.152811
0.791322
1.545421
1.327591
0.607554
1.010793
0.963863
1.300930
1.713720
0.156744
0.861542
1.495322
0.425647
0.244449
1.208115
0.289722
0.800746
1.476673
1.335645
0.867634
0.877674
1.660178
0.315504
0.696720
0.684996
0.907522
0.977495
1.794001
1.800068
0.228716
1.489009
1.473463
0.235704
1.544634
1.416516
1.792041
1.798295
0.354812
0.683871
0.883389
1.447830
1.800100
0.417680
1.785277
1.787659
1.799423
1.772508
0.830250
0.266097
0.853286
1.774663
1.314828
1.012845
0.876267
1.299712
0.588992
1.192423
0.470003
1.361117
0.275341
0.257637
0.478735
1.272816
1.457061
0.436184
0.520862
1.454437
0.516072
1.571245
1.319819
1.402070
1.793176
1.484736
1.319144
0.420588
0.363341
0.597059
1.207639
1.729945
0.183460
1.035694
1.789030
0.104973
1.773506
0.138446
0.625629
0.094966
0.978720
1.725300
0.253822
0.656248
0.836188
0.156116
1.786142
1.601755
1.377083
1.303560
1.748206
0.277313
0.627709
0.394491
1.139118
1.722954
0.972245
0.166144
1.631501
1.632197
0.214138
0.567272
1.786926
1.733443
1.381528
0.857166
1.400624
1.793945
0.101858
1.063608
1.029886
1.265415
1.786176
1.037713
1.702132
1.765112
0.950680
0.433543
0.134246
0.325612
1.675981
1.754844
1.150332
0.494704
1.198169
1.786296
0.538358
1.139799
1.798949
0.960217
1.004850
0.254025
1.672174
0.750595
0.070755
0.819863
0.162934
0.191311
1.804015
1.139907
1.465981
0.282250
1.110633
1.745143
1.796947
1.175334
0.240014
0.917410
1.186314
1.717714
0.287914
0.775087
0.735404
0.900858
0.315834
1.526707
1.781438
0.652517
0.122470
0.857108
1.394217
1.795350
0.956445
1.792676
0.155828
1.785293
1.801222
1.700339
1.710184
1.432768
0.783768
1.760388
1.623722
1.311576
0.120897
0.760290
1.764724
0.223446
1.507516
0.728329
1.805137
1.783058
1.646532
0.889561
1.788383
0.639218
0.517072
0.678627
1.802190
1.365298
0.797417
1.517020
0.824159
1.326967
1.697461
0.334644
0.901823
0.247017
1.074026
0.615803
0.899383
1.394492
0.970243
1.314635
1.273575
1.095831
0.989680
0.430857
0.327916
0.613436
1.456980
1.252974
1.619135
0.229734
0.982438
1.600240
0.156181
0.970460
1.412080
0.214854
1.761001
0.934299
0.559551
1.169599
0.531419
1.521992
0.371565
1.779701
0.518818
0.227002
1.704377
0.444050
1.036754
1.756526
1.254444
1.751323
0.332741
0.964930
1.743914
0.091867
0.566943
0.915176
1.670889
0.087814
0.799873
1.563573
0.422531
0.964888
1.264737
1.157198
1.798977
0.769416
1.029003
1.715099
1.347336
0.910529
1.123420
1.798570
0.888877
0.160223
1.727616
1.347025
1.773873
1.312449
0.118761
0.608651
1.407936
0.258136
0.887486
0.287579
0.196015
1.050008
1.764986
0.468508
0.472112
1.404172
1.774098
1.784373
1.802711
0.999058
0.234861
0.177755
0.308027
1.732711
1.552925
1.365769
1.591653
0.080866
1.506596
1.796980
0.759926
0.880638
0.774893
1.058454
0.628069
0.784208
1.394302
1.363056
0.732443
0.430288
1.793311
0.152361
1.778997
1.360424
1.312635
1.803505
1.400922
0.828584
1.709342
0.796324
1.403525
0.680416
0.193198
1.228844
1.268601
1.589328
0.686476
0.115774
1.307986
1.800998
0.516947
0.417334
1.790601
0.235841
1.760919
0.212985
0.368143
1.347486
1.570610
1.747465
1.057425
0.132028
1.137319
1.796785
1.172510
1.774979
1.249650
1.217869
0.978968
0.379000
0.184175
0.797608
0.485118
1.753597
0.291130
0.180346
0.237394
1.786415
1.715077
0.064977
0.960780
0.189878
1.777333
1.157121
0.246477
1.093828
0.489406
0.083060
0.964564
1.759756
0.539823
1.466860
1.461240
1.800707
1.124553
0.457334
1.710142
0.512410
1.785383
1.378680
1.681225
1.806533
1.766426
1.753811
0.850029
0.062617
1.317498
0.436022
0.300327
1.401325
1.286810
0.270723
0.432318
0.733017
0.526976
0.354255
0.256632
0.789458
0.253332
0.559232
0.407307
0.036601
0.717917
1.107293
1.359915
0.049171
1.393722
1.787053
1.798817
1.779811
0.570219
0.434989
1.204454
0.890797
1.276225
0.966765
1.767442
0.842376
0.979871
1.413449
1.551242
0.552465
0.963394
0.290801
1.026478
1.450112
1.128341
0.611666
1.794556
0.246757
0.252009
0.972411
0.535581
0.832986
1.367681
1.363105
1.767303
0.589547
1.403887
1.191525
1.501475
0.280840
1.143398
0.969092
0.231575
1.492841
1.536874
1.261683
1.785520
0.552072
1.413995
0.518671
0.451809
0.951370
0.298883
1.283361
1.653902
0.544699
0.262388
0.272678
0.632260
1.788851
0.791902
1.397540
1.597105
0.389371
0.268207
0.268625
0.807076
1.784934
1.704757
1.795264
1.800370
0.351963
0.971892
0.425137
1.031307
0.200293
1.799388
0.936874
1.463431
0.429588
0.535465
0.290002
0.657193
0.605747
1.484910
0.233612
1.494379
1.506290
0.400974
0.823000
1.430135
1.071831
1.303251
1.365165
1.782920
0.592108
0.533272
0.173892
0.556439
1.508801
0.242760
0.246721
1.774709
1.802049
1.733474
0.636747
1.805671
1.372271
1.096783
0.331443
0.778703
0.330884
1.495434
0.187826
0.496628
1.773209
1.806893
0.305085
0.632698
1.778655
0.406087
0.343560
0.400516
0.334278
1.655372
1.399766
0.669395
1.349654
0.184774
0.372693
0.388085
0.501878
0.915295
0.609042
0.371219
0.432854
1.004338
0.315714
0.228240
1.379518
0.394877
0.365416
0.341299
1.003663
1.784216
0.463335
0.364000
0.857217
1.499589
1.426506
0.924367
1.770991
0.472058
0.195011
1.756959
0.644411
1.358075
0.564102
0.410231
0.178223
1.777878
1.359356
1.802873
1.252711
0.921959
1.333274
1.403039
1.496370
0.978450
1.382726
0.641750
1.375032
0.628521
0.428737
1.352928
0.226081
0.468143
0.384656
0.269825
0.183589
1.808811
0.452199
0.641422
0.865812
0.533000
1.801969
1.325279
1.392369
1.425714
0.233562
0.354945
1.110502
1.154864
0.978587
0.447768
1.743330
0.878802
0.426322
0.968589
0.380982
0.708233
1.411133
1.768958
0.673653
1.409908
1.773631
1.723176
1.453079
0.406760
0.779896
1.662007
0.160204
0.980041
0.869071
0.432440
0.826370
0.223107
0.781207
1.354734
1.803216
0.773041
0.854056
0.422700
1.253192
1.307836
0.108250
0.609991
1.316471
1.476000
1.361159
0.933337
1.359842
1.644164
1.373654
0.894897
0.275443
1.784554
1.585597
1.330896
0.202144
1.058140
1.099119
1.802309
0.923051
1.766471
0.775638
1.792211
0.209582
0.420998
0.232026
0.662767
1.782146
1.039516
1.682403
1.338086
1.099878
0.224604
0.655115
1.439304
0.176127
0.279323
1.080383
1.768386
1.439457
0.240909
0.149831
1.162726
1.797831
0.623077
1.808490
0.952646
0.778403
1.442603
0.410108
0.812009
0.484182
0.603698
1.699846
1.786408
1.739834
1.334103
0.234092
0.199202
0.665816
1.398373
1.749781
0.191617
1.093002
0.865961
1.057426
0.774756
1.690082
0.173830
1.344193
0.389142
0.723170
1.783906
0.565235
1.002801
0.634991
1.731193
0.350621
0.124468
0.361838
1.798127
0.626518
1.639705
1.780246
0.872633
1.784760
0.312248
1.204895
0.143255
0.420238
0.278142
1.776272
1.310601
1.395970
1.591002
0.138079
0.323147
1.791138
0.492941
1.597562
1.356836
1.794864
0.953588
0.132741
0.460949
0.971160
1.767403
1.691886
0.738997
1.743083
1.316184
0.160687
1.786950
1.483356
1.077746
0.770982
0.512841
0.548377
0.824419
1.361171
0.148896
0.489935
0.380725
1.350810
1.035840
0.744890
1.141474
1.317420
1.676746
0.218267
0.083011
0.212288
1.114821
0.236408
0.649913
1.572722
0.574787
1.367472
0.606827
0.726429
1.757738
0.357582
1.038322
1.730221
1.133320
1.440266
1.664685
1.185355
0.508799
1.795920
1.704524
1.247978
0.977102
0.254204
1.063812
0.437433
0.776973
1.003667
1.262290
0.227394
0.308687
1.711743
1.803248
1.486377
0.166452
0.250657
1.246951
1.533442
1.429924
0.245830
0.517498
1.165960
1.786325
0.263323
0.303097
1.800297
0.172701
0.490464
1.211437
1.693088
1.740540
1.376305
1.196817
1.516872
0.143344
0.908234
0.867365
0.802486
1.326469
0.532288
0.825906
0.919668
1.065670
0.199649
1.127265
1.773804
0.667714
1.140405
1.346962
1.737093
0.312095
1.328173
1.786637
1.190031
1.272791
1.752380
0.255254
0.894555
1.296432
0.967745
0.883141
0.539195
1.241044
0.763152
0.979791
0.922202
1.649452
0.822522
1.319118
1.503138
1.191856
0.212169
1.192521
1.332906
0.347876
1.328074
0.116332
0.127886
1.356988
1.193755
1.771185
1.356910
0.313690
1.380803
0.812137
1.706479
0.405711
0.186670
0.291636
1.210439
0.591585
0.396389
0.924029
1.275101
0.616265
0.585138
0.522220
1.340831
1.002489
0.227160
1.788313
1.239073
1.511549
0.830712
1.339890
0.960215
0.311966
0.413504
0.902784
1.792312
1.806741
0.556103
0.668347
1.203102
1.378480
1.403643
1.345681
1.006082
0.162935
0.955926
0.962462
1.747741
0.595386
1.333790
1.788955
1.373038
1.721526
0.646200
1.387198
1.466587
0.185947
1.114362
1.339274
0.385533
0.171101
1.678982
0.380590
1.709653
0.917649
0.396049
0.843553
0.298759
0.740846
1.570359
1.292904
0.831525
1.649236
1.113197
1.781036
0.956922
1.363974
0.481826
1.795942
0.135106
1.313753
0.352338
1.384462
1.373408
0.961571
0.385283
0.674888
1.299596
1.687505
0.837502
1.002158
0.622385
1.785174
1.589281
1.356480
1.110967
1.725911
0.852017
0.377608
1.785764
1.563027
1.758011
1.375994
0.981256
0.409930
0.288526
1.746489
0.663447
0.296693
1.368254
0.617337
1.377601
0.073575
0.730374
1.789134
0.372421
0.122367
1.634899
1.766220
0.688356
0.321883
1.323470
0.442682
1.166914
0.524021
0.105640
0.861827
0.612307
1.205528
0.210433
0.517825
0.874153
1.704328
0.237085
0.224150
0.574281
1.280920
1.356176
1.432690
0.382531
0.483461
0.907036
0.283298
0.721743
1.548849
0.296801
1.369817
1.565782
1.218477
0.120196
1.061899
1.333259
0.330313
0.887304
0.103811
1.671939
0.715232
0.229677
0.886529
0.360923
1.528596
1.416189
1.333292
1.551264
0.774117
0.802487
0.288415
0.340776
1.047139
0.368822
1.808530
0.267969
1.788733
0.822052
0.230775
0.724037
0.285302
0.956828
0.951027
0.990359
0.402441
1.630471
1.188914
1.767796
0.717023
0.919666
0.282372
0.979749
1.780690
0.658863
0.812419
1.644074
1.619725
1.772864
1.787136
1.185158
1.608233
0.396880
1.793364
1.796539
0.268928
0.769045
1.329206
1.049100
0.376463
0.936559
1.716984
0.430170
1.802302
1.328743
1.341252
0.527445
0.203184
0.281678
1.347117
1.076204
0.248496
1.310227
0.174347
0.749458
1.767657
0.937694
0.321577
0.225248
0.708951
1.804808
0.364460
0.960112
0.204086
0.291485
0.214074
0.299000
0.597179
0.683071
1.361138
1.778089
0.930113
1.317783
1.795964
0.633133
1.283902
0.117944
0.501469
0.344419
1.241120
0.677197
0.941961
1.156660
1.778627
1.788964
1.762030
1.802576
1.453339
1.587548
0.311517
1.348159
0.486671
0.498258
1.151648
1.337561
1.279378
1.448376
0.739779
0.435343
1.432434
1.247143
0.942188
1.181975
0.699424
1.752034
1.704223
0.961769
1.456710
1.367328
0.272797
1.772944
0.522212
0.281203
1.388596
0.214126
0.151023
0.963902
1.779376
1.762640
0.321216
0.410569
1.757560
0.185114
0.625269
1.701190
0.356546
0.121845
1.799166
1.784080
0.209775
0.502907
1.364976
0.220212
0.223055
1.791779
1.757887
0.883113
0.302067
0.889338
1.320865
0.792038
0.560057
0.198918
1.407812
1.802623
1.802334
1.397392
0.153248
0.190347
0.725953
0.787658
0.309194
1.419358
0.928123
1.791713
1.554696
1.717377
1.261007
0.943092
1.524357
1.477756
0.297382
1.783213
1.044436
1.792014
1.423805
0.906891
0.761532
0.207546
0.967751
0.134324
1.167591
0.257729
1.680757
1.049677
1.114741
0.774618
0.325147
0.719184
0.352133
1.374315
0.442952
0.689946
0.237790
0.620482
1.314126
1.778437
1.811228
0.973247
0.328616
0.209570
1.149640
0.989135
0.111279
0.705938
1.499146
1.391514
0.945657
0.971188
0.323684
0.486831
0.809211
1.581738
0.762804
0.958498
1.757125
0.303683
0.608678
1.762115
1.570016
0.958461
1.775696
1.406305
1.563822
0.795065
0.932414
0.422221
0.069461
1.519236
1.739728
1.347840
1.791660
0.229011
1.277857
1.797266
1.521473
1.781268
0.618275
1.209492
0.824122
0.186193
1.767201
1.264920
0.818372
1.785721
0.259741
1.082875
1.502973
0.553657
0.362315
1.747215
1.653869
0.641794
0.445772
0.956871
0.284929
0.379035
1.074386
1.232066
1.079060
1.805032
0.100352
0.125328
0.880254
0.945281
1.747636
0.536747
0.504534
0.256093
0.553984
0.950644
1.320247
0.198473
0.480064
1.218264
1.733559
1.464449
0.254597
0.395350
0.165803
1.470557
1.097996
0.226175
1.283037
1.435151
0.548533
0.269640
1.785360
1.364274
0.961790
1.027949
1.394120
0.147986
0.202158
1.294371
1.024865
0.268469
0.673541
1.745663
1.803341
0.522846
0.212328
0.971715
1.692788
0.173489
0.080992
1.326972
1.054490
1.361126
1.275158
1.540087
1.360641
0.193469
1.369950
0.262362
1.099324
1.440240
1.788014
0.338202
0.495499
0.708562
0.397916
0.959827
1.389922
0.372975
1.439482
1.777563
0.907844
1.396216
0.968652
1.049950
0.620625
0.401043
1.120938
1.658899
1.253114
0.230486
1.733344
0.201001
0.155635
0.529206
0.734913
1.335088
0.666839
1.792755
0.502825
1.550266
1.468265
1.191579
0.500360
1.210774
1.294179
1.777422
1.366779
0.763127
1.405115
1.514513
1.485328
0.717814
0.842105
1.702052
0.659708
1.603610
0.503082
1.204035
1.786640
1.763681
1.780934
1.807484
0.541602
1.384092
1.678700
1.801351
0.482910
0.745673
0.454993
0.419813
1.056528
1.627178
1.795566
0.376467
0.247389
0.433239
1.168333
1.012221
0.389163
1.717296
0.204498
0.119446
0.310616
1.781349
1.109383
1.757882
0.216089
1.136579
0.260223
0.752154
1.720058
0.526730
1.116561
1.227897
0.478700
0.103755
0.197884
0.959775
0.396557
1.241999
0.343752
1.783172
1.551588
0.623943
0.570653
1.097716
1.222068
0.902745
1.001145
0.314881
1.799055
1.730146
0.787873
1.604114
1.153127
1.038517
1.799532
0.926697
0.859756
1.345072
0.553261
0.623371
0.360447
0.218479
1.798956
1.795920
1.351250
0.637007
1.136233
1.805340
0.648798
1.295562
1.810513
1.336241
0.903133
0.376839
0.925125
1.674018
0.978833
1.785211
1.755975
1.800872
0.465287
1.759711
0.276884
1.511210
0.333496
1.088410
1.361480
0.727453
0.215381
1.545596
0.479668
1.729586
0.961680
0.662988
0.566797
1.079158
0.195973
1.787371
0.436414
0.839635
0.770357
1.344384
0.961294
0.673990
0.251808
1.774806
0.262459
1.457483
0.766891
0.285859
1.698612
1.700964
1.128819
0.367479
0.256172
1.805893
1.184228
0.741865
0.397974
1.300893
1.741445
0.187531
1.337828
0.937218
0.823756
0.373799
0.324250
1.791699
1.390919
1.230157
1.713894
0.825848
1.786818
0.484221
0.143853
1.790358
1.808967
1.811965
1.521034
0.964478
1.778190
1.657564
1.798354
1.197783
0.186166
0.255605
0.682368
1.239379
1.807245
1.788451
1.793815
0.106796
1.012356
0.295737
1.801079
0.917720
0.940348
1.794859
1.323034
1.342714
1.415451
0.285807
0.259863
1.648965
0.227538
0.981584
0.993552
0.090975
1.047884
1.790848
0.358717
1.782661
1.774194
0.168410
1.204634
0.302633
1.227543
0.162039
1.794264
0.965845
0.663460
0.388726
1.798792
0.626400
0.156582
0.854287
0.588133
1.666236
1.288718
1.334082
0.486895
1.675201
0.064561
0.414829
0.226430
1.761447
0.850480
0.305803
0.330165
0.705378
0.878132
1.525857
0.878231
1.796390
1.180914
0.301830
1.348624
0.949362
0.311529
1.080063
0.285271
1.725908
1.345989
1.349355
1.812178
0.881722
0.229950
0.396899
0.368156
0.807473
1.729702
1.040151
1.117742
0.458406
0.935662
1.418014
0.613511
1.237599
0.969394
0.687073
0.498311
0.214000
1.309971
1.771835
1.789903
0.894337
1.670711
1.790639
0.946051
0.839701
1.732809
0.228199
0.477765
1.241989
1.784678
1.427974
1.772730
1.784444
0.968128
1.770457
0.119620
1.785963
1.506062
0.578978
1.319758
1.496669
0.143532
0.947785
0.278512
1.065231
0.273226
0.782643
1.751886
0.924559
0.284995
1.795938
0.274928
0.965097
0.174256
0.609741
1.323653
0.211899
1.546588
0.834590
0.867049
1.757377
1.082276
0.673855
1.563499
0.412608
1.698122
0.265809
1.705959
1.355645
0.938050
0.105971
0.228657
0.622962
1.732403
1.797629
1.787297
1.753729
1.799928
1.243938
0.459748
0.856533
0.447572
1.238814
1.457864
1.197394
1.723139
0.280910
1.180098
1.783757
0.425437
0.156238
0.348830
0.958812
1.591824
0.152725
0.208239
0.120842
1.565014
0.321090
0.493171
0.359980
0.771042
1.641739
1.650344
1.696605
1.436196
1.377413
0.703470
1.778967
0.538779
1.755710
0.234947
0.985113
0.258948
0.240659
1.778284
0.299712
0.506392
1.769621
1.701007
1.359325
0.118813
0.622268
1.345929
0.307817
1.772790
1.794559
1.355889
1.704715
0.460780
0.689736
1.373050
0.584482
1.137819
0.957514
0.227459
1.235066
0.307580
0.331152
0.368591
1.368840
0.261412
1.194178
0.317319
1.789638
0.391551
0.194674
0.725997
0.164665
0.700553
1.759348
0.900550
0.691069
1.449052
1.802637
1.747152
0.180809
1.059294
1.376723
1.248368
1.780823
1.398729
0.321614
0.515301
1.236171
0.268542
0.520430
0.260428
1.079921
0.206466
1.020685
0.772260
0.997843
0.533215
1.795969
1.290017
0.218709
0.521210
0.176831
0.840351
1.505188
0.627275
0.111264
0.202654
0.239982
0.715990
1.357186
1.092349
1.687244
1.796903
1.342897
0.645647
0.231513
1.631198
0.917353
0.236067
0.930582
0.691793
0.389065
1.345487
0.129515
0.147037
1.387676
0.204230
1.680448
0.573379
0.425330
1.803200
0.959094
0.173592
1.243634
0.652665
1.019565
1.768528
0.316479
0.368204
1.707845
0.943675
0.970089
0.554372
1.791466
0.975257
0.240224
1.073519
0.755964
0.173326
1.804414
1.273082
1.742146
0.584477
0.940774
1.377566
0.941579
0.894313
0.087491
0.356010
0.776269
1.785807
0.572151
1.786336
1.112634
1.357242
1.796403
1.469110
1.181344
0.951716
1.273103
0.925513
1.774594
0.841793
1.455586
0.087393
0.063856
0.259337
1.327652
1.725592
1.681646
1.350939
0.520062
1.486948
1.774680
1.218234
0.692486
1.671257
1.121102
0.193727
1.785362
1.018513
1.358128
0.991505
1.803826
1.278883
0.231682
1.290164
0.632779
0.330278
1.065598
1.106365
1.050050
0.158533
0.283243
1.315323
0.398197
0.422938
0.191711
1.766248
1.806890
1.349025
0.177271
1.363593
1.291218
0.323045
0.900738
1.728694
0.889097
1.392420
1.786220
0.570380
1.653450
0.736320
0.963431
1.795333
0.421511
0.969006
1.339862
1.782301
1.349624
1.786879
0.467415
0.983720
1.145692
1.502013
0.941189
0.214494
0.989263
0.639677
1.798406
1.288424
0.486347
0.276979
1.326816
1.332208
1.023784
0.187008
1.782103
0.526426
1.115457
1.754758
1.759169
0.336843
0.591161
0.990493
1.391263
1.338650
0.295229
1.758910
0.212368
1.582999
1.347192
0.482325
0.668939
0.342735
1.784648
0.333044
1.743925
1.795646
1.265779
0.159826
0.310633
1.782377
0.917860
1.734933
0.128357
0.335522
0.514541
1.047470
0.942861
1.786701
0.979796
0.813844
1.135262
0.154932
1.454213
0.216996
1.792844
1.276432
0.768450
1.341569
1.108677
1.242642
1.663067
1.681446
0.960366
0.600617
1.498269
0.391246
0.984502
1.756231
0.092326
1.678112
0.452627
1.730973
1.213366
1.299674
1.745295
1.240027
1.347559
1.568832
0.338722
0.403684
0.161916
0.551171
0.418075
0.919745
0.475776
0.659968
1.434886
0.190742
1.437178
0.434146
1.512881
1.797768
0.163281
1.668382
0.972127
1.216578
1.772484
1.650635
0.468744
1.799136
1.426761
0.210299
1.247784
0.340247
0.655994
0.441111
0.903088
0.192234
0.861148
0.562894
0.947529
0.359226
0.797141
0.854415
0.832566
0.343825
0.957154
0.509708
0.334229
0.481158
0.348194
1.655769
1.170231
0.921296
1.770700
0.922340
0.719881
1.808793
0.601287
1.301434
1.316002
0.961550
0.252606
0.199450
0.139809
0.137087
0.805422
0.974778
1.684873
1.781740
0.676155
0.675412
0.434191
1.570559
0.790755
0.346659
0.977978
1.110335
0.539066
1.808982
1.336886
1.164805
1.327447
0.162223
0.611629
0.567241
0.414062
0.972989
0.397725
0.767415
0.344444
1.500596
0.309266
0.459042
1.755288
1.231986
1.791223
1.108759
1.073793
0.734792
0.896615
1.788143
0.485781
1.635625
1.354806
0.910100
0.131503
0.090976
0.867158
0.287825
1.048240
0.219555
0.169108
1.417791
1.345953
1.270487
1.716947
0.584541
1.778883
0.377100
0.467897
1.804241
0.604763
0.288273
1.674929
0.953221
1.800093
1.692189
0.367126
1.752809
1.278272
1.453624
0.181607
0.870448
0.597654
0.231971
0.523894
1.234731
0.988809
1.039336
1.800274
0.687905
0.152239
0.194216
0.285997
0.516196
1.790332
0.481768
1.081719
1.752853
0.865411
0.183506
0.803699
1.803667
0.238386
1.293902
1.297309
0.514151
0.608796
1.558254
0.222414
0.686784
0.393980
0.174691
0.234879
0.510584
0.776620
0.121919
0.458286
1.778976
1.788454
1.233906
0.458108
1.802960
0.408268
0.494287
1.800137
0.463054
0.233201
0.352153
1.727872
1.324286
0.799596
1.724282
0.408762
0.989857
0.477172
0.567938
1.671264
0.725567
1.787400
0.293830
0.532957
0.417829
1.694190
0.633380
0.266653
0.197461
1.496583
0.922709
0.276790
0.246173
0.192284
0.791548
1.128972
1.079366
0.313769
0.211248
0.468606
0.098368
0.610003
1.477535
1.197029
1.080791
0.180772
0.197146
0.364781
0.297903
1.084884
1.783588
0.133306
0.380692
1.227711
1.050601
1.676482
1.558663
1.723786
1.378755
0.703177
1.752845
0.524793
1.434484
1.798160
0.942432
0.658707
1.352146
1.721095
0.440525
0.418052
1.793993
0.680873
1.600657
1.403462
0.764828
0.685782
0.680306
0.260801
0.130661
0.346881
0.139957
0.455663
0.279177
1.791722
0.210238
0.356487
1.289029
1.697110
0.292160
0.991062
0.246086
1.015590
0.463563
1.463848
1.364776
1.409478
0.927351
1.789876
0.831140
1.710300
0.769438
1.229918
0.326142
0.380356
0.196342
0.871986
0.805196
0.315083
0.291483
0.829950
1.404033
1.778330
0.629571
0.987877
0.849867
0.196505
1.382511
0.468734
0.636709
1.047702
0.641218
0.977764
1.741768
1.086400
1.240010
0.223268
0.511926
1.772761
1.252984
1.298670
1.792240
1.785791
1.740964
0.913266
1.790526
1.703171
0.296558
1.784930
0.853127
1.782417
0.195699
0.815103
1.142915
0.311675
0.855960
1.812455
0.386607
0.644377
0.909429
0.216362
1.495315
0.344844
0.282905
1.344566
0.134078
1.773085
1.080108
1.753811
1.753948
0.964789
1.366000
0.405165
0.956021
0.615198
1.805025
0.541021
1.475891
0.486506
1.731596
0.886856
1.306056
0.217572
1.280572
1.805518
0.229282
0.568690
0.494351
0.505511
1.396303
1.031994
0.217903
0.266449
1.797253
1.345550
0.500861
0.372327
0.590848
1.795862
0.977229
0.950526
1.801815
1.406663
0.514444
1.637145
0.170573
1.268209
1.804511
0.819382
1.257104
0.794327
0.280512
1.643603
1.780910
1.015718
1.439284
1.791802
1.716692
1.511312
1.483933
0.912940
1.493055
0.959359
1.331568
1.791206
1.490577
0.395635
1.348564
0.170680
1.334037
1.788928
0.342162
0.430858
1.283544
0.507948
0.463257
0.774271
1.781169
1.791009
1.395164
0.290233
0.401862
0.509258
0.879649
1.668988
0.836402
1.644631
0.422742
0.439055
0.604171
0.881840
1.319748
0.512168
1.789997
0.979112
0.699027
1.240237
0.302275
1.415904
1.546368
1.594940
1.306738
0.659401
1.330579
0.049872
1.155990
1.120824
1.333255
1.503652
0.611328
1.778157
0.991370
0.945169
1.367989
0.470577
0.959192
1.797269
1.751431
0.427911
0.427618
0.746035
1.502555
0.762372
0.538267
0.948042
1.095184
1.469686
1.042427
0.992348
1.014364
0.252394
0.924846
1.199926
1.392764
0.181206
1.423517
1.303555
1.537570
0.296583
0.651152
1.409510
1.785418
1.568902
0.521137
1.403475
0.258751
1.234279
0.445367
1.014861
0.881197
1.393305
1.031472
0.287480
1.806574
1.761258
1.793362
0.173748
1.053699
1.182442
0.309185
0.320569
0.294939
0.338674
1.706320
0.224326
1.464837
0.142182
0.375489
1.410079
0.879021
0.529928
1.674392
1.156269
1.780768
1.603165
0.253494
1.468446
1.125090
1.147636
0.085640
1.265741
0.807587
0.348712
1.110611
0.520704
1.788784
0.247452
0.982667
0.937402
0.214737
0.173565
1.138547
0.812103
1.773419
0.209658
1.039910
0.203696
0.661613
0.950338
1.028690
0.571487
1.789861
0.306994
0.954443
0.191269
1.735364
0.421687
1.660011
1.418663
1.070912
1.041021
1.752727
1.123755
1.346575
0.695139
1.800805
0.192881
0.813836
0.495095
0.975719
0.486556
0.399370
0.302165
1.271727
1.802375
1.390665
0.319611
1.777324
0.437336
1.127946
0.377672
1.351809
0.422670
1.630360
1.763652
1.034049
0.658069
1.090602
0.175484
0.192880
1.611018
0.089015
0.351184
1.792888
1.776832
0.244243
0.958588
1.052629
1.302369
1.343998
0.470774
0.222815
1.396221
0.789623
0.071238
0.314793
0.556643
0.215426
0.222381
0.174875
0.275655
0.481062
0.314531
0.390492
1.771877
1.246669
1.097209
0.941071
1.807142
1.511999
1.796254
0.196042
0.116304
0.641844
0.214855
0.777064
1.731860
1.623733
1.778326
0.482084
0.607981
0.961755
0.372399
1.163531
0.564226
0.939970
0.665574
0.329742
1.277704
1.397142
0.271816
0.950186
1.781381
0.345113
0.632598
1.718388
0.490432
1.021166
1.403750
0.673775
0.405172
0.239278
1.560294
0.755631
1.788534
1.785488
0.434772
1.172977
1.031496
0.108883
1.791455
1.711792
1.101517
1.780941
1.545757
1.710467
0.343392
1.617318
0.304324
1.594810
0.135733
1.357066
0.263689
0.952491
1.160953
1.311864
0.590168
0.410280
1.799903
0.294813
0.881479
0.972481
0.245422
1.808924
1.137123
1.791638
1.497295
0.329960
0.324635
1.778991
1.507043
0.405483
1.011880
0.605336
1.501095
1.752727
1.801432
0.568815
0.239459
1.081545
1.202484
0.318228
1.525420
0.218664
1.805959
1.339817
1.810441
1.732477
1.229043
0.986017
1.065693
0.757765
1.019194
0.201308
0.305542
0.424176
1.277178
0.267250
0.720107
0.939438
1.552876
1.343665
0.658923
1.765048
1.779911
0.275274
0.579380
0.942807
0.314891
1.370413
1.380622
1.783291
1.520930
0.978705
1.048253
1.672255
1.379207
1.021275
0.782441
1.769829
1.319229
1.772521
0.949790
0.791455
0.609396
0.303102
1.540675
0.743619
0.431001
1.478629
0.245965
0.824705
1.789460
0.675954
1.408486
0.370163
1.800704
1.736419
0.420354
1.794804
0.296204
0.424251
0.315672
0.327142
0.989602
0.843935
0.488686
0.516383
0.825401
0.266331
0.579173
1.506483
0.928269
0.950226
1.356403
0.116899
1.355750
1.800596
1.070822
1.725672
0.970163
1.357004
0.740031
0.106370
1.676074
0.622650
1.349240
1.801283
1.800704
1.740643
1.782969
1.783034
1.801428
0.684751
1.075012
0.904175
0.923664
1.796438
1.685139
0.684786
1.561848
0.439121
1.022765
0.563265
1.726204
0.903420
0.808200
0.531598
0.828494
1.754318
1.381743
1.320614
0.978772
0.944614
0.875843
1.791307
1.084630
1.336278
0.521146
0.207780
1.155911
1.090401
0.260853
1.131607
1.069546
1.076304
1.383496
1.633782
0.216838
1.801258
1.329441
1.214769
1.585290
1.361059
1.007613
0.237395
1.807021
1.348420
0.948792
1.072109
1.765383
1.370924
0.980553
0.128816
0.419335
0.215140
1.739929
1.000023
1.588456
1.171927
1.733114
1.260206
0.702036
1.365576
0.227576
0.497646
1.788686
1.703896
1.797668
0.772351
0.701549
0.371838
0.611136
0.327671
0.460771
1.349424
1.796666
1.202113
1.630038
0.095442
1.780161
1.771125
1.754703
0.914019
1.258711
1.689115
1.373725
0.452924
1.158174
0.194214
1.450083
1.056293
0.558831
0.883995
0.397587
1.368155
1.312943
1.802925
1.268219
1.414982
0.743091
1.677241
1.315172
0.233387
1.786834
1.729338
0.959952
0.644540
0.747950
0.441385
1.048335
1.541937
0.267523
1.229937
0.924365
1.378644
0.935849
0.473612
1.696498
1.130759
1.769748
0.882547
0.426114
1.198963
1.141188
1.788944
0.926689
0.207818
0.875061
0.709965
0.937708
0.439586
0.933525
1.786684
1.322384
1.459001
0.998854
0.429024
0.209732
1.232024
0.472967
0.532413
0.145025
0.461919
0.624325
1.159326
0.598227
1.678367
1.174341
1.107751
0.275043
1.209503
0.606539
1.539683
1.439463
1.800288
0.996077
0.660516
0.587622
1.286250
1.220014
1.659991
0.437250
1.384453
1.401745
1.789607
1.769822
1.368537
0.141305
0.924492
1.405452
0.471762
1.470632
1.326581
1.382357
1.768213
1.469970
1.721015
0.191239
0.941718
0.880943
1.303570
0.254866
1.293545
0.753703
1.788501
1.736348
1.536143
0.984941
1.805929
1.447686
1.180852
1.397141
0.657718
1.785417
1.257767
0.109049
0.927640
1.224340
0.535896
1.117481
0.557606
0.548050
1.265959
1.157352
0.279910
0.427566
1.797315
0.996366
1.406904
1.123148
0.401955
1.352177
0.161316
1.780671
1.789998
0.732753
1.087782
0.899831
1.622437
0.404648
0.083468
1.264581
1.098335
0.495653
1.358599
0.671195
1.229840
1.337239
0.220407
0.822220
0.566555
1.779118
1.788597
1.172585
0.806200
1.390562
0.734893
0.303246
0.964340
1.798151
1.760145
0.255312
1.804897
0.150770
0.968115
1.142024
1.397545
0.431289
1.673174
1.306283
0.914497
1.534013
1.660388
0.892881
1.468016
1.499944
0.955988
0.475641
1.581413
0.993003
1.160115
0.283181
1.194183
1.661774
0.535392
0.517637
1.708150
1.791056
0.256954
1.056605
0.869622
1.781571
1.250241
1.219721
1.151791
0.164211
1.653893
0.962919
0.665719
0.320227
0.653907
0.813754
1.585017
0.954372
1.728038
0.294363
1.268417
1.659633
0.083731
0.318784
1.748387
0.194845
1.160756
0.680210
0.470242
0.448375
1.728622
0.835892
0.907579
1.267517
1.362782
0.521893
1.153144
1.360054
0.391351
0.376817
1.180087
1.793927
0.543740
1.792530
1.750561
1.712996
0.242562
0.553564
1.750523
1.174616
0.430827
1.776470
0.422570
0.695289
1.468360
1.796954
1.101408
0.266252
0.946432
0.254827
0.219958
1.691790
0.139461
0.230983
1.779037
1.654306
1.285848
0.217366
0.207214
0.958694
0.527418
0.592792
0.245548
1.496131
0.911099
0.054397
1.027193
1.806834
1.806742
1.784198
1.734740
0.481172
0.880194
1.777276
1.264729
0.928970
1.754949
0.230542
1.716466
0.465165
1.153542
0.298040
1.388951
1.807475
0.669297
1.363618
1.469666
1.373270
1.796815
1.808725
1.197772
1.798335
1.781267
1.396148
1.454602
1.737949
0.130939
0.440454
1.083190
1.719020
1.600847
0.721516
1.365174
0.237383
1.232122
0.894668
0.606642
1.778214
1.283211
1.775968
1.382773
1.030229
0.215353
1.792547
1.802238
0.569567
0.260805
0.860008
0.960240
1.786069
1.704505
1.024832
1.296220
1.792871
1.050497
1.399040
1.778370
1.768312
0.985461
0.257334
1.299756
0.705522
1.784329
1.379090
1.324061
1.386296
1.766210
0.385004
1.125296
1.132184
0.222829
1.792392
1.786824
1.793951
1.786653
0.941079
1.804126
0.686721
0.477896
0.174877
1.368749
1.397479
1.407315
1.293995
1.426629
0.288660
1.741713
0.481405
1.146409
0.645323
1.514910
0.794252
0.277730
0.183427
0.182268
1.258517
0.852843
0.908895
1.402088
0.559772
1.264909
1.345750
0.981741
0.278958
0.979738
0.503430
1.698545
1.762802
1.480199
0.646905
1.561322
0.399164
0.307227
0.526294
0.843429
1.603555
0.166437
0.972543
0.190782
0.518108
1.111830
0.715476
1.659143
1.040741
1.322861
1.173079
1.308291
1.627681
0.707450
0.245405
1.574154
0.398350
1.163487
0.313925
0.848885
0.779808
1.412519
1.076691
0.369439
1.802608
0.458954
0.475171
1.791001
1.658177
1.762153
1.245973
1.163781
0.310921
0.304085
1.263493
0.712852
0.371676
0.206605
1.317597
1.495303
0.974362
0.767639
0.378566
1.124862
0.113538
1.265203
1.568393
1.412414
0.711769
0.598861
1.763112
0.769351
1.796520
0.451852
0.762924
0.809043
1.082074
0.802317
0.552655
1.370419
0.969145
1.784348
1.382230
1.440898
0.567133
1.549783
0.072619
0.404934
1.328845
1.764758
0.341292
1.136253
1.259808
0.302971
1.629028
1.341443
0.330649
0.682373
1.802050
1.308880
1.666692
0.821048
0.224252
0.958437
0.390846
0.741941
0.207538
0.551563
0.890962
1.655839
0.161956
1.015779
1.431838
0.924669
0.614633
1.296026
1.327808
1.362754
1.743809
0.293885
1.379725
0.919480
1.768489
0.518478
0.161637
0.844433
1.671511
1.227034
1.664743
1.344068
1.588048
1.406666
1.373876
0.244081
0.937300
0.934763
1.684417
0.774432
1.052251
0.381501
1.299059
1.358512
1.316663
1.157597
0.310993
0.501537
0.917552
0.649133
0.538453
1.414556
1.173509
0.151611
1.587433
1.310459
0.388170
0.882180
0.497390
0.369264
0.216065
0.465975
1.648742
0.813355
1.304225
1.790522
0.201733
0.134075
1.370495
1.213408
0.632580
1.443377
0.415850
0.400295
1.371775
1.755722
0.146355
1.414925
0.611526
1.199352
0.812490
1.789629
1.417956
0.476291
0.974027
0.328540
1.212348
0.509251
1.197602
1.745837
1.364726
1.792086
1.730695
0.275021
1.756284
0.574099
0.117641
1.787538
0.219203
0.341195
1.742128
0.259516
1.774923
1.762576
1.015984
0.305692
1.591115
0.211363
1.299677
0.203667
0.484255
1.397647
0.620181
1.795581
1.613445
1.588979
1.191278
0.219316
1.301683
0.240750
1.331953
1.258300
0.592511
1.787711
1.342142
1.586853
0.251284
1.239295
0.313253
1.016235
1.097053
1.599696
1.794156
0.795670
1.612228
1.182886
0.623362
0.921776
0.417987
1.800879
0.727423
0.133279
1.724019
0.990390
0.725712
0.708508
0.213979
1.234475
0.734366
1.380227
1.350056
0.270212
1.365610
1.019279
0.670814
0.226279
1.803718
1.449715
1.763430
0.367449
0.317192
0.233954
1.426455
1.764943
0.686065
1.799825
0.433027
0.226086
0.119625
0.156792
0.730689
1.572732
0.410899
0.245304
0.578978
0.533971
0.203550
1.769829
0.670904
0.320342
1.752441
1.548610
1.300512
1.496465
1.792806
1.788626
1.149860
1.677173
1.378084
1.569376
0.792977
1.490458
1.097813
