0.800480
0.709311
1.718934
0.211670
0.451216
1.765897
0.254846
1.712168
1.038220
0.585045
0.300043
1.769069
1.643901
0.204358
0.967114
0.998440
1.770117
0.266019
1.166530
1.593941
1.464349
1.200021
1.768301
0.857468
0.618826
1.452976
0.206193
1.417837
1.693760
1.187199
0.945934
1.393169
1.089007
0.583258
1.124206
1.015097
1.394702
1.667799
0.306355
0.745203
1.712917
0.482513
1.024991
1.403363
0.960576
0.427734
0.191064
1.173545
0.246499
1.408172
0.606404
1.767986
1.468619
1.071440
0.852739
0.635615
0.189908
0.226231
1.337398
0.919073
1.764356
0.324603
0.370992
0.420203
1.482311
0.225279
0.266560
0.516991
1.330707
0.207472
0.277773
1.766931
1.378020
0.142205
0.176612
0.421451
1.041766
1.603057
0.380398
1.761568
0.579927
1.105373
0.509104
1.766768
0.234064
1.058263
1.273016
1.724075
1.396452
0.185886
1.306838
0.410962
1.056942
1.459407
0.207725
0.141904
1.403360
0.968823
0.248664
0.336696
1.211666
0.684986
1.353437
0.304777
1.770923
0.531249
1.769071
1.415605
1.680577
1.361080
1.296941
0.449966
0.204274
1.753908
0.568743
1.288214
1.385582
1.537873
0.262305
1.763453
0.535441
1.424409
1.746768
0.669308
1.035593
1.172712
0.186752
0.663566
0.252400
0.195478
1.672395
1.248946
0.706719
1.306688
1.756067
1.393813
1.479738
0.526733
0.722320
1.278993
0.862390
0.383617
0.178228
1.069583
1.223055
0.927522
1.374299
0.244478
1.762723
0.333987
1.390499
0.487156
0.940996
1.772116
0.390390
0.981182
0.607107
1.727688
0.326849
0.141001
1.638356
0.255434
1.769090
1.479862
1.767954
0.155651
1.739592
1.720545
1.387819
0.452151
0.642855
1.115932
1.400717
0.549547
0.203265
0.931605
0.201103
1.770712
1.541026
1.665353
1.598065
1.766038
1.323303
1.355679
1.423779
0.841734
0.479534
1.387773
1.368157
0.671663
1.426930
0.665804
1.134851
1.297252
1.772590
1.768439
1.237046
1.762963
0.186407
1.769927
0.170741
1.761261
0.400857
1.345280
0.279342
0.237252
1.170812
1.173097
1.416765
0.525203
0.376110
1.662992
1.770830
0.394068
1.062334
1.002911
0.325075
0.205873
0.519524
0.671690
1.725022
0.838009
1.706075
0.679733
1.729066
0.313223
0.259065
1.693257
1.701455
1.612345
0.242281
1.766462
0.453405
0.435363
1.149972
0.392101
1.066325
0.237557
0.558950
0.264327
1.735170
1.664718
1.034684
1.698967
1.204388
1.315642
0.215359
0.697911
0.760602
0.269363
1.769712
0.324368
1.385768
0.829662
0.340424
0.571766
1.004546
1.535426
0.421403
1.442496
0.174109
0.585003
1.184071
1.340609
1.152841
0.643230
1.381927
1.012267
1.761662
1.516760
1.460733
1.319413
0.748463
1.390162
0.184986
0.862408
0.426726
1.237958
0.335299
1.344303
0.299992
0.280607
0.490342
1.766927
1.377981
1.731217
0.200126
0.948860
0.670235
1.008428
1.749284
1.537936
0.414652
0.240249
0.516171
0.845458
0.889921
0.725490
1.747195
0.548917
1.749165
1.264774
1.759128
1.616164
0.141117
0.587546
0.878392
0.240763
1.718844
0.892016
1.295028
1.596158
0.226520
1.256472
1.712439
1.743680
0.310491
0.891762
1.047874
0.486872
0.162853
1.747341
0.195497
0.226864
0.828281
0.322760
1.481011
0.446740
1.632163
0.229267
1.765424
1.535756
0.259775
1.361956
1.022352
1.770330
0.598073
1.603829
0.567068
1.146335
0.577546
0.517709
1.712541
1.765868
0.531059
0.306681
1.119931
1.761098
0.293934
0.900005
0.551036
0.997703
0.105760
0.424475
0.738242
1.334535
1.716074
1.770964
0.917900
0.666839
0.312903
0.880213
0.114561
1.116974
0.183234
1.770498
1.012552
0.273488
0.191641
0.247337
1.765076
0.904287
0.245213
0.215856
1.398128
0.545270
0.735101
1.619327
1.394958
0.145241
1.084355
0.619683
1.709370
1.237452
0.184957
1.748428
1.771849
1.737218
0.307926
0.988596
0.413757
0.391497
0.304188
1.475259
1.716497
1.749951
0.396496
1.332299
0.470379
1.381753
0.472893
1.360877
1.369224
1.254722
1.586718
1.129106
1.676050
0.885094
1.411585
0.643801
0.232703
1.773709
1.769385
0.380120
0.294097
0.965380
1.743579
0.224017
0.184677
1.485322
1.764948
1.438986
1.273962
1.059340
1.240738
0.470893
1.773402
0.514863
1.622243
0.401293
1.351910
1.176972
0.823170
1.344412
0.368939
1.732913
0.185368
0.864528
0.819578
0.762146
1.384643
1.471894
0.178445
1.411493
1.649457
0.341624
0.184532
0.809089
0.455773
0.716301
1.522684
1.711450
0.448304
1.698928
1.683670
0.197825
0.238708
1.596823
1.286409
1.449630
1.311595
1.771402
0.186582
0.231404
0.189044
0.580419
1.018611
1.062531
1.242494
1.514317
1.158951
0.193273
0.224261
0.891379
0.590709
1.734486
1.470900
0.303601
1.384473
1.453090
1.763789
0.540751
0.412848
0.178140
0.615103
0.924270
0.384589
1.205549
1.764734
1.763833
1.511287
1.144674
0.950662
1.657940
0.929040
0.288246
0.822289
0.682171
1.340516
0.273841
1.761111
1.013734
0.798133
1.707560
0.555735
1.572771
0.627730
0.434647
1.497321
0.924825
0.599145
1.198810
1.756978
1.427436
1.769296
0.992600
1.766919
1.049336
0.324711
0.614272
0.874969
0.984777
1.482374
0.894375
1.765970
1.770568
0.289065
1.637166
1.526074
1.742923
0.417139
1.771892
0.253773
1.376348
0.442306
0.190103
0.582633
1.764923
0.270378
1.450666
1.274163
1.342524
0.978379
0.846991
0.930918
1.765882
1.402430
0.266077
0.917158
0.183122
1.751474
1.239482
0.921866
1.410569
1.417456
1.228961
0.448531
0.543700
0.845248
0.905428
0.639302
0.948157
0.295976
0.126313
1.397126
1.254329
1.763756
0.796370
1.771950
1.105683
1.281510
0.117105
0.234357
1.442831
1.359769
1.303152
1.439685
1.742599
1.752218
1.627872
1.754117
1.708781
1.192114
0.400388
1.771239
1.496928
0.536447
1.766765
0.160929
1.740501
1.493258
0.284514
1.643482
0.812055
1.245740
1.775405
0.601703
0.310562
1.471874
0.460265
1.768893
0.216011
0.353680
1.299770
0.257627
0.204912
0.283844
1.047745
1.768322
0.968135
0.155047
0.367803
1.194589
1.763158
0.155018
0.452211
0.968895
0.514795
0.144955
0.269473
1.760186
1.672094
0.260756
0.928122
1.700371
0.299070
1.503148
1.522137
1.147414
0.598449
0.366962
0.372416
1.143349
1.370694
1.012345
0.202539
0.200124
1.315398
1.594552
1.678892
0.339278
1.667079
0.996639
0.749053
1.642896
0.191468
0.988371
0.426987
0.425619
0.244697
0.362465
1.498041
1.773127
0.269142
1.724555
0.577694
0.978497
0.266864
1.752569
0.577026
1.762428
0.668583
1.768386
1.748089
1.255148
1.453883
1.770108
0.232643
0.299514
0.182762
0.211949
0.337012
0.572796
0.855400
1.627398
0.202325
1.221299
0.411897
0.160855
1.763640
0.564379
1.768495
0.470580
1.296873
0.113868
1.498766
0.162065
1.772060
0.669611
1.768608
1.419337
1.767022
1.332973
1.167436
1.719620
1.483455
1.756076
0.796146
1.762621
1.684000
0.832523
1.703643
0.219374
0.287572
1.250369
1.685121
0.164314
1.522581
1.426900
0.465259
1.769590
1.050742
1.767495
0.243909
1.347720
1.241075
0.326069
0.659076
0.998848
1.771631
0.212973
1.766986
1.120538
1.742441
1.757932
0.973190
1.709930
1.202137
0.251072
1.770704
1.618083
1.766601
1.715245
0.212792
1.688983
1.080317
1.380668
1.769966
0.404912
1.350693
0.933816
1.428307
0.228443
1.762538
1.322250
1.430403
0.229373
1.770344
0.387235
1.355998
1.037146
0.402768
0.536240
0.823974
1.512322
1.389946
1.001100
1.423825
0.452094
0.342589
0.318368
0.526218
1.412439
0.431465
0.299045
1.410777
1.372416
1.373958
0.266833
0.280207
1.372566
0.429832
0.890422
1.768139
0.186287
0.330265
1.772813
0.448332
1.411904
1.770378
1.774766
0.270360
1.771045
1.401760
0.173595
0.974530
0.380686
1.615802
1.385422
0.226222
0.838468
0.270530
0.334630
1.503338
0.218632
1.285372
1.094446
1.770814
0.955217
0.233870
0.300237
0.473943
0.645056
0.908757
0.089384
0.197643
1.731119
0.246812
0.269947
1.612622
1.352166
0.461998
0.325485
0.431240
1.337379
1.711949
0.755703
0.346468
1.684638
0.281097
1.581636
1.738347
1.017546
0.918392
0.410151
0.193842
0.276411
0.909549
1.743110
0.183875
1.755125
1.760732
1.278338
1.493059
0.605591
1.057966
0.792047
0.288781
1.770402
1.427854
0.184378
1.412653
1.547626
0.285930
0.825617
1.070150
0.614055
1.096462
0.524833
0.638838
0.310316
0.587863
1.179869
0.279630
1.727026
1.768299
1.770695
0.713950
0.366873
0.899659
1.771460
0.405995
1.557448
1.758968
1.361301
1.391689
1.407169
0.934428
0.337108
0.296261
1.582235
0.843889
1.593275
0.411809
1.246644
1.689985
1.397345
0.424175
1.763706
1.687559
0.267131
0.497122
1.756735
1.388863
0.291448
0.544492
1.653393
0.445774
1.110879
0.419968
1.347004
0.541636
0.200714
0.829166
0.867776
0.362358
1.188114
0.159043
0.258473
0.957360
0.333528
0.156216
1.773475
0.348382
1.204455
1.554126
1.744844
1.768935
1.468241
1.309302
1.634352
0.600517
0.527520
0.295092
0.225156
1.228182
1.343328
1.523914
0.264039
0.548010
0.631687
1.736404
0.751350
1.757385
0.702381
0.251661
0.746339
1.376194
1.251275
1.479569
0.911458
1.645287
1.758625
1.720976
1.714713
0.968446
1.771677
0.546315
1.649243
0.285365
1.768894
1.209794
1.769848
0.801610
1.741154
1.408305
0.329794
1.701190
0.370708
0.366018
0.779062
0.404924
1.137282
1.397983
1.757658
0.570302
0.192568
1.004060
0.744727
0.336476
0.157678
1.519335
0.503824
0.186206
1.415448
1.005450
1.386504
0.341561
1.312660
1.702118
0.679754
0.484279
0.967011
1.302012
0.996403
1.380172
1.756085
1.768741
1.270051
0.360082
0.799838
0.331686
0.258527
0.193534
1.011785
1.752198
1.157198
1.110864
0.286768
0.767125
0.402929
0.241667
1.403789
1.770007
0.391857
0.966607
1.769233
0.477038
1.185545
1.773123
1.356336
0.437757
1.393952
1.142501
1.217539
1.767333
0.298996
0.621852
0.350296
0.544739
0.416988
0.810381
1.376256
0.227958
0.479975
0.349980
1.016586
0.224199
1.299056
1.198142
0.689652
0.697619
1.756443
1.687562
1.280249
0.958069
0.431096
1.468194
1.201826
0.352886
0.772324
1.766786
0.805235
0.431474
1.745063
0.452625
0.596925
1.630826
0.248771
0.750211
1.190737
1.760558
0.468658
0.161995
0.388355
0.131131
0.505246
0.618541
0.199875
0.198946
0.488374
1.654946
1.372586
0.420089
0.913399
0.746536
1.350452
1.768667
1.414205
0.919961
0.578291
1.724517
1.591323
0.290156
1.753652
0.990991
1.100553
0.453674
0.203194
0.310939
0.326940
0.118595
1.402395
1.685084
0.301551
0.898861
1.745394
0.273839
1.603482
1.095154
1.318397
0.893021
1.023216
0.401613
0.911818
0.180777
0.604655
0.371748
0.342782
0.137690
0.279723
0.656574
0.572688
0.394211
1.772694
0.879659
1.388130
1.483742
1.754924
0.407887
1.766808
0.501271
0.213239
0.335387
1.768803
1.702065
1.225180
0.875958
0.948624
0.492625
0.914496
1.021433
1.066994
1.751398
0.646143
0.279431
1.257870
1.743756
0.752993
0.156668
1.218042
0.771879
1.759086
1.769522
1.400259
0.237494
1.387669
0.756436
1.054277
1.764614
0.203340
1.769604
0.231586
0.746198
1.713838
0.304123
0.864989
0.544469
0.350857
0.469887
1.195353
0.548517
0.502280
1.324421
0.257842
1.559220
1.460152
1.263830
0.316629
0.930157
1.715836
1.766822
1.439179
0.903285
1.349676
0.433264
1.739040
1.767931
0.252078
0.282044
1.764011
1.147807
0.915054
0.434700
0.420619
1.433803
0.589529
0.185687
0.439749
1.325478
1.770495
0.252849
0.780939
0.565611
0.199528
0.388402
0.233491
0.223898
1.518071
0.953543
0.201177
1.438679
0.907571
1.754279
1.742721
1.274414
0.394805
1.357502
0.909653
0.787049
0.971236
0.427286
0.753692
0.708238
1.185461
1.602160
1.490277
0.946229
0.198201
0.816427
0.938762
0.518988
0.998087
0.300945
1.031470
1.587433
1.766791
1.608896
1.506089
0.768274
1.767144
1.760243
0.299626
0.215388
0.282170
1.739341
1.646700
1.200013
0.972550
1.713695
1.738830
0.186363
1.628283
0.460796
0.983591
0.207240
1.770665
1.439755
1.297192
0.371315
1.421198
1.472091
1.182627
1.352357
1.461355
1.247339
1.753068
0.590067
0.259483
0.250875
1.427738
1.278636
1.678807
0.369378
1.755660
1.384829
1.704988
1.341101
1.740288
1.656431
1.336302
1.283591
0.185368
0.251403
0.222454
1.465115
1.771595
1.758000
1.762057
0.146290
1.117786
0.460884
0.779294
1.224943
0.576069
0.609708
1.149910
1.609834
0.242257
0.586428
0.514614
1.764507
1.675492
1.175593
0.971280
0.847038
1.596210
1.757252
0.457853
1.372633
1.343402
1.774063
0.328795
0.221509
1.607512
1.051370
0.203455
0.164826
0.944694
0.495802
0.691385
0.161512
0.954940
1.180473
1.752446
1.413560
1.270503
0.967038
0.246336
0.743920
0.214358
1.172159
1.200702
0.756028
0.922718
1.770138
1.729520
0.349458
1.639404
0.710617
0.162782
0.542526
0.342143
1.744827
1.767596
0.222833
0.337763
0.655681
0.249142
1.041253
0.680922
1.514499
1.768403
0.505632
1.382241
1.763184
1.759627
0.713299
1.192806
0.453005
0.283937
0.253972
0.241854
0.893653
0.607675
0.919623
1.754412
1.750311
1.521944
0.265308
0.722512
0.630450
0.421889
0.417686
0.573985
0.199802
1.773250
0.580864
1.377620
0.581677
1.491602
0.711006
1.736791
1.714662
0.231553
1.754985
1.771597
1.596377
0.790477
0.974756
0.810646
1.323274
0.704568
0.298411
0.506260
1.774605
1.748579
0.978085
1.689600
1.468114
0.541058
1.069250
1.763928
1.034041
0.487941
0.862700
0.114240
0.573532
0.276706
1.769726
1.764014
0.259291
1.113598
1.772295
0.436685
0.270449
0.244348
1.381366
0.692492
0.314733
1.330103
1.764910
0.572354
1.009856
1.452286
0.259895
0.178027
0.470527
0.421079
0.221915
0.312399
0.750672
1.469205
1.319752
1.772571
0.373356
0.588818
1.354258
0.329169
0.578884
0.202740
1.715960
0.236904
0.206708
0.777594
0.323653
1.351961
1.714125
1.626101
0.984057
1.006498
1.703818
0.403947
0.527985
1.410711
1.770243
0.500063
0.647395
0.341784
1.225093
1.409742
0.911201
0.388358
0.142590
0.246862
1.501464
1.764934
1.766598
0.321458
1.597966
0.980120
1.110141
1.691393
0.724854
1.762915
0.293761
1.684102
1.093495
1.596257
1.771422
0.678228
0.810845
1.225116
1.452836
1.463173
1.492795
1.324142
0.822904
0.370546
1.417466
0.253111
1.037022
0.356622
1.422395
1.067011
0.223115
0.370012
0.451143
0.724852
1.768422
1.381507
1.730587
1.224280
0.571224
0.604265
1.770450
1.760492
0.958899
0.188861
1.744741
0.975168
0.522470
0.230666
0.678841
1.494836
1.765297
0.928766
0.337720
0.967962
1.311774
1.651912
0.600983
1.711478
1.751313
1.346281
0.424897
0.417358
1.763420
1.628710
1.382540
0.305273
1.736870
1.385034
1.288619
0.326121
1.749617
1.285057
0.881380
0.269419
0.197580
0.783498
0.916920
0.978288
1.688883
0.756959
1.754795
1.240302
0.204322
1.375477
1.771094
0.387364
0.311596
0.591583
1.300811
0.168626
1.646271
0.952288
0.994968
1.169513
0.745255
1.758723
1.733970
1.101398
0.549174
0.232808
1.769728
1.375839
0.383566
1.314843
1.652837
0.218631
0.961825
0.412799
0.448855
0.859806
1.121625
1.276882
0.187971
1.757457
0.592485
1.770311
0.791408
1.475975
1.139774
1.295418
1.711688
1.030461
0.313147
1.414215
1.383335
1.391707
0.451817
0.337961
1.084452
0.186006
0.902949
1.094555
1.647786
1.386396
1.668527
0.759387
1.430859
0.265606
1.017100
0.937171
0.282814
0.186116
1.019592
0.869281
1.254948
0.348461
0.657637
0.268769
1.771550
0.633535
0.387721
0.316143
0.651526
0.198733
0.825149
0.308352
1.288205
0.304964
0.324073
1.262144
0.713923
0.220009
1.366646
1.211255
0.612677
0.223434
1.013057
0.296823
0.892565
0.228485
1.734802
1.366958
0.201664
0.277222
0.281731
0.108169
0.368465
0.336166
1.378495
1.732803
0.265071
1.768708
0.273901
0.282651
0.765603
0.176481
1.091018
1.007193
1.052062
0.327626
0.507135
1.417518
0.359708
0.346961
0.242174
1.771779
1.441274
0.989626
0.411090
1.014813
1.145260
1.235976
1.761856
1.212326
0.208155
0.460236
1.721351
1.254673
1.412529
1.728585
1.730704
0.189660
0.361759
1.376715
1.741953
1.547763
1.338345
1.674520
0.720763
0.663716
0.878178
1.349662
0.268384
1.649920
1.360234
0.689100
1.548220
0.811632
0.263834
1.278356
0.805855
0.183701
1.768977
1.308816
1.266170
1.719106
1.720600
0.566769
1.397960
1.167932
0.259747
0.205129
0.579001
1.008049
0.373670
1.504603
1.774939
0.775193
1.419873
0.229867
1.147619
0.732694
1.771438
1.556898
1.744686
1.384161
1.282503
0.980479
1.155612
1.346435
0.998379
0.866811
1.471241
1.766693
1.383171
1.716782
0.513783
0.994543
0.257954
1.467952
0.975459
1.763971
1.750991
1.722703
0.354889
0.471458
1.765926
0.890666
0.946111
1.419657
1.772712
1.759935
0.264088
0.375043
0.283823
1.746701
1.518941
0.917194
1.772209
1.772350
1.706060
1.154320
0.224060
1.736873
0.937672
1.051156
1.767983
1.747724
0.262205
0.218963
1.753294
1.753936
1.764308
1.405957
0.196818
1.426393
1.694133
0.532888
0.931729
1.569944
1.505963
1.461493
0.229526
0.187841
0.155002
1.361948
0.817023
0.977479
1.356821
1.753272
1.390724
0.212861
0.761108
1.400492
0.404088
1.433947
0.203006
1.606385
1.321863
0.677768
1.765742
0.192155
1.760895
0.243242
0.615615
1.383204
0.585896
0.203161
1.481650
1.617345
0.508353
1.371204
1.434558
0.217343
1.768620
1.636823
0.495580
1.203262
0.206786
1.250005
0.412050
0.317513
0.967581
1.067529
1.009285
1.742522
0.413975
0.597862
1.508284
1.432530
1.503960
1.707809
0.729789
1.007840
0.604477
0.280776
0.989087
0.988418
1.399690
0.122064
0.415133
1.698531
0.528142
0.228223
1.731352
1.756069
1.766142
1.492725
0.345617
1.415401
1.330712
1.387588
1.721259
1.291453
0.958075
0.505620
0.291734
0.248568
1.065336
0.322311
0.915935
1.769685
0.935652
1.749275
0.864964
0.321965
0.454070
0.386724
1.691305
1.753097
1.263895
1.584471
1.410926
0.682135
0.609914
0.161080
1.241483
0.830169
1.760701
1.178423
1.481617
0.969025
1.238643
0.158224
1.696392
1.774788
0.197057
1.711487
0.357146
0.648218
0.286069
0.386338
1.409919
0.524917
0.721072
1.325659
1.653144
0.300400
1.765502
1.773779
1.701370
0.554938
0.376825
0.264078
1.237632
0.182015
1.191760
0.164371
1.369124
1.389709
1.467096
0.659152
0.442495
0.117440
1.769427
1.709023
1.509275
0.538731
1.765990
1.223869
0.355412
0.890038
1.628900
0.614001
1.666698
1.607579
0.330494
0.251039
0.251354
0.252503
0.244544
0.590829
0.495443
0.413817
0.244489
1.734915
0.207989
0.954723
1.745708
1.358363
1.212125
1.711729
1.339856
1.203406
1.255801
0.484497
0.805890
1.750164
0.414841
1.096605
0.150091
1.376655
1.761795
1.194912
1.177068
1.001124
1.771945
1.774031
1.228333
0.791622
1.757527
1.046859
0.333712
0.593225
1.660227
1.772589
1.703637
1.537236
1.361519
0.493180
0.309740
1.361965
0.185499
1.472510
1.349426
0.484340
0.123823
0.942755
1.044850
0.488629
0.747965
0.948096
0.358389
0.339787
0.750253
1.723563
1.199470
0.409477
0.717202
1.705612
0.150810
1.703816
1.372208
1.062270
0.291161
0.327372
1.154464
1.415102
1.456810
0.811078
1.289442
1.775024
0.796077
1.763157
1.566080
1.395962
0.241247
1.725675
0.915006
1.768114
1.404164
0.905371
0.525807
1.745101
0.908505
1.769677
0.374784
0.298556
1.715670
0.277258
1.360695
0.369883
1.380864
0.227972
1.766685
1.186952
1.623051
1.676147
1.496965
1.411047
0.176472
1.745128
0.246988
0.618998
1.091183
0.365904
1.770561
0.324062
1.771251
1.329296
0.577030
1.759438
0.494144
0.751012
0.472044
1.761492
1.401538
1.005102
1.267466
1.135677
0.428549
0.296672
1.766407
1.421197
0.246391
0.230952
0.212717
1.769064
0.409962
1.732764
0.668888
0.231741
0.401543
1.774425
0.161443
1.377971
1.288864
0.979144
0.655493
1.351969
1.739148
0.810940
0.442031
1.500056
0.677652
0.223518
0.422693
0.535874
0.459585
0.677382
0.479546
0.704342
0.367529
0.809877
0.726664
1.084565
0.293929
1.529259
0.879346
0.875694
0.293567
1.754812
1.765561
1.334391
0.365380
0.377462
0.514329
1.508462
0.265902
0.279909
1.424706
1.414921
1.183674
0.639611
0.983166
0.357778
0.240913
0.258328
1.240755
0.818955
0.893030
0.302584
1.544093
1.769402
1.770043
1.673907
0.192008
1.054249
0.206922
0.581009
1.723942
1.766194
0.453649
0.493893
1.419246
0.445344
0.614893
1.669532
1.754122
1.384481
1.377600
1.306687
0.588376
0.738563
1.117887
1.287597
1.535589
1.734725
1.770646
0.769638
0.217290
0.522513
1.760190
1.019587
0.965395
1.769479
0.823181
0.853056
1.359979
1.765990
1.724020
0.885995
0.342694
1.104166
1.731466
0.399545
0.357360
1.645628
1.606954
0.167581
1.104410
0.360395
0.566538
0.805889
1.761914
0.960269
0.288868
0.764678
0.416526
1.737473
1.311498
1.760657
0.800691
1.084273
0.294466
0.903334
0.980232
0.967327
1.696917
1.704614
0.926237
1.667444
1.004840
1.256714
0.863071
0.241233
1.211000
1.695907
0.862002
0.693717
1.537494
0.674717
1.206012
1.741677
1.029559
1.651204
1.399190
0.446769
0.219102
1.352765
1.112866
0.372902
1.633144
0.748305
1.414227
1.232264
0.541328
0.179699
1.436453
1.675667
1.376010
1.425488
1.037022
1.630864
1.764323
0.201482
0.205878
0.924903
1.755936
0.814461
0.158587
1.401744
0.400466
1.435602
1.765013
1.377088
0.683520
1.201355
1.758118
0.827934
1.206620
0.145104
1.059385
0.322763
1.268342
1.081875
1.366215
0.401546
1.668273
1.656642
1.769903
0.933190
0.103642
0.314239
1.771956
1.768986
0.344440
0.161038
0.844690
0.499138
0.288372
0.193275
1.647016
0.907576
1.564843
0.327081
1.392497
0.237889
1.765420
0.641658
1.406767
0.322351
0.321879
1.127075
1.758402
0.471397
1.769945
1.118442
1.743411
0.884638
0.829115
0.218512
0.287741
0.269994
1.330248
1.625675
0.300215
1.773762
1.767327
1.760791
1.769480
0.289189
1.401390
1.755812
0.571817
0.264937
1.759284
1.441678
1.503622
1.726267
0.341391
0.720790
1.668479
1.762424
1.768631
0.735329
0.398894
0.243481
1.755393
0.782106
0.759938
1.770290
0.888308
1.189524
0.441842
0.558445
0.876176
0.820688
1.416720
0.286653
0.837199
0.531245
1.285710
1.368746
1.676943
1.400723
0.861434
1.763760
1.771920
0.316253
0.384964
1.141039
1.261096
0.290569
0.574630
0.329254
0.431841
0.488236
1.139250
1.318795
1.757803
0.868720
1.770990
0.616095
1.265762
1.764749
1.484283
0.250145
1.750438
1.428818
0.182861
1.770758
1.266395
0.305432
0.380329
1.128038
0.368191
0.335338
1.426812
0.927944
0.438867
0.166518
0.341986
0.179160
0.282980
0.436870
0.308850
1.713121
1.424242
1.773859
0.485342
0.526590
1.731289
0.727710
1.738042
1.691407
0.840266
1.452718
0.328559
0.234073
1.748101
1.010581
1.763611
0.806354
1.293566
1.416898
1.771760
0.508852
0.559566
1.555003
0.987731
0.273949
0.333282
1.521984
1.740600
1.464657
1.749599
0.612719
1.772797
0.978368
1.694572
1.629636
0.769157
1.206102
1.737054
1.075799
0.458737
0.313454
0.238536
0.142819
1.057836
0.512727
1.766412
0.257130
0.254286
0.438753
0.860740
1.076633
1.695678
0.963687
0.358035
0.611949
1.771110
1.764423
1.768610
0.595938
1.476133
1.634506
0.561813
0.449110
0.308155
0.736713
0.748816
0.293144
0.954187
0.186523
0.172527
0.279762
0.671664
1.415310
1.472506
1.112442
0.943503
1.772455
1.018663
0.322513
1.516842
1.769679
0.224311
1.284819
0.937362
1.755028
0.344371
0.920452
0.983785
0.398768
0.169335
0.395572
0.487678
0.842595
0.954752
0.205770
1.221391
0.178187
0.619515
0.137165
1.074419
1.323926
0.820244
0.245956
0.183024
0.182061
0.201693
1.019764
0.697726
1.422696
1.308712
1.435204
1.378162
1.692616
1.293050
1.299088
0.278981
1.341759
1.045791
0.697497
1.153812
0.383062
1.407634
1.689759
0.425125
0.592833
0.425429
1.744985
0.152699
1.769842
1.376047
0.970398
1.536895
1.100918
0.896053
0.381870
0.923725
1.356647
1.331625
1.726688
0.906741
1.652163
0.640239
0.994213
1.154336
1.637238
0.692162
0.231117
1.772074
0.326591
0.238526
0.287742
1.765037
0.809214
1.766580
1.715989
0.919604
1.768951
0.987580
1.314272
1.117196
0.188262
0.539380
0.598472
1.166558
0.259346
1.306526
0.617324
0.209387
1.767333
0.165942
0.612767
0.315555
0.478740
1.417263
0.851367
1.332219
0.977551
1.106133
0.519594
0.868904
1.311118
0.347424
0.659051
1.213717
0.144689
0.885301
0.294161
0.196478
0.930505
0.395127
1.404948
1.412281
1.681334
0.984324
0.162721
0.229334
0.524488
1.479974
0.374237
1.014071
1.388026
1.503441
1.769136
0.715516
1.022225
1.764066
1.369365
0.240574
1.196688
0.423757
0.588652
0.479530
1.656671
1.404085
0.688471
1.670261
0.172010
0.265568
0.219450
0.324691
1.480195
0.546825
1.733421
0.422863
1.370646
0.357827
1.187488
0.547250
0.920103
0.841340
0.945872
0.201188
1.764894
0.385983
0.239200
1.386948
0.228208
0.198350
1.745143
0.454079
0.297374
0.218985
0.837271
1.769532
1.150974
0.258010
1.455233
0.273130
0.180642
1.024284
1.734521
0.258467
0.575717
1.658052
1.720459
1.409165
0.311122
0.635009
1.739715
0.302037
1.742510
1.774168
0.911724
0.928681
1.360778
1.730464
0.915548
0.136576
0.240103
1.766982
0.409384
0.382824
1.367366
0.285602
1.771550
0.287493
1.372115
0.980393
0.710312
0.205439
0.188815
0.788690
1.089781
0.828469
0.886905
1.141171
1.765074
1.699328
0.235373
1.767653
1.765172
1.748819
1.474310
0.754834
1.434740
1.571266
1.389529
0.358139
1.409442
1.470245
1.749914
1.310269
0.655108
0.298488
1.228480
0.669979
1.549004
0.234269
1.693311
0.700245
1.759479
1.364951
1.121330
1.430143
1.073704
1.464503
1.430098
1.210635
0.268443
1.013972
1.185414
0.214329
1.765769
0.818179
1.765055
0.228553
1.240546
0.172209
0.230925
0.249978
1.772540
1.691792
1.769220
1.606971
0.162766
0.669666
1.113679
1.218984
1.252764
0.458197
1.770193
1.409735
0.379602
1.167095
1.707529
0.503162
0.348831
0.168273
1.362758
1.742732
1.066339
1.767776
0.281692
0.674384
1.290817
1.344846
1.381577
0.355750
0.606188
1.203322
0.147936
0.758525
0.205245
0.430612
0.946920
1.408043
1.321113
0.833941
1.745678
1.729903
1.753435
0.188280
1.763815
0.308259
0.448609
1.375525
0.501604
0.390565
0.192200
0.936685
1.769853
0.276401
0.499787
1.771473
0.218045
0.383144
0.815604
1.358813
0.354426
1.768301
1.289469
0.296722
0.813806
0.094929
0.676876
1.054170
1.397165
0.656875
0.219513
1.731514
0.169001
0.278381
0.430158
1.521260
0.396640
1.734677
0.759900
1.139906
0.182811
0.191969
1.620858
1.352955
1.322865
1.767029
1.757671
0.169470
1.718119
0.600152
1.209216
1.161009
0.782599
1.462989
0.796012
0.575950
1.448056
0.244112
1.191115
0.919842
1.359560
1.575846
1.316622
1.767153
1.771022
1.008131
0.543912
0.927287
0.254983
1.770512
1.771550
1.280580
1.757936
1.755596
0.986770
1.762368
1.669245
0.402600
0.661889
0.962873
1.403332
1.716320
0.206553
0.277727
1.001006
0.388143
1.754816
1.772334
1.747785
1.703697
0.468552
1.767272
1.533851
0.327061
1.762561
1.354195
1.490848
1.462553
0.320653
0.121313
1.514348
1.768274
1.310913
0.379891
0.376581
0.298373
0.508409
1.485778
1.710091
1.549183
0.380089
1.410043
0.526673
1.422415
0.331851
0.425895
0.863403
0.317808
0.500504
0.221004
0.229560
1.759545
0.437242
0.218409
0.730995
0.262154
0.803788
0.327090
0.249393
0.873480
0.893668
1.470338
1.384142
1.057674
0.878311
0.839411
1.632297
0.630532
1.767184
1.359964
0.291023
1.767543
0.839319
1.334300
1.747036
0.352427
1.345449
0.198224
0.781807
0.476812
1.754396
1.347373
0.945958
0.481313
0.680332
1.770734
0.736612
0.192547
1.189476
0.568217
1.751014
1.690731
0.176898
1.315157
0.978063
0.225656
1.356675
0.196005
1.436399
1.458047
1.767556
1.413958
1.446408
1.751314
1.743278
1.726529
0.214092
0.493693
1.768314
1.678775
0.260820
1.000741
1.035387
0.292190
1.414535
0.193678
1.230738
0.338556
1.767357
1.163943
1.385484
0.315779
1.311983
1.705448
1.263193
0.676668
0.203891
1.675012
1.592765
0.243099
0.372181
0.718473
1.274571
0.742660
0.865293
0.248100
1.756813
1.031654
0.826316
0.597628
0.346136
0.218933
1.770502
1.379203
1.356269
1.769500
1.697510
0.609786
1.330491
0.149946
1.767140
0.569210
0.761573
0.231015
1.570294
0.660252
0.666713
1.748326
1.767883
1.768699
0.145965
1.709934
0.982796
1.764438
0.301538
0.223294
1.773046
0.981478
0.355655
0.749832
1.767747
1.765701
0.748885
0.962974
1.051465
0.230560
0.776669
1.353285
0.592095
0.374685
1.765170
1.319745
1.382634
1.760932
0.741762
0.446207
1.352436
0.817341
0.136179
0.438036
1.767301
0.277023
0.573508
0.177605
0.671378
1.771215
1.770749
1.194347
1.058681
0.223477
0.336013
0.784049
0.272589
0.536801
1.762260
0.930276
1.625080
0.701715
0.974948
0.375245
1.633497
0.978116
0.786911
0.161381
1.126872
0.104051
0.511387
0.150253
1.521564
0.303235
0.380098
1.752280
1.773207
0.597505
1.768047
0.175030
1.426934
0.938111
1.767002
0.124196
1.575276
1.390688
1.753604
0.251628
1.546276
1.513565
0.294040
0.428669
1.685263
0.914678
0.184099
0.957104
0.676982
1.683226
1.454828
1.368246
1.744273
0.277023
0.502897
0.980915
0.980633
1.225783
0.222957
0.290902
0.241579
0.174144
0.454909
1.766398
0.306527
1.747352
1.768320
0.175676
0.416366
1.697846
1.651525
0.964740
0.233266
1.292277
1.767233
0.239489
0.382203
1.656629
0.550744
1.090938
0.182939
1.283921
0.174618
1.125262
0.467377
0.226056
1.772247
1.506581
1.601512
1.766341
1.766529
1.187165
0.878102
0.243725
1.745146
0.507853
1.419979
1.138120
1.091342
0.462814
0.365035
1.428532
1.127164
0.198883
0.323008
1.578904
0.427134
0.225213
0.622889
1.505871
1.464659
1.411336
1.705547
1.372558
0.114513
1.100308
0.349158
1.150415
1.501283
0.129705
0.727387
1.773385
1.378449
0.259874
1.033304
0.701909
1.548317
1.409763
0.653474
1.698900
1.454804
0.831168
1.018267
0.989738
0.866042
0.159622
1.773619
1.771333
0.560627
1.759205
0.888949
0.286370
1.741834
1.363190
0.643076
0.398997
0.829959
0.213247
1.576089
0.483419
0.968767
1.708453
0.962406
0.556422
1.771804
1.684922
0.560836
0.191640
0.338094
0.260536
0.805111
1.188579
0.368559
1.000985
0.220334
0.944576
0.317214
1.740699
0.472318
0.202980
1.375821
0.429169
1.378436
0.181381
0.541264
0.254581
1.748384
0.876846
0.626834
0.187516
1.724648
0.983963
1.381869
1.342813
0.947602
0.231772
1.739845
0.391485
0.975535
0.902955
0.826431
1.193113
0.611111
0.229815
1.729985
0.297749
1.474353
0.317306
1.297991
0.485010
0.429549
1.527840
1.770684
1.770107
0.281455
1.418176
0.273749
0.780186
1.764677
1.637085
0.214679
1.279572
0.625952
0.931758
0.207402
0.275502
1.337278
0.270752
0.818747
1.762425
0.843344
1.416529
1.769313
0.349463
1.434804
0.692172
1.762350
1.770138
1.774733
1.434536
1.573278
0.220329
1.602955
0.259862
0.460984
0.221038
1.094410
1.584323
1.667272
0.851103
1.760576
1.432524
0.525452
0.357742
1.697955
1.246895
1.765436
0.345948
1.038921
1.681170
1.693156
1.290749
1.737138
1.417534
0.235606
0.255283
1.762578
1.314782
1.761678
1.629527
1.525816
0.325902
1.604800
0.372088
1.592932
1.435527
0.231739
1.390047
1.642753
0.481482
0.545203
1.382857
1.724365
1.723699
0.921272
0.263183
1.371487
0.278467
0.800027
0.409356
0.291909
0.298048
0.437984
1.270734
1.590614
1.063177
1.190973
1.761960
0.469080
1.745892
0.381343
1.172646
1.769232
1.220728
0.694922
0.227485
1.444354
1.259863
1.755154
0.965653
1.630684
0.229916
0.849545
1.770164
0.543913
0.712829
0.944518
1.424578
1.150259
0.287620
1.759398
0.163565
0.700312
0.620788
1.760250
1.206028
1.650824
0.503617
1.640724
1.303004
1.592407
0.928131
1.662394
1.368047
1.363838
1.218644
1.422569
0.576613
1.590626
1.552720
0.250095
1.034049
0.254276
1.762995
1.225294
0.739030
0.234416
1.091919
0.849821
1.711154
1.538607
1.359863
0.175705
1.309879
0.138203
0.416885
1.569014
0.924013
0.918215
1.501917
1.655298
1.759186
1.332496
1.060564
0.255830
0.236636
0.475858
0.446733
0.334334
1.627963
0.325760
0.223215
0.357995
1.738188
1.767996
0.202663
1.759545
0.706681
1.237505
1.681430
1.423970
1.659501
1.721386
1.646539
0.269716
0.905550
1.682581
0.191629
1.083708
0.531724
0.210947
1.307194
0.274953
0.819371
1.735236
1.035804
1.738098
0.597676
1.767734
1.766502
1.759163
0.229132
1.631624
0.680145
0.245480
0.687791
0.498267
1.259159
0.846426
0.977886
0.276631
1.738261
1.702637
0.969386
0.187126
0.846501
0.139568
1.451119
0.210861
0.332866
0.560537
1.637774
0.184175
1.760727
0.855079
1.316066
0.626100
0.670511
1.766232
1.136408
1.341192
1.233316
0.435310
0.338846
0.683893
1.741955
0.220719
0.847414
0.893686
1.561985
0.939876
1.510376
0.763286
0.144037
1.769748
1.770479
0.145012
0.318822
1.672852
0.580345
0.901688
0.946302
0.170952
1.607624
1.609059
0.368601
1.372887
0.198448
0.856873
0.489625
0.259519
0.239372
1.719462
1.720573
1.325070
0.977394
0.207786
0.818196
1.617477
0.197459
0.959186
1.436222
1.753314
0.905070
1.398549
1.759209
0.945137
0.682474
0.155127
0.243232
0.846407
1.256716
0.959499
0.361728
1.459421
1.767897
1.381659
0.680202
0.764771
0.887860
1.771150
0.319541
1.771062
0.834311
0.226982
0.174790
1.287708
1.767010
0.788693
0.188444
0.370932
1.446110
0.611500
1.714916
1.479702
0.167361
1.723846
0.947042
1.720132
0.211485
0.445346
0.946234
0.333317
0.216302
1.746627
0.886776
0.536138
0.992172
1.771058
0.195323
1.750010
0.538398
0.169638
1.510456
0.672748
1.770432
1.148822
0.256571
0.480459
0.322490
0.396763
0.263547
1.360451
1.763406
1.582128
1.757100
1.764094
0.923403
0.691637
1.157118
1.397310
0.303336
0.319623
1.131247
1.770771
0.493021
1.581082
0.327416
0.746237
0.527139
1.769594
1.492451
1.023954
0.670740
1.313334
0.188933
1.280629
0.933171
0.785700
0.281488
1.771228
0.239569
1.696371
0.903317
1.719019
1.770923
0.993310
1.378659
1.770455
1.551361
1.663128
1.419304
0.262294
1.414469
0.172880
1.754684
0.222218
0.424702
0.386297
1.758071
0.410524
1.760971
1.766321
1.239316
1.210735
1.346490
1.320338
0.368776
1.768453
1.757204
1.652151
1.531892
0.768015
0.258867
0.614053
1.397993
0.389340
1.768212
0.284663
1.767420
0.399504
0.488973
0.463746
1.285405
1.329559
1.720468
0.144379
0.900897
1.248467
0.794621
0.206376
0.853601
1.770746
0.305601
1.310148
1.765909
0.966975
0.400259
1.383750
1.006773
1.127867
0.257678
0.507807
0.295616
1.745703
0.975814
1.721784
0.575843
1.288900
0.469053
1.391119
0.231086
0.949342
0.484866
0.905181
0.463898
0.317172
0.767132
1.454842
0.912780
0.954735
0.335584
0.678732
0.445502
0.740354
1.756628
0.646153
1.152325
0.286977
0.219430
0.323830
1.159206
0.262053
0.266859
1.117771
0.918134
0.198594
0.835944
0.516132
1.336175
1.616137
0.210376
0.338437
1.642510
1.644554
0.929339
0.721055
1.768333
0.242266
0.709736
1.647770
0.249834
1.191075
0.252774
0.101970
0.976048
1.280394
0.733210
1.463537
1.191992
1.763347
1.745198
1.156372
0.545718
1.564034
0.203451
1.743096
0.339678
0.178228
1.622435
0.950266
0.167052
1.377432
1.434241
1.285154
1.393823
0.191122
1.431596
1.700468
0.681294
1.399460
1.542224
1.768503
1.290282
1.365192
1.738306
0.840760
1.449715
1.161582
0.331092
1.774398
1.397743
0.542254
1.397144
0.186568
1.751353
0.428290
0.339646
1.176189
0.704165
0.562994
1.464973
0.228142
1.224762
0.569438
0.287575
0.664053
0.500266
1.529550
1.728355
0.190659
0.625215
0.893952
1.761857
1.449390
0.511783
0.945823
1.774720
0.360689
1.432869
0.219297
0.539582
0.471593
1.356703
0.403136
0.337649
1.771738
1.774351
1.770696
0.642239
0.218053
1.481167
1.765699
0.202429
0.792848
0.498000
1.275505
0.945994
1.516013
1.069831
0.399103
0.854726
1.372603
1.750597
1.705124
0.948593
0.481372
1.367077
1.147919
1.114860
1.367136
0.891996
1.763180
1.768425
1.003224
0.483722
1.716777
1.544400
0.185889
1.442699
1.331337
1.744967
0.935670
0.918657
1.427248
1.401055
1.498072
0.626882
1.770754
1.604965
1.143855
1.365503
0.992715
0.970573
1.766591
0.674812
0.467607
0.587598
1.602657
0.323420
0.380290
1.182215
1.623843
1.754464
1.761692
1.714153
0.602569
0.727614
1.129345
1.769968
1.343293
1.440959
0.288538
1.738378
0.999683
1.751834
0.288888
1.769166
0.242814
0.187406
0.892826
1.758403
0.391045
0.305913
0.273449
0.955276
0.249857
0.421246
0.807708
0.809940
1.564884
1.282724
1.128463
0.326264
1.385774
1.469685
0.440437
1.417221
1.360138
0.512968
1.756774
1.760943
1.415301
0.165374
0.426864
0.512654
1.544320
0.205461
0.246072
0.478725
0.619104
1.315408
1.291427
0.252197
0.358145
1.726177
0.285480
0.831463
0.860028
1.499796
1.125513
0.733253
1.392495
0.573771
0.124461
1.154512
1.579294
1.324109
1.289365
1.346940
0.477936
1.251594
0.234835
0.476478
0.396339
0.514498
1.412404
0.979641
1.771492
1.464863
0.345451
0.174009
0.201373
1.744386
1.341881
1.261185
1.767734
1.312239
1.260467
0.366672
1.399262
1.259620
0.965637
1.360219
0.623044
1.540059
1.586576
1.292038
1.551821
1.755700
1.441765
1.419022
0.552598
0.358912
1.402558
1.749637
1.378683
1.024311
1.035900
0.233421
0.602533
1.432828
0.762536
0.318765
0.756313
0.492736
1.396289
0.487985
0.683494
0.915376
1.713776
1.615278
0.912533
0.709455
1.675227
1.767714
1.225489
1.185745
1.367822
0.423015
0.861388
1.770818
0.853440
1.508946
0.345781
1.375455
1.052865
1.105189
1.760592
0.456365
1.762701
1.669566
1.770613
0.863528
1.480689
1.385570
0.197580
0.164932
0.557198
1.638089
1.227915
0.309413
1.735547
1.404674
0.431019
1.469411
1.580261
0.982345
1.354433
1.563947
1.183152
1.368122
1.770414
1.031987
0.979622
1.125634
1.417056
0.290119
0.430751
0.261454
1.771261
1.743565
0.515594
1.413824
1.074825
0.138012
1.761413
0.954151
0.984040
1.771738
1.698541
1.400028
1.376072
0.650242
0.208711
0.935876
1.410321
0.236135
0.432008
1.671016
1.572234
0.646921
1.730536
1.400490
1.712007
0.472548
1.291276
0.696818
1.710553
1.771281
1.153537
1.006336
0.160214
0.628268
1.496634
1.346476
0.410270
0.791002
0.731465
0.870011
1.241920
1.696470
0.253677
0.233032
1.754417
1.129750
0.800431
0.690859
0.961241
0.756770
1.250353
0.334556
0.636886
0.307328
0.386895
0.528576
1.765844
1.748375
0.262058
0.749022
1.739873
1.507158
0.240252
1.455970
0.784872
1.319882
1.363059
1.732007
0.420837
0.942299
1.151241
0.176724
0.608679
0.285398
1.638439
0.502998
0.755582
1.769557
0.294499
1.330312
0.188475
0.698212
1.100652
0.587507
0.186131
0.269003
0.322097
1.611527
1.247523
1.764085
0.921459
1.753313
1.073211
1.486044
1.361096
1.064817
0.692003
1.526995
0.614524
0.360970
0.513521
1.277303
0.975763
0.404749
1.439629
0.203740
0.407156
1.012652
1.674067
1.704093
0.251698
0.383711
0.890059
1.573882
1.760391
1.165599
0.863515
1.181898
0.660764
0.842201
1.768201
0.479199
1.765096
1.676140
0.921770
0.949673
0.196224
1.774343
1.769833
1.580791
1.770115
1.766836
0.234724
0.234803
1.396216
0.272475
0.363947
0.438049
1.075395
1.235461
1.770587
0.286806
0.146246
1.769663
0.273819
0.905804
0.260795
0.188723
1.768163
1.274412
1.365457
0.409800
0.729668
0.219588
0.203600
1.137341
0.559646
1.678255
1.445025
0.434571
1.446990
1.016147
1.327712
0.431529
0.199966
0.163305
0.970391
0.744732
1.763518
1.774222
1.768012
1.391029
1.242228
1.753072
0.236787
1.514658
0.311772
0.511066
0.256166
1.635310
1.255853
1.085875
0.688506
1.382555
1.295941
0.263160
1.767358
1.472250
1.386803
0.965003
0.854015
0.206283
1.445261
1.283472
0.521125
0.832829
0.129406
0.161907
0.159640
1.691402
1.758948
0.510840
0.169749
1.341295
0.550604
1.713632
0.265312
1.403498
0.209077
0.750342
0.295057
1.289722
0.321941
0.389454
0.200976
1.486872
0.313473
1.650565
1.249347
1.405313
1.347022
1.319839
1.419897
0.466418
0.245622
0.710818
0.305631
0.907734
1.380930
0.234267
1.196654
0.778333
1.257528
1.768625
0.940041
0.276750
0.298342
0.557233
1.626261
0.986991
0.934021
0.167568
1.585391
1.759601
0.377149
0.386586
0.494798
1.772298
0.344714
0.238085
0.476518
0.987486
1.771602
0.578883
1.050803
0.312670
0.484582
1.172470
1.652683
0.314510
0.248209
0.427331
0.174078
0.251372
1.235326
0.850729
1.303359
1.598638
0.271446
0.290955
0.117586
0.266112
1.770750
1.359337
1.707697
0.630676
1.288301
1.407367
0.617676
1.451674
0.203181
0.338071
1.315189
0.889844
0.498995
1.544285
0.526888
0.913345
1.665461
1.160767
1.764678
0.952895
0.308636
1.770291
0.312631
1.445964
1.279014
1.754633
1.423108
0.912298
0.592889
0.888145
0.672047
1.402656
0.273748
1.679707
0.956005
1.117460
1.456150
1.391406
0.151670
0.175282
0.845107
1.268065
1.511786
1.473974
0.919035
0.379372
0.301820
1.235360
1.727943
0.427380
0.459529
0.287764
1.609735
0.429949
1.524214
0.174587
1.099848
0.260456
0.347224
0.935323
1.157813
0.788619
0.373585
0.533450
1.635042
0.413638
1.726406
1.694320
0.090073
0.196301
0.915824
0.264233
1.001108
1.383584
0.226200
1.156388
0.144874
0.577737
0.752502
1.153531
1.371629
0.176304
1.726945
0.791973
0.232315
1.719537
0.465960
0.227488
0.539887
0.440172
0.136188
0.215178
1.456595
1.528950
0.272753
1.468231
0.214876
1.769576
1.767344
0.372054
1.559982
0.199935
0.324260
0.416386
0.392275
1.765173
1.201693
0.622763
0.423376
0.425189
0.957092
1.763749
1.709119
0.795356
0.487096
0.217775
0.282880
0.828302
0.273046
1.620091
0.298967
0.547460
0.266392
1.477592
1.573135
1.342505
0.777253
0.473070
1.761090
1.402601
1.739366
1.347144
0.963148
0.590761
0.426320
0.260336
1.767906
1.727504
0.329024
1.073840
0.804613
0.692793
0.607847
0.199788
0.949410
0.929374
0.207895
1.289094
1.767749
0.801320
0.227114
1.705444
1.771847
0.269867
0.433705
0.841541
0.711037
0.279379
1.399045
0.319348
1.771023
0.339078
1.157812
1.726653
1.007964
0.124814
1.709800
0.356002
1.744714
0.868127
0.341229
0.721211
1.409584
0.269487
0.369650
1.719835
0.795544
0.206326
0.678017
1.745740
1.762708
0.542912
0.579220
1.513618
1.242962
1.660355
0.360684
1.487573
0.536166
1.219925
1.575168
0.277607
0.200921
1.653582
1.758718
1.406864
0.201134
0.378888
1.759943
0.968632
0.317231
0.200984
0.506255
1.374602
1.758690
0.543407
0.339310
1.743637
0.895754
1.359174
1.489429
0.304532
0.265243
1.167975
1.374096
1.753072
1.399475
0.512936
1.139815
0.775354
0.406864
1.681297
0.193208
1.703370
0.311697
1.427305
1.373850
0.384009
0.687307
1.176481
1.427004
1.501749
1.033458
0.901642
0.980012
1.646056
0.403611
0.935476
1.761643
0.395168
1.166376
0.211818
0.193661
0.197394
1.537612
0.973953
0.933368
0.850512
0.874060
1.566270
0.205395
1.766602
1.513846
1.499032
0.783357
1.385280
1.265291
1.772667
1.337221
1.412494
1.766000
1.340892
0.473840
0.335999
0.938437
0.274430
0.178969
0.524247
1.722695
0.259305
1.408192
0.997904
0.822124
0.802348
1.741471
0.431515
0.642051
1.203009
0.540516
1.691401
1.767439
1.775047
1.713426
0.202548
1.770214
0.307973
0.266018
1.755576
1.407741
1.742194
0.935528
1.392215
1.760071
0.257171
0.693111
0.224857
0.733276
1.387135
1.412799
1.012305
0.814140
1.724936
0.181078
0.378725
1.422111
1.078394
1.771390
0.418962
1.759248
0.726991
0.963146
1.238483
1.761380
1.741760
1.061583
1.769179
0.965100
1.131441
0.437310
0.953713
0.981763
1.534605
0.361580
1.759638
1.477532
0.303792
0.638257
1.408233
1.224043
1.522813
0.404812
1.388903
0.411122
1.158162
0.344829
0.877080
0.581306
0.222942
0.322496
0.608493
1.746451
0.465833
1.769281
0.575799
1.764965
0.224805
0.627620
0.158363
0.256528
1.764065
1.402275
0.419278
0.309604
1.759231
1.738484
1.006949
0.246598
0.312016
0.332452
1.734030
0.764612
1.762821
0.904839
0.912811
1.556398
0.572706
0.663648
0.172546
0.967131
0.353347
1.278730
1.640562
1.405919
0.634915
1.035248
1.767011
0.916095
0.287691
1.413644
0.790073
1.699576
1.757829
0.359623
0.273896
0.980762
0.253735
0.161467
0.196332
1.282887
1.575478
1.753357
0.588868
0.217640
0.818796
0.393851
0.879337
1.007301
0.245377
1.518393
1.490025
0.810662
1.772936
1.380651
0.222453
1.732341
0.190978
1.315113
0.874076
1.498098
0.898746
1.087741
0.573426
0.605256
0.155119
1.122104
0.775068
0.962772
0.170500
1.737436
1.764838
1.064072
1.331494
1.386804
0.204394
1.207752
1.662746
1.774860
0.309219
0.853424
1.361915
1.434469
0.204870
0.736624
0.276406
1.530170
1.370688
1.682639
0.651656
1.349142
0.630918
1.762579
0.258289
1.276109
0.924467
1.773269
0.569490
0.270542
1.662575
0.397594
0.264410
1.337931
0.131936
0.141965
0.253740
0.387758
0.249265
1.771465
0.399026
0.381764
0.788532
1.748470
0.682528
0.465895
0.654489
1.609833
1.381211
0.938405
1.452058
0.279233
0.156053
1.336560
0.963791
1.223191
0.180918
1.632397
0.723146
0.578382
0.510283
0.681260
1.607722
0.303398
0.991555
0.637578
0.158113
1.762998
1.380569
0.313141
0.268452
0.228141
0.347808
1.703000
0.239125
1.697415
0.312757
1.500715
0.589048
1.392927
1.049789
0.922420
0.361496
1.580950
0.267635
1.047094
0.865617
0.244005
1.741626
1.265347
0.347485
0.347386
1.587660
0.227836
1.773841
0.610512
1.651078
1.772401
1.346775
0.150824
1.741314
1.754573
1.112712
0.278800
0.371624
0.262293
0.229790
1.399085
1.547044
0.176365
1.425862
1.211079
0.588448
0.226618
1.746981
1.728449
0.764395
0.302428
1.251627
1.736225
1.059167
0.376231
0.198475
1.461323
0.484710
1.541146
1.109423
0.191546
0.204743
0.443606
0.999360
0.210052
0.798642
1.686212
1.371540
1.770711
0.290670
1.752850
1.769433
1.321553
1.406039
0.355302
0.399243
1.407053
1.772632
1.567755
1.751695
1.468940
0.830692
1.370522
0.726466
1.760418
0.473286
0.471687
1.512890
1.686404
0.960290
0.420323
1.651030
0.250152
1.367555
0.265692
1.758029
1.770611
1.470325
0.585326
0.200982
0.243676
1.366237
1.124602
1.435023
0.349418
1.230810
1.774212
0.896829
0.301203
0.115868
1.344124
1.243289
0.256749
0.753535
1.766798
1.750358
1.432392
1.432784
1.349193
0.593706
0.671454
0.134489
1.692697
0.204492
0.590617
0.151836
1.574141
1.083836
0.200901
0.996559
1.650152
1.761394
0.634427
0.937693
0.180645
0.529921
0.521514
0.159888
0.483878
1.491760
0.708357
0.576066
0.290098
1.754407
0.712277
0.771500
0.351122
1.433515
1.049033
0.822982
1.409687
0.904788
0.307786
0.265157
1.080799
0.207092
0.128944
1.708716
1.758419
1.754633
0.997215
0.773101
0.742864
0.626379
1.347061
0.335573
1.752852
1.771670
0.633215
0.439848
0.986140
1.742343
0.611551
1.021025
0.957660
1.186870
1.070044
1.501117
1.760447
0.376320
0.950307
0.784908
0.293829
0.942933
0.972742
0.697417
1.543895
0.246518
0.287005
0.457151
1.706531
1.051971
1.313588
1.230553
1.398242
1.690476
0.286804
1.652371
1.366652
1.304596
0.164044
1.319624
0.263161
1.401201
0.962660
0.329276
0.457907
0.787700
0.498948
1.585386
0.547220
0.525443
1.770371
1.154480
0.359911
0.929748
1.009665
0.291861
1.028244
1.768071
1.352807
0.288602
1.665124
0.191772
0.340652
1.385162
1.109838
1.344865
1.090912
0.186961
0.252252
1.272355
0.334893
1.764766
1.018798
0.431322
0.223862
0.709188
0.362199
0.366420
0.533532
0.964153
1.667985
1.771088
1.744295
0.154540
0.806198
1.423542
1.457080
1.442868
0.671722
1.054392
0.315819
1.428292
0.677518
0.896340
0.452217
1.728003
1.170596
0.362470
0.141865
0.300400
1.433961
0.486647
1.358195
1.769680
1.185116
0.288340
0.278514
0.992606
0.823959
0.203300
0.161776
1.768211
1.337703
1.424061
0.495125
1.199870
0.963455
0.352481
1.265363
0.335663
0.628791
0.233363
0.161268
0.384431
0.987127
0.193496
0.232663
0.497317
1.274152
0.946240
0.751907
1.006702
0.853408
0.284287
0.947273
1.468209
0.660531
0.212157
0.240947
1.283255
1.581731
0.688437
1.733913
0.970361
1.314010
1.738831
0.460987
1.704193
1.476203
1.746737
0.219991
0.535422
1.242252
0.446282
0.957710
1.744177
0.949705
1.024476
1.449514
0.699717
0.270963
0.491248
1.490613
0.259853
0.602908
0.664723
0.641494
1.635277
1.756885
1.419413
0.302419
0.233680
0.602765
0.731951
0.789658
0.969229
1.052903
0.171419
0.357687
0.947490
0.396638
0.222271
0.223775
1.618880
0.906368
1.410094
0.485991
1.719999
1.048933
1.011874
1.769836
0.783966
0.156145
1.769193
0.997618
1.644373
0.262837
1.479052
0.854424
1.765252
0.589371
0.931689
1.375277
0.910306
0.291576
1.659393
1.291004
0.165851
0.997891
1.768450
0.195832
1.446920
0.674001
1.116464
1.114471
1.358760
1.351903
1.094722
0.309256
1.554654
1.772706
0.187611
0.924841
0.418131
1.402135
1.737591
0.310029
0.135048
0.181484
1.147696
0.395086
0.289590
1.004501
0.358383
1.327994
1.663184
0.385437
0.530862
1.758099
0.140717
0.979370
1.731351
1.474455
1.212553
1.406228
1.386044
0.294347
0.723748
1.182063
0.972102
0.194583
0.129252
0.214747
1.771008
1.070578
0.594417
1.267411
1.311327
0.980360
0.216811
0.684490
1.387563
1.387779
1.252215
0.172381
1.760798
0.353141
0.328674
1.763328
1.325956
1.754979
0.943970
1.402201
0.889573
1.275081
0.319585
1.334548
0.674549
1.737263
0.960573
0.161760
0.199450
0.872810
0.192854
1.753753
0.329254
0.980042
0.197733
1.009200
1.408268
1.562020
0.222623
0.357632
1.769676
1.441538
1.694061
1.274955
1.283284
0.397280
1.204001
1.760782
0.128334
0.659543
1.129931
1.379491
0.214833
0.140878
1.230917
0.483562
1.119980
0.956524
0.254836
0.219555
0.889920
1.206592
0.883964
0.469425
1.766584
0.263610
0.731804
0.411100
1.523157
1.343314
0.256617
1.735180
1.622029
1.630538
1.727123
1.769555
1.768835
0.311232
0.438047
0.275552
1.077705
1.470325
1.007100
1.770135
1.387583
0.574596
1.256752
0.695900
1.759506
1.605497
1.767173
1.551915
1.758699
1.772891
0.472838
1.417240
1.772847
1.064368
0.609800
1.222493
1.418777
0.675215
1.313994
0.245553
1.762712
0.367024
1.203250
1.350380
1.106346
0.821724
0.433446
1.769423
0.295378
1.592337
0.943557
0.603582
1.327603
0.292626
1.428808
0.339095
0.134438
0.971844
1.424913
1.025451
0.654001
1.596518
0.267611
0.656210
0.206453
1.752553
1.382393
0.905541
0.533920
0.464384
1.735666
0.119548
1.408639
1.589668
0.442197
0.312030
0.311898
1.410805
1.697591
1.659901
0.437554
0.756742
0.262335
1.447853
1.648952
1.768700
0.539387
1.597506
0.989611
1.329592
1.302414
1.530549
0.173026
0.488036
1.691721
1.183715
0.836748
1.767544
1.108716
0.490079
0.293440
1.359563
1.767443
0.236449
0.247485
0.428271
1.753114
1.249776
0.223089
1.748650
0.416735
0.457211
1.750379
1.429311
1.014464
0.971590
1.750082
1.318202
0.973128
0.779200
1.745886
0.394796
1.084590
1.621005
0.204535
1.454171
1.365738
1.652442
0.324169
0.960804
0.512087
1.404333
1.068496
1.225185
1.719341
0.200363
0.224442
1.643275
1.046510
1.760101
0.670934
0.326080
1.574432
1.401159
0.515622
0.416355
0.635786
1.177763
1.534177
0.267174
1.011924
1.127042
1.483675
1.371171
1.711306
1.507954
1.714935
0.944673
0.932862
0.397937
1.772519
1.648043
1.469366
1.093418
0.138493
0.195816
0.901337
0.829096
1.653363
0.794519
1.523297
1.446307
0.427614
1.146464
0.909222
0.474981
1.354397
0.217897
1.024391
1.385177
0.977998
0.785292
1.541177
1.630598
1.767160
0.901177
0.296636
1.435555
1.575731
1.771448
0.114787
0.194496
0.294590
0.370613
1.597834
1.384855
0.439725
0.575983
0.991510
1.386820
0.140180
0.373703
1.584391
0.318622
0.414328
0.966087
0.219387
1.528709
0.743840
0.782053
0.906735
1.681813
0.177987
1.318042
1.043035
0.517784
1.121115
1.744102
0.231167
1.100759
1.360311
1.663774
1.485854
1.310687
1.756809
0.318449
0.273854
1.440965
0.229938
0.319153
0.422927
0.630016
1.764878
0.640917
1.582763
1.769406
0.294823
0.700099
1.741438
1.614468
0.427032
1.747449
1.516766
1.369188
0.497954
0.964866
0.257443
1.400519
1.650123
1.738169
1.310336
1.773316
0.166387
1.725880
0.229664
0.241891
0.791104
0.867724
0.594855
0.238041
0.152885
1.366832
1.699057
0.407031
1.239316
0.992621
0.867992
0.165524
1.720446
1.115130
1.384270
0.256275
1.734881
1.290932
0.267208
0.934394
1.027486
0.440315
0.643261
1.156114
0.185602
1.206961
1.073672
0.480159
1.398672
0.733479
1.390877
1.376659
0.755689
1.676454
1.768803
1.769067
0.491211
1.585201
1.029035
0.212008
0.297131
1.771402
1.542707
1.704455
0.985455
0.129982
1.129852
1.078959
1.507707
1.544194
1.072437
1.628098
0.756521
0.383645
0.988955
1.687053
0.646710
0.469633
1.339232
1.736601
0.969210
1.750704
1.405223
1.635695
0.316568
1.150979
1.771450
1.759621
1.097966
0.352434
0.162955
0.213302
1.679574
1.310090
1.383379
1.731346
1.371629
1.198884
0.185579
1.611049
0.443855
1.316346
1.751655
0.234237
1.540241
0.882010
1.371244
1.135058
1.693015
1.383731
1.436883
1.772304
1.417907
1.762486
0.341627
1.706302
0.420131
1.308785
1.405778
0.794818
1.297711
1.747778
0.345603
0.151237
1.445104
1.022279
0.696896
1.766939
0.999451
0.355875
0.607884
1.541659
0.215306
1.679725
0.818674
1.507442
0.686785
1.659516
0.301166
0.583135
0.693482
1.769192
1.771010
0.425014
0.255248
0.630599
0.988588
0.493342
1.393983
0.655113
1.767472
1.404984
0.505705
1.371555
1.312694
0.461494
0.234395
1.721432
1.734618
0.920907
1.723613
1.760408
1.719834
1.345933
1.334447
0.936858
1.305916
1.499967
0.362938
0.431938
0.374589
1.390950
0.549942
1.055317
1.773427
1.461713
1.685276
1.611980
0.418956
1.755984
1.750137
0.583160
1.034418
1.471423
0.542156
0.983791
0.464351
0.800381
1.555230
1.412752
0.410992
1.542132
0.926234
1.744350
0.194311
1.676206
1.405387
0.477472
0.424721
0.248696
1.683713
1.760869
0.224074
0.186633
0.218597
1.038589
0.525268
0.410025
1.759140
1.441434
1.536954
1.351660
0.407107
0.355574
0.735613
0.990961
0.604451
1.016475
1.064560
0.167771
0.804868
0.582928
0.358681
1.406848
1.082156
0.198343
1.593654
0.712371
0.785254
1.169735
1.769905
0.152987
1.112914
1.057343
1.764747
0.376737
0.291862
1.406308
0.167418
0.412134
0.892195
0.736982
1.768672
1.699087
1.181440
1.381610
0.497067
1.765515
1.513139
0.357664
1.520974
0.848978
0.180373
0.276157
0.980708
1.462302
1.663774
0.935124
1.769383
0.437841
0.450245
1.761741
1.049699
0.984958
1.532214
0.846954
1.350590
1.324623
0.452058
1.624919
1.337238
1.608518
0.211400
0.328589
0.219169
1.762634
1.681838
0.303787
0.315881
1.055212
0.531374
0.319931
0.176550
0.268757
1.088215
0.457056
0.698281
1.220128
0.941400
1.282985
1.442226
0.980491
1.558152
1.765754
1.752447
1.769946
0.275625
0.290866
1.706132
0.326549
1.641877
0.670001
1.751513
0.607358
0.536174
0.448252
1.314872
0.958466
0.223580
0.948331
1.335712
0.183319
1.636329
1.668013
0.931781
1.767039
0.270793
0.176703
0.297835
1.107224
1.112397
0.491461
0.229334
0.115800
1.382640
0.467844
1.308668
0.578758
0.678363
1.774404
1.229744
1.770379
0.528859
0.898833
1.388563
0.990952
0.976231
0.426746
0.108544
0.363230
0.955452
1.588993
0.542367
1.221108
1.703938
0.943134
1.751357
1.391269
0.972146
0.296690
1.766321
0.679209
1.694598
1.368302
0.253243
0.306136
1.736112
1.772362
0.977763
1.124953
1.748903
1.757535
1.360162
0.262244
1.565979
1.687321
0.199507
1.743504
1.773337
1.171799
0.964734
0.355402
0.600460
0.924695
0.228086
1.761778
1.769571
1.349981
0.852262
0.954745
0.834447
1.449879
1.547037
0.273647
1.761174
1.761071
1.481054
1.437514
0.180235
1.036243
0.830916
0.243527
1.481095
0.362791
1.711058
0.476073
0.304454
0.466354
0.263061
0.220346
0.196144
1.750292
1.203585
1.346813
1.401289
1.641124
0.407103
1.346037
1.770218
0.964427
0.229463
0.264443
1.769201
0.287999
0.248634
1.282990
0.178306
0.676227
1.123187
0.190398
0.183392
1.769277
0.843766
0.243003
0.930840
0.348130
0.343986
0.145340
1.427643
0.304060
1.719888
1.066634
1.661723
0.273915
0.253646
1.704916
0.413405
0.865067
1.248837
1.052521
0.806607
0.794097
1.757853
0.976170
1.093840
0.996108
0.445199
0.551948
1.745724
0.252916
0.887076
1.440693
0.204053
0.500018
0.518933
1.408310
0.201688
0.917841
1.766469
0.247236
1.574699
0.316033
1.768111
1.724709
0.417254
0.240079
1.391926
0.695249
0.466788
0.286440
1.761508
1.259848
1.184118
0.328348
1.107885
1.767163
0.938834
1.559458
1.388341
0.540367
0.452588
0.741052
0.500505
0.908914
0.474600
1.104995
0.245907
0.194559
1.492018
1.718931
0.306735
1.608749
0.158808
0.262873
0.752200
1.739288
1.741875
0.683701
1.500473
0.765194
0.202984
0.252292
0.870117
0.544334
1.401652
0.219923
1.422870
0.989353
1.758434
0.681337
0.291291
1.760466
1.653386
0.724310
0.215826
1.062402
0.817070
1.712097
1.594431
0.886304
1.311871
1.750517
0.823922
0.522709
0.947393
1.623261
1.230736
0.611060
1.482970
1.604103
0.157802
1.772162
0.405479
1.718347
1.323116
0.263107
1.706774
1.255342
1.360591
0.952924
0.496793
1.446520
1.693978
0.994312
0.148746
1.680848
0.109558
1.722790
1.737842
0.838404
0.247369
0.377830
1.340308
1.773257
1.506646
1.047674
0.592158
0.748726
1.768347
1.715082
0.193281
0.916162
0.182765
1.764083
1.738529
1.757871
1.545433
1.761589
1.426407
1.772534
0.861965
0.291871
1.760391
0.368687
0.255702
0.360917
0.288205
0.679247
0.491351
0.371602
1.306874
0.732343
0.220333
0.949494
1.369229
0.811335
1.177097
1.720164
0.224579
1.768446
1.269915
1.760267
1.771266
0.392634
0.391852
0.200449
0.212449
1.465943
1.758410
0.404457
1.416588
0.224300
1.233478
0.335020
0.372843
1.494223
1.411689
1.281864
1.409828
0.727831
0.175867
1.353107
1.735076
1.115647
1.736758
0.675125
0.422450
0.296241
0.644792
0.259148
1.445591
1.245374
0.313007
1.392190
0.594841
1.460788
0.196178
1.111934
1.768641
1.386613
0.225914
1.351652
0.208063
1.715469
0.818860
0.554248
0.272418
0.301773
1.758525
1.754128
1.557891
0.189790
0.401642
0.183504
1.715961
1.332587
1.764929
1.767232
0.298842
0.319112
0.984369
0.161694
0.971964
0.992976
1.570205
1.734565
0.347301
1.771820
0.757700
1.763671
0.261617
1.352212
0.970110
0.781477
0.862566
1.053069
0.983079
1.757980
1.768606
1.769003
0.262187
1.324605
1.154571
0.966087
1.583332
0.221591
1.503423
1.473894
0.297463
1.771662
0.159086
1.520475
1.006067
1.689179
0.346321
0.914330
1.619761
0.321827
0.226571
1.767488
1.754681
1.425723
0.172266
0.967572
0.944949
0.335564
1.768959
1.411940
1.769276
1.752866
0.311382
0.222777
0.834629
0.663879
0.708550
0.417594
1.279040
0.302686
1.763858
0.341618
0.390019
0.226097
1.774627
1.001771
0.921248
1.201441
0.315442
1.773381
0.394962
0.774897
1.315670
0.317648
0.658776
0.554365
1.432804
0.215020
0.202359
1.241831
0.941478
0.243567
0.330379
1.378528
1.762886
1.173015
1.286520
1.116482
0.191991
1.746160
0.912224
1.038284
0.834403
1.747016
0.207796
0.615087
1.738982
1.689915
0.376572
0.220720
0.135063
1.358620
0.498423
0.280562
1.709387
1.382283
0.480476
0.469276
1.472290
0.285648
0.317062
1.233684
0.206724
1.422760
0.940239
1.741671
1.161854
1.386084
1.159554
0.997164
1.770456
1.370689
1.705712
0.937894
0.615791
0.239599
0.332882
1.075694
0.372878
1.642892
1.407047
1.000096
1.769720
1.593063
0.285082
0.463609
0.784351
1.010407
0.407940
1.741588
0.171145
1.762619
0.522633
1.427508
1.025520
1.338794
0.877902
0.205953
1.761028
1.270850
0.793605
0.978759
0.292958
0.231969
0.422394
0.401306
1.169746
0.188043
0.742940
1.559330
0.204178
0.138207
0.869264
1.478822
0.507610
0.470633
0.470550
0.955058
1.768588
0.275382
0.881750
1.764810
0.351956
1.669211
0.663382
1.699337
0.421722
0.577527
0.969140
1.731694
0.269592
1.296255
0.771985
0.397880
0.134357
1.394005
1.767963
1.746676
0.389143
1.769548
1.431764
0.192776
1.764031
0.374011
1.710285
0.940550
0.193309
1.761260
1.230710
1.082103
0.975143
1.311726
0.393712
0.673322
0.923430
0.944056
0.473506
1.772812
1.304180
1.722242
1.722438
1.382332
0.242022
1.670221
0.878989
0.592543
0.537058
1.306385
1.131340
0.213889
1.766937
1.750636
0.554646
1.299251
0.785232
0.532980
1.359531
0.524436
0.920992
1.716254
1.344468
1.749032
0.430954
0.188082
0.246607
0.218635
0.372258
1.128265
0.490619
0.729964
0.292469
1.458022
1.714107
1.678119
1.738799
0.385302
1.203414
1.395498
1.392687
1.624382
0.641860
1.752744
1.758619
0.694008
1.763611
1.694725
1.704931
1.229379
1.684297
1.336202
1.335506
1.769962
1.271407
1.495692
0.700905
1.077258
0.306925
1.295783
0.111327
1.135328
0.211604
1.050895
0.678025
0.866901
0.280339
0.690185
0.556982
1.765240
1.742268
1.410844
0.795816
0.505175
0.822459
1.607918
0.531133
0.187266
1.689794
1.762848
1.662463
1.012329
1.371879
1.476825
0.579293
0.188113
1.485183
1.769186
1.551920
0.994731
1.477880
0.273377
0.815319
0.615218
1.457245
1.357416
0.550363
0.205367
0.422474
0.428233
1.411965
0.219933
1.584030
1.637907
0.985275
1.771746
0.408704
0.383594
1.762304
0.691090
1.186018
1.774120
0.209356
1.772728
1.746473
1.760581
1.340051
0.166765
1.737630
1.286348
0.811861
0.155162
0.434849
0.342035
0.998047
0.744074
1.483445
1.263598
1.496762
0.193978
0.492505
1.386160
1.627190
0.174795
0.547937
0.556797
1.355121
0.265294
0.322119
1.372590
1.763922
0.346688
0.210716
0.375641
1.747640
0.181998
0.437750
0.454774
0.362102
0.631900
0.420735
1.648801
1.353894
1.771600
1.730942
0.765588
1.387025
0.827362
0.956433
0.543764
0.446952
1.765285
1.301045
0.274020
1.299475
0.227198
0.933138
0.630033
1.076072
1.729184
0.168165
1.753905
0.479521
0.418551
1.237068
0.308232
0.520694
0.685667
1.751278
1.457453
0.614652
0.614215
1.453061
1.714381
1.019330
0.971995
0.580841
0.857237
1.774102
0.573202
1.156125
1.428081
0.224076
0.485596
0.612454
0.824239
1.317647
0.532030
1.268139
1.328173
0.223648
1.440394
0.187082
0.228443
1.322946
1.594036
1.038733
0.334787
1.607711
1.766366
1.405286
0.325000
0.421011
0.229999
1.745556
1.770296
0.232129
1.344399
0.363629
0.255922
1.551330
0.467783
1.506261
0.802185
0.583234
0.495756
1.007019
1.386841
0.750114
1.369085
1.328671
0.443516
0.856225
0.777733
1.762256
0.854978
1.740731
1.337563
0.350320
1.768034
1.667290
0.742710
0.188470
1.007145
0.762569
0.484408
1.633250
1.770003
0.222470
1.769514
1.749709
0.189828
0.260226
1.775632
0.801947
0.513868
0.152270
1.769768
1.111529
1.293266
0.214168
1.678839
0.144735
1.476454
0.212416
0.782259
1.364530
0.878762
0.831685
0.751061
1.305673
1.297139
1.764382
0.274063
0.200375
1.543901
1.552454
1.397239
1.370749
1.001104
1.197587
0.166625
0.194777
0.969958
0.347436
1.750689
1.188060
0.588623
0.778702
0.322486
1.765870
0.361305
1.264614
0.955970
0.801653
0.330971
1.541183
0.235231
1.243526
0.982243
1.238040
1.273538
0.179428
0.809089
1.654398
1.371965
0.560404
1.050601
0.958218
1.353964
1.690212
0.160762
0.859069
1.527768
0.394315
0.264008
1.306372
0.286272
0.789041
1.542974
1.386615
0.868015
0.864122
1.663214
0.301875
0.657789
0.673559
0.918335
1.003271
1.770752
1.771279
0.228138
1.520013
1.573138
0.237378
1.625924
1.484851
1.766970
1.762286
0.344660
0.659706
0.901747
1.501797
1.760579
0.357589
1.761390
1.751083
1.767252
1.760499
0.815730
0.258422
0.862204
1.746181
1.381635
1.087544
0.875466
1.428978
0.538323
1.277771
0.436755
1.403703
0.263134
0.254935
0.430654
1.316786
1.532313
0.392536
0.486894
1.474578
0.470389
1.624032
1.395688
1.445506
1.766836
1.521236
1.400673
0.346796
0.348012
0.616102
1.263473
1.717819
0.221702
1.099025
1.758835
0.140660
1.756338
0.163142
0.627740
0.143263
0.972032
1.718379
0.269035
0.636264
0.839152
0.186429
1.769089
1.601026
1.408867
1.350865
1.741893
0.278135
0.600104
0.360790
1.208912
1.733186
0.994693
0.199767
1.642524
1.624173
0.244688
0.543070
1.768749
1.723429
1.430610
0.839294
1.431793
1.769681
0.151511
1.096700
1.103627
1.346985
1.758927
1.049740
1.693527
1.753302
0.956676
0.429865
0.171123
0.332532
1.673438
1.745627
1.196697
0.482819
1.317763
1.764196
0.492459
1.184870
1.770107
0.964191
1.084160
0.279848
1.678052
0.771954
0.123813
0.831970
0.194803
0.194306
1.772573
1.221235
1.513827
0.285142
1.241320
1.741194
1.767767
1.260903
0.224779
0.931725
1.275663
1.701802
0.290679
0.756138
0.729897
0.907105
0.299179
1.547425
1.759425
0.626148
0.154250
0.841543
1.464474
1.771161
0.974174
1.766824
0.174501
1.753717
1.767803
1.694918
1.689926
1.508865
0.773878
1.753997
1.655032
1.362656
0.153259
0.740319
1.750651
0.234723
1.580598
0.720358
1.771904
1.768009
1.645542
0.902406
1.762330
0.598180
0.440889
0.664237
1.771818
1.419664
0.798812
1.580676
0.813698
1.409601
1.715316
0.306844
0.877012
0.230520
1.158615
0.585321
0.896452
1.423708
0.972098
1.373024
1.342690
1.167784
1.018053
0.397203
0.329561
0.572705
1.522181
1.297214
1.628983
0.249654
1.016697
1.622264
0.190551
0.982448
1.482760
0.235473
1.741041
0.947016
0.515541
1.263690
0.548277
1.570173
0.359990
1.751009
0.510476
0.228181
1.737497
0.405581
1.093095
1.738582
1.373059
1.721742
0.290726
0.949654
1.730632
0.131756
0.536530
0.919418
1.661847
0.132537
0.795439
1.614447
0.390026
0.975206
1.345578
1.192551
1.771405
0.765185
1.101279
1.709050
1.390667
0.925622
1.224246
1.772018
0.893608
0.180664
1.711749
1.375423
1.748467
1.381092
0.149990
0.583533
1.483050
0.255144
0.893090
0.282107
0.207423
1.081263
1.747680
0.452325
0.474092
1.440835
1.741955
1.764842
1.769773
1.038285
0.246481
0.194523
0.282153
1.727348
1.581251
1.403167
1.613978
0.133458
1.537002
1.766921
0.733025
0.877416
0.711954
1.110685
0.622878
0.726628
1.431994
1.409914
0.653467
0.400896
1.770705
0.156622
1.764206
1.389181
1.366007
1.772222
1.436014
0.818875
1.695961
0.779549
1.438898
0.647311
0.205778
1.291739
1.313915
1.622638
0.671710
0.155986
1.355500
1.772039
0.460922
0.407118
1.761463
0.243349
1.752225
0.205837
0.355984
1.402072
1.644141
1.740162
1.103812
0.175865
1.212157
1.767951
1.224762
1.743088
1.284856
1.277512
1.035541
0.338108
0.220834
0.767903
0.432567
1.737376
0.253229
0.206510
0.236379
1.765957
1.711384
0.117229
0.965930
0.194203
1.766435
1.228817
0.228202
1.123744
0.459633
0.149331
0.973817
1.763063
0.529810
1.535744
1.540929
1.771664
1.148655
0.401614
1.703162
0.476752
1.760836
1.416426
1.689729
1.773586
1.736781
1.741794
0.843835
0.117538
1.382268
0.411585
0.291499
1.468987
1.376728
0.242590
0.395605
0.727382
0.472370
0.302621
0.227746
0.799017
0.257149
0.536561
0.362306
0.104018
0.708046
1.154441
1.396560
0.111667
1.452860
1.768546
1.765325
1.751263
0.564873
0.398118
1.303215
0.904048
1.346298
0.983949
1.759275
0.823070
0.991984
1.464984
1.601531
0.546867
0.946992
0.296106
1.003755
1.579624
1.185695
0.582738
1.771054
0.259481
0.240185
0.993320
0.497221
0.835484
1.400748
1.388377
1.746767
0.545140
1.435925
1.239133
1.536007
0.275565
1.226342
0.989622
0.231773
1.540736
1.590654
1.297548
1.756912
0.519152
1.514790
0.473708
0.392100
0.966901
0.280132
1.351186
1.689821
0.512655
0.255209
0.268831
0.586022
1.768609
0.766309
1.425235
1.621509
0.366260
0.261045
0.279414
0.829323
1.762622
1.727069
1.771343
1.772200
0.323972
1.005401
0.395913
1.111382
0.216293
1.769453
0.950052
1.505255
0.400735
0.530564
0.284459
0.605577
0.574682
1.526170
0.258008
1.560322
1.550078
0.357652
0.814401
1.470276
1.082575
1.371400
1.396638
1.768007
0.528132
0.487063
0.179984
0.516060
1.575169
0.257493
0.254177
1.757723
1.764098
1.746701
0.618345
1.771472
1.397996
1.224827
0.309954
0.776646
0.317149
1.587597
0.211724
0.441155
1.741875
1.771703
0.285683
0.619779
1.749683
0.393687
0.305299
0.335896
0.319208
1.672148
1.480444
0.626760
1.387994
0.201220
0.339900
0.393068
0.451323
0.883751
0.593749
0.344733
0.367841
1.059908
0.272180
0.224713
1.417082
0.366840
0.322886
0.339898
1.031810
1.763438
0.451262
0.317967
0.860861
1.548903
1.465024
0.929513
1.744128
0.446433
0.218625
1.749766
0.575731
1.392437
0.539067
0.353805
0.180994
1.761250
1.412615
1.771940
1.308204
0.932572
1.378085
1.439708
1.518059
0.988450
1.414884
0.625203
1.417709
0.595666
0.387529
1.431909
0.230362
0.447735
0.335076
0.264268
0.200769
1.770893
0.430287
0.600134
0.858216
0.525591
1.772588
1.391822
1.435090
1.498125
0.240764
0.326239
1.175254
1.288013
0.991621
0.418302
1.720538
0.889780
0.398080
0.959906
0.333776
0.673857
1.466399
1.752243
0.635961
1.464558
1.755556
1.744024
1.507020
0.355481
0.786758
1.664467
0.182770
0.960949
0.864246
0.410064
0.827986
0.231683
0.744856
1.404162
1.772010
0.791924
0.806750
0.363975
1.334208
1.368181
0.160695
0.575424
1.363662
1.510158
1.390028
0.934808
1.400295
1.653260
1.408722
0.893164
0.256345
1.749166
1.626372
1.371639
0.219993
1.153031
1.132427
1.772323
0.922799
1.761214
0.781578
1.756949
0.216706
0.369086
0.228943
0.656986
1.765247
1.107392
1.686473
1.393700
1.172805
0.219936
0.645883
1.540797
0.193948
0.267442
1.104903
1.748175
1.515225
0.245154
0.165001
1.230192
1.768675
0.632861
1.774360
0.963700
0.766720
1.493855
0.393383
0.760469
0.449035
0.552222
1.702356
1.760971
1.738841
1.368541
0.229794
0.190585
0.618812
1.428912
1.749890
0.210420
1.122560
0.856994
1.074145
0.754075
1.699522
0.198156
1.397727
0.370258
0.739331
1.756724
0.500938
1.059804
0.574464
1.731259
0.338554
0.163868
0.328311
1.770869
0.590324
1.669979
1.761501
0.881930
1.763743
0.294520
1.273255
0.175632
0.373787
0.280152
1.766679
1.347215
1.459077
1.665579
0.169477
0.290467
1.767426
0.475147
1.628065
1.417329
1.767158
0.971353
0.164633
0.426515
0.981953
1.748477
1.720426
0.728336
1.718874
1.369330
0.184242
1.759610
1.523021
1.168291
0.754637
0.499286
0.484491
0.838127
1.389524
0.172178
0.410330
0.347795
1.403281
1.089665
0.704829
1.157004
1.358265
1.702421
0.233890
0.140354
0.218945
1.172518
0.235199
0.618994
1.619801
0.547281
1.402260
0.565688
0.726154
1.745743
0.340630
1.110499
1.719826
1.227659
1.531624
1.691289
1.280410
0.504549
1.770561
1.692681
1.317500
0.991621
0.254515
1.131417
0.401226
0.743854
1.041166
1.336043
0.226319
0.322370
1.700453
1.773595
1.524178
0.193402
0.239577
1.304471
1.596581
1.468844
0.226919
0.478207
1.325349
1.759661
0.258144
0.277174
1.770979
0.175231
0.437574
1.302549
1.700974
1.720233
1.422620
1.263689
1.569639
0.167007
0.904347
0.875227
0.810513
1.371861
0.482065
0.791919
0.921131
1.125338
0.205195
1.070628
1.753927
0.633956
1.151593
1.386962
1.724430
0.293582
1.396891
1.767231
1.253250
1.354833
1.749269
0.243178
0.901906
1.367220
0.983111
0.858747
0.483777
1.318371
0.802660
1.002116
0.918418
1.664487
0.832923
1.377075
1.564837
1.314271
0.219450
1.286157
1.367931
0.340533
1.375325
0.153985
0.157857
1.394844
1.261975
1.754000
1.413374
0.306452
1.454295
0.813114
1.741914
0.395169
0.208270
0.277606
1.276093
0.567194
0.347130
0.933123
1.356457
0.538064
0.535278
0.502609
1.396882
1.056887
0.235135
1.767307
1.305932
1.582859
0.807945
1.390247
0.940824
0.239375
0.383626
0.913146
1.769348
1.773360
0.531591
0.641607
1.299953
1.410879
1.441507
1.421607
1.044258
0.189787
0.969554
0.961697
1.742303
0.579054
1.402739
1.764513
1.432854
1.724697
0.627961
1.415636
1.488185
0.190753
1.201126
1.390527
0.355640
0.186154
1.691866
0.358412
1.715029
0.907765
0.364034
0.822362
0.265296
0.692961
1.631586
1.333202
0.829836
1.672847
1.167325
1.756937
0.973850
1.392238
0.451193
1.771047
0.163331
1.372381
0.326203
1.438992
1.409202
0.974848
0.351119
0.607183
1.376616
1.711120
0.806638
1.035664
0.613969
1.768600
1.593883
1.406376
1.069557
1.713272
0.830400
0.379926
1.762481
1.626171
1.756001
1.402211
0.957727
0.376107
0.285951
1.728707
0.656111
0.293272
1.406553
0.575815
1.457762
0.112146
0.654923
1.762023
0.328205
0.145598
1.653114
1.755872
0.677269
0.317527
1.388853
0.426374
1.141116
0.503615
0.155070
0.872515
0.585513
1.335453
0.209783
0.473450
0.850146
1.714224
0.244762
0.239963
0.550446
1.359727
1.392604
1.464751
0.343102
0.416614
0.906829
0.271972
0.731480
1.616585
0.292466
1.436358
1.594823
1.278623
0.155303
1.149002
1.375050
0.318896
0.893506
0.148419
1.686407
0.674680
0.260697
0.909225
0.343237
1.568758
1.496444
1.393358
1.577802
0.769587
0.812397
0.276062
0.301049
1.065132
0.315636
1.774314
0.236468
1.757679
0.806679
0.217513
0.708535
0.262745
0.968041
0.962587
1.045016
0.380632
1.663660
1.249850
1.761152
0.701670
0.933439
0.262016
0.998268
1.766681
0.622331
0.808694
1.673513
1.637892
1.750612
1.768811
1.273561
1.640907
0.315013
1.770118
1.771399
0.258937
0.741785
1.398883
1.079581
0.347086
0.938347
1.730808
0.376223
1.770852
1.385722
1.377068
0.493515
0.222958
0.275394
1.393956
1.080900
0.248792
1.340079
0.203264
0.726733
1.764423
0.942010
0.309154
0.213075
0.705139
1.773472
0.339789
0.973611
0.202741
0.263333
0.262710
0.287465
0.583870
0.637663
1.470744
1.746662
0.930995
1.391805
1.769093
0.583633
1.381952
0.169480
0.485824
0.298065
1.304677
0.671704
0.940061
1.219105
1.763005
1.754123
1.733660
1.766352
1.515728
1.656863
0.281975
1.396763
0.437245
0.460527
1.252456
1.372307
1.344651
1.471683
0.713691
0.374191
1.514939
1.304395
0.949081
1.279185
0.641683
1.739469
1.729462
0.961953
1.551253
1.415796
0.266646
1.765434
0.482128
0.265386
1.435413
0.215049
0.184317
0.979399
1.767575
1.734869
0.303827
0.345348
1.742412
0.205976
0.616592
1.698038
0.336321
0.156639
1.771983
1.756595
0.210473
0.458825
1.395829
0.221617
0.237629
1.767117
1.745958
0.891791
0.300645
0.891383
1.403396
0.781270
0.516761
0.192531
1.442433
1.772944
1.768580
1.428175
0.172207
0.178863
0.696187
0.731083
0.307062
1.459288
0.908280
1.760902
1.590341
1.708115
1.305527
0.948392
1.553231
1.530056
0.276573
1.763165
1.111439
1.770303
1.451257
0.916892
0.748526
0.222864
0.981659
0.178444
1.240176
0.265310
1.679635
1.130168
1.172570
0.759763
0.306262
0.703179
0.338649
1.419397
0.375361
0.672035
0.220013
0.575418
1.382299
1.756338
1.774628
0.998362
0.297763
0.223561
1.245211
1.052537
0.142635
0.654162
1.550557
1.507368
0.948483
0.992062
0.309627
0.447401
0.804030
1.616658
0.768985
0.966553
1.728010
0.305081
0.558273
1.754032
1.587790
0.973300
1.753715
1.432704
1.593220
0.792494
0.944962
0.403972
0.132012
1.601003
1.729535
1.388407
1.767462
0.222508
1.323029
1.771999
1.606129
1.749754
0.604818
1.314596
0.796711
0.192817
1.750562
1.333227
0.821596
1.761268
0.249590
1.066631
1.563646
0.499609
0.341152
1.728801
1.649783
0.599340
0.389535
0.971516
0.268561
0.328119
1.179887
1.264205
1.089558
1.773030
0.140931
0.170655
0.883099
0.953843
1.741926
0.497009
0.488022
0.260194
0.528009
0.961746
1.395675
0.219573
0.436287
1.284411
1.724750
1.498611
0.263188
0.358127
0.184996
1.523455
1.174178
0.224352
1.366840
1.528162
0.464109
0.269039
1.755475
1.413887
0.962946
1.032971
1.481515
0.178497
0.222685
1.439863
1.031388
0.265799
0.624246
1.739923
1.765346
0.486396
0.207845
0.981541
1.718076
0.199595
0.146177
1.391295
1.124712
1.408261
1.409542
1.599501
1.407604
0.208513
1.414581
0.224168
1.093476
1.499958
1.769341
0.331686
0.487609
0.685938
0.345509
0.957482
1.435735
0.345286
1.523864
1.742163
0.915074
1.456870
0.957421
1.142377
0.603965
0.371305
1.184687
1.673565
1.332511
0.236980
1.703128
0.213835
0.178732
0.486182
0.729011
1.367934
0.637149
1.768666
0.418362
1.587644
1.518963
1.260049
0.482614
1.264816
1.350235
1.751570
1.415515
0.742634
1.442284
1.542789
1.531947
0.721653
0.843080
1.699117
0.623597
1.621425
0.496747
1.305450
1.762023
1.742764
1.766239
1.772567
0.472767
1.408823
1.680567
1.772396
0.430342
0.737473
0.419299
0.389004
1.161313
1.620881
1.767329
0.351082
0.236571
0.393479
1.287926
1.044568
0.361694
1.711035
0.220666
0.161879
0.300364
1.763907
1.174999
1.747190
0.222166
1.244902
0.251502
0.731247
1.709910
0.461728
1.173678
1.311261
0.435963
0.159947
0.215038
0.965985
0.392084
1.318771
0.327998
1.755661
1.588010
0.621108
0.525588
1.149105
1.285018
0.919848
1.034849
0.298323
1.770058
1.727362
0.814001
1.621583
1.184769
1.051912
1.768360
0.930653
0.854458
1.394264
0.539575
0.599281
0.346428
0.246622
1.771532
1.761298
1.377309
0.600681
1.200976
1.769759
0.597044
1.362553
1.774971
1.364761
0.919872
0.341955
0.945396
1.682641
1.015916
1.762849
1.748892
1.767419
0.422279
1.753450
0.287175
1.535940
0.314707
1.080464
1.455671
0.721591
0.252648
1.608360
0.445728
1.716417
0.974106
0.621166
0.572602
1.141190
0.207974
1.768257
0.415115
0.840793
0.767725
1.419525
0.973577
0.657457
0.285795
1.742154
0.268420
1.489851
0.736916
0.274548
1.699327
1.724563
1.269734
0.339806
0.241517
1.769668
1.253496
0.719089
0.369973
1.346295
1.719123
0.191670
1.380767
0.952211
0.845361
0.345923
0.304573
1.768469
1.424193
1.345255
1.735342
0.816782
1.766623
0.465044
0.179321
1.757473
1.771223
1.773369
1.615939
0.968886
1.748809
1.655589
1.768837
1.285169
0.181698
0.266635
0.656157
1.306311
1.773444
1.765521
1.769934
0.136450
1.029337
0.277897
1.767184
0.925279
0.946468
1.767570
1.393568
1.408554
1.448116
0.269751
0.238707
1.670504
0.230933
0.999095
1.048880
0.141344
1.113607
1.765514
0.333099
1.761398
1.750482
0.173865
1.310074
0.288142
1.316216
0.180281
1.766204
0.973622
0.640852
0.363527
1.765730
0.627436
0.170283
0.844492
0.568417
1.686640
1.350321
1.376538
0.438264
1.702968
0.119527
0.377966
0.231814
1.739980
0.841626
0.275391
0.295833
0.648796
0.872163
1.538523
0.894154
1.770234
1.281370
0.288539
1.448362
0.955730
0.308353
1.077357
0.256451
1.718850
1.378350
1.378956
1.771619
0.887532
0.233893
0.357301
0.334295
0.812208
1.705125
1.068559
1.165910
0.438031
0.942652
1.503142
0.579171
1.293615
0.973065
0.658283
0.416361
0.203392
1.354352
1.757987
1.761147
0.908908
1.708325
1.768038
0.960644
0.802369
1.722488
0.204643
0.419465
1.295774
1.764725
1.467688
1.748688
1.757254
0.984436
1.748183
0.146506
1.762161
1.533446
0.555141
1.387923
1.526047
0.177342
0.957675
0.261880
1.140150
0.240105
0.752167
1.753425
0.914368
0.284494
1.766002
0.265552
0.981060
0.198769
0.605687
1.388386
0.208468
1.614027
0.823328
0.825322
1.737356
1.037874
0.660396
1.632138
0.392705
1.701681
0.263411
1.723453
1.387182
0.939569
0.149154
0.238824
0.584397
1.756679
1.771359
1.762882
1.720669
1.763843
1.314700
0.418450
0.861430
0.389938
1.282101
1.528260
1.289421
1.717677
0.279498
1.212341
1.756091
0.386674
0.186510
0.323730
0.966833
1.660226
0.169760
0.217044
0.154686
1.578013
0.315066
0.480964
0.345299
0.763059
1.637442
1.687989
1.681620
1.569877
1.408283
0.671961
1.759757
0.501929
1.755976
0.230519
1.009821
0.262921
0.251678
1.754784
0.279810
0.520650
1.738773
1.707382
1.415921
0.159350
0.577001
1.408578
0.287642
1.739913
1.770211
1.384948
1.703165
0.404180
0.668325
1.398420
0.527218
1.263109
0.965059
0.229500
1.327040
0.293640
0.305445
0.350472
1.403895
0.249529
1.324708
0.271603
1.770170
0.365905
0.195742
0.685444
0.178631
0.671644
1.734180
0.894465
0.686806
1.487374
1.773414
1.727575
0.204181
1.139621
1.404624
1.361881
1.767367
1.429425
0.301250
0.409450
1.329677
0.260892
0.481301
0.250086
1.114625
0.215478
1.049214
0.762269
1.010237
0.523129
1.771216
1.365916
0.236764
0.487299
0.218679
0.858095
1.523078
0.571054
0.147881
0.206482
0.264966
0.717977
1.430672
1.201965
1.685523
1.771189
1.379303
0.635616
0.209688
1.650383
0.942391
0.232662
0.945678
0.663754
0.366734
1.414427
0.176329
0.168200
1.411156
0.213149
1.721932
0.543807
0.385954
1.767221
0.969665
0.198211
1.308812
0.591985
1.079521
1.758487
0.296344
0.378819
1.704992
0.940240
0.991333
0.507748
1.765797
0.990271
0.249904
1.162625
0.719241
0.192242
1.772065
1.411284
1.735323
0.573556
0.950523
1.409415
0.952058
0.892312
0.150167
0.324810
0.758615
1.764363
0.584234
1.756943
1.256237
1.412069
1.771672
1.532473
1.289726
0.962334
1.328298
0.921162
1.752894
0.852485
1.532259
0.143485
0.117616
0.262593
1.386409
1.712249
1.678873
1.394503
0.491018
1.530041
1.762580
1.324982
0.675095
1.688673
1.206748
0.201116
1.754221
1.050153
1.409606
1.023912
1.772758
1.358581
0.236993
1.352769
0.617997
0.308594
1.077917
1.250973
1.136338
0.199454
0.266113
1.349220
0.338085
0.412032
0.200925
1.749782
1.770764
1.390738
0.207609
1.400948
1.361255
0.318021
0.915929
1.708213
0.889769
1.436244
1.768846
0.520991
1.675334
0.722596
0.973460
1.766301
0.374467
0.987213
1.376150
1.761895
1.395350
1.766190
0.434932
0.991995
1.203223
1.553402
0.925831
0.232225
1.024046
0.635903
1.769194
1.360205
0.454577
0.278400
1.359701
1.384406
1.095496
0.197351
1.758341
0.496129
1.165196
1.734362
1.751868
0.336543
0.514242
0.997541
1.437141
1.381306
0.278008
1.727425
0.208614
1.611293
1.429741
0.444423
0.654889
0.324932
1.759097
0.345246
1.736001
1.771510
1.343346
0.193859
0.304591
1.757297
0.928383
1.739240
0.172599
0.326898
0.487872
0.997756
0.913928
1.762555
0.987720
0.789051
1.108473
0.198969
1.554577
0.225915
1.759953
1.330063
0.732777
1.394277
1.218148
1.346451
1.653152
1.673519
0.966038
0.581437
1.555525
0.374872
0.993858
1.746920
0.129149
1.684644
0.443774
1.714964
1.332685
1.361491
1.725104
1.293209
1.392812
1.581582
0.323318
0.358605
0.191557
0.545667
0.396506
0.921942
0.444036
0.601001
1.480131
0.201490
1.509462
0.417635
1.602618
1.770952
0.178067
1.685946
0.999670
1.281929
1.765929
1.656622
0.424334
1.762771
1.516038
0.232964
1.317145
0.314287
0.604571
0.416361
0.902878
0.198820
0.870563
0.511658
0.924723
0.320249
0.774766
0.850064
0.812016
0.325686
0.958453
0.452203
0.350360
0.481126
0.334456
1.668635
1.290163
0.896005
1.755018
0.922981
0.679483
1.771669
0.560475
1.352833
1.360047
0.976715
0.250899
0.216355
0.170263
0.171025
0.784065
0.981153
1.703783
1.765388
0.630442
0.645685
0.431069
1.633804
0.779670
0.338832
0.992591
1.150498
0.495913
1.771302
1.385632
1.282434
1.414256
0.185595
0.577700
0.529504
0.386058
0.981597
0.318549
0.750998
0.335237
1.525601
0.296071
0.406394
1.743725
1.269254
1.765393
1.162528
1.104689
0.727837
0.909028
1.762833
0.427561
1.670515
1.412255
0.913973
0.155174
0.141289
0.862946
0.263130
1.104841
0.230818
0.191502
1.464307
1.418730
1.375839
1.721677
0.546814
1.763895
0.364275
0.468158
1.772933
0.557691
0.245867
1.717094
0.939707
1.771899
1.672566
0.304061
1.746394
1.388037
1.476476
0.196868
0.861293
0.535079
0.236894
0.449460
1.325751
1.030158
1.069499
1.771080
0.644680
0.178540
0.212327
0.252722
0.463852
1.768628
0.454196
1.140107
1.727602
0.841788
0.203401
0.781642
1.772656
0.244391
1.342241
1.359741
0.501030
0.572096
1.633003
0.229783
0.629067
0.351900
0.195490
0.233974
0.444002
0.771007
0.153482
0.405289
1.765062
1.759371
1.290098
0.415148
1.772882
0.388382
0.451433
1.767392
0.455307
0.229770
0.325257
1.719600
1.380982
0.763465
1.717943
0.358344
0.995929
0.442525
0.537711
1.681371
0.700007
1.764827
0.274915
0.505705
0.367932
1.709101
0.561321
0.269668
0.209279
1.563602
0.898361
0.263887
0.242919
0.180633
0.780848
1.214833
1.105230
0.301141
0.230330
0.428744
0.144664
0.581356
1.500949
1.228637
1.095321
0.200738
0.211888
0.324741
0.245769
1.201070
1.759525
0.177370
0.349886
1.293766
1.107880
1.702197
1.585214
1.721050
1.403147
0.678961
1.741400
0.469623
1.481677
1.771634
0.943259
0.635641
1.409014
1.731360
0.417020
0.388795
1.770112
0.610780
1.650177
1.465595
0.773748
0.677974
0.636686
0.270733
0.140452
0.324188
0.156414
0.451667
0.289216
1.758203
0.222322
0.355963
1.337881
1.716158
0.291912
1.026251
0.239682
1.031976
0.438198
1.516136
1.394929
1.473387
0.926804
1.767519
0.820843
1.710285
0.755863
1.327107
0.303563
0.346647
0.206672
0.867538
0.798723
0.282691
0.276314
0.821981
1.496930
1.766063
0.612880
1.007989
0.856916
0.198969
1.410371
0.455466
0.586319
1.105727
0.591532
1.001843
1.733329
1.186438
1.333436
0.234742
0.474961
1.747128
1.331016
1.403553
1.765767
1.759552
1.743481
0.928043
1.754850
1.708925
0.263008
1.761997
0.867991
1.762747
0.213332
0.810225
1.247490
0.285750
0.850867
1.772047
0.331525
0.623530
0.908482
0.195813
1.550795
0.308093
0.267536
1.385226
0.159769
1.765139
1.144971
1.732376
1.731025
0.977400
1.402409
0.335011
0.972695
0.582503
1.770613
0.512975
1.532125
0.448732
1.748990
0.896174
1.378905
0.237355
1.342851
1.765021
0.224892
0.556482
0.430191
0.475987
1.433798
1.094566
0.226407
0.279484
1.771989
1.385942
0.501540
0.334549
0.524837
1.762807
1.000123
0.957594
1.773067
1.525230
0.465115
1.652255
0.193615
1.347222
1.765845
0.806877
1.314743
0.812878
0.252581
1.647593
1.763633
1.086789
1.492236
1.770511
1.707444
1.557903
1.519002
0.896760
1.513490
0.965547
1.374820
1.770375
1.533548
0.341772
1.409236
0.191478
1.387146
1.763703
0.306367
0.378198
1.314174
0.488096
0.419390
0.773570
1.764782
1.755603
1.433633
0.274206
0.387168
0.489620
0.887313
1.677250
0.840133
1.679023
0.377717
0.387466
0.580808
0.859080
1.391421
0.480521
1.769867
0.988832
0.675751
1.320551
0.272256
1.486150
1.570465
1.618128
1.419884
0.654042
1.391635
0.126772
1.221859
1.154414
1.383204
1.544957
0.579345
1.755562
1.003151
0.958878
1.448869
0.429935
0.968264
1.769312
1.726649
0.375489
0.379620
0.709468
1.517302
0.732002
0.520246
0.960468
1.186316
1.501142
1.125837
1.010376
1.066677
0.255813
0.942356
1.270955
1.471119
0.183141
1.448926
1.380724
1.588288
0.294933
0.605661
1.486535
1.767201
1.622994
0.452268
1.458062
0.262511
1.319798
0.419038
1.076755
0.886778
1.431864
1.069855
0.275817
1.771364
1.744076
1.760626
0.188824
1.118322
1.275173
0.285463
0.306576
0.313411
0.277104
1.685792
0.237926
1.556268
0.171013
0.332345
1.454171
0.881058
0.489140
1.675201
1.255728
1.764672
1.611015
0.248687
1.490065
1.209577
1.215618
0.154553
1.340482
0.783022
0.320722
1.172069
0.426817
1.759309
0.271331
1.003934
0.927921
0.221377
0.198345
1.187140
0.803130
1.741929
0.223178
1.108241
0.210357
0.643751
0.950780
1.076312
0.521816
1.767389
0.311204
0.947499
0.205984
1.732401
0.386110
1.678854
1.530859
1.090952
1.121631
1.725283
1.161145
1.392962
0.648960
1.771800
0.197804
0.801202
0.461284
1.006181
0.456855
0.359572
0.285267
1.346815
1.770112
1.434631
0.306782
1.755676
0.391635
1.125725
0.343020
1.399259
0.377745
1.640215
1.754234
1.050195
0.626437
1.171477
0.196330
0.206184
1.648804
0.129579
0.363524
1.759288
1.746773
0.241500
0.960191
1.085052
1.359030
1.392634
0.450144
0.228385
1.426843
0.784258
0.127232
0.322375
0.530434
0.225547
0.223297
0.191318
0.247946
0.440494
0.300686
0.361689
1.758709
1.288563
1.204224
0.948888
1.773282
1.621644
1.770282
0.190483
0.170158
0.575420
0.224868
0.743991
1.734675
1.646531
1.760358
0.453756
0.553633
0.962841
0.336128
1.281669
0.561839
0.952254
0.641155
0.304766
1.304320
1.424209
0.266744
0.962856
1.753166
0.326020
0.604520
1.714263
0.467902
1.052714
1.440455
0.674175
0.368433
0.260413
1.606650
0.747296
1.766058
1.768943
0.373847
1.263899
1.079677
0.134011
1.769109
1.714561
1.170962
1.756520
1.583847
1.689589
0.336626
1.633403
0.289341
1.593044
0.152411
1.387115
0.231531
0.941514
1.192369
1.369923
0.564244
0.396543
1.762961
0.269725
0.887369
0.997355
0.237757
1.772495
1.203927
1.770439
1.557297
0.300920
0.284345
1.751902
1.551200
0.374455
1.037801
0.571368
1.554884
1.744260
1.772718
0.553165
0.252710
1.175190
1.275885
0.316485
1.563732
0.231835
1.770290
1.371808
1.773337
1.713148
1.304262
0.971599
1.098194
0.762839
1.029536
0.217283
0.312488
0.405308
1.334508
0.273374
0.704105
0.933915
1.606910
1.482730
0.630977
1.759858
1.751761
0.243455
0.535086
0.962710
0.297650
1.431654
1.416438
1.761945
1.622520
0.993703
1.053034
1.688687
1.410706
1.035558
0.765879
1.746526
1.384362
1.747153
0.941658
0.783919
0.617557
0.265552
1.641305
0.693323
0.408086
1.543005
0.255283
0.830646
1.753503
0.673972
1.480302
0.361845
1.770243
1.723342
0.406040
1.769763
0.280366
0.379117
0.302969
0.301089
1.017152
0.831143
0.440296
0.465376
0.826493
0.272251
0.564879
1.556000
0.924960
0.962909
1.388737
0.143699
1.397183
1.772684
1.195168
1.715700
0.993534
1.382672
0.750016
0.151103
1.671220
0.588624
1.427942
1.771249
1.765621
1.717439
1.763292
1.767148
1.771040
0.649288
1.156394
0.920340
0.917611
1.769512
1.705231
0.684035
1.599894
0.386929
1.080790
0.531235
1.725152
0.904504
0.814835
0.474126
0.827288
1.761898
1.442122
1.368963
0.976565
0.953380
0.843144
1.769336
1.176159
1.380130
0.483802
0.224232
1.209040
1.140851
0.245592
1.245095
1.147007
1.118166
1.417340
1.668180
0.212004
1.767649
1.380233
1.266016
1.624773
1.390936
1.020971
0.257022
1.773269
1.379789
0.947650
1.093296
1.750020
1.398404
0.990984
0.145714
0.365697
0.233209
1.732432
1.061903
1.629765
1.233003
1.721064
1.319504
0.681612
1.397644
0.229502
0.479517
1.767251
1.715558
1.762984
0.755806
0.662022
0.324278
0.589918
0.310449
0.429660
1.389800
1.767803
1.286829
1.676524
0.133645
1.764141
1.765667
1.723577
0.922326
1.308143
1.700203
1.433328
0.413801
1.193844
0.219761
1.486538
1.101265
0.519605
0.882919
0.346888
1.418915
1.367256
1.772493
1.306771
1.481721
0.710890
1.671918
1.381109
0.225207
1.758145
1.716420
0.974453
0.597921
0.723784
0.393971
1.126201
1.584972
0.255915
1.313506
0.929345
1.406010
0.948960
0.434444
1.685616
1.242507
1.742232
0.881988
0.392180
1.306113
1.219573
1.769351
0.932018
0.215930
0.891214
0.695552
0.947537
0.423021
0.921355
1.756398
1.368938
1.506096
1.032011
0.393259
0.205344
1.308342
0.406420
0.474360
0.191941
0.452425
0.594491
1.269346
0.552771
1.686543
1.274845
1.140223
0.251168
1.296822
0.596499
1.583106
1.516239
1.772231
0.983180
0.613196
0.556071
1.346512
1.273315
1.681266
0.414198
1.446826
1.437828
1.769831
1.737485
1.403857
0.165022
0.930453
1.434656
0.440277
1.492186
1.380617
1.425825
1.749876
1.514127
1.702000
0.192614
0.956985
0.886006
1.359301
0.254534
1.345881
0.711231
1.764313
1.710389
1.572706
1.005283
1.770011
1.483544
1.295431
1.437304
0.635500
1.768607
1.315042
0.158007
0.907668
1.288726
0.507109
1.185516
0.465661
0.520707
1.346501
1.225020
0.275499
0.382184
1.770256
1.028272
1.442098
1.191500
0.371574
1.377343
0.185609
1.762096
1.769055
0.690962
1.084065
0.913203
1.649736
0.410754
0.135452
1.321698
1.142951
0.459972
1.400932
0.661046
1.309392
1.435942
0.208142
0.830297
0.517212
1.764917
1.755709
1.230437
0.812739
1.452480
0.714835
0.262292
0.961396
1.761147
1.743829
0.258060
1.770939
0.163705
0.995823
1.245606
1.425730
0.401521
1.707611
1.372912
0.925381
1.599945
1.679895
0.885492
1.493313
1.526810
0.954610
0.466778
1.630979
1.021519
1.237749
0.256676
1.254753
1.704200
0.529125
0.481869
1.718751
1.764063
0.255962
1.127346
0.870714
1.755288
1.290944
1.274107
1.261138
0.167479
1.672112
0.963869
0.618839
0.304406
0.651959
0.804206
1.586914
0.927690
1.709816
0.279695
1.375366
1.661373
0.134477
0.283003
1.743945
0.229805
1.215132
0.639509
0.422886
0.432270
1.725878
0.824204
0.915330
1.334592
1.392578
0.449500
1.177218
1.391279
0.346855
0.308531
1.293109
1.763261
0.527404
1.763022
1.734209
1.726113
0.234563
0.515751
1.748516
1.200742
0.385635
1.764526
0.387920
0.677839
1.498715
1.770771
1.133541
0.253291
0.952763
0.262256
0.226320
1.694066
0.180603
0.244295
1.755601
1.666417
1.317670
0.251138
0.225241
0.981665
0.494178
0.577317
0.270402
1.557258
0.919730
0.122129
1.101252
1.773716
1.772995
1.758649
1.715964
0.459690
0.884427
1.764396
1.349845
0.935870
1.737039
0.195798
1.708695
0.440537
1.212747
0.286114
1.471309
1.771119
0.621993
1.391158
1.553417
1.406906
1.758574
1.771745
1.258343
1.772128
1.766301
1.498494
1.524424
1.732180
0.150629
0.404054
1.074736
1.709008
1.616565
0.710570
1.402053
0.230505
1.338904
0.866810
0.596960
1.763216
1.328951
1.753011
1.417103
1.129627
0.225181
1.767533
1.769609
0.513693
0.276475
0.833982
0.975470
1.754693
1.700657
1.097237
1.363302
1.759928
1.104368
1.431189
1.760133
1.739207
1.008497
0.217822
1.347484
0.680993
1.767283
1.419157
1.383833
1.443041
1.751488
0.379992
1.186031
1.231263
0.213461
1.758313
1.759748
1.758851
1.759008
0.947221
1.768234
0.660750
0.460052
0.195925
1.446107
1.442880
1.437001
1.342142
1.481470
0.289273
1.714606
0.419371
1.213774
0.606807
1.544595
0.802724
0.250040
0.193455
0.196880
1.325169
0.847374
0.932820
1.466451
0.500150
1.351870
1.397625
1.000926
0.267584
0.988651
0.482887
1.683539
1.763434
1.507605
0.582968
1.595290
0.388880
0.301905
0.509150
0.855829
1.619833
0.170162
0.991121
0.218992
0.498537
1.194970
0.719441
1.682124
1.113863
1.390791
1.230307
1.426154
1.648149
0.676884
0.224636
1.595990
0.375121
1.360196
0.296100
0.830234
0.752882
1.436903
1.137923
0.312407
1.772763
0.437013
0.453273
1.768519
1.685333
1.745091
1.310434
1.235811
0.297395
0.286473
1.327460
0.689748
0.358005
0.223876
1.348387
1.516976
0.998103
0.729108
0.326484
1.169488
0.126299
1.322611
1.595343
1.495844
0.680536
0.581204
1.763114
0.725863
1.771758
0.421461
0.733201
0.809805
1.188012
0.795308
0.505663
1.409807
0.979062
1.750541
1.424818
1.570519
0.500712
1.558148
0.137922
0.389500
1.390335
1.739014
0.336538
1.177701
1.352075
0.306793
1.650696
1.401171
0.312663
0.631951
1.770591
1.363236
1.665983
0.822092
0.237550
0.974006
0.365934
0.666235
0.211013
0.494985
0.898661
1.642463
0.183826
1.028913
1.497468
0.926936
0.622675
1.376833
1.365415
1.398151
1.727314
0.282164
1.415273
0.912557
1.752930
0.455867
0.185725
0.837932
1.707219
1.314895
1.688811
1.394205
1.639595
1.439482
1.408180
0.262740
0.921778
0.946933
1.671254
0.767916
1.121477
0.351012
1.348267
1.406392
1.361158
1.224310
0.298721
0.434576
0.920673
0.614381
0.464048
1.508506
1.234246
0.173480
1.585923
1.390820
0.378719
0.883474
0.480620
0.366390
0.217907
0.400391
1.653873
0.758570
1.361337
1.761960
0.222472
0.154104
1.445043
1.268319
0.565433
1.511709
0.398301
0.365015
1.413435
1.731030
0.160031
1.488236
0.553739
1.251935
0.824475
1.759887
1.513456
0.466503
0.997074
0.326831
1.266460
0.484516
1.257700
1.753862
1.420530
1.760866
1.730477
0.287704
1.751615
0.547897
0.154228
1.769712
0.233946
0.317860
1.743115
0.279991
1.747510
1.762880
1.051099
0.302878
1.592356
0.200848
1.360503
0.226430
0.453867
1.479576
0.578596
1.770745
1.618046
1.637743
1.251660
0.228662
1.434056
0.248767
1.361965
1.334511
0.508400
1.756321
1.383439
1.622573
0.225186
1.344633
0.313599
1.014873
1.202909
1.654820
1.770216
0.747007
1.610963
1.239363
0.595650
0.931534
0.386907
1.766749
0.676634
0.150125
1.706544
0.998147
0.737697
0.704193
0.223201
1.307213
0.734110
1.438766
1.400819
0.263031
1.397217
1.053897
0.601520
0.219077
1.770577
1.546715
1.753653
0.361472
0.330950
0.230151
1.449816
1.758104
0.636062
1.772451
0.396950
0.230871
0.158549
0.179094
0.688913
1.601588
0.390799
0.253123
0.579324
0.485686
0.238670
1.745120
0.636926
0.278355
1.739101
1.586205
1.454266
1.604330
1.763823
1.767597
1.229827
1.705220
1.451344
1.605478
0.803956
1.537653
1.178094
