1.750131e-01 1.093791e-01
1.008449e-01 9.570583e-02
9.252288e-02 9.008226e-02
8.791256e-02 8.613607e-02
8.439216e-02 8.296080e-02
8.150658e-02 8.035614e-02
7.910361e-02 7.815819e-02
7.705493e-02 7.627844e-02
7.526627e-02 7.457892e-02
7.369934e-02 7.312921e-02
7.230775e-02 7.182987e-02
7.105942e-02 7.062798e-02
6.994389e-02 6.959433e-02
6.895781e-02 6.871285e-02
6.809960e-02 6.788347e-02
6.733831e-02 6.718777e-02
6.665296e-02 6.655852e-02
6.603250e-02 6.596691e-02
6.547198e-02 6.538853e-02
6.496123e-02 6.497824e-02
6.448998e-02 6.456827e-02
6.405427e-02 6.408049e-02
6.365051e-02 6.366698e-02
6.327647e-02 6.333661e-02
6.292552e-02 6.303500e-02
6.259757e-02 6.274293e-02
6.228874e-02 6.235496e-02
6.199795e-02 6.208521e-02
6.172392e-02 6.187045e-02
6.146346e-02 6.153841e-02
6.121496e-02 6.130958e-02
6.098206e-02 6.116089e-02
6.075759e-02 6.084468e-02
6.054575e-02 6.067118e-02
6.034399e-02 6.058714e-02
6.014977e-02 6.028064e-02
5.996403e-02 6.017721e-02
5.978660e-02 5.991249e-02
5.961800e-02 5.981583e-02
5.945595e-02 5.959974e-02
5.929991e-02 5.941728e-02
5.915065e-02 5.928952e-02
5.900586e-02 5.916473e-02
5.886693e-02 5.901493e-02
5.873524e-02 5.885638e-02
5.860905e-02 5.876589e-02
5.848778e-02 5.879569e-02
5.837118e-02 5.849464e-02
5.825902e-02 5.848571e-02
5.815079e-02 5.831053e-02
5.804603e-02 5.821695e-02
5.794552e-02 5.806551e-02
5.784848e-02 5.804671e-02
5.775569e-02 5.794963e-02
5.766506e-02 5.783094e-02
5.757666e-02 5.773852e-02
5.749195e-02 5.769716e-02
5.740876e-02 5.758866e-02
5.732804e-02 5.749248e-02
5.725040e-02 5.753348e-02
5.717619e-02 5.739093e-02
5.710205e-02 5.725592e-02
5.703015e-02 5.722410e-02
5.696162e-02 5.711877e-02
5.689331e-02 5.711366e-02
5.682740e-02 5.706915e-02
5.676417e-02 5.692322e-02
5.670220e-02 5.686844e-02
5.664158e-02 5.683606e-02
5.658218e-02 5.680842e-02
5.652489e-02 5.668836e-02
5.646803e-02 5.674734e-02
5.641369e-02 5.666327e-02
5.636037e-02 5.666041e-02
5.630712e-02 5.651438e-02
5.625445e-02 5.639888e-02
5.620303e-02 5.644340e-02
5.615449e-02 5.635761e-02
5.610564e-02 5.645844e-02
5.605783e-02 5.637734e-02
5.601389e-02 5.625562e-02
5.596925e-02 5.616822e-02
5.592737e-02 5.608540e-02
5.588627e-02 5.605848e-02
5.584437e-02 5.606854e-02
5.580468e-02 5.607945e-02
5.576478e-02 5.600193e-02
5.572679e-02 5.604641e-02
5.568832e-02 5.596513e-02
5.565349e-02 5.581467e-02
5.561700e-02 5.585588e-02
5.558119e-02 5.582954e-02
5.554646e-02 5.576758e-02
5.551254e-02 5.580022e-02
5.547946e-02 5.571176e-02
5.544697e-02 5.567386e-02
5.541367e-02 5.559561e-02
5.538341e-02 5.558883e-02
5.535165e-02 5.559116e-02
5.532094e-02 5.555029e-02
5.478383e-02 5.500930e-02
5.476164e-02 5.487249e-02
5.474024e-02 5.493463e-02
5.471818e-02 5.489694e-02
5.469898e-02 5.486371e-02
5.467898e-02 5.483997e-02
5.465776e-02 5.478233e-02
5.463830e-02 5.484818e-02
5.461811e-02 5.479004e-02
5.459756e-02 5.476933e-02
5.457897e-02 5.478810e-02
5.455807e-02 5.473219e-02
5.453888e-02 5.476619e-02
5.452128e-02 5.471968e-02
5.450183e-02 5.469391e-02
5.448347e-02 5.467462e-02
5.446475e-02 5.465522e-02
5.444794e-02 5.456336e-02
5.442872e-02 5.455344e-02
5.441294e-02 5.456476e-02
5.439422e-02 5.456202e-02
5.437680e-02 5.463300e-02
5.435928e-02 5.461154e-02
5.434296e-02 5.450872e-02
5.432508e-02 5.464734e-02
5.430924e-02 5.470500e-02
5.429238e-02 5.446426e-02
5.427680e-02 5.440735e-02
5.425869e-02 5.446220e-02
5.424420e-02 5.450439e-02
5.422812e-02 5.437475e-02
5.421046e-02 5.435514e-02
5.419649e-02 5.433926e-02
5.417906e-02 5.434174e-02
5.416402e-02 5.428577e-02
5.414857e-02 5.429413e-02
5.413383e-02 5.431600e-02
5.411890e-02 5.438429e-02
5.410286e-02 5.430285e-02
5.409063e-02 5.421467e-02
5.407289e-02 5.421817e-02
5.406021e-02 5.426719e-02
5.404484e-02 5.437451e-02
5.402975e-02 5.421067e-02
5.401474e-02 5.412493e-02
5.400173e-02 5.418183e-02
5.398674e-02 5.426324e-02
5.397371e-02 5.415783e-02
5.395906e-02 5.424349e-02
5.394576e-02 5.422803e-02
5.393282e-02 5.433903e-02
5.392028e-02 5.408689e-02
5.390589e-02 5.406062e-02
5.389173e-02 5.400815e-02
5.387681e-02 5.402991e-02
5.386656e-02 5.414482e-02
5.385055e-02 5.405610e-02
5.384033e-02 5.410863e-02
5.382649e-02 5.398771e-02
5.381257e-02 5.402118e-02
5.380139e-02 5.393222e-02
5.378768e-02 5.396206e-02
5.377496e-02 5.401227e-02
5.376214e-02 5.403201e-02
5.375112e-02 5.400423e-02
5.373871e-02 5.395148e-02
5.372561e-02 5.400017e-02
5.371306e-02 5.391415e-02
5.370036e-02 5.388481e-02
5.368886e-02 5.381741e-02
5.367602e-02 5.396850e-02
5.366476e-02 5.385716e-02
5.365313e-02 5.381951e-02
5.364188e-02 5.391153e-02
5.362991e-02 5.385144e-02
5.361730e-02 5.394527e-02
5.360659e-02 5.383976e-02
5.359550e-02 5.382723e-02
5.358331e-02 5.383320e-02
5.357199e-02 5.371661e-02
5.356070e-02 5.381681e-02
5.354904e-02 5.382505e-02
5.353741e-02 5.367098e-02
5.352815e-02 5.374473e-02
5.351665e-02 5.363348e-02
5.350424e-02 5.371740e-02
5.349545e-02 5.366230e-02
5.348384e-02 5.364636e-02
5.347190e-02 5.362669e-02
5.346079e-02 5.357150e-02
5.345115e-02 5.368704e-02
5.344044e-02 5.360074e-02
5.342915e-02 5.357954e-02
5.341927e-02 5.372256e-02
5.340880e-02 5.361455e-02
5.339845e-02 5.375362e-02
5.338797e-02 5.353361e-02
5.337713e-02 5.355428e-02
5.336664e-02 5.366516e-02
5.335798e-02 5.364226e-02
5.334653e-02 5.373762e-02
5.333560e-02 5.359447e-02
5.332547e-02 5.350866e-02
5.331722e-02 5.343099e-02
5.330778e-02 5.360069e-02
5.329719e-02 5.340752e-02
5.328684e-02 5.342159e-02
5.327861e-02 5.338395e-02
5.326799e-02 5.346361e-02
5.325689e-02 5.342677e-02
5.324883e-02 5.352140e-02
5.323897e-02 5.402072e-02
5.322944e-02 5.346389e-02
5.321974e-02 5.336908e-02
5.321032e-02 5.372191e-02
5.320089e-02 5.351095e-02
5.319199e-02 5.343755e-02
5.318237e-02 5.330982e-02
5.317206e-02 5.344560e-02
5.316304e-02 5.354724e-02
5.315507e-02 5.331980e-02
5.314617e-02 5.332452e-02
5.313504e-02 5.332468e-02
5.312731e-02 5.328026e-02
5.311780e-02 5.336748e-02
5.310869e-02 5.347650e-02
5.310003e-02 5.334046e-02
5.309175e-02 5.342623e-02
5.308281e-02 5.329621e-02
5.307356e-02 5.328108e-02
5.306506e-02 5.330420e-02
5.305580e-02 5.320039e-02
5.304720e-02 5.320441e-02
5.303875e-02 5.319939e-02
5.302880e-02 5.343893e-02
5.302328e-02 5.323730e-02
5.301313e-02 5.314654e-02
5.300479e-02 5.312299e-02
5.299554e-02 5.312980e-02
5.298775e-02 5.327801e-02
5.297911e-02 5.321415e-02
5.297048e-02 5.319643e-02
5.296319e-02 5.315224e-02
5.295462e-02 5.310330e-02
5.294517e-02 5.321621e-02
5.293819e-02 5.324859e-02
5.292956e-02 5.315567e-02
5.292138e-02 5.313520e-02
5.291372e-02 5.324171e-02
5.290574e-02 5.303832e-02
5.289805e-02 5.314017e-02
5.288979e-02 5.324116e-02
5.288235e-02 5.315097e-02
5.287366e-02 5.306915e-02
5.286676e-02 5.322146e-02
5.285894e-02 5.324983e-02
5.285112e-02 5.312124e-02
5.284229e-02 5.313226e-02
5.283472e-02 5.304470e-02
5.282744e-02 5.299723e-02
5.281823e-02 5.322555e-02
5.281174e-02 5.323811e-02
5.280376e-02 5.292447e-02
5.279656e-02 5.314363e-02
5.278845e-02 5.316470e-02
5.278106e-02 5.295642e-02
5.277521e-02 5.310941e-02
5.276552e-02 5.296998e-02
5.276001e-02 5.310825e-02
5.275230e-02 5.290734e-02
5.274452e-02 5.286202e-02
5.273858e-02 5.320101e-02
5.273087e-02 5.293934e-02
5.272320e-02 5.315927e-02
5.271687e-02 5.293242e-02
5.270966e-02 5.294988e-02
5.270142e-02 5.292739e-02
5.269240e-02 5.300965e-02
5.268759e-02 5.288791e-02
5.268031e-02 5.297122e-02
5.267251e-02 5.281174e-02
5.266492e-02 5.295925e-02
5.265966e-02 5.284073e-02
5.265183e-02 5.281863e-02
5.264423e-02 5.293884e-02
5.263834e-02 5.294254e-02
5.263121e-02 5.284110e-02
5.262510e-02 5.282892e-02
5.261865e-02 5.294295e-02
5.261139e-02 5.286162e-02
5.260423e-02 5.290633e-02
5.259694e-02 5.277529e-02
5.259200e-02 5.278361e-02
5.258392e-02 5.284532e-02
5.257902e-02 5.301142e-02
5.257115e-02 5.297574e-02
5.256520e-02 5.278916e-02
5.255710e-02 5.277195e-02
5.255130e-02 5.306151e-02
5.254566e-02 5.265994e-02
5.241506e-02 5.264115e-02
5.241014e-02 5.259666e-02
5.240277e-02 5.263297e-02
5.239760e-02 5.259896e-02
5.239104e-02 5.257297e-02
5.238720e-02 5.253884e-02
5.238004e-02 5.255351e-02
5.237327e-02 5.276666e-02
5.236867e-02 5.277401e-02
5.236333e-02 5.275926e-02
5.235806e-02 5.266581e-02
5.235137e-02 5.275002e-02
5.234721e-02 5.270000e-02
5.234043e-02 5.250820e-02
5.233532e-02 5.259822e-02
5.232935e-02 5.274403e-02
5.232301e-02 5.256511e-02
5.231880e-02 5.279412e-02
5.231208e-02 5.293897e-02
5.230712e-02 5.249679e-02
5.230157e-02 5.260750e-02
5.229747e-02 5.266263e-02
5.228952e-02 5.256296e-02
5.228651e-02 5.251444e-02
5.228009e-02 5.254198e-02
5.227451e-02 5.252100e-02
5.226970e-02 5.254665e-02
5.226431e-02 5.237268e-02
5.225860e-02 5.248462e-02
5.225491e-02 5.290494e-02
5.224846e-02 5.252547e-02
5.224410e-02 5.279154e-02
5.223971e-02 5.262116e-02
5.223119e-02 5.250409e-02
5.222566e-02 5.266701e-02
5.222128e-02 5.246145e-02
5.221406e-02 5.246967e-02
5.221198e-02 5.239522e-02
5.220741e-02 5.253224e-02
5.220291e-02 5.253663e-02
5.219772e-02 5.259586e-02
5.219058e-02 5.246473e-02
5.218675e-02 5.265960e-02
5.218222e-02 5.265816e-02
5.217690e-02 5.268093e-02
5.217188e-02 5.246003e-02
5.216819e-02 5.229814e-02
5.216244e-02 5.239882e-02
5.215626e-02 5.242735e-02
5.215075e-02 5.252724e-02
5.214779e-02 5.247646e-02
5.214420e-02 5.236730e-02
5.213915e-02 5.234307e-02
5.213499e-02 5.252096e-02
5.212939e-02 5.260804e-02
5.212355e-02 5.245198e-02
5.211958e-02 5.235164e-02
5.211411e-02 5.230279e-02
5.210995e-02 5.263650e-02
5.210488e-02 5.236403e-02
5.210070e-02 5.248446e-02
5.209618e-02 5.226336e-02
5.209030e-02 5.253582e-02
5.208602e-02 5.236612e-02
5.208157e-02 5.251631e-02
5.207827e-02 5.278407e-02
5.207279e-02 5.250817e-02
5.206764e-02 5.234783e-02
5.206263e-02 5.235517e-02
5.205884e-02 5.230958e-02
5.205533e-02 5.244279e-02
5.205051e-02 5.225491e-02
5.204690e-02 5.233908e-02
5.203996e-02 5.237349e-02
5.203693e-02 5.232117e-02
5.203283e-02 5.218833e-02
5.202910e-02 5.263268e-02
5.202395e-02 5.232423e-02
5.201794e-02 5.220888e-02
5.201500e-02 5.264338e-02
5.200984e-02 5.223085e-02
5.200785e-02 5.220469e-02
5.200173e-02 5.231087e-02
5.199761e-02 5.225103e-02
5.199289e-02 5.230539e-02
5.198766e-02 5.251570e-02
5.198549e-02 5.232909e-02
5.198084e-02 5.219242e-02
5.197609e-02 5.224514e-02
5.197152e-02 5.227129e-02
5.196680e-02 5.223836e-02
5.196496e-02 5.219855e-02
5.195951e-02 5.238739e-02
5.195591e-02 5.249730e-02
5.195186e-02 5.235861e-02
5.194781e-02 5.209665e-02
5.194345e-02 5.220283e-02
5.194070e-02 5.212127e-02
5.193490e-02 5.215013e-02
5.193177e-02 5.254152e-02
5.192627e-02 5.240798e-02
5.192304e-02 5.241878e-02
5.191736e-02 5.244106e-02
5.191561e-02 5.236136e-02
5.191125e-02 5.215678e-02
5.190791e-02 5.224797e-02
5.190318e-02 5.202752e-02
5.189949e-02 5.229679e-02
5.189761e-02 5.210054e-02
5.189212e-02 5.205657e-02
5.188719e-02 5.206301e-02
5.188376e-02 5.210734e-02
5.188194e-02 5.203960e-02
5.187534e-02 5.216351e-02
5.187330e-02 5.199345e-02
5.186859e-02 5.224366e-02
5.186722e-02 5.223198e-02
5.186067e-02 5.215886e-02
5.185891e-02 5.215580e-02
5.185475e-02 5.216102e-02
5.184869e-02 5.213086e-02
5.184478e-02 5.214495e-02
5.184156e-02 5.216833e-02
5.184007e-02 5.196318e-02
5.183535e-02 5.226314e-02
5.183002e-02 5.212406e-02
5.182812e-02 5.238276e-02
5.182186e-02 5.221222e-02
5.181971e-02 5.213747e-02
5.181667e-02 5.219000e-02
5.181302e-02 5.191365e-02
5.180889e-02 5.196840e-02
5.180765e-02 5.233226e-02
5.180204e-02 5.221891e-02
5.180003e-02 5.219124e-02
5.179325e-02 5.203069e-02
5.179178e-02 5.202865e-02
5.178706e-02 5.198234e-02
5.178430e-02 5.190994e-02
5.178102e-02 5.206817e-02
5.177788e-02 5.195337e-02
5.177332e-02 5.203234e-02
5.177089e-02 5.245722e-02
5.176516e-02 5.225529e-02
5.176433e-02 5.192562e-02
5.175977e-02 5.210449e-02
5.175667e-02 5.233496e-02
5.175411e-02 5.193512e-02
5.175043e-02 5.225439e-02
5.174696e-02 5.212503e-02
5.174448e-02 5.206238e-02
5.173899e-02 5.264252e-02
5.173651e-02 5.217270e-02
5.173212e-02 5.199289e-02
5.173001e-02 5.193788e-02
5.172503e-02 5.238081e-02
5.172113e-02 5.200700e-02
5.171834e-02 5.187283e-02
5.171581e-02 5.199511e-02
5.171160e-02 5.208906e-02
5.170941e-02 5.210172e-02
5.170703e-02 5.187064e-02
5.170323e-02 5.187716e-02
5.170071e-02 5.215877e-02
5.169344e-02 5.220747e-02
5.169333e-02 5.199544e-02
5.169020e-02 5.199093e-02
5.168713e-02 5.180319e-02
5.168314e-02 5.211576e-02
5.167983e-02 5.239174e-02
5.167738e-02 5.209341e-02
5.167490e-02 5.188290e-02
5.167118e-02 5.197109e-02
5.166824e-02 5.187461e-02
5.166686e-02 5.188460e-02
5.166169e-02 5.211610e-02
5.165845e-02 5.215275e-02
5.165576e-02 5.201860e-02
5.165284e-02 5.175163e-02
5.164853e-02 5.209517e-02
5.164529e-02 5.180467e-02
5.164306e-02 5.190087e-02
5.163982e-02 5.205838e-02
5.163659e-02 5.180939e-02
5.163338e-02 5.219657e-02
5.163000e-02 5.179881e-02
5.162824e-02 5.232775e-02
5.162356e-02 5.180137e-02
5.161981e-02 5.206286e-02
5.161816e-02 5.174213e-02
5.161483e-02 5.203593e-02
5.161140e-02 5.203006e-02
5.160966e-02 5.181397e-02
5.160689e-02 5.179341e-02
5.160434e-02 5.194084e-02
5.160094e-02 5.179216e-02
5.159859e-02 5.238246e-02
5.159673e-02 5.205440e-02
5.159269e-02 5.208986e-02
5.158874e-02 5.186418e-02
5.133222e-02 5.157940e-02
5.132904e-02 5.143142e-02
5.132760e-02 5.156345e-02
5.132326e-02 5.217367e-02
5.132196e-02 5.178412e-02
5.131942e-02 5.176340e-02
5.131792e-02 5.179935e-02
5.131436e-02 5.164013e-02
5.131341e-02 5.167272e-02
5.131125e-02 5.150781e-02
5.130964e-02 5.218909e-02
5.130608e-02 5.193926e-02
5.130441e-02 5.177811e-02
5.129988e-02 5.194620e-02
5.130012e-02 5.144884e-02
5.129931e-02 5.182599e-02
5.129519e-02 5.166758e-02
5.129440e-02 5.154259e-02
5.129055e-02 5.172963e-02
5.128941e-02 5.143449e-02
5.128717e-02 5.153406e-02
5.128586e-02 5.176161e-02
5.128187e-02 5.148883e-02
5.128138e-02 5.179468e-02
5.127942e-02 5.163864e-02
5.127506e-02 5.158530e-02
5.127511e-02 5.212966e-02
5.127063e-02 5.174485e-02
5.126976e-02 5.165831e-02
5.126857e-02 5.164633e-02
5.126823e-02 5.161655e-02
5.126427e-02 5.184100e-02
5.126153e-02 5.141601e-02
5.126007e-02 5.193310e-02
5.125886e-02 5.150931e-02
5.125590e-02 5.162799e-02
5.125412e-02 5.152967e-02
5.125203e-02 5.156422e-02
5.125015e-02 5.174503e-02
5.124795e-02 5.165855e-02
5.124598e-02 5.202883e-02
5.124489e-02 5.136753e-02
5.124158e-02 5.135194e-02
5.124121e-02 5.141219e-02
5.123957e-02 5.140022e-02
5.123734e-02 5.167255e-02
5.123427e-02 5.169894e-02
5.123197e-02 5.144037e-02
5.122969e-02 5.137786e-02
5.122915e-02 5.136492e-02
5.122732e-02 5.146865e-02
5.122507e-02 5.148864e-02
5.122209e-02 5.168080e-02
5.122024e-02 5.172737e-02
5.121643e-02 5.148436e-02
5.121443e-02 5.145766e-02
5.121513e-02 5.134688e-02
5.121216e-02 5.137017e-02
5.120906e-02 5.156955e-02
5.120961e-02 5.140567e-02
5.120738e-02 5.155014e-02
5.120380e-02 5.140666e-02
5.120317e-02 5.137791e-02
5.120063e-02 5.179892e-02
5.119984e-02 5.129758e-02
5.119672e-02 5.189414e-02
5.119536e-02 5.172459e-02
5.119373e-02 5.141073e-02
5.119123e-02 5.142098e-02
5.118745e-02 5.171195e-02
5.118549e-02 5.151838e-02
5.118541e-02 5.173297e-02
5.118490e-02 5.129975e-02
5.118096e-02 5.132120e-02
5.117908e-02 5.168646e-02
5.117812e-02 5.182540e-02
5.117448e-02 5.159013e-02
5.117390e-02 5.154250e-02
5.117296e-02 5.153143e-02
5.116992e-02 5.130702e-02
5.116830e-02 5.126581e-02
5.116661e-02 5.186082e-02
5.116461e-02 5.156692e-02
5.116132e-02 5.132847e-02
5.116013e-02 5.150132e-02
5.115953e-02 5.134935e-02
5.115658e-02 5.174219e-02
5.115700e-02 5.184905e-02
5.115422e-02 5.144814e-02
5.115064e-02 5.143641e-02
5.114973e-02 5.135020e-02
5.114896e-02 5.144602e-02
5.114557e-02 5.136696e-02
5.114446e-02 5.139229e-02
5.114447e-02 5.136863e-02
5.114119e-02 5.134150e-02
5.114018e-02 5.136488e-02
5.113582e-02 5.132313e-02
5.113594e-02 5.140760e-02
5.113562e-02 5.163339e-02
5.113085e-02 5.153177e-02
5.113029e-02 5.152338e-02
5.112884e-02 5.155522e-02
5.112656e-02 5.155658e-02
5.112479e-02 5.150086e-02
5.112588e-02 5.135934e-02
5.112132e-02 5.218805e-02
5.111931e-02 5.149953e-02
5.111821e-02 5.131167e-02
5.111757e-02 5.138827e-02
5.111609e-02 5.181580e-02
5.111483e-02 5.128050e-02
5.110984e-02 5.133316e-02
5.110900e-02 5.138275e-02
5.110895e-02 5.157580e-02
5.110611e-02 5.130868e-02
5.110268e-02 5.144972e-02
5.110323e-02 5.180099e-02
5.110233e-02 5.153753e-02
5.109839e-02 5.160436e-02
5.109740e-02 5.188846e-02
5.109424e-02 5.127342e-02
5.109593e-02 5.124845e-02
5.109211e-02 5.154735e-02
5.109160e-02 5.121978e-02
5.108948e-02 5.137927e-02
5.108765e-02 5.130173e-02
5.108575e-02 5.143972e-02
5.108399e-02 5.124995e-02
5.108184e-02 5.150528e-02
5.108272e-02 5.138705e-02
5.107859e-02 5.130435e-02
5.107860e-02 5.122316e-02
5.107603e-02 5.193142e-02
5.107237e-02 5.141467e-02
5.107326e-02 5.151850e-02
5.107091e-02 5.128700e-02
5.107079e-02 5.133312e-02
5.106770e-02 5.168411e-02
5.106703e-02 5.178520e-02
5.106486e-02 5.126137e-02
5.106158e-02 5.122844e-02
5.106362e-02 5.138367e-02
5.105876e-02 5.155641e-02
5.105781e-02 5.116631e-02
5.105666e-02 5.151479e-02
5.105488e-02 5.144297e-02
5.105325e-02 5.205360e-02
5.105188e-02 5.227566e-02
5.104810e-02 5.160135e-02
5.104774e-02 5.134251e-02
5.104684e-02 5.201712e-02
5.104413e-02 5.115411e-02
5.104402e-02 5.132379e-02
5.104245e-02 5.125575e-02
5.104099e-02 5.133510e-02
5.103828e-02 5.119277e-02
5.103727e-02 5.135070e-02
5.103556e-02 5.148506e-02
5.103226e-02 5.168714e-02
5.103212e-02 5.154870e-02
5.102857e-02 5.151122e-02
5.102866e-02 5.115517e-02
5.102726e-02 5.145054e-02
5.102523e-02 5.158756e-02
5.102434e-02 5.168990e-02
5.102229e-02 5.147387e-02
5.102068e-02 5.144713e-02
5.101963e-02 5.133621e-02
5.101756e-02 5.201467e-02
5.101707e-02 5.127468e-02
5.101376e-02 5.110940e-02
5.101384e-02 5.117053e-02
5.101278e-02 5.148272e-02
5.101124e-02 5.151108e-02
5.101037e-02 5.128402e-02
5.100552e-02 5.147504e-02
5.100572e-02 5.138214e-02
5.100342e-02 5.134211e-02
5.100392e-02 5.112417e-02
5.100118e-02 5.130703e-02
5.100057e-02 5.134698e-02
5.099960e-02 5.117189e-02
5.099867e-02 5.161052e-02
5.099737e-02 5.135981e-02
5.099515e-02 5.144572e-02
5.099125e-02 5.129830e-02
5.099220e-02 5.141688e-02
5.099030e-02 5.131075e-02
5.098694e-02 5.157356e-02
5.098568e-02 5.120758e-02
5.098370e-02 5.134466e-02
5.098490e-02 5.131704e-02
5.098156e-02 5.155767e-02
5.098282e-02 5.161571e-02
5.097926e-02 5.163607e-02
5.097888e-02 5.166932e-02
5.097555e-02 5.141198e-02
5.097409e-02 5.124657e-02
5.097478e-02 5.117702e-02
5.097291e-02 5.120388e-02
5.096854e-02 5.118541e-02
5.096797e-02 5.130421e-02
5.096694e-02 5.108721e-02
5.096561e-02 5.106526e-02
5.096305e-02 5.127705e-02
5.096244e-02 5.144884e-02
5.096058e-02 5.139464e-02
5.095952e-02 5.131559e-02
5.095849e-02 5.116039e-02
5.095633e-02 5.167263e-02
5.095578e-02 5.125700e-02
5.095496e-02 5.120827e-02
5.095273e-02 5.114989e-02
5.095092e-02 5.128930e-02
5.095039e-02 5.149936e-02
5.094821e-02 5.145229e-02
5.094832e-02 5.127639e-02
5.094522e-02 5.148587e-02
5.094317e-02 5.136492e-02
5.094354e-02 5.114056e-02
5.094213e-02 5.126944e-02
5.094103e-02 5.137085e-02
5.093795e-02 5.105259e-02
5.093789e-02 5.125250e-02
5.093666e-02 5.128928e-02
5.093449e-02 5.113394e-02
5.093424e-02 5.124098e-02
5.093291e-02 5.119880e-02
5.093274e-02 5.109782e-02
5.093071e-02 5.134278e-02
5.092850e-02 5.134115e-02
5.092610e-02 5.114500e-02
5.092488e-02 5.113833e-02
5.092376e-02 5.115617e-02
5.092289e-02 5.176008e-02
5.092187e-02 5.171019e-02
5.091867e-02 5.111917e-02
5.092101e-02 5.111355e-02
5.091942e-02 5.108689e-02
5.091430e-02 5.118267e-02
5.091561e-02 5.130459e-02
5.091332e-02 5.113701e-02
5.091270e-02 5.115882e-02
5.091014e-02 5.132597e-02
5.091049e-02 5.125462e-02
5.090777e-02 5.119206e-02
5.090688e-02 5.153369e-02
5.090619e-02 5.124392e-02
5.090472e-02 5.113411e-02
5.090282e-02 5.103469e-02
5.090127e-02 5.107401e-02
5.089963e-02 5.108310e-02
5.089928e-02 5.100102e-02
5.089832e-02 5.132808e-02
5.089538e-02 5.145683e-02
5.089481e-02 5.146538e-02
5.089247e-02 5.111359e-02
5.089221e-02 5.132910e-02
5.089033e-02 5.111794e-02
5.089101e-02 5.121748e-02
5.088735e-02 5.127157e-02
5.088634e-02 5.102500e-02
5.088722e-02 5.152318e-02
5.088533e-02 5.121308e-02
5.088415e-02 5.129218e-02
5.088156e-02 5.103603e-02
5.087893e-02 5.134869e-02
5.088025e-02 5.103166e-02
5.087515e-02 5.105806e-02
5.087712e-02 5.113069e-02
5.087635e-02 5.129535e-02
5.087412e-02 5.117780e-02
5.087126e-02 5.134250e-02
5.086980e-02 5.167609e-02
5.087085e-02 5.127852e-02
5.086806e-02 5.160395e-02
5.086863e-02 5.130647e-02
5.086778e-02 5.129270e-02
5.086544e-02 5.119312e-02
5.086457e-02 5.124552e-02
5.086266e-02 5.150330e-02
5.086123e-02 5.141551e-02
5.085975e-02 5.175185e-02
5.086082e-02 5.138576e-02
5.085909e-02 5.128563e-02
5.085660e-02 5.138747e-02
5.085605e-02 5.105194e-02
5.085348e-02 5.121421e-02
5.085579e-02 5.093423e-02
5.085332e-02 5.117572e-02
5.085197e-02 5.111338e-02
5.084780e-02 5.103405e-02
5.084855e-02 5.117766e-02
5.084649e-02 5.109382e-02
5.084577e-02 5.119678e-02
5.084303e-02 5.196237e-02
5.084255e-02 5.161704e-02
5.084257e-02 5.103620e-02
5.083895e-02 5.167288e-02
5.083848e-02 5.127752e-02
5.083685e-02 5.134769e-02
5.083683e-02 5.110232e-02
5.083591e-02 5.164591e-02
5.083426e-02 5.106434e-02
5.083302e-02 5.109721e-02
5.083246e-02 5.106752e-02
5.083194e-02 5.223840e-02
5.082839e-02 5.135263e-02
5.082832e-02 5.148872e-02
5.082875e-02 5.096535e-02
5.082597e-02 5.127770e-02
5.082535e-02 5.111526e-02
5.082164e-02 5.104463e-02
5.082217e-02 5.125493e-02
5.082247e-02 5.092567e-02
5.081892e-02 5.160731e-02
5.081916e-02 5.095260e-02
5.081851e-02 5.096565e-02
5.081556e-02 5.121955e-02
5.081421e-02 5.115313e-02
5.081482e-02 5.135481e-02
5.081270e-02 5.116492e-02
5.081186e-02 5.092431e-02
5.080940e-02 5.123889e-02
5.080918e-02 5.110280e-02
5.080655e-02 5.124891e-02
5.080648e-02 5.137044e-02
5.080592e-02 5.090727e-02
5.080472e-02 5.105093e-02
5.080190e-02 5.121828e-02
5.080316e-02 5.102256e-02
5.080212e-02 5.096911e-02
5.080001e-02 5.110106e-02
5.079893e-02 5.102435e-02
5.079757e-02 5.135211e-02
5.079594e-02 5.100941e-02
5.079654e-02 5.124696e-02
5.079524e-02 5.119160e-02
5.079202e-02 5.110366e-02
5.079051e-02 5.090440e-02
5.079027e-02 5.119092e-02
5.078962e-02 5.101130e-02
5.078837e-02 5.113306e-02
5.078824e-02 5.123386e-02
5.078548e-02 5.169204e-02
5.078458e-02 5.118265e-02
5.078334e-02 5.092790e-02
5.078245e-02 5.105650e-02
5.078170e-02 5.104679e-02
5.078003e-02 5.099248e-02
5.077909e-02 5.133508e-02
5.077825e-02 5.102300e-02
5.077656e-02 5.101238e-02
5.077653e-02 5.118376e-02
5.077461e-02 5.129164e-02
5.077335e-02 5.110877e-02
5.077435e-02 5.092835e-02
5.077093e-02 5.103055e-02
5.076989e-02 5.106901e-02
5.076854e-02 5.087729e-02
5.076757e-02 5.126268e-02
5.076668e-02 5.102778e-02
5.076662e-02 5.088320e-02
5.076440e-02 5.124771e-02
5.076360e-02 5.107388e-02
5.076348e-02 5.085879e-02
5.076155e-02 5.115307e-02
5.075967e-02 5.108932e-02
5.075887e-02 5.103400e-02
5.075696e-02 5.121704e-02
5.075685e-02 5.114588e-02
5.075584e-02 5.112692e-02
5.075485e-02 5.083601e-02
5.075315e-02 5.116278e-02
5.075226e-02 5.087322e-02
5.075072e-02 5.099137e-02
5.075162e-02 5.093446e-02
5.074878e-02 5.118761e-02
5.074770e-02 5.087737e-02
5.074706e-02 5.113581e-02
5.074663e-02 5.086504e-02
5.074539e-02 5.099990e-02
5.074283e-02 5.095728e-02
5.074598e-02 5.082261e-02
5.073958e-02 5.084879e-02
5.074169e-02 5.109545e-02
5.074014e-02 5.100811e-02
5.073864e-02 5.090793e-02
5.073785e-02 5.139277e-02
5.073507e-02 5.098439e-02
5.073507e-02 5.155273e-02
5.073340e-02 5.119917e-02
5.073215e-02 5.121932e-02
5.073104e-02 5.089895e-02
5.073027e-02 5.095084e-02
5.073049e-02 5.086021e-02
5.072730e-02 5.105098e-02
5.072853e-02 5.087647e-02
5.072614e-02 5.097649e-02
5.072378e-02 5.139377e-02
5.072616e-02 5.141720e-02
5.072154e-02 5.088434e-02
5.072283e-02 5.108387e-02
5.072204e-02 5.080387e-02
5.072063e-02 5.116614e-02
5.071868e-02 5.094714e-02
5.071725e-02 5.101508e-02
5.071661e-02 5.122088e-02
5.071519e-02 5.083917e-02
5.071393e-02 5.095158e-02
5.071372e-02 5.099493e-02
5.071156e-02 5.121256e-02
5.070939e-02 5.096178e-02
5.071153e-02 5.095542e-02
5.071074e-02 5.126212e-02
5.070831e-02 5.086634e-02
5.070548e-02 5.087842e-02
5.070763e-02 5.090535e-02
5.070590e-02 5.103558e-02
5.070315e-02 5.153607e-02
5.070506e-02 5.080069e-02
5.070209e-02 5.096592e-02
5.070132e-02 5.129199e-02
5.069960e-02 5.094390e-02
5.069968e-02 5.090741e-02
5.069797e-02 5.099783e-02
5.069924e-02 5.117508e-02
5.069335e-02 5.082893e-02
5.069585e-02 5.078890e-02
5.069266e-02 5.138458e-02
5.069255e-02 5.098493e-02
5.069159e-02 5.087582e-02
5.069092e-02 5.110572e-02
5.068833e-02 5.087818e-02
5.068977e-02 5.133469e-02
5.068830e-02 5.143895e-02
5.068574e-02 5.077112e-02
5.068482e-02 5.100696e-02
5.068576e-02 5.101273e-02
5.068467e-02 5.098848e-02
5.068058e-02 5.088702e-02
5.068111e-02 5.109862e-02
5.068025e-02 5.122822e-02
5.068011e-02 5.096347e-02
5.067794e-02 5.120951e-02
5.067697e-02 5.136395e-02
5.067883e-02 5.102435e-02
5.067525e-02 5.078571e-02
5.067283e-02 5.084154e-02
5.067357e-02 5.088542e-02
5.067230e-02 5.077784e-02
5.067016e-02 5.135536e-02
5.066915e-02 5.095416e-02
5.067110e-02 5.095768e-02
5.066881e-02 5.090251e-02
5.066696e-02 5.117376e-02
5.066724e-02 5.103353e-02
5.066532e-02 5.101667e-02
5.066411e-02 5.104442e-02
5.066418e-02 5.091158e-02
5.066364e-02 5.126907e-02
5.066357e-02 5.123369e-02
5.066049e-02 5.113240e-02
5.065983e-02 5.077605e-02
5.065802e-02 5.081101e-02
5.065691e-02 5.083925e-02
5.065548e-02 5.099778e-02
5.065496e-02 5.106798e-02
5.065451e-02 5.182662e-02
5.065396e-02 5.085471e-02
5.065114e-02 5.077010e-02
5.065108e-02 5.099277e-02
5.064932e-02 5.081923e-02
5.065020e-02 5.078891e-02
5.064817e-02 5.118939e-02
5.064734e-02 5.108663e-02
5.064791e-02 5.091564e-02
5.064722e-02 5.073060e-02
5.064466e-02 5.102981e-02
5.064422e-02 5.102033e-02
5.064311e-02 5.085138e-02
5.064285e-02 5.103779e-02
5.063994e-02 5.101624e-02
5.064137e-02 5.113791e-02
5.063841e-02 5.089365e-02
5.063732e-02 5.129624e-02
5.063560e-02 5.086100e-02
5.063469e-02 5.085214e-02
5.063457e-02 5.088901e-02
5.063373e-02 5.074629e-02
5.063406e-02 5.087418e-02
5.063340e-02 5.071642e-02
5.063191e-02 5.079029e-02
5.063221e-02 5.090051e-02
5.063057e-02 5.098406e-02
5.062653e-02 5.083699e-02
5.062697e-02 5.091656e-02
5.062765e-02 5.107050e-02
5.062505e-02 5.113658e-02
5.062492e-02 5.086519e-02
5.062371e-02 5.096916e-02
5.062324e-02 5.070928e-02
5.062121e-02 5.112912e-02
5.061984e-02 5.075577e-02
5.061905e-02 5.077050e-02
5.061768e-02 5.107213e-02
5.061773e-02 5.070009e-02
5.061502e-02 5.099927e-02
5.061456e-02 5.110646e-02
5.061517e-02 5.078082e-02
5.061340e-02 5.099198e-02
5.061273e-02 5.107413e-02
5.061158e-02 5.077704e-02
5.061186e-02 5.077452e-02
5.060938e-02 5.118297e-02
5.060694e-02 5.139847e-02
5.060714e-02 5.108160e-02
5.060548e-02 5.095165e-02
5.060675e-02 5.125206e-02
5.060461e-02 5.073269e-02
5.060558e-02 5.083033e-02
5.060524e-02 5.091656e-02
5.060221e-02 5.072393e-02
5.059996e-02 5.092630e-02
5.060011e-02 5.099998e-02
5.059878e-02 5.084962e-02
5.059755e-02 5.068869e-02
5.059821e-02 5.081090e-02
5.059639e-02 5.112164e-02
5.059690e-02 5.087824e-02
5.059488e-02 5.087570e-02
5.059449e-02 5.080877e-02
5.059286e-02 5.067086e-02
5.059252e-02 5.073142e-02
5.058929e-02 5.081184e-02
5.058845e-02 5.089111e-02
5.059081e-02 5.081353e-02
5.058701e-02 5.096791e-02
5.058595e-02 5.073514e-02
5.058591e-02 5.080332e-02
5.058603e-02 5.086673e-02
5.058322e-02 5.078584e-02
5.058282e-02 5.098679e-02
5.058056e-02 5.076482e-02
5.058246e-02 5.116410e-02
5.058192e-02 5.083450e-02
5.057877e-02 5.136851e-02
5.057881e-02 5.095945e-02
5.057857e-02 5.080409e-02
5.057675e-02 5.078305e-02
5.057652e-02 5.099172e-02
5.057427e-02 5.120655e-02
5.057469e-02 5.088399e-02
5.057095e-02 5.076971e-02
5.057372e-02 5.077252e-02
5.057213e-02 5.080789e-02
5.057068e-02 5.074854e-02
5.056793e-02 5.089463e-02
5.056793e-02 5.093933e-02
5.056850e-02 5.075692e-02
5.056593e-02 5.078370e-02
5.056574e-02 5.096863e-02
5.056392e-02 5.122310e-02
5.056320e-02 5.078208e-02
5.056207e-02 5.082740e-02
5.056211e-02 5.122650e-02
5.055993e-02 5.093699e-02
5.056030e-02 5.073713e-02
5.055841e-02 5.077214e-02
5.055807e-02 5.079390e-02
5.055788e-02 5.091138e-02
5.055465e-02 5.066606e-02
5.055590e-02 5.072184e-02
5.055403e-02 5.094769e-02
5.055227e-02 5.127632e-02
5.055210e-02 5.072232e-02
5.055025e-02 5.127850e-02
5.055158e-02 5.076194e-02
5.055146e-02 5.116534e-02
5.054895e-02 5.109413e-02
5.054876e-02 5.072372e-02
5.054623e-02 5.073468e-02
5.054607e-02 5.065110e-02
5.054491e-02 5.079481e-02
5.054367e-02 5.102455e-02
5.054396e-02 5.101228e-02
5.054285e-02 5.095718e-02
5.054112e-02 5.073406e-02
5.054154e-02 5.072249e-02
5.054037e-02 5.082494e-02
5.053739e-02 5.094751e-02
5.053847e-02 5.084319e-02
5.053637e-02 5.074921e-02
5.053424e-02 5.072677e-02
5.053448e-02 5.067643e-02
5.053304e-02 5.072403e-02
5.053217e-02 5.086230e-02
5.053356e-02 5.097970e-02
5.053068e-02 5.109969e-02
5.053068e-02 5.065792e-02
5.053026e-02 5.119390e-02
5.052857e-02 5.076475e-02
5.052646e-02 5.084865e-02
5.052500e-02 5.077107e-02
5.052505e-02 5.063750e-02
5.052351e-02 5.062759e-02
5.052379e-02 5.084045e-02
5.052271e-02 5.116833e-02
5.052190e-02 5.092801e-02
5.052069e-02 5.095254e-02
5.052008e-02 5.080475e-02
5.052049e-02 5.117628e-02
5.051831e-02 5.061082e-02
5.051691e-02 5.069085e-02
5.051680e-02 5.065573e-02
5.051464e-02 5.066361e-02
5.051446e-02 5.069077e-02
5.051502e-02 5.064213e-02
5.051158e-02 5.088448e-02
5.051193e-02 5.062622e-02
5.051179e-02 5.094782e-02
5.051028e-02 5.084189e-02
5.050784e-02 5.072435e-02
5.051099e-02 5.082551e-02
5.050773e-02 5.109866e-02
5.050683e-02 5.076262e-02
5.050624e-02 5.059388e-02
5.050440e-02 5.091193e-02
5.050380e-02 5.067617e-02
5.050285e-02 5.082404e-02
5.050154e-02 5.094024e-02
5.050134e-02 5.074176e-02
5.049856e-02 5.141886e-02
5.049957e-02 5.058790e-02
5.049855e-02 5.085779e-02
5.049860e-02 5.107600e-02
5.049713e-02 5.107206e-02
5.049519e-02 5.073352e-02
5.049335e-02 5.057308e-02
5.049241e-02 5.062350e-02
5.049312e-02 5.068359e-02
5.049294e-02 5.088989e-02
5.049036e-02 5.082337e-02
5.049014e-02 5.056968e-02
5.048882e-02 5.106049e-02
5.048863e-02 5.058551e-02
5.048702e-02 5.076003e-02
5.048672e-02 5.059316e-02
5.048495e-02 5.090065e-02
5.048700e-02 5.059087e-02
5.048137e-02 5.064896e-02
5.048341e-02 5.067560e-02
5.048209e-02 5.113428e-02
5.048116e-02 5.073674e-02
5.047975e-02 5.094321e-02
5.047890e-02 5.071492e-02
5.047804e-02 5.061362e-02
5.047670e-02 5.072905e-02
5.047518e-02 5.060820e-02
5.047498e-02 5.107611e-02
5.047380e-02 5.065155e-02
5.047253e-02 5.065490e-02
5.047427e-02 5.069057e-02
5.047075e-02 5.069438e-02
5.047027e-02 5.067286e-02
5.046954e-02 5.086215e-02
5.046931e-02 5.087962e-02
5.046662e-02 5.091815e-02
5.046728e-02 5.084111e-02
5.046571e-02 5.089558e-02
5.046656e-02 5.071702e-02
5.046562e-02 5.068141e-02
5.046439e-02 5.080582e-02
5.046295e-02 5.113329e-02
5.046242e-02 5.070115e-02
5.046183e-02 5.074848e-02
5.046306e-02 5.060019e-02
5.045969e-02 5.103207e-02
5.045882e-02 5.069763e-02
5.045554e-02 5.123171e-02
5.045805e-02 5.085225e-02
5.045731e-02 5.064131e-02
5.045299e-02 5.069010e-02
5.045595e-02 5.077710e-02
5.045362e-02 5.074611e-02
5.045208e-02 5.072257e-02
5.045301e-02 5.068294e-02
5.045163e-02 5.093828e-02
5.044891e-02 5.066375e-02
5.044757e-02 5.070667e-02
5.044886e-02 5.091365e-02
5.044661e-02 5.078100e-02
5.044621e-02 5.075448e-02
5.044443e-02 5.081380e-02
5.044431e-02 5.133771e-02
5.044448e-02 5.082976e-02
5.044161e-02 5.083375e-02
5.044241e-02 5.059415e-02
5.044234e-02 5.099928e-02
5.043796e-02 5.088754e-02
5.043768e-02 5.067686e-02
5.043825e-02 5.078435e-02
5.043667e-02 5.078943e-02
5.043723e-02 5.059027e-02
5.043701e-02 5.085846e-02
5.043527e-02 5.082506e-02
5.043260e-02 5.075722e-02
5.043418e-02 5.088565e-02
5.043249e-02 5.063378e-02
5.043184e-02 5.057879e-02
5.042721e-02 5.077833e-02
5.042673e-02 5.052906e-02
5.042889e-02 5.055548e-02
5.042818e-02 5.079121e-02
5.042683e-02 5.055161e-02
5.042621e-02 5.050693e-02
5.042678e-02 5.088632e-02
5.042425e-02 5.070540e-02
5.042257e-02 5.069587e-02
5.042277e-02 5.053403e-02
5.042268e-02 5.119173e-02
5.042332e-02 5.056128e-02
5.042167e-02 5.074170e-02
5.041860e-02 5.050126e-02
5.041854e-02 5.050475e-02
5.041816e-02 5.069915e-02
5.041805e-02 5.095631e-02
5.041496e-02 5.106331e-02
5.041386e-02 5.070695e-02
5.041463e-02 5.066545e-02
5.041510e-02 5.069253e-02
5.041381e-02 5.061580e-02
5.041336e-02 5.050865e-02
5.041077e-02 5.069490e-02
5.041083e-02 5.048359e-02
5.041019e-02 5.067072e-02
5.040892e-02 5.053588e-02
5.040702e-02 5.049539e-02
5.040710e-02 5.065177e-02
5.040637e-02 5.074713e-02
5.040566e-02 5.079966e-02
5.040409e-02 5.090103e-02
5.040436e-02 5.073755e-02
5.040061e-02 5.063123e-02
5.040259e-02 5.064340e-02
5.040154e-02 5.053827e-02
5.039871e-02 5.110929e-02
5.039974e-02 5.076380e-02
5.039961e-02 5.084718e-02
5.039748e-02 5.064198e-02
5.039646e-02 5.077502e-02
5.039694e-02 5.081000e-02
5.039439e-02 5.051024e-02
5.039575e-02 5.073042e-02
5.039265e-02 5.058841e-02
5.039312e-02 5.058019e-02
5.039241e-02 5.057725e-02
5.038940e-02 5.070704e-02
5.039033e-02 5.062014e-02
5.038858e-02 5.097624e-02
5.038991e-02 5.073743e-02
5.038759e-02 5.062846e-02
5.038590e-02 5.084318e-02
5.038584e-02 5.089370e-02
5.038531e-02 5.084704e-02
5.038300e-02 5.082977e-02
5.038305e-02 5.051887e-02
5.038268e-02 5.053375e-02
5.038269e-02 5.063354e-02
5.038045e-02 5.097124e-02
5.037841e-02 5.076811e-02
5.037878e-02 5.069973e-02
5.037775e-02 5.108085e-02
5.037751e-02 5.071217e-02
5.037736e-02 5.050100e-02
5.037679e-02 5.071904e-02
5.037523e-02 5.052618e-02
5.037445e-02 5.087595e-02
5.037326e-02 5.093495e-02
5.037230e-02 5.050632e-02
5.037256e-02 5.059620e-02
5.037014e-02 5.068627e-02
5.037057e-02 5.075301e-02
5.037057e-02 5.082220e-02
5.036791e-02 5.117173e-02
5.036823e-02 5.058284e-02
5.036693e-02 5.054514e-02
5.036546e-02 5.071251e-02
5.036441e-02 5.103972e-02
5.036601e-02 5.069531e-02
5.036370e-02 5.076004e-02
5.036403e-02 5.069707e-02
5.036318e-02 5.080975e-02
5.036232e-02 5.074629e-02
5.036053e-02 5.091236e-02
5.035964e-02 5.072636e-02
5.035921e-02 5.136474e-02
5.035804e-02 5.053827e-02
5.035838e-02 5.051215e-02
5.035527e-02 5.043778e-02
5.035478e-02 5.062540e-02
5.035535e-02 5.046076e-02
5.035359e-02 5.108841e-02
5.035117e-02 5.057065e-02
5.035345e-02 5.132307e-02
5.035149e-02 5.061994e-02
5.035124e-02 5.071753e-02
5.035023e-02 5.059068e-02
5.034861e-02 5.052408e-02
5.034938e-02 5.076347e-02
5.034764e-02 5.042577e-02
5.034627e-02 5.072097e-02
5.034544e-02 5.067602e-02
5.034663e-02 5.055834e-02
5.034429e-02 5.050624e-02
5.034284e-02 5.052825e-02
5.034258e-02 5.076329e-02
5.034263e-02 5.056291e-02
5.034028e-02 5.074222e-02
5.034245e-02 5.080483e-02
5.033949e-02 5.087636e-02
5.033976e-02 5.112295e-02
5.033854e-02 5.086349e-02
5.033834e-02 5.053130e-02
5.033604e-02 5.068330e-02
5.033615e-02 5.091724e-02
5.033508e-02 5.067193e-02
5.033393e-02 5.110200e-02
5.033320e-02 5.060116e-02
5.033457e-02 5.091967e-02
5.033041e-02 5.078255e-02
5.033187e-02 5.065112e-02
5.033112e-02 5.096183e-02
5.032803e-02 5.061634e-02
5.032777e-02 5.059585e-02
5.032959e-02 5.042221e-02
5.032809e-02 5.054715e-02
5.032639e-02 5.043234e-02
5.032757e-02 5.059183e-02
5.032483e-02 5.079250e-02
5.032318e-02 5.064931e-02
5.032380e-02 5.045570e-02
5.032245e-02 5.091300e-02
5.032119e-02 5.076831e-02
5.032042e-02 5.048436e-02
5.032034e-02 5.058386e-02
5.032021e-02 5.083064e-02
5.031896e-02 5.079477e-02
5.031790e-02 5.064811e-02
5.031611e-02 5.069249e-02
5.031643e-02 5.056893e-02
5.031688e-02 5.044385e-02
5.031533e-02 5.106887e-02
5.031440e-02 5.069905e-02
5.031076e-02 5.106143e-02
5.031172e-02 5.071973e-02
5.031373e-02 5.068774e-02
5.031068e-02 5.053626e-02
5.030955e-02 5.065625e-02
5.030720e-02 5.080577e-02
5.030995e-02 5.070714e-02
5.031056e-02 5.060087e-02
5.030690e-02 5.074110e-02
5.030599e-02 5.102874e-02
5.030581e-02 5.060392e-02
5.030490e-02 5.045991e-02
5.030336e-02 5.061203e-02
5.030381e-02 5.113480e-02
5.030351e-02 5.040150e-02
5.030168e-02 5.041458e-02
5.030021e-02 5.071660e-02
5.029930e-02 5.093721e-02
5.030100e-02 5.072783e-02
5.029843e-02 5.046740e-02
5.029887e-02 5.043578e-02
5.029874e-02 5.057811e-02
5.029818e-02 5.074749e-02
5.029688e-02 5.063778e-02
5.029780e-02 5.062936e-02
5.029301e-02 5.072468e-02
5.029391e-02 5.076152e-02
5.029269e-02 5.089869e-02
5.029315e-02 5.075682e-02
5.029167e-02 5.051341e-02
5.029083e-02 5.037801e-02
5.029006e-02 5.040971e-02
5.029023e-02 5.077057e-02
5.028863e-02 5.045370e-02
5.028502e-02 5.053853e-02
5.028574e-02 5.048482e-02
5.028704e-02 5.040840e-02
5.028556e-02 5.049903e-02
5.028451e-02 5.041300e-02
5.028515e-02 5.048785e-02
5.028424e-02 5.047662e-02
5.028450e-02 5.040497e-02
5.028447e-02 5.050026e-02
5.028072e-02 5.037748e-02
5.027970e-02 5.042660e-02
5.027838e-02 5.053333e-02
5.027905e-02 5.036532e-02
5.027891e-02 5.038910e-02
5.027851e-02 5.053144e-02
5.027436e-02 5.061390e-02
5.027665e-02 5.054968e-02
5.027530e-02 5.045464e-02
5.027512e-02 5.082263e-02
5.027321e-02 5.049363e-02
5.027041e-02 5.049168e-02
5.027165e-02 5.040742e-02
5.027153e-02 5.056189e-02
5.027036e-02 5.077335e-02
5.026910e-02 5.043766e-02
5.027073e-02 5.075134e-02
5.026847e-02 5.075272e-02
5.026729e-02 5.048433e-02
5.026851e-02 5.056260e-02
5.026570e-02 5.111214e-02
5.026581e-02 5.051893e-02
5.026410e-02 5.034207e-02
5.026389e-02 5.034003e-02
5.026416e-02 5.040888e-02
5.026248e-02 5.046586e-02
5.026292e-02 5.048053e-02
5.026200e-02 5.047429e-02
5.026075e-02 5.044632e-02
5.025889e-02 5.060965e-02
5.025907e-02 5.047572e-02
5.025841e-02 5.068181e-02
5.025637e-02 5.070192e-02
5.025943e-02 5.035863e-02
5.025585e-02 5.045865e-02
5.025533e-02 5.043317e-02
5.025402e-02 5.051706e-02
5.025366e-02 5.036730e-02
5.025305e-02 5.053596e-02
5.025176e-02 5.035493e-02
5.025023e-02 5.052302e-02
5.025104e-02 5.044237e-02
5.024968e-02 5.053111e-02
5.025021e-02 5.050833e-02
5.024808e-02 5.050788e-02
5.024900e-02 5.033812e-02
5.024753e-02 5.063394e-02
5.024738e-02 5.045746e-02
5.024750e-02 5.081688e-02
5.024712e-02 5.068399e-02
5.024474e-02 5.038420e-02
5.024334e-02 5.077252e-02
5.024380e-02 5.063833e-02
5.024050e-02 5.045932e-02
5.024161e-02 5.067739e-02
5.023889e-02 5.062022e-02
5.024138e-02 5.032624e-02
5.024074e-02 5.046163e-02
5.023909e-02 5.048003e-02
5.023798e-02 5.056336e-02
5.023799e-02 5.046008e-02
5.023707e-02 5.055804e-02
5.023692e-02 5.101430e-02
5.023591e-02 5.038108e-02
5.023516e-02 5.032419e-02
5.023363e-02 5.066038e-02
5.023361e-02 5.094394e-02
5.023439e-02 5.043823e-02
5.023344e-02 5.097300e-02
5.023527e-02 5.057646e-02
5.023192e-02 5.073002e-02
5.023153e-02 5.043869e-02
5.023075e-02 5.034934e-02
5.022641e-02 5.044128e-02
5.022741e-02 5.062937e-02
5.022734e-02 5.057253e-02
5.022720e-02 5.031627e-02
5.022566e-02 5.057518e-02
5.022653e-02 5.033854e-02
5.022546e-02 5.069597e-02
5.022309e-02 5.039857e-02
5.022461e-02 5.039276e-02
5.022362e-02 5.053030e-02
5.022181e-02 5.076460e-02
5.021915e-02 5.030509e-02
5.022184e-02 5.036038e-02
5.021971e-02 5.052757e-02
5.022050e-02 5.064440e-02
5.021860e-02 5.038070e-02
5.021801e-02 5.046363e-02
5.021604e-02 5.097559e-02
5.021660e-02 5.081840e-02
5.021820e-02 5.057272e-02
5.021452e-02 5.085171e-02
5.021517e-02 5.054704e-02
5.021220e-02 5.072739e-02
5.021301e-02 5.032421e-02
5.021290e-02 5.050255e-02
5.021092e-02 5.047631e-02
5.021083e-02 5.115718e-02
5.021188e-02 5.058594e-02
5.020864e-02 5.065883e-02
5.014363e-02 5.047452e-02
5.014261e-02 5.043628e-02
5.014238e-02 5.027640e-02
5.014268e-02 5.051807e-02
5.013952e-02 5.046514e-02
5.013923e-02 5.038995e-02
5.013868e-02 5.057265e-02
5.013821e-02 5.055167e-02
5.013691e-02 5.025429e-02
5.013794e-02 5.035198e-02
5.013577e-02 5.044063e-02
5.013462e-02 5.023849e-02
5.013387e-02 5.094625e-02
5.013459e-02 5.025177e-02
5.013326e-02 5.035503e-02
5.013339e-02 5.052971e-02
5.013128e-02 5.042805e-02
5.013324e-02 5.048231e-02
5.013199e-02 5.064560e-02
5.013161e-02 5.029491e-02
5.012906e-02 5.024274e-02
5.012953e-02 5.036549e-02
5.012864e-02 5.032842e-02
5.012853e-02 5.030478e-02
5.012740e-02 5.063233e-02
5.012775e-02 5.040342e-02
5.012867e-02 5.021461e-02
5.012642e-02 5.048449e-02
5.012674e-02 5.030855e-02
5.012481e-02 5.052845e-02
5.012488e-02 5.050342e-02
5.012319e-02 5.051321e-02
5.012218e-02 5.062952e-02
5.012262e-02 5.042343e-02
5.012055e-02 5.047605e-02
5.012093e-02 5.048731e-02
5.011938e-02 5.030594e-02
5.011955e-02 5.019604e-02
5.011783e-02 5.034591e-02
5.011796e-02 5.058557e-02
5.011829e-02 5.027695e-02
5.011837e-02 5.039914e-02
5.011644e-02 5.051426e-02
5.011600e-02 5.020311e-02
5.011461e-02 5.025388e-02
5.011456e-02 5.063840e-02
5.011554e-02 5.020817e-02
5.011383e-02 5.029331e-02
5.011419e-02 5.057658e-02
5.011194e-02 5.036581e-02
5.011198e-02 5.030510e-02
5.010845e-02 5.027951e-02
5.010926e-02 5.029313e-02
5.010921e-02 5.024492e-02
5.010988e-02 5.054532e-02
5.010717e-02 5.033148e-02
5.010784e-02 5.041594e-02
5.010337e-02 5.067702e-02
5.010703e-02 5.059521e-02
5.010584e-02 5.034162e-02
5.010537e-02 5.047983e-02
5.010476e-02 5.036615e-02
5.010647e-02 5.064698e-02
5.010355e-02 5.070454e-02
5.010291e-02 5.031087e-02
5.010139e-02 5.072098e-02
5.010050e-02 5.030372e-02
5.010193e-02 5.024325e-02
5.010212e-02 5.047994e-02
5.009708e-02 5.021029e-02
5.009762e-02 5.033443e-02
5.009816e-02 5.033898e-02
5.009861e-02 5.028893e-02
5.009602e-02 5.025671e-02
5.009487e-02 5.049988e-02
5.009483e-02 5.030043e-02
5.009375e-02 5.021491e-02
5.009412e-02 5.017267e-02
5.009297e-02 5.021747e-02
5.009442e-02 5.025011e-02
5.009105e-02 5.039093e-02
5.009197e-02 5.034982e-02
5.009043e-02 5.057904e-02
5.008995e-02 5.037751e-02
5.009024e-02 5.051203e-02
5.008836e-02 5.050997e-02
5.008960e-02 5.062643e-02
5.008888e-02 5.028531e-02
5.008677e-02 5.018106e-02
5.008527e-02 5.025711e-02
5.008615e-02 5.044041e-02
5.008529e-02 5.032013e-02
5.008713e-02 5.046182e-02
5.008307e-02 5.030237e-02
5.008392e-02 5.023766e-02
5.008315e-02 5.018430e-02
5.008267e-02 5.019863e-02
5.008219e-02 5.032613e-02
5.008100e-02 5.016449e-02
5.007999e-02 5.047636e-02
5.008095e-02 5.042138e-02
5.007798e-02 5.035336e-02
5.007939e-02 5.021664e-02
5.007928e-02 5.092113e-02
5.007792e-02 5.028131e-02
5.007682e-02 5.069695e-02
5.007905e-02 5.023995e-02
5.007390e-02 5.021016e-02
5.007641e-02 5.022273e-02
5.007337e-02 5.036855e-02
5.007242e-02 5.018836e-02
5.007367e-02 5.034525e-02
5.007121e-02 5.073077e-02
5.007115e-02 5.027325e-02
5.007078e-02 5.067329e-02
5.007075e-02 5.061069e-02
5.006884e-02 5.015500e-02
5.006910e-02 5.018074e-02
5.006982e-02 5.045595e-02
5.006885e-02 5.015020e-02
5.006676e-02 5.059029e-02
5.006848e-02 5.045251e-02
5.006629e-02 5.044482e-02
5.006655e-02 5.024295e-02
5.006350e-02 5.028504e-02
5.006619e-02 5.036559e-02
5.006459e-02 5.041706e-02
5.006427e-02 5.060369e-02
5.006300e-02 5.033058e-02
5.006166e-02 5.026825e-02
5.006101e-02 5.030974e-02
5.006196e-02 5.035263e-02
5.006171e-02 5.027778e-02
5.005981e-02 5.034125e-02
5.005954e-02 5.030712e-02
5.005802e-02 5.023134e-02
5.005739e-02 5.015322e-02
5.005763e-02 5.033108e-02
5.005709e-02 5.067002e-02
5.005504e-02 5.069513e-02
5.005508e-02 5.054024e-02
5.005534e-02 5.037507e-02
5.005688e-02 5.014367e-02
5.005413e-02 5.033564e-02
5.005261e-02 5.019145e-02
5.005359e-02 5.021560e-02
5.005308e-02 5.019879e-02
5.005158e-02 5.019432e-02
5.005001e-02 5.057669e-02
5.005012e-02 5.044994e-02
5.005066e-02 5.042608e-02
5.005147e-02 5.026164e-02
5.004904e-02 5.026253e-02
5.004913e-02 5.030618e-02
5.004731e-02 5.023688e-02
5.004714e-02 5.053523e-02
5.004672e-02 5.034976e-02
5.004508e-02 5.036123e-02
5.004501e-02 5.045253e-02
5.004379e-02 5.035366e-02
5.004403e-02 5.072909e-02
5.004296e-02 5.031986e-02
5.004289e-02 5.021717e-02
5.004246e-02 5.016391e-02
5.004080e-02 5.031103e-02
5.004079e-02 5.012258e-02
5.004089e-02 5.057092e-02
5.003985e-02 5.040068e-02
5.004029e-02 5.013898e-02
5.003925e-02 5.035579e-02
5.003738e-02 5.038460e-02
5.003885e-02 5.029283e-02
5.003741e-02 5.015992e-02
5.003635e-02 5.014228e-02
5.003659e-02 5.012462e-02
5.003501e-02 5.011710e-02
5.003555e-02 5.011311e-02
5.003504e-02 5.032084e-02
5.003350e-02 5.048258e-02
5.003209e-02 5.033068e-02
5.003259e-02 5.048057e-02
5.003108e-02 5.026856e-02
5.003135e-02 5.038781e-02
5.002963e-02 5.021445e-02
5.003008e-02 5.014234e-02
5.003060e-02 5.020427e-02
5.002827e-02 5.024642e-02
5.002714e-02 5.060031e-02
5.002786e-02 5.061392e-02
5.002886e-02 5.024037e-02
5.002567e-02 5.010761e-02
5.002520e-02 5.010833e-02
5.002464e-02 5.036851e-02
5.002559e-02 5.045864e-02
5.002327e-02 5.014223e-02
5.002446e-02 5.010178e-02
5.002207e-02 5.031436e-02
5.002356e-02 5.019014e-02
5.002336e-02 5.044832e-02
5.002123e-02 5.022781e-02
5.001942e-02 5.021220e-02
5.002239e-02 5.059579e-02
5.002096e-02 5.044945e-02
5.001856e-02 5.014413e-02
5.001820e-02 5.037038e-02
5.001648e-02 5.011111e-02
5.001684e-02 5.029478e-02
5.001793e-02 5.026079e-02
5.001742e-02 5.047047e-02
5.001657e-02 5.025235e-02
5.001383e-02 5.014310e-02
5.001418e-02 5.018094e-02
5.001323e-02 5.083555e-02
5.001288e-02 5.009187e-02
5.001242e-02 5.021095e-02
5.001253e-02 5.011515e-02
5.001019e-02 5.088767e-02
5.001206e-02 5.025317e-02
5.000961e-02 5.024359e-02
5.001008e-02 5.033781e-02
5.000997e-02 5.015986e-02
5.000818e-02 5.031055e-02
5.000746e-02 5.012312e-02
5.000634e-02 5.013070e-02
5.000580e-02 5.008862e-02
5.000478e-02 5.025800e-02
5.000578e-02 5.008237e-02
5.000405e-02 5.013017e-02
5.000442e-02 5.040520e-02
5.000371e-02 5.019317e-02
5.000290e-02 5.020042e-02
5.000161e-02 5.009732e-02
5.000227e-02 5.026484e-02
5.000020e-02 5.015396e-02
5.000131e-02 5.011002e-02
5.000072e-02 5.041869e-02
4.999841e-02 5.045250e-02
4.999763e-02 5.038201e-02
4.999884e-02 5.018965e-02
4.999594e-02 5.017442e-02
4.999828e-02 5.008697e-02
4.999461e-02 5.033305e-02
4.999644e-02 5.018368e-02
4.999548e-02 5.027178e-02
4.999322e-02 5.019444e-02
4.999387e-02 5.030622e-02
4.999432e-02 5.009146e-02
4.999385e-02 5.007498e-02
4.999186e-02 5.035750e-02
4.999341e-02 5.008635e-02
4.999384e-02 5.018754e-02
4.999124e-02 5.007288e-02
4.999273e-02 5.008521e-02
4.999143e-02 5.014609e-02
4.998907e-02 5.056217e-02
4.998945e-02 5.030441e-02
4.998975e-02 5.014524e-02
4.998856e-02 5.092839e-02
4.998636e-02 5.006541e-02
4.998601e-02 5.007481e-02
4.998509e-02 5.006247e-02
4.998571e-02 5.014367e-02
4.998392e-02 5.056283e-02
4.998313e-02 5.022486e-02
4.998407e-02 5.008277e-02
4.998316e-02 5.017302e-02
4.998315e-02 5.013587e-02
4.998176e-02 5.027963e-02
4.998080e-02 5.010214e-02
4.998231e-02 5.034337e-02
4.998019e-02 5.018380e-02
4.997846e-02 5.023648e-02
4.997856e-02 5.032383e-02
4.997794e-02 5.031397e-02
4.997705e-02 5.075815e-02
4.997685e-02 5.042034e-02
4.997883e-02 5.019074e-02
4.997804e-02 5.030913e-02
4.997566e-02 5.044053e-02
4.997561e-02 5.021341e-02
4.997308e-02 5.036202e-02
4.997371e-02 5.013238e-02
4.997538e-02 5.017688e-02
4.997368e-02 5.048709e-02
4.997167e-02 5.026439e-02
4.997129e-02 5.026471e-02
4.997170e-02 5.028544e-02
4.996893e-02 5.005892e-02
4.997239e-02 5.043755e-02
4.996891e-02 5.036714e-02
4.996921e-02 5.028198e-02
4.996881e-02 5.008580e-02
4.996850e-02 5.025093e-02
4.996878e-02 5.040216e-02
4.996747e-02 5.012391e-02
4.996701e-02 5.041463e-02
4.996630e-02 5.030482e-02
4.996627e-02 5.005598e-02
4.996560e-02 5.029815e-02
4.996333e-02 5.030143e-02
4.996546e-02 5.021911e-02
4.996299e-02 5.013571e-02
4.996300e-02 5.004541e-02
4.996293e-02 5.023321e-02
4.996244e-02 5.018569e-02
4.996166e-02 5.025631e-02
4.995984e-02 5.003381e-02
4.995944e-02 5.004215e-02
4.996108e-02 5.056709e-02
4.996018e-02 5.047580e-02
4.995801e-02 5.014491e-02
4.995819e-02 5.036852e-02
4.995742e-02 5.012658e-02
4.995582e-02 5.036627e-02
4.995497e-02 5.022255e-02
4.995740e-02 5.006584e-02
4.995630e-02 5.022376e-02
4.995394e-02 5.013073e-02
4.995419e-02 5.007499e-02
4.995398e-02 5.007344e-02
4.995351e-02 5.066857e-02
4.995183e-02 5.018950e-02
4.995057e-02 5.006515e-02
4.995044e-02 5.033057e-02
4.995171e-02 5.013855e-02
4.995139e-02 5.006279e-02
4.994816e-02 5.007969e-02
4.994908e-02 5.031760e-02
4.994851e-02 5.039756e-02
4.994885e-02 5.015930e-02
4.994671e-02 5.023287e-02
4.994799e-02 5.002262e-02
4.994442e-02 5.005582e-02
4.994541e-02 5.022125e-02
4.994590e-02 5.004847e-02
4.994529e-02 5.022394e-02
4.994451e-02 5.022471e-02
4.994280e-02 5.043845e-02
4.994366e-02 5.036032e-02
4.994314e-02 5.017801e-02
4.994345e-02 5.007005e-02
4.994262e-02 5.009798e-02
4.993903e-02 5.005056e-02
4.993949e-02 5.003330e-02
4.993848e-02 5.051096e-02
4.993923e-02 5.002518e-02
4.993963e-02 5.024420e-02
4.993772e-02 5.006644e-02
4.993845e-02 5.017960e-02
4.993613e-02 5.030520e-02
4.993711e-02 5.018626e-02
4.993634e-02 5.027197e-02
4.993630e-02 5.007901e-02
4.993554e-02 5.035024e-02
4.993548e-02 5.018799e-02
4.993380e-02 5.030202e-02
4.993412e-02 5.012243e-02
4.993315e-02 5.003385e-02
4.993060e-02 5.069358e-02
4.993091e-02 5.017909e-02
4.993065e-02 5.014979e-02
4.993200e-02 5.010901e-02
4.992934e-02 5.038757e-02
4.992975e-02 5.004865e-02
4.992818e-02 5.018448e-02
4.992947e-02 5.006995e-02
4.992893e-02 5.008679e-02
4.992658e-02 5.016164e-02
4.992675e-02 5.015541e-02
4.992695e-02 5.009009e-02
4.992680e-02 5.004730e-02
4.992508e-02 5.024922e-02
4.992639e-02 5.010696e-02
4.992400e-02 5.002311e-02
4.992381e-02 5.026999e-02
4.992431e-02 5.003067e-02
4.992340e-02 5.012781e-02
4.992373e-02 4.999821e-02
4.992208e-02 5.011131e-02
4.991888e-02 5.026978e-02
4.992046e-02 5.047119e-02
4.991935e-02 5.011006e-02
4.991890e-02 5.004391e-02
4.991853e-02 5.029952e-02
4.991806e-02 5.003702e-02
4.991759e-02 5.015013e-02
4.991766e-02 5.000810e-02
4.991732e-02 5.011641e-02
4.991574e-02 5.023883e-02
4.991683e-02 5.004670e-02
4.991678e-02 5.004960e-02
4.991548e-02 5.012230e-02
4.991349e-02 5.030027e-02
4.991317e-02 5.042262e-02
4.991231e-02 5.030839e-02
4.991279e-02 4.999751e-02
4.991328e-02 5.022529e-02
4.991121e-02 5.042838e-02
4.991148e-02 5.034564e-02
4.991046e-02 5.017394e-02
4.990865e-02 5.009221e-02
4.991027e-02 5.055056e-02
4.990782e-02 5.001809e-02
4.990901e-02 4.999940e-02
4.990823e-02 4.998748e-02
4.990753e-02 5.045437e-02
4.990510e-02 5.008161e-02
4.990598e-02 5.043240e-02
4.990486e-02 5.018708e-02
4.990452e-02 5.004553e-02
4.990580e-02 4.999277e-02
4.990444e-02 5.016531e-02
4.990317e-02 5.001586e-02
4.990365e-02 5.006581e-02
4.990210e-02 4.999044e-02
4.990152e-02 5.004217e-02
4.990267e-02 5.003514e-02
4.990115e-02 4.997782e-02
4.989892e-02 4.998985e-02
4.989812e-02 5.056661e-02
4.989949e-02 5.042515e-02
4.989867e-02 5.002894e-02
4.989822e-02 5.016623e-02
4.989944e-02 5.035431e-02
4.989724e-02 5.018737e-02
4.989568e-02 5.023144e-02
4.989699e-02 5.003939e-02
4.989646e-02 4.997422e-02
4.989459e-02 5.070273e-02
4.989531e-02 4.999501e-02
4.989441e-02 5.027227e-02
4.989199e-02 5.002446e-02
4.989281e-02 5.024014e-02
4.989194e-02 5.009036e-02
4.989180e-02 4.997331e-02
4.989011e-02 5.049687e-02
4.989132e-02 4.997449e-02
4.989049e-02 5.016123e-02
4.988961e-02 5.004882e-02
4.988842e-02 5.024924e-02
4.988886e-02 5.002707e-02
4.988959e-02 5.022357e-02
4.988908e-02 4.999515e-02
4.988848e-02 5.004747e-02
4.988548e-02 5.046601e-02
4.988636e-02 5.016278e-02
4.988516e-02 4.998448e-02
4.988476e-02 5.057900e-02
4.988315e-02 5.013886e-02
4.988432e-02 5.003767e-02
4.988353e-02 5.004120e-02
4.988261e-02 5.013475e-02
4.988043e-02 5.000529e-02
4.988128e-02 4.999723e-02
4.988011e-02 5.031229e-02
4.988111e-02 4.996985e-02
4.988054e-02 5.002821e-02
4.987909e-02 5.012365e-02
4.987945e-02 4.996598e-02
4.987811e-02 5.013377e-02
4.987859e-02 5.012455e-02
4.987724e-02 4.997254e-02
4.987948e-02 5.067874e-02
4.987789e-02 5.009511e-02
4.987616e-02 5.007386e-02
4.987406e-02 5.045998e-02
4.987684e-02 5.024055e-02
4.987547e-02 5.026325e-02
4.987293e-02 5.010834e-02
4.987502e-02 4.996617e-02
4.987298e-02 4.997486e-02
4.987262e-02 5.015298e-02
4.987311e-02 5.005896e-02
4.987129e-02 5.001077e-02
4.987166e-02 5.014351e-02
4.987032e-02 4.996728e-02
4.987041e-02 5.003017e-02
4.986936e-02 4.995343e-02
4.986986e-02 4.997498e-02
4.986837e-02 4.995165e-02
4.986927e-02 4.994462e-02
4.986887e-02 5.001150e-02
4.986849e-02 5.025727e-02
4.986771e-02 5.011316e-02
4.986662e-02 5.030777e-02
4.986630e-02 4.994962e-02
4.986691e-02 5.003388e-02
4.986566e-02 5.015865e-02
4.986608e-02 5.000567e-02
4.986204e-02 5.011097e-02
4.986330e-02 5.000468e-02
4.986216e-02 5.001453e-02
4.986464e-02 5.005257e-02
4.986193e-02 4.999192e-02
4.986163e-02 5.008668e-02
4.986076e-02 5.009651e-02
4.986072e-02 5.019146e-02
4.985974e-02 4.994384e-02
4.985952e-02 5.038990e-02
4.985847e-02 4.996598e-02
4.985792e-02 5.032312e-02
4.985690e-02 4.994784e-02
4.985775e-02 4.995320e-02
4.985713e-02 5.025789e-02
4.985633e-02 4.994993e-02
4.985635e-02 5.000007e-02
4.985675e-02 4.997267e-02
4.985441e-02 5.000036e-02
4.985541e-02 5.005002e-02
4.985367e-02 5.011136e-02
4.985464e-02 4.999022e-02
4.985328e-02 4.993467e-02
4.985202e-02 5.011488e-02
4.984955e-02 5.023691e-02
4.985103e-02 5.007787e-02
4.985215e-02 4.993271e-02
4.985209e-02 5.010139e-02
4.984918e-02 5.026979e-02
4.985136e-02 4.995632e-02
4.985016e-02 5.021942e-02
4.984905e-02 4.997736e-02
4.984734e-02 5.026305e-02
4.984712e-02 5.002454e-02
4.984748e-02 5.023638e-02
4.984756e-02 5.018093e-02
4.984697e-02 5.052885e-02
4.984542e-02 4.997706e-02
4.984392e-02 4.998286e-02
4.984578e-02 5.023630e-02
4.984417e-02 4.993123e-02
4.984382e-02 5.040407e-02
4.984295e-02 5.031004e-02
4.984196e-02 4.998546e-02
4.984072e-02 4.996610e-02
4.984093e-02 5.052997e-02
4.984251e-02 4.993344e-02
4.983956e-02 4.995304e-02
4.983939e-02 5.010835e-02
4.984045e-02 5.015606e-02
4.983837e-02 4.992760e-02
4.983966e-02 5.011831e-02
4.983967e-02 5.001420e-02
4.983711e-02 5.009703e-02
4.983831e-02 4.992573e-02
4.983706e-02 4.998095e-02
4.983654e-02 5.000259e-02
4.983462e-02 4.993449e-02
4.983492e-02 5.012655e-02
4.983517e-02 5.002280e-02
4.983427e-02 4.995022e-02
4.983356e-02 5.016922e-02
4.983321e-02 5.009504e-02
4.983398e-02 5.014825e-02
4.983231e-02 5.012849e-02
4.983092e-02 5.003410e-02
4.983258e-02 4.994385e-02
4.983007e-02 5.048681e-02
4.983089e-02 5.001112e-02
4.982931e-02 4.995715e-02
4.982967e-02 4.993635e-02
4.982905e-02 5.033793e-02
4.982944e-02 4.991948e-02
4.982793e-02 4.995620e-02
4.982731e-02 5.016495e-02
4.982751e-02 5.005030e-02
4.982753e-02 5.009485e-02
4.982538e-02 5.017815e-02
4.982653e-02 5.022178e-02
4.982467e-02 5.050422e-02
4.982289e-02 4.996614e-02
4.982392e-02 5.003557e-02
4.982297e-02 4.994750e-02
4.982165e-02 4.989967e-02
4.982172e-02 5.003767e-02
4.982294e-02 4.989722e-02
4.982281e-02 5.002576e-02
4.982095e-02 4.996293e-02
4.982067e-02 4.994456e-02
4.981865e-02 4.990701e-02
4.981961e-02 5.003710e-02
4.982067e-02 4.990732e-02
4.981971e-02 4.991719e-02
4.981884e-02 5.003267e-02
4.981877e-02 4.998371e-02
4.981785e-02 4.990211e-02
4.981704e-02 4.990264e-02
4.981634e-02 5.010709e-02
4.981699e-02 4.989616e-02
4.981496e-02 5.004308e-02
4.981580e-02 4.995506e-02
4.981459e-02 4.993813e-02
4.981455e-02 4.996460e-02
4.981323e-02 5.014837e-02
4.981340e-02 4.993921e-02
4.981221e-02 4.998259e-02
4.981227e-02 5.003694e-02
4.981226e-02 4.999854e-02
4.981117e-02 5.013649e-02
4.981054e-02 4.997945e-02
4.981204e-02 5.018169e-02
4.980820e-02 4.991614e-02
4.981044e-02 4.998378e-02
4.980767e-02 4.992570e-02
4.980808e-02 4.988634e-02
4.980994e-02 5.047430e-02
4.980930e-02 4.997712e-02
4.980688e-02 4.999879e-02
4.980592e-02 4.990023e-02
4.980527e-02 5.008079e-02
4.980453e-02 5.000445e-02
4.980512e-02 5.033285e-02
4.980398e-02 4.996563e-02
4.980447e-02 4.990554e-02
4.980517e-02 4.997161e-02
4.980309e-02 5.012831e-02
4.980353e-02 4.987846e-02
4.980178e-02 4.989218e-02
4.980317e-02 4.993901e-02
4.980197e-02 5.010899e-02
4.980072e-02 5.016554e-02
4.980074e-02 4.992900e-02
4.979890e-02 5.022487e-02
4.979890e-02 5.008982e-02
4.979837e-02 4.998690e-02
4.979792e-02 4.990146e-02
4.979835e-02 5.022145e-02
4.979836e-02 4.987686e-02
4.979756e-02 5.006826e-02
4.979687e-02 4.994144e-02
4.979791e-02 4.993852e-02
4.979639e-02 4.993000e-02
4.979560e-02 5.014415e-02
4.979466e-02 4.987578e-02
4.979416e-02 5.003132e-02
4.979464e-02 5.001733e-02
4.979382e-02 4.992642e-02
4.979454e-02 4.988559e-02
4.979220e-02 4.989607e-02
4.979198e-02 4.999801e-02
4.979229e-02 4.987923e-02
4.979266e-02 4.994897e-02
4.979087e-02 4.994124e-02
4.979114e-02 4.990757e-02
4.979196e-02 4.996238e-02
4.978903e-02 5.009313e-02
4.978836e-02 5.036372e-02
4.979011e-02 4.989235e-02
4.978893e-02 4.998971e-02
4.978609e-02 5.000598e-02
4.978697e-02 4.994853e-02
4.978687e-02 5.018185e-02
4.978642e-02 4.998407e-02
4.978599e-02 4.992251e-02
4.978638e-02 5.001049e-02
4.978584e-02 4.986577e-02
4.978386e-02 5.002541e-02
4.978368e-02 4.988557e-02
4.978348e-02 4.989276e-02
4.978304e-02 4.989028e-02
4.978283e-02 4.990410e-02
4.978266e-02 4.988835e-02
4.978263e-02 4.996382e-02
4.978073e-02 4.998108e-02
4.978020e-02 4.997004e-02
4.978201e-02 5.044124e-02
4.978205e-02 4.999266e-02
4.977847e-02 4.985691e-02
4.977756e-02 5.016984e-02
4.977737e-02 5.015693e-02
4.977938e-02 5.022836e-02
4.977737e-02 4.998890e-02
4.977599e-02 4.993288e-02
4.977741e-02 4.999550e-02
4.977743e-02 5.002959e-02
4.977484e-02 5.008738e-02
4.977608e-02 4.994360e-02
4.977610e-02 4.985874e-02
4.977503e-02 4.995857e-02
4.977322e-02 4.985565e-02
4.977232e-02 4.985006e-02
4.977252e-02 5.021245e-02
4.977501e-02 5.002564e-02
4.977219e-02 4.985459e-02
4.977207e-02 5.009266e-02
4.977026e-02 4.999275e-02
4.977097e-02 4.986020e-02
4.977123e-02 4.986827e-02
4.976965e-02 4.996153e-02
4.976978e-02 5.023565e-02
4.976989e-02 4.993434e-02
4.976721e-02 4.988555e-02
4.976883e-02 5.012726e-02
4.976831e-02 5.033421e-02
4.976699e-02 5.022930e-02
4.976607e-02 5.006935e-02
4.976645e-02 4.984665e-02
4.976665e-02 4.986997e-02
4.976670e-02 4.988218e-02
4.976417e-02 4.986795e-02
4.976417e-02 4.991457e-02
4.976319e-02 4.988055e-02
4.976181e-02 4.994343e-02
4.976527e-02 4.999842e-02
4.976363e-02 4.987831e-02
4.976192e-02 4.986385e-02
4.976335e-02 4.989185e-02
4.976157e-02 4.985675e-02
4.976079e-02 4.984987e-02
4.976164e-02 5.006473e-02
4.975996e-02 4.985411e-02
4.975958e-02 4.989482e-02
4.975960e-02 4.991305e-02
4.975793e-02 4.987166e-02
4.975815e-02 4.999067e-02
4.975914e-02 4.996427e-02
4.975760e-02 4.987834e-02
4.975720e-02 5.006814e-02
4.975612e-02 4.988286e-02
4.975817e-02 5.014535e-02
4.975763e-02 4.993783e-02
4.975595e-02 4.984448e-02
4.975355e-02 4.986120e-02
4.975758e-02 4.995313e-02
4.975415e-02 5.006265e-02
4.975532e-02 4.984811e-02
4.975410e-02 5.000118e-02
4.975311e-02 4.984800e-02
4.975183e-02 5.011303e-02
4.975304e-02 5.002723e-02
4.975083e-02 4.988217e-02
4.975027e-02 4.990119e-02
4.974897e-02 4.993758e-02
4.974922e-02 5.005170e-02
4.974802e-02 4.983099e-02
4.974886e-02 4.983043e-02
4.974850e-02 4.997786e-02
4.974874e-02 4.994323e-02
4.974719e-02 4.989999e-02
4.974835e-02 4.994149e-02
4.974730e-02 4.983000e-02
4.974559e-02 4.985086e-02
4.974655e-02 4.987305e-02
4.974701e-02 5.006645e-02
4.974604e-02 5.005700e-02
4.974476e-02 5.010241e-02
4.974404e-02 4.982619e-02
4.974419e-02 4.990117e-02
4.974337e-02 4.983135e-02
4.974604e-02 4.985597e-02
4.974124e-02 5.009474e-02
4.974232e-02 4.985956e-02
4.974015e-02 4.982448e-02
4.974284e-02 4.994029e-02
4.974034e-02 4.984064e-02
4.973977e-02 4.987303e-02
4.974093e-02 4.982567e-02
4.973876e-02 4.995502e-02
4.973856e-02 5.005394e-02
4.973805e-02 4.991759e-02
4.973931e-02 4.983259e-02
4.973721e-02 4.987284e-02
4.973819e-02 4.984773e-02
4.973689e-02 5.001668e-02
4.973740e-02 5.006156e-02
4.973736e-02 4.982878e-02
4.973570e-02 4.990523e-02
4.973647e-02 4.998536e-02
4.973469e-02 5.001841e-02
4.973499e-02 4.981934e-02
4.973485e-02 4.988014e-02
4.973285e-02 4.994434e-02
4.973424e-02 4.981576e-02
4.973433e-02 4.996878e-02
4.973275e-02 4.984180e-02
4.973250e-02 4.995972e-02
4.973064e-02 4.984659e-02
4.973136e-02 5.029988e-02
4.973162e-02 4.992453e-02
4.973118e-02 4.997284e-02
4.972945e-02 5.016710e-02
4.972941e-02 5.005807e-02
4.972941e-02 5.016050e-02
4.972924e-02 4.982991e-02
4.972778e-02 5.000329e-02
4.972679e-02 4.983233e-02
4.972761e-02 4.987156e-02
4.972652e-02 4.985297e-02
4.972598e-02 5.010448e-02
4.972637e-02 4.980981e-02
4.972558e-02 4.988467e-02
4.972472e-02 4.989381e-02
4.972574e-02 4.981319e-02
4.972384e-02 4.982597e-02
4.972332e-02 5.002649e-02
4.972385e-02 4.990342e-02
4.972256e-02 4.980947e-02
4.972135e-02 4.990879e-02
4.972238e-02 4.982329e-02
4.972282e-02 4.993695e-02
4.972194e-02 4.982189e-02
4.972111e-02 4.981195e-02
4.972111e-02 4.982592e-02
4.972042e-02 4.992829e-02
4.972113e-02 4.986009e-02
4.971914e-02 4.987202e-02
4.971904e-02 4.986206e-02
4.971814e-02 4.997653e-02
4.971826e-02 4.985277e-02
4.971753e-02 5.015588e-02
4.971811e-02 4.990089e-02
4.971648e-02 4.988637e-02
4.971680e-02 5.033104e-02
4.971533e-02 4.981195e-02
4.971724e-02 4.993164e-02
4.971495e-02 5.002185e-02
4.971371e-02 4.995559e-02
4.971411e-02 4.983431e-02
4.971343e-02 4.986377e-02
4.971342e-02 4.988053e-02
4.971301e-02 4.987221e-02
4.971318e-02 4.983957e-02
4.971265e-02 4.993816e-02
4.971091e-02 4.988130e-02
4.971112e-02 4.999152e-02
4.971110e-02 4.979148e-02
4.971025e-02 4.995331e-02
4.971019e-02 4.984351e-02
4.970839e-02 4.995867e-02
4.970832e-02 4.990785e-02
4.971000e-02 4.979291e-02
4.970796e-02 4.986130e-02
4.970869e-02 4.987778e-02
4.970757e-02 4.979240e-02
4.970689e-02 4.990835e-02
4.970550e-02 4.988511e-02
4.970747e-02 5.008548e-02
4.970508e-02 4.979610e-02
4.970561e-02 4.983365e-02
4.970565e-02 4.982864e-02
4.970370e-02 4.990060e-02
4.970503e-02 4.984193e-02
4.970447e-02 4.983759e-02
4.970347e-02 5.003613e-02
4.970466e-02 4.989670e-02
4.970224e-02 4.980910e-02
4.970145e-02 4.988274e-02
4.970266e-02 5.007260e-02
4.969889e-02 4.979026e-02
4.970171e-02 4.987587e-02
4.970206e-02 4.980876e-02
4.970034e-02 4.985933e-02
4.969904e-02 4.978675e-02
4.969928e-02 4.985563e-02
4.969780e-02 4.982480e-02
4.969803e-02 4.984647e-02
4.969765e-02 5.018503e-02
4.969716e-02 4.978400e-02
4.969633e-02 4.995413e-02
4.969675e-02 4.998298e-02
4.969769e-02 4.978247e-02
4.969775e-02 5.037013e-02
4.969599e-02 4.980829e-02
4.969735e-02 4.981922e-02
4.969421e-02 4.994993e-02
4.969459e-02 4.988687e-02
4.969424e-02 4.979564e-02
4.969375e-02 4.978359e-02
4.969471e-02 4.977570e-02
4.969456e-02 4.977940e-02
4.969470e-02 4.993469e-02
4.969244e-02 5.021022e-02
4.969103e-02 4.977604e-02
4.969012e-02 4.977337e-02
4.968976e-02 4.981337e-02
4.969126e-02 4.994313e-02
4.969071e-02 4.998724e-02
4.968929e-02 4.985813e-02
4.969012e-02 4.977741e-02
4.968656e-02 4.979855e-02
4.968861e-02 4.986099e-02
4.968886e-02 4.992334e-02
4.968890e-02 4.983141e-02
4.968631e-02 4.978926e-02
4.968710e-02 4.992341e-02
4.968687e-02 4.994975e-02
4.968640e-02 4.978277e-02
4.968503e-02 4.998436e-02
4.968558e-02 4.983765e-02
4.968241e-02 4.978679e-02
4.968500e-02 4.976630e-02
4.968354e-02 4.981616e-02
4.968429e-02 4.978068e-02
4.968262e-02 4.994565e-02
4.968160e-02 4.976892e-02
4.968233e-02 4.978372e-02
4.968221e-02 4.981045e-02
4.968144e-02 5.000770e-02
4.968058e-02 5.026604e-02
4.968323e-02 4.979548e-02
4.967880e-02 4.976982e-02
4.967983e-02 4.983835e-02
4.967886e-02 4.985209e-02
4.967921e-02 4.989189e-02
4.967928e-02 4.982610e-02
4.967940e-02 4.982974e-02
4.967797e-02 4.976131e-02
4.967718e-02 4.995141e-02
4.967830e-02 4.975845e-02
4.967623e-02 5.004354e-02
4.967667e-02 4.987914e-02
4.967754e-02 4.991665e-02
4.967699e-02 4.976338e-02
4.967695e-02 4.993782e-02
4.967492e-02 4.982456e-02
4.967537e-02 4.994154e-02
4.967394e-02 4.986508e-02
4.967419e-02 4.993906e-02
4.967436e-02 4.982906e-02
4.967391e-02 4.981461e-02
4.967229e-02 4.975767e-02
4.967321e-02 4.985591e-02
4.967243e-02 4.975904e-02
4.967309e-02 5.003623e-02
4.967042e-02 4.977144e-02
4.967043e-02 4.989490e-02
4.966962e-02 4.977720e-02
4.966933e-02 5.017516e-02
4.966947e-02 4.979434e-02
4.966867e-02 4.975383e-02
4.966842e-02 4.996254e-02
4.966689e-02 4.975327e-02
4.966772e-02 4.975128e-02
4.966867e-02 4.976040e-02
4.966912e-02 4.984127e-02
4.966690e-02 4.991341e-02
4.966641e-02 4.976840e-02
4.966715e-02 5.011487e-02
4.966740e-02 4.975144e-02
4.966626e-02 5.002396e-02
4.966508e-02 4.975054e-02
4.966432e-02 4.989496e-02
4.966496e-02 4.974312e-02
4.966460e-02 4.982774e-02
4.966497e-02 4.985366e-02
4.966249e-02 4.985570e-02
4.966346e-02 4.975158e-02
4.966314e-02 4.974676e-02
4.966212e-02 4.976850e-02
4.966111e-02 5.004554e-02
4.966200e-02 4.983230e-02
4.966011e-02 5.010427e-02
4.965953e-02 5.014553e-02
4.966196e-02 4.976102e-02
4.966026e-02 5.017207e-02
4.966029e-02 4.974315e-02
4.965861e-02 4.991422e-02
4.965960e-02 4.981847e-02
4.965579e-02 4.978204e-02
4.965766e-02 4.988377e-02
4.965785e-02 4.994980e-02
4.965744e-02 4.982770e-02
4.965667e-02 4.974762e-02
4.965623e-02 4.976348e-02
4.965600e-02 4.986660e-02
4.965594e-02 4.983191e-02
4.965584e-02 4.998175e-02
4.965536e-02 4.983006e-02
4.965542e-02 4.975639e-02
4.965577e-02 4.982261e-02
4.965370e-02 4.977870e-02
4.965503e-02 4.976717e-02
4.965278e-02 4.996187e-02
4.965241e-02 4.983379e-02
4.965140e-02 4.992686e-02
4.965088e-02 4.988035e-02
4.965112e-02 4.973603e-02
4.965362e-02 4.984859e-02
4.964967e-02 4.984536e-02
4.964953e-02 5.021068e-02
4.964925e-02 4.987659e-02
4.964932e-02 4.982640e-02
4.964886e-02 4.973843e-02
4.964729e-02 4.984218e-02
4.964887e-02 4.982093e-02
4.964756e-02 4.995262e-02
4.964702e-02 4.996618e-02
4.964812e-02 4.981210e-02
4.964737e-02 4.974275e-02
4.964518e-02 4.991000e-02
4.964517e-02 4.975312e-02
4.964421e-02 4.976018e-02
4.964525e-02 4.982860e-02
4.964564e-02 4.986136e-02
4.964606e-02 4.989117e-02
4.964368e-02 4.974161e-02
4.964618e-02 4.992700e-02
4.964191e-02 4.984756e-02
4.964157e-02 4.973163e-02
4.964457e-02 4.972715e-02
4.964102e-02 4.980118e-02
4.960625e-02 4.971798e-02
4.960449e-02 4.977853e-02
4.960541e-02 4.982009e-02
4.960537e-02 4.985337e-02
4.960340e-02 4.990859e-02
4.960315e-02 4.993376e-02
4.960327e-02 4.973807e-02
4.960430e-02 4.971157e-02
4.960365e-02 4.971917e-02
4.960028e-02 4.982050e-02
4.960255e-02 4.978229e-02
4.960274e-02 4.969168e-02
4.960177e-02 4.968978e-02
4.960099e-02 5.001278e-02
4.960176e-02 4.969726e-02
4.960164e-02 4.972673e-02
4.960106e-02 4.969661e-02
4.959880e-02 4.977551e-02
4.959934e-02 4.971203e-02
4.959823e-02 4.979923e-02
4.959869e-02 4.968699e-02
4.959778e-02 4.986130e-02
4.959868e-02 5.000416e-02
4.959662e-02 4.970803e-02
4.959791e-02 4.979219e-02
4.959702e-02 4.969451e-02
4.959526e-02 4.971491e-02
4.959526e-02 4.978459e-02
4.959531e-02 4.994376e-02
4.959576e-02 4.968014e-02
4.959551e-02 4.973788e-02
4.959409e-02 4.970413e-02
4.959453e-02 4.984128e-02
4.959317e-02 4.968172e-02
4.959327e-02 4.979089e-02
4.959387e-02 4.983050e-02
4.959265e-02 4.993666e-02
4.959462e-02 4.973841e-02
4.959164e-02 4.970673e-02
4.959256e-02 4.974134e-02
4.958975e-02 4.978853e-02
4.959187e-02 4.988687e-02
4.959050e-02 4.972473e-02
4.959155e-02 5.013446e-02
4.958851e-02 4.975066e-02
4.958971e-02 5.011588e-02
4.958931e-02 4.978633e-02
4.958944e-02 4.974380e-02
4.958802e-02 4.978450e-02
4.958943e-02 4.980044e-02
4.958919e-02 4.972117e-02
4.958803e-02 4.977169e-02
4.958857e-02 4.972294e-02
4.958870e-02 4.997127e-02
4.958722e-02 4.969024e-02
4.958592e-02 4.982004e-02
4.958590e-02 4.967967e-02
4.958650e-02 4.978871e-02
4.958468e-02 4.971308e-02
4.958487e-02 4.975925e-02
4.958490e-02 4.996506e-02
4.958352e-02 4.983885e-02
4.958428e-02 4.969600e-02
4.958394e-02 4.983858e-02
4.958353e-02 4.967070e-02
4.958332e-02 4.968787e-02
4.958197e-02 4.976019e-02
4.958370e-02 4.974715e-02
4.958191e-02 4.976671e-02
4.958213e-02 4.966797e-02
4.958052e-02 4.972189e-02
4.958086e-02 4.984248e-02
4.958049e-02 4.989151e-02
4.957970e-02 4.967222e-02
4.957981e-02 4.973939e-02
4.958023e-02 4.987364e-02
4.957921e-02 4.969296e-02
4.957902e-02 4.978397e-02
4.957902e-02 4.967165e-02
4.957802e-02 4.978530e-02
4.957788e-02 4.966842e-02
4.957680e-02 4.968367e-02
4.957802e-02 4.994061e-02
4.957651e-02 4.988045e-02
4.957479e-02 4.975137e-02
4.957686e-02 4.970419e-02
4.957704e-02 4.983749e-02
4.957621e-02 4.975634e-02
4.957553e-02 4.978008e-02
4.957541e-02 4.989689e-02
4.957597e-02 4.973976e-02
4.957527e-02 4.980692e-02
4.957386e-02 4.966771e-02
4.957379e-02 4.976614e-02
4.957450e-02 4.967366e-02
4.957310e-02 4.979565e-02
4.957295e-02 4.969377e-02
4.957231e-02 4.985167e-02
4.957390e-02 4.970377e-02
4.957251e-02 4.988792e-02
4.957127e-02 4.970666e-02
4.957119e-02 4.965470e-02
4.956996e-02 4.968748e-02
4.957137e-02 4.984581e-02
4.957133e-02 4.988679e-02
4.957025e-02 4.976132e-02
4.956982e-02 4.984940e-02
4.956923e-02 4.973576e-02
4.956715e-02 4.971269e-02
4.956796e-02 4.969659e-02
4.956844e-02 4.988589e-02
4.956674e-02 4.978372e-02
4.956746e-02 4.966879e-02
4.956787e-02 4.985906e-02
4.956662e-02 4.988044e-02
4.956607e-02 4.975706e-02
4.956709e-02 4.971062e-02
4.956665e-02 4.965859e-02
4.956443e-02 4.973546e-02
4.956491e-02 4.979922e-02
4.956544e-02 4.965261e-02
4.956576e-02 4.972237e-02
4.956364e-02 4.968609e-02
4.956453e-02 4.965773e-02
4.956457e-02 4.981907e-02
4.956331e-02 4.983064e-02
4.956101e-02 4.967130e-02
4.956210e-02 5.000172e-02
4.956409e-02 4.984257e-02
4.956293e-02 4.966183e-02
4.955985e-02 4.971644e-02
4.956046e-02 4.981075e-02
4.955933e-02 4.992490e-02
4.956165e-02 4.972784e-02
4.955934e-02 4.990006e-02
4.955946e-02 4.983946e-02
4.956003e-02 4.968827e-02
4.955902e-02 4.966831e-02
4.956072e-02 4.968218e-02
4.955795e-02 4.974341e-02
4.955817e-02 4.994816e-02
4.955874e-02 4.979590e-02
4.955750e-02 4.970633e-02
4.955667e-02 4.967912e-02
4.955680e-02 4.983104e-02
4.955583e-02 5.012299e-02
4.955769e-02 4.966286e-02
4.955608e-02 4.976106e-02
4.955508e-02 4.984982e-02
4.955463e-02 4.992416e-02
4.955425e-02 4.973960e-02
4.955522e-02 4.965964e-02
4.955576e-02 4.965093e-02
4.955378e-02 4.970834e-02
4.955486e-02 4.979960e-02
4.955371e-02 4.969901e-02
4.955320e-02 4.979235e-02
4.955248e-02 4.967325e-02
4.955346e-02 4.964349e-02
4.955179e-02 4.982814e-02
4.955294e-02 4.968435e-02
4.955225e-02 4.999805e-02
4.955207e-02 4.983505e-02
4.955236e-02 4.972848e-02
4.955167e-02 4.975177e-02
4.954925e-02 4.964503e-02
4.954969e-02 4.993667e-02
4.954998e-02 4.972961e-02
4.954889e-02 4.976231e-02
4.955060e-02 4.977784e-02
4.954834e-02 4.972366e-02
4.954942e-02 4.964055e-02
4.954757e-02 4.986167e-02
4.954818e-02 4.988979e-02
4.954866e-02 4.983279e-02
4.954755e-02 4.978678e-02
4.954579e-02 4.972638e-02
4.954750e-02 4.963664e-02
4.954571e-02 4.981226e-02
4.954677e-02 4.973665e-02
4.954515e-02 4.965094e-02
4.954445e-02 4.965843e-02
4.954476e-02 4.971317e-02
4.954600e-02 4.968740e-02
4.954482e-02 4.965957e-02
4.954336e-02 4.965196e-02
4.954368e-02 4.981042e-02
4.954350e-02 4.968498e-02
4.954448e-02 4.964541e-02
4.954373e-02 4.963909e-02
4.954160e-02 4.965469e-02
4.954303e-02 4.962750e-02
4.954414e-02 4.966485e-02
4.954274e-02 4.973578e-02
4.954095e-02 4.989413e-02
4.954125e-02 4.968046e-02
4.954325e-02 4.965245e-02
4.954098e-02 4.971738e-02
4.953916e-02 4.968167e-02
4.954064e-02 4.995201e-02
4.953888e-02 4.985190e-02
4.953992e-02 4.962249e-02
4.953764e-02 4.970517e-02
4.953950e-02 4.968220e-02
4.953766e-02 4.971359e-02
4.953899e-02 4.979378e-02
4.953795e-02 4.992393e-02
4.953754e-02 4.963570e-02
4.953667e-02 4.971421e-02
4.953635e-02 4.965260e-02
4.953711e-02 4.971003e-02
4.953639e-02 4.967195e-02
4.953656e-02 4.975517e-02
4.953474e-02 4.970167e-02
4.953618e-02 4.985721e-02
4.953605e-02 4.965027e-02
4.953640e-02 4.971228e-02
4.953239e-02 4.975475e-02
4.953404e-02 4.962383e-02
4.953413e-02 4.981917e-02
4.953312e-02 4.962363e-02
4.953406e-02 4.973064e-02
4.953368e-02 4.967132e-02
4.953145e-02 4.962044e-02
4.953300e-02 4.966298e-02
4.953145e-02 4.962756e-02
4.953040e-02 4.966980e-02
4.953202e-02 4.988906e-02
4.953084e-02 4.988975e-02
4.953093e-02 4.961619e-02
4.953190e-02 4.964367e-02
4.953015e-02 4.964583e-02
4.952922e-02 4.964332e-02
4.952896e-02 4.983963e-02
4.952910e-02 4.973074e-02
4.952811e-02 4.962236e-02
4.952822e-02 4.963081e-02
4.952847e-02 4.964788e-02
4.952731e-02 4.980900e-02
4.952855e-02 4.967544e-02
4.952660e-02 4.987380e-02
4.952752e-02 4.963048e-02
4.952581e-02 4.972948e-02
4.952603e-02 4.961344e-02
4.952709e-02 4.961591e-02
4.952593e-02 4.983809e-02
4.952636e-02 4.972970e-02
4.952606e-02 4.963842e-02
4.952502e-02 4.961224e-02
4.952390e-02 4.964995e-02
4.952417e-02 4.970183e-02
4.952246e-02 4.963394e-02
4.952464e-02 4.978643e-02
4.952480e-02 5.002245e-02
4.952377e-02 4.963486e-02
4.952319e-02 4.968630e-02
4.952293e-02 4.967258e-02
4.952371e-02 4.970269e-02
4.952229e-02 4.970260e-02
4.952179e-02 4.961009e-02
4.952162e-02 4.987421e-02
4.952222e-02 4.963688e-02
4.952000e-02 4.963209e-02
4.952129e-02 4.997739e-02
4.951843e-02 4.986695e-02
4.951879e-02 4.963458e-02
4.952105e-02 4.966092e-02
4.951902e-02 4.991144e-02
4.952025e-02 4.977084e-02
4.951919e-02 4.961219e-02
4.951801e-02 4.961067e-02
4.951764e-02 4.967697e-02
4.951780e-02 4.966320e-02
4.951610e-02 4.961578e-02
4.951807e-02 4.964369e-02
4.951643e-02 4.961751e-02
4.951698e-02 4.961319e-02
4.951601e-02 4.993628e-02
4.951599e-02 4.967617e-02
4.951505e-02 4.961956e-02
4.951504e-02 4.987220e-02
4.951633e-02 4.976959e-02
4.951530e-02 4.972631e-02
4.951676e-02 4.969627e-02
4.951410e-02 4.963667e-02
4.951547e-02 4.961517e-02
4.951438e-02 4.963996e-02
4.951337e-02 4.966260e-02
4.951411e-02 4.965720e-02
4.951412e-02 4.961389e-02
4.951214e-02 4.960616e-02
4.951070e-02 4.963857e-02
4.951290e-02 4.960206e-02
4.951081e-02 4.991920e-02
4.951175e-02 4.969712e-02
4.951102e-02 4.974689e-02
4.951179e-02 4.973627e-02
4.951149e-02 5.010998e-02
4.951076e-02 4.966266e-02
4.951121e-02 4.978519e-02
4.951007e-02 4.965328e-02
4.950960e-02 4.967918e-02
4.950959e-02 4.962012e-02
4.950975e-02 4.959962e-02
4.950877e-02 4.969224e-02
4.950976e-02 4.979170e-02
4.950865e-02 4.966697e-02
4.950729e-02 4.969378e-02
4.950690e-02 4.969641e-02
4.950690e-02 4.969088e-02
4.950812e-02 4.963944e-02
4.950772e-02 4.962911e-02
4.950622e-02 4.977729e-02
4.950604e-02 4.962261e-02
4.950664e-02 4.964491e-02
4.950565e-02 4.977234e-02
4.950483e-02 4.959738e-02
4.950502e-02 4.973825e-02
4.950458e-02 4.960064e-02
4.950576e-02 4.998574e-02
4.950409e-02 4.970759e-02
4.950533e-02 4.994379e-02
4.950399e-02 4.968682e-02
4.950291e-02 4.996127e-02
4.950337e-02 5.001266e-02
4.950218e-02 4.968952e-02
4.950206e-02 4.961744e-02
4.950320e-02 4.962589e-02
4.950039e-02 4.965471e-02
4.950077e-02 4.973792e-02
4.950187e-02 4.965158e-02
4.950132e-02 4.979678e-02
4.949864e-02 4.980452e-02
4.950003e-02 4.977167e-02
4.949976e-02 4.995091e-02
4.950086e-02 4.959814e-02
4.949901e-02 4.969450e-02
4.950035e-02 4.966739e-02
4.950048e-02 4.964217e-02
4.950093e-02 4.959110e-02
4.949834e-02 4.968446e-02
4.949842e-02 4.962709e-02
4.949751e-02 4.965198e-02
4.949870e-02 4.975800e-02
4.949680e-02 4.965637e-02
4.949642e-02 5.003944e-02
4.949634e-02 4.966213e-02
4.949756e-02 4.994637e-02
4.949761e-02 4.965580e-02
4.949448e-02 4.962847e-02
4.949627e-02 4.958033e-02
4.949513e-02 4.962407e-02
4.949462e-02 4.978429e-02
4.949393e-02 4.971443e-02
4.949476e-02 4.974791e-02
4.949502e-02 5.000029e-02
4.949501e-02 4.980162e-02
4.949441e-02 4.977425e-02
4.949396e-02 4.976254e-02
4.949455e-02 4.958674e-02
4.949200e-02 4.958582e-02
4.949243e-02 4.978311e-02
4.949281e-02 4.970915e-02
4.949240e-02 4.990494e-02
4.949174e-02 4.969828e-02
4.949218e-02 4.964040e-02
4.949215e-02 4.968046e-02
4.948998e-02 4.974782e-02
4.948956e-02 4.970155e-02
4.949070e-02 4.966997e-02
4.948882e-02 4.968023e-02
4.949067e-02 4.959088e-02
4.949075e-02 4.961101e-02
4.948958e-02 4.984886e-02
4.948978e-02 4.968004e-02
4.948963e-02 4.960878e-02
4.948986e-02 4.967689e-02
4.948858e-02 4.960165e-02
4.948734e-02 4.995478e-02
4.948906e-02 4.969631e-02
4.948667e-02 4.963375e-02
4.948577e-02 4.969167e-02
4.948650e-02 4.968708e-02
4.948661e-02 4.967174e-02
4.948390e-02 4.964694e-02
4.948743e-02 4.969847e-02
4.948567e-02 4.967889e-02
4.948495e-02 4.960963e-02
4.948441e-02 4.962017e-02
4.948486e-02 4.957213e-02
4.948462e-02 4.962998e-02
4.948316e-02 4.969673e-02
4.948427e-02 4.981829e-02
4.948315e-02 4.981936e-02
4.948426e-02 4.968524e-02
4.948422e-02 4.973108e-02
4.948357e-02 4.966313e-02
4.948346e-02 4.958466e-02
4.948310e-02 4.974827e-02
4.948155e-02 4.980655e-02
4.948273e-02 4.964737e-02
4.948250e-02 4.961253e-02
4.948122e-02 4.969250e-02
4.948128e-02 4.964832e-02
4.948188e-02 4.992215e-02
4.948014e-02 4.958804e-02
4.948014e-02 4.982001e-02
4.947915e-02 4.958301e-02
4.948012e-02 4.971565e-02
4.947917e-02 4.959896e-02
4.947881e-02 4.957744e-02
4.947850e-02 4.965599e-02
4.948017e-02 4.958106e-02
4.947860e-02 4.971017e-02
4.948031e-02 4.972314e-02
4.947876e-02 4.962832e-02
4.947827e-02 4.969640e-02
4.947609e-02 4.961966e-02
4.947716e-02 4.968984e-02
4.947868e-02 4.957135e-02
4.947663e-02 4.957213e-02
4.947653e-02 4.975325e-02
4.947486e-02 4.968151e-02
4.947715e-02 4.961027e-02
4.947569e-02 4.956622e-02
4.947564e-02 4.961947e-02
4.947563e-02 4.958916e-02
4.947495e-02 4.967554e-02
4.947468e-02 4.970066e-02
4.947370e-02 4.961886e-02
4.947322e-02 4.961253e-02
4.947359e-02 4.979564e-02
4.947436e-02 4.979795e-02
4.947320e-02 4.963372e-02
4.947336e-02 4.967718e-02
4.947322e-02 4.962237e-02
4.947311e-02 4.974675e-02
4.947205e-02 4.963703e-02
4.947297e-02 4.957597e-02
4.947290e-02 4.969980e-02
4.947242e-02 4.959910e-02
4.947205e-02 4.983560e-02
4.947207e-02 4.959661e-02
4.947026e-02 4.968870e-02
4.947126e-02 4.957436e-02
4.947008e-02 4.969444e-02
4.946968e-02 4.957728e-02
4.947060e-02 4.960118e-02
4.946877e-02 4.958482e-02
4.946860e-02 4.971569e-02
4.946884e-02 4.968793e-02
4.946710e-02 4.967335e-02
4.946901e-02 4.956058e-02
4.946684e-02 4.966992e-02
4.946714e-02 4.971089e-02
4.946743e-02 4.958889e-02
4.946815e-02 4.967015e-02
4.946747e-02 4.955922e-02
4.946590e-02 4.956844e-02
4.946784e-02 4.957396e-02
4.946667e-02 4.955711e-02
4.946589e-02 4.973678e-02
4.946613e-02 4.966829e-02
4.946630e-02 4.960466e-02
4.946518e-02 4.987514e-02
4.946331e-02 4.968916e-02
4.946479e-02 4.962279e-02
4.946304e-02 4.972429e-02
4.946564e-02 4.978847e-02
4.946454e-02 4.962009e-02
4.946441e-02 4.973467e-02
4.946373e-02 4.955557e-02
4.946260e-02 4.974686e-02
4.946259e-02 4.968623e-02
4.946160e-02 4.957827e-02
4.946157e-02 4.962337e-02
4.946222e-02 4.965122e-02
4.946096e-02 4.959832e-02
4.946181e-02 4.974302e-02
4.946254e-02 4.955386e-02
4.946125e-02 4.971966e-02
4.945949e-02 4.956174e-02
4.946073e-02 4.971769e-02
4.945910e-02 4.962715e-02
4.945966e-02 4.956331e-02
4.945976e-02 4.974697e-02
4.945954e-02 4.982695e-02
4.945900e-02 4.959591e-02
4.945903e-02 4.957102e-02
4.945846e-02 4.964488e-02
4.945994e-02 4.958977e-02
4.945885e-02 4.954733e-02
4.945802e-02 4.964098e-02
4.945799e-02 4.955031e-02
4.945650e-02 4.983027e-02
4.945783e-02 4.971630e-02
4.945887e-02 4.981011e-02
4.945611e-02 4.960733e-02
4.945787e-02 4.965363e-02
4.945675e-02 4.973904e-02
4.945631e-02 4.962659e-02
4.945520e-02 4.996377e-02
4.945635e-02 4.977273e-02
4.945442e-02 4.956168e-02
4.945523e-02 4.968380e-02
4.945420e-02 4.970830e-02
4.945529e-02 4.954507e-02
4.945363e-02 4.956797e-02
4.945386e-02 4.971794e-02
4.945347e-02 4.965912e-02
4.945477e-02 4.963885e-02
4.945377e-02 4.958071e-02
4.945162e-02 4.974261e-02
4.945212e-02 4.956647e-02
4.945188e-02 4.963656e-02
4.945198e-02 4.957988e-02
4.945174e-02 4.959504e-02
4.945219e-02 4.967798e-02
4.945017e-02 4.961301e-02
4.945148e-02 4.963871e-02
4.944934e-02 4.955863e-02
4.945097e-02 4.963018e-02
4.945173e-02 4.955187e-02
4.944956e-02 4.959635e-02
4.945093e-02 4.973485e-02
4.945027e-02 4.962091e-02
4.944882e-02 4.966453e-02
4.944873e-02 4.994248e-02
4.944862e-02 4.958519e-02
4.944849e-02 4.974857e-02
4.944920e-02 4.956970e-02
4.944699e-02 4.979461e-02
4.944914e-02 4.953518e-02
4.944910e-02 4.955525e-02
4.944860e-02 4.954025e-02
4.944680e-02 4.960229e-02
4.944629e-02 4.963757e-02
4.944698e-02 4.958504e-02
4.944548e-02 4.979779e-02
4.944658e-02 4.967441e-02
4.944570e-02 4.954382e-02
4.944532e-02 4.956275e-02
4.944578e-02 4.960798e-02
4.944654e-02 4.956428e-02
4.944452e-02 4.959284e-02
4.944486e-02 4.953972e-02
4.944473e-02 4.978509e-02
4.944458e-02 4.986104e-02
4.944397e-02 4.955102e-02
4.944362e-02 4.958243e-02
4.944387e-02 4.965294e-02
4.944492e-02 4.955652e-02
4.944290e-02 4.957543e-02
4.944270e-02 4.954243e-02
4.944228e-02 4.994930e-02
4.944196e-02 4.978682e-02
4.944232e-02 4.977450e-02
4.944188e-02 4.983103e-02
4.944245e-02 4.980321e-02
4.944174e-02 4.953931e-02
4.944205e-02 4.961760e-02
4.944120e-02 4.960700e-02
4.944000e-02 4.953824e-02
4.943984e-02 4.966415e-02
4.943983e-02 4.953384e-02
4.943938e-02 4.957634e-02
4.943863e-02 4.979419e-02
4.943951e-02 4.955591e-02
4.943894e-02 4.960766e-02
4.943990e-02 4.964892e-02
4.943887e-02 4.957521e-02
4.943819e-02 4.953625e-02
4.943816e-02 4.959980e-02
4.943799e-02 4.959501e-02
4.943848e-02 4.960531e-02
4.943589e-02 4.956787e-02
4.943700e-02 4.986059e-02
4.943841e-02 4.975466e-02
4.943714e-02 4.955625e-02
4.943654e-02 4.954120e-02
4.943505e-02 4.965487e-02
4.943572e-02 4.977618e-02
4.943528e-02 4.981258e-02
4.943621e-02 4.954899e-02
4.943455e-02 4.952905e-02
4.943498e-02 4.977124e-02
4.943440e-02 4.952665e-02
4.943406e-02 4.965275e-02
4.943396e-02 4.970291e-02
4.943341e-02 4.956428e-02
4.943504e-02 4.965455e-02
4.943396e-02 4.953197e-02
4.943416e-02 4.953450e-02
4.943253e-02 4.997725e-02
4.943150e-02 4.959151e-02
4.943283e-02 4.952474e-02
4.943300e-02 4.954174e-02
4.943182e-02 4.952319e-02
4.943337e-02 4.959516e-02
4.943220e-02 4.983952e-02
4.943020e-02 4.958347e-02
4.942966e-02 4.952292e-02
4.943198e-02 4.958017e-02
4.943091e-02 4.960297e-02
4.943067e-02 4.957808e-02
4.943124e-02 4.961525e-02
4.943168e-02 4.969594e-02
4.943137e-02 4.981320e-02
4.943053e-02 4.970510e-02
4.942972e-02 4.951916e-02
4.942978e-02 4.975648e-02
4.942870e-02 4.957112e-02
4.942896e-02 4.952330e-02
4.942954e-02 4.971028e-02
4.942975e-02 4.972214e-02
4.942876e-02 4.956205e-02
4.942890e-02 4.978536e-02
4.942611e-02 4.963261e-02
4.942791e-02 4.952860e-02
4.942770e-02 4.954200e-02
4.942781e-02 4.963282e-02
4.942551e-02 4.962836e-02
4.942666e-02 4.957691e-02
4.942708e-02 4.963656e-02
4.942648e-02 4.971403e-02
4.942602e-02 4.968871e-02
4.942539e-02 4.962723e-02
4.942383e-02 4.964143e-02
4.942393e-02 4.959397e-02
4.942538e-02 4.958942e-02
4.942499e-02 4.951446e-02
4.942416e-02 4.965981e-02
4.942517e-02 4.955104e-02
4.942507e-02 4.966212e-02
4.942508e-02 4.959796e-02
4.942361e-02 4.952808e-02
4.942417e-02 4.952689e-02
4.942365e-02 4.961473e-02
4.942278e-02 4.956887e-02
4.942163e-02 4.968246e-02
4.942241e-02 4.980735e-02
4.942247e-02 4.955225e-02
4.942179e-02 4.951989e-02
4.942077e-02 4.979977e-02
4.941974e-02 4.964957e-02
4.942151e-02 4.951026e-02
4.942027e-02 4.954342e-02
4.942075e-02 4.969207e-02
4.942054e-02 4.970477e-02
4.942097e-02 4.965973e-02
4.942022e-02 4.959514e-02
4.941881e-02 4.957768e-02
4.941909e-02 4.990336e-02
4.941970e-02 4.961293e-02
4.941984e-02 4.975024e-02
4.941850e-02 4.951980e-02
4.941776e-02 4.960595e-02
4.941950e-02 4.958475e-02
4.941962e-02 4.957957e-02
4.941838e-02 4.960489e-02
4.941811e-02 4.953763e-02
4.941937e-02 4.957562e-02
4.941746e-02 4.960078e-02
4.941604e-02 4.960390e-02
4.941667e-02 4.978646e-02
4.941758e-02 4.957197e-02
4.941596e-02 4.955970e-02
4.941615e-02 4.955963e-02
4.941632e-02 4.957753e-02
4.941532e-02 4.954832e-02
4.941696e-02 4.961334e-02
4.941562e-02 4.967593e-02
4.941428e-02 4.957372e-02
4.941413e-02 4.957407e-02
4.941539e-02 4.956254e-02
4.941426e-02 4.952883e-02
4.941346e-02 4.981636e-02
4.941452e-02 4.957018e-02
4.941491e-02 4.956877e-02
4.941476e-02 4.955314e-02
4.941477e-02 4.956615e-02
4.941229e-02 4.960643e-02
4.941408e-02 4.968494e-02
4.941333e-02 4.970945e-02
4.941154e-02 4.953437e-02
4.941226e-02 4.952043e-02
4.941032e-02 4.950539e-02
4.941112e-02 4.980073e-02
4.941206e-02 4.950057e-02
4.941233e-02 4.952749e-02
4.941088e-02 4.970985e-02
4.941080e-02 4.992694e-02
4.941028e-02 4.959876e-02
4.941171e-02 4.961887e-02
4.941033e-02 4.961117e-02
4.941016e-02 4.968753e-02
4.940974e-02 4.954158e-02
4.940875e-02 4.949993e-02
4.940867e-02 4.955881e-02
4.940973e-02 4.957292e-02
4.940867e-02 4.952966e-02
4.940820e-02 4.964072e-02
4.940898e-02 4.969266e-02
4.940703e-02 4.950222e-02
4.940829e-02 4.954420e-02
4.940809e-02 4.961582e-02
4.940552e-02 4.978425e-02
4.940936e-02 4.964438e-02
4.940691e-02 4.963556e-02
4.940499e-02 4.954200e-02
4.940631e-02 4.964517e-02
4.940606e-02 4.962357e-02
4.940689e-02 4.958066e-02
4.940587e-02 4.950260e-02
4.940506e-02 4.952097e-02
4.940608e-02 4.963903e-02
4.940552e-02 4.980855e-02
4.940477e-02 4.951901e-02
4.940424e-02 4.992551e-02
4.940379e-02 4.955001e-02
4.940387e-02 4.961134e-02
4.940455e-02 4.964856e-02
4.940398e-02 4.950551e-02
4.940407e-02 4.960793e-02
4.940511e-02 4.951609e-02
4.940225e-02 4.957557e-02
4.940460e-02 4.964877e-02
4.940326e-02 4.949875e-02
4.940207e-02 4.967981e-02
4.940314e-02 4.954214e-02
4.940295e-02 4.964213e-02
4.940197e-02 4.957843e-02
4.940161e-02 4.958957e-02
4.940142e-02 4.987468e-02
4.940068e-02 4.954129e-02
4.940263e-02 4.951804e-02
4.940146e-02 4.968311e-02
4.940101e-02 4.960603e-02
4.940149e-02 4.959806e-02
4.940074e-02 4.949325e-02
4.939931e-02 4.960713e-02
4.939968e-02 4.965026e-02
4.940000e-02 4.951322e-02
4.939941e-02 4.958074e-02
4.940001e-02 4.954902e-02
4.939882e-02 4.965860e-02
4.939830e-02 4.972053e-02
4.939886e-02 4.950661e-02
4.939804e-02 4.948964e-02
4.939751e-02 4.976884e-02
4.939795e-02 4.952161e-02
4.939775e-02 4.951027e-02
4.939692e-02 4.951820e-02
4.939612e-02 4.981010e-02
4.939744e-02 4.953605e-02
4.939627e-02 4.952908e-02
4.939657e-02 4.963153e-02
4.939622e-02 4.976537e-02
4.939677e-02 4.956314e-02
4.939551e-02 4.956351e-02
4.939525e-02 4.949254e-02
4.939568e-02 4.949514e-02
4.939564e-02 4.986068e-02
4.939419e-02 4.952505e-02
4.939413e-02 4.985418e-02
4.939409e-02 4.954418e-02
4.939463e-02 4.972233e-02
4.939416e-02 4.965299e-02
4.939221e-02 4.962593e-02
4.939424e-02 4.948746e-02
4.939313e-02 4.954751e-02
4.939360e-02 4.954597e-02
4.939374e-02 4.963709e-02
4.939323e-02 4.952472e-02
4.939395e-02 4.961855e-02
4.939266e-02 4.967084e-02
4.939349e-02 4.949211e-02
4.939225e-02 4.974566e-02
4.938975e-02 4.960605e-02
4.939124e-02 4.973027e-02
4.939132e-02 4.950745e-02
4.939120e-02 4.964468e-02
4.939191e-02 4.961897e-02
4.939086e-02 4.956159e-02
4.938979e-02 4.960449e-02
4.938985e-02 4.975194e-02
4.938938e-02 4.955537e-02
4.938893e-02 4.949690e-02
4.939009e-02 4.948214e-02
4.939105e-02 4.948929e-02
4.938870e-02 4.957947e-02
4.938770e-02 4.955942e-02
4.938907e-02 4.949595e-02
4.938912e-02 4.962582e-02
4.938846e-02 4.948653e-02
4.938927e-02 4.969732e-02
4.938818e-02 4.948100e-02
4.938639e-02 4.981869e-02
4.938792e-02 4.975506e-02
4.938796e-02 4.949281e-02
4.938945e-02 4.948501e-02
4.938743e-02 4.995613e-02
4.938646e-02 4.956247e-02
4.938711e-02 4.954931e-02
4.938588e-02 4.953266e-02
4.938615e-02 4.948866e-02
4.938478e-02 4.954219e-02
4.938534e-02 4.947997e-02
4.938574e-02 4.967042e-02
4.938599e-02 4.969756e-02
4.938494e-02 4.957728e-02
4.938429e-02 4.953928e-02
4.938436e-02 4.950437e-02
4.938482e-02 4.951105e-02
4.938567e-02 4.953785e-02
4.938479e-02 4.947962e-02
4.938449e-02 4.955532e-02
4.938326e-02 4.949062e-02
4.938260e-02 4.962190e-02
4.938348e-02 4.953898e-02
4.938304e-02 4.972622e-02
4.938199e-02 4.964260e-02
4.938195e-02 4.951197e-02
4.938213e-02 4.953793e-02
4.938229e-02 4.980984e-02
4.938184e-02 4.957420e-02
4.938226e-02 4.957041e-02
4.938123e-02 4.960625e-02
4.938051e-02 4.958226e-02
4.937991e-02 4.967426e-02
4.938216e-02 4.976219e-02
4.938021e-02 4.950343e-02
4.938001e-02 4.952465e-02
4.938017e-02 4.961282e-02
4.938105e-02 4.951633e-02
4.937887e-02 4.968631e-02
4.937970e-02 4.947575e-02
4.937942e-02 4.948176e-02
4.937754e-02 4.965115e-02
4.937865e-02 4.960176e-02
4.937676e-02 4.953390e-02
4.937942e-02 4.960673e-02
4.937808e-02 4.947462e-02
4.937715e-02 4.962016e-02
4.937692e-02 4.968137e-02
4.937671e-02 4.972049e-02
4.937832e-02 4.949172e-02
4.937830e-02 4.957884e-02
4.937892e-02 4.948515e-02
4.937621e-02 4.948629e-02
4.937738e-02 4.962535e-02
4.937707e-02 4.947427e-02
4.937586e-02 4.962958e-02
4.937533e-02 4.955729e-02
4.937615e-02 4.947963e-02
4.937472e-02 4.947147e-02
4.937541e-02 4.958083e-02
4.937538e-02 4.948921e-02
4.937555e-02 4.968611e-02
4.937451e-02 4.947583e-02
4.937389e-02 4.949374e-02
4.937539e-02 4.947202e-02
4.937494e-02 4.949854e-02
4.937396e-02 4.952184e-02
4.937510e-02 4.953301e-02
4.937304e-02 4.947203e-02
4.937406e-02 4.948063e-02
4.937398e-02 4.948113e-02
4.937230e-02 4.958731e-02
4.937333e-02 4.961576e-02
4.937151e-02 4.959019e-02
4.937253e-02 4.955391e-02
4.937322e-02 4.961032e-02
4.937223e-02 4.957338e-02
4.937242e-02 4.961707e-02
4.937295e-02 4.972135e-02
4.937204e-02 4.973490e-02
4.937098e-02 4.956723e-02
4.937151e-02 4.954863e-02
4.936951e-02 4.972828e-02
4.937188e-02 4.947763e-02
4.937048e-02 4.997689e-02
4.936990e-02 4.966236e-02
4.937095e-02 4.958879e-02
4.936926e-02 4.969304e-02
4.936981e-02 4.962496e-02
4.936789e-02 4.967065e-02
4.936990e-02 4.976411e-02
4.936847e-02 4.951169e-02
4.936812e-02 4.953915e-02
4.936853e-02 4.957559e-02
4.936776e-02 4.951050e-02
4.936868e-02 4.947748e-02
4.936774e-02 4.963803e-02
4.936799e-02 4.956939e-02
4.936737e-02 4.953118e-02
4.936820e-02 4.957335e-02
4.936763e-02 4.961288e-02
4.936629e-02 4.958149e-02
4.936632e-02 4.962198e-02
4.936637e-02 4.951090e-02
4.936477e-02 4.954348e-02
4.936520e-02 4.948206e-02
4.936622e-02 4.965011e-02
4.936536e-02 4.956426e-02
4.936680e-02 4.950541e-02
4.936436e-02 4.983531e-02
4.936567e-02 4.954666e-02
4.936435e-02 4.961668e-02
4.936378e-02 4.961761e-02
4.936491e-02 4.946623e-02
4.936386e-02 4.955807e-02
4.936410e-02 4.959203e-02
4.936473e-02 4.948361e-02
4.936489e-02 4.954589e-02
4.936361e-02 4.975396e-02
4.936285e-02 4.954966e-02
4.936356e-02 4.949031e-02
4.936243e-02 4.954269e-02
4.936202e-02 4.948143e-02
4.936272e-02 4.947055e-02
4.936311e-02 4.953659e-02
4.936225e-02 4.953748e-02
4.936280e-02 4.946603e-02
4.936160e-02 4.949060e-02
4.936151e-02 4.950413e-02
4.936168e-02 4.970523e-02
4.936091e-02 4.953057e-02
4.936122e-02 4.947627e-02
4.936193e-02 4.956198e-02
4.936195e-02 4.946494e-02
4.936109e-02 4.961095e-02
4.935968e-02 4.951081e-02
4.936098e-02 4.960277e-02
4.936022e-02 4.946290e-02
4.935966e-02 4.949438e-02
4.935891e-02 4.945541e-02
4.936001e-02 4.945855e-02
4.935892e-02 4.945708e-02
4.935870e-02 4.954444e-02
4.935920e-02 4.967938e-02
4.935921e-02 4.948923e-02
4.935968e-02 4.959750e-02
4.935844e-02 4.963386e-02
4.935862e-02 4.955054e-02
4.935847e-02 4.948077e-02
4.935755e-02 4.956048e-02
4.935731e-02 4.945242e-02
4.935801e-02 4.950414e-02
4.935578e-02 4.945532e-02
4.935723e-02 4.955796e-02
4.935621e-02 4.971891e-02
4.935680e-02 4.958549e-02
4.935638e-02 4.954854e-02
4.935700e-02 4.948703e-02
4.935537e-02 4.952301e-02
4.935653e-02 4.953938e-02
4.935521e-02 4.964027e-02
4.935512e-02 4.954917e-02
4.935446e-02 4.949935e-02
4.935273e-02 4.965487e-02
4.935439e-02 4.949323e-02
4.935646e-02 4.973865e-02
4.935323e-02 4.944886e-02
4.935359e-02 4.954287e-02
4.935487e-02 4.946264e-02
4.935261e-02 4.957022e-02
4.935446e-02 4.946012e-02
4.935278e-02 4.960390e-02
4.935399e-02 4.948259e-02
4.935289e-02 4.949530e-02
4.935218e-02 4.952118e-02
4.935245e-02 4.945513e-02
4.935031e-02 4.944537e-02
4.935355e-02 4.947998e-02
4.935182e-02 4.945418e-02
4.935141e-02 4.949351e-02
4.935241e-02 4.963738e-02
4.935167e-02 4.945029e-02
4.935243e-02 4.946658e-02
4.935009e-02 4.960249e-02
4.935230e-02 4.962365e-02
4.935102e-02 4.944505e-02
4.935065e-02 4.951794e-02
4.935033e-02 4.963217e-02
4.935053e-02 4.947136e-02
4.935077e-02 4.962622e-02
4.935049e-02 4.974145e-02
4.935020e-02 4.948930e-02
4.934778e-02 4.945041e-02
4.934869e-02 4.960239e-02
4.934883e-02 4.949273e-02
4.934902e-02 4.955468e-02
4.934800e-02 4.956972e-02
4.934872e-02 4.946403e-02
4.934827e-02 4.952094e-02
4.934816e-02 4.959196e-02
4.934775e-02 4.947455e-02
4.934969e-02 4.944064e-02
4.934711e-02 4.944617e-02
