1.750131e-01 1.093791e-01
1.008449e-01 9.570583e-02
9.252288e-02 9.008226e-02
8.791256e-02 8.613607e-02
8.439216e-02 8.296080e-02
8.150658e-02 8.035614e-02
7.910361e-02 7.815819e-02
7.705493e-02 7.627844e-02
7.526627e-02 7.457892e-02
7.369934e-02 7.312921e-02
7.230775e-02 7.182987e-02
7.105942e-02 7.062798e-02
6.994389e-02 6.959433e-02
6.895781e-02 6.871285e-02
6.809960e-02 6.788347e-02
6.733831e-02 6.718777e-02
6.665296e-02 6.655852e-02
6.603250e-02 6.596691e-02
6.547198e-02 6.538853e-02
6.496123e-02 6.497824e-02
6.448998e-02 6.456827e-02
6.405427e-02 6.408049e-02
6.365051e-02 6.366698e-02
6.327647e-02 6.333661e-02
6.292552e-02 6.303500e-02
6.259757e-02 6.274293e-02
6.228874e-02 6.235496e-02
6.199795e-02 6.208521e-02
6.172392e-02 6.187045e-02
6.146346e-02 6.153841e-02
6.121496e-02 6.130958e-02
6.098206e-02 6.116089e-02
6.075759e-02 6.084468e-02
6.054575e-02 6.067118e-02
6.034399e-02 6.058714e-02
6.014977e-02 6.028064e-02
5.996403e-02 6.017721e-02
5.978660e-02 5.991249e-02
5.961800e-02 5.981583e-02
5.945595e-02 5.959974e-02
5.929991e-02 5.941728e-02
5.915065e-02 5.928952e-02
5.900586e-02 5.916473e-02
5.886693e-02 5.901493e-02
5.873524e-02 5.885638e-02
5.860905e-02 5.876589e-02
5.848778e-02 5.879569e-02
5.837118e-02 5.849464e-02
5.825902e-02 5.848571e-02
5.815079e-02 5.831053e-02
5.804603e-02 5.821695e-02
5.794552e-02 5.806551e-02
5.784848e-02 5.804671e-02
5.775569e-02 5.794963e-02
5.766506e-02 5.783094e-02
5.757666e-02 5.773852e-02
5.749195e-02 5.769716e-02
5.740876e-02 5.758866e-02
5.732804e-02 5.749248e-02
5.725040e-02 5.753348e-02
5.717619e-02 5.739093e-02
5.710205e-02 5.725592e-02
5.703015e-02 5.722410e-02
5.696162e-02 5.711877e-02
5.689331e-02 5.711366e-02
5.682740e-02 5.706915e-02
5.676417e-02 5.692322e-02
5.670220e-02 5.686844e-02
5.664158e-02 5.683606e-02
5.658218e-02 5.680842e-02
5.652489e-02 5.668836e-02
5.646803e-02 5.674734e-02
5.641369e-02 5.666327e-02
5.636037e-02 5.666041e-02
5.630712e-02 5.651438e-02
5.625445e-02 5.639888e-02
5.620303e-02 5.644340e-02
5.615449e-02 5.635761e-02
5.610564e-02 5.645844e-02
5.605783e-02 5.637734e-02
5.601389e-02 5.625562e-02
5.596925e-02 5.616822e-02
5.592737e-02 5.608540e-02
5.588627e-02 5.605848e-02
5.584437e-02 5.606854e-02
5.580468e-02 5.607945e-02
5.576478e-02 5.600193e-02
5.572679e-02 5.604641e-02
5.568832e-02 5.596513e-02
5.565349e-02 5.581467e-02
5.561700e-02 5.585588e-02
5.558119e-02 5.582954e-02
5.554646e-02 5.576758e-02
5.551254e-02 5.580022e-02
5.547946e-02 5.571176e-02
5.544697e-02 5.567386e-02
5.541367e-02 5.559561e-02
5.538341e-02 5.558883e-02
5.535165e-02 5.559116e-02
5.532094e-02 5.555029e-02
5.478383e-02 5.500930e-02
5.476164e-02 5.487249e-02
5.474024e-02 5.493463e-02
5.471818e-02 5.489694e-02
5.469898e-02 5.486371e-02
5.467898e-02 5.483997e-02
5.465776e-02 5.478233e-02
5.463830e-02 5.484818e-02
5.461811e-02 5.479004e-02
5.459756e-02 5.476933e-02
5.457897e-02 5.478810e-02
5.455807e-02 5.473219e-02
5.453888e-02 5.476619e-02
5.452128e-02 5.471968e-02
5.450183e-02 5.469391e-02
5.448347e-02 5.467462e-02
5.446475e-02 5.465522e-02
5.444794e-02 5.456336e-02
5.442872e-02 5.455344e-02
5.441294e-02 5.456476e-02
5.439422e-02 5.456202e-02
5.437680e-02 5.463300e-02
5.435928e-02 5.461154e-02
5.434296e-02 5.450872e-02
5.432508e-02 5.464734e-02
5.430924e-02 5.470500e-02
5.429238e-02 5.446426e-02
5.427680e-02 5.440735e-02
5.425869e-02 5.446220e-02
5.424420e-02 5.450439e-02
5.422812e-02 5.437475e-02
5.421046e-02 5.435514e-02
5.419649e-02 5.433926e-02
5.417906e-02 5.434174e-02
5.416402e-02 5.428577e-02
5.414857e-02 5.429413e-02
5.413383e-02 5.431600e-02
5.411890e-02 5.438429e-02
5.410286e-02 5.430285e-02
5.409063e-02 5.421467e-02
5.407289e-02 5.421817e-02
5.406021e-02 5.426719e-02
5.404484e-02 5.437451e-02
5.402975e-02 5.421067e-02
5.401474e-02 5.412493e-02
5.400173e-02 5.418183e-02
5.398674e-02 5.426324e-02
5.397371e-02 5.415783e-02
5.395906e-02 5.424349e-02
5.394576e-02 5.422803e-02
5.393282e-02 5.433903e-02
5.392028e-02 5.408689e-02
5.390589e-02 5.406062e-02
5.389173e-02 5.400815e-02
5.387681e-02 5.402991e-02
5.386656e-02 5.414482e-02
5.385055e-02 5.405610e-02
5.384033e-02 5.410863e-02
5.382649e-02 5.398771e-02
5.381257e-02 5.402118e-02
5.380139e-02 5.393222e-02
5.378768e-02 5.396206e-02
5.377496e-02 5.401227e-02
5.376214e-02 5.403201e-02
5.375112e-02 5.400423e-02
5.373871e-02 5.395148e-02
5.372561e-02 5.400017e-02
5.371306e-02 5.391415e-02
5.370036e-02 5.388481e-02
5.368886e-02 5.381741e-02
5.367602e-02 5.396850e-02
5.366476e-02 5.385716e-02
5.365313e-02 5.381951e-02
5.364188e-02 5.391153e-02
5.362991e-02 5.385144e-02
5.361730e-02 5.394527e-02
5.360659e-02 5.383976e-02
5.359550e-02 5.382723e-02
5.358331e-02 5.383320e-02
5.357199e-02 5.371661e-02
5.356070e-02 5.381681e-02
5.354904e-02 5.382505e-02
5.353741e-02 5.367098e-02
5.352815e-02 5.374473e-02
5.351665e-02 5.363348e-02
5.350424e-02 5.371740e-02
5.349545e-02 5.366230e-02
5.348384e-02 5.364636e-02
5.347190e-02 5.362669e-02
5.346079e-02 5.357150e-02
5.345115e-02 5.368704e-02
5.344044e-02 5.360074e-02
5.342915e-02 5.357954e-02
5.341927e-02 5.372256e-02
5.340880e-02 5.361455e-02
5.339845e-02 5.375362e-02
5.338797e-02 5.353361e-02
5.337713e-02 5.355428e-02
5.336664e-02 5.366516e-02
5.335798e-02 5.364226e-02
5.334653e-02 5.373762e-02
5.333560e-02 5.359447e-02
5.332547e-02 5.350866e-02
5.331722e-02 5.343099e-02
5.330778e-02 5.360069e-02
5.329719e-02 5.340752e-02
5.328684e-02 5.342159e-02
5.327861e-02 5.338395e-02
5.326799e-02 5.346361e-02
5.325689e-02 5.342677e-02
5.324883e-02 5.352140e-02
5.323897e-02 5.402072e-02
5.322944e-02 5.346389e-02
5.321974e-02 5.336908e-02
5.321032e-02 5.372191e-02
5.320089e-02 5.351095e-02
5.319199e-02 5.343755e-02
5.318237e-02 5.330982e-02
5.317206e-02 5.344560e-02
5.316304e-02 5.354724e-02
5.315507e-02 5.331980e-02
5.314617e-02 5.332452e-02
5.313504e-02 5.332468e-02
5.312731e-02 5.328026e-02
5.311780e-02 5.336748e-02
5.310869e-02 5.347650e-02
5.310003e-02 5.334046e-02
5.309175e-02 5.342623e-02
5.308281e-02 5.329621e-02
5.307356e-02 5.328108e-02
5.306506e-02 5.330420e-02
5.305580e-02 5.320039e-02
5.304720e-02 5.320441e-02
5.303875e-02 5.319939e-02
5.302880e-02 5.343893e-02
5.302328e-02 5.323730e-02
5.301313e-02 5.314654e-02
5.300479e-02 5.312299e-02
5.299554e-02 5.312980e-02
5.298775e-02 5.327801e-02
5.297911e-02 5.321415e-02
5.297048e-02 5.319643e-02
5.296319e-02 5.315224e-02
5.295462e-02 5.310330e-02
5.294517e-02 5.321621e-02
5.293819e-02 5.324859e-02
5.292956e-02 5.315567e-02
5.292138e-02 5.313520e-02
5.291372e-02 5.324171e-02
5.290574e-02 5.303832e-02
5.289805e-02 5.314017e-02
5.288979e-02 5.324116e-02
5.288235e-02 5.315097e-02
5.287366e-02 5.306915e-02
5.286676e-02 5.322146e-02
5.285894e-02 5.324983e-02
5.285112e-02 5.312124e-02
5.284229e-02 5.313226e-02
5.283472e-02 5.304470e-02
5.282744e-02 5.299723e-02
5.281823e-02 5.322555e-02
5.281174e-02 5.323811e-02
5.280376e-02 5.292447e-02
5.279656e-02 5.314363e-02
5.278845e-02 5.316470e-02
5.278106e-02 5.295642e-02
5.277521e-02 5.310941e-02
5.276552e-02 5.296998e-02
5.276001e-02 5.310825e-02
5.275230e-02 5.290734e-02
5.274452e-02 5.286202e-02
5.273858e-02 5.320101e-02
5.273087e-02 5.293934e-02
5.272320e-02 5.315927e-02
5.271687e-02 5.293242e-02
5.270966e-02 5.294988e-02
5.270142e-02 5.292739e-02
5.269240e-02 5.300965e-02
5.268759e-02 5.288791e-02
5.268031e-02 5.297122e-02
5.267251e-02 5.281174e-02
5.266492e-02 5.295925e-02
5.265966e-02 5.284073e-02
5.265183e-02 5.281863e-02
5.264423e-02 5.293884e-02
5.263834e-02 5.294254e-02
5.263121e-02 5.284110e-02
5.262510e-02 5.282892e-02
5.261865e-02 5.294295e-02
5.261139e-02 5.286162e-02
5.260423e-02 5.290633e-02
5.259694e-02 5.277529e-02
5.259200e-02 5.278361e-02
5.258392e-02 5.284532e-02
5.257902e-02 5.301142e-02
5.257115e-02 5.297574e-02
5.256520e-02 5.278916e-02
5.255710e-02 5.277195e-02
5.255130e-02 5.306151e-02
5.254566e-02 5.265994e-02
5.241506e-02 5.264115e-02
5.241014e-02 5.259666e-02
5.240277e-02 5.263297e-02
5.239760e-02 5.259896e-02
5.239104e-02 5.257297e-02
5.238720e-02 5.253884e-02
5.238004e-02 5.255351e-02
5.237327e-02 5.276666e-02
5.236867e-02 5.277401e-02
5.236333e-02 5.275926e-02
5.235806e-02 5.266581e-02
5.235137e-02 5.275002e-02
5.234721e-02 5.270000e-02
5.234043e-02 5.250820e-02
5.233532e-02 5.259822e-02
5.232935e-02 5.274403e-02
5.232301e-02 5.256511e-02
5.231880e-02 5.279412e-02
5.231208e-02 5.293897e-02
5.230712e-02 5.249679e-02
5.230157e-02 5.260750e-02
5.229747e-02 5.266263e-02
5.228952e-02 5.256296e-02
5.228651e-02 5.251444e-02
5.228009e-02 5.254198e-02
5.227451e-02 5.252100e-02
5.226970e-02 5.254665e-02
5.226431e-02 5.237268e-02
5.225860e-02 5.248462e-02
5.225491e-02 5.290494e-02
5.224846e-02 5.252547e-02
5.224410e-02 5.279154e-02
5.223971e-02 5.262116e-02
5.223119e-02 5.250409e-02
5.222566e-02 5.266701e-02
5.222128e-02 5.246145e-02
5.221406e-02 5.246967e-02
5.221198e-02 5.239522e-02
5.220741e-02 5.253224e-02
5.220291e-02 5.253663e-02
5.219772e-02 5.259586e-02
5.219058e-02 5.246473e-02
5.218675e-02 5.265960e-02
5.218222e-02 5.265816e-02
5.217690e-02 5.268093e-02
5.217188e-02 5.246003e-02
5.216819e-02 5.229814e-02
5.216244e-02 5.239882e-02
5.215626e-02 5.242735e-02
5.215075e-02 5.252724e-02
5.214779e-02 5.247646e-02
5.214420e-02 5.236730e-02
5.213915e-02 5.234307e-02
5.213499e-02 5.252096e-02
5.212939e-02 5.260804e-02
5.212355e-02 5.245198e-02
5.211958e-02 5.235164e-02
5.211411e-02 5.230279e-02
5.210995e-02 5.263650e-02
5.210488e-02 5.236403e-02
5.210070e-02 5.248446e-02
5.209618e-02 5.226336e-02
5.209030e-02 5.253582e-02
5.208602e-02 5.236612e-02
5.208157e-02 5.251631e-02
5.207827e-02 5.278407e-02
5.207279e-02 5.250817e-02
5.206764e-02 5.234783e-02
5.206263e-02 5.235517e-02
5.205884e-02 5.230958e-02
5.205533e-02 5.244279e-02
5.205051e-02 5.225491e-02
5.204690e-02 5.233908e-02
5.203996e-02 5.237349e-02
5.203693e-02 5.232117e-02
5.203283e-02 5.218833e-02
5.202910e-02 5.263268e-02
5.202395e-02 5.232423e-02
5.201794e-02 5.220888e-02
5.201500e-02 5.264338e-02
5.200984e-02 5.223085e-02
5.200785e-02 5.220469e-02
5.200173e-02 5.231087e-02
5.199761e-02 5.225103e-02
5.199289e-02 5.230539e-02
5.198766e-02 5.251570e-02
5.198549e-02 5.232909e-02
5.198084e-02 5.219242e-02
5.197609e-02 5.224514e-02
5.197152e-02 5.227129e-02
5.196680e-02 5.223836e-02
5.196496e-02 5.219855e-02
5.195951e-02 5.238739e-02
5.195591e-02 5.249730e-02
5.195186e-02 5.235861e-02
5.194781e-02 5.209665e-02
5.194345e-02 5.220283e-02
5.194070e-02 5.212127e-02
5.193490e-02 5.215013e-02
5.193177e-02 5.254152e-02
5.192627e-02 5.240798e-02
5.192304e-02 5.241878e-02
5.191736e-02 5.244106e-02
5.191561e-02 5.236136e-02
5.191125e-02 5.215678e-02
5.190791e-02 5.224797e-02
5.190318e-02 5.202752e-02
5.189949e-02 5.229679e-02
5.189761e-02 5.210054e-02
5.189212e-02 5.205657e-02
5.188719e-02 5.206301e-02
5.188376e-02 5.210734e-02
5.188194e-02 5.203960e-02
5.187534e-02 5.216351e-02
5.187330e-02 5.199345e-02
5.186859e-02 5.224366e-02
5.186722e-02 5.223198e-02
5.186067e-02 5.215886e-02
5.185891e-02 5.215580e-02
5.185475e-02 5.216102e-02
5.184869e-02 5.213086e-02
5.184478e-02 5.214495e-02
5.184156e-02 5.216833e-02
5.184007e-02 5.196318e-02
5.183535e-02 5.226314e-02
5.183002e-02 5.212406e-02
5.182812e-02 5.238276e-02
5.182186e-02 5.221222e-02
5.181971e-02 5.213747e-02
5.181667e-02 5.219000e-02
5.181302e-02 5.191365e-02
5.180889e-02 5.196840e-02
5.180765e-02 5.233226e-02
5.180204e-02 5.221891e-02
5.180003e-02 5.219124e-02
5.179325e-02 5.203069e-02
5.179178e-02 5.202865e-02
5.178706e-02 5.198234e-02
5.178430e-02 5.190994e-02
5.178102e-02 5.206817e-02
5.177788e-02 5.195337e-02
5.177332e-02 5.203234e-02
5.177089e-02 5.245722e-02
5.176516e-02 5.225529e-02
5.176433e-02 5.192562e-02
5.175977e-02 5.210449e-02
5.175667e-02 5.233496e-02
5.175411e-02 5.193512e-02
5.175043e-02 5.225439e-02
5.174696e-02 5.212503e-02
5.174448e-02 5.206238e-02
5.173899e-02 5.264252e-02
5.173651e-02 5.217270e-02
5.173212e-02 5.199289e-02
5.173001e-02 5.193788e-02
5.172503e-02 5.238081e-02
5.172113e-02 5.200700e-02
5.171834e-02 5.187283e-02
5.171581e-02 5.199511e-02
5.171160e-02 5.208906e-02
5.170941e-02 5.210172e-02
5.170703e-02 5.187064e-02
5.170323e-02 5.187716e-02
5.170071e-02 5.215877e-02
5.169344e-02 5.220747e-02
5.169333e-02 5.199544e-02
5.169020e-02 5.199093e-02
5.168713e-02 5.180319e-02
5.168314e-02 5.211576e-02
5.167983e-02 5.239174e-02
5.167738e-02 5.209341e-02
5.167490e-02 5.188290e-02
5.167118e-02 5.197109e-02
5.166824e-02 5.187461e-02
5.166686e-02 5.188460e-02
5.166169e-02 5.211610e-02
5.165845e-02 5.215275e-02
5.165576e-02 5.201860e-02
5.165284e-02 5.175163e-02
5.164853e-02 5.209517e-02
5.164529e-02 5.180467e-02
5.164306e-02 5.190087e-02
5.163982e-02 5.205838e-02
5.163659e-02 5.180939e-02
5.163338e-02 5.219657e-02
5.163000e-02 5.179881e-02
5.162824e-02 5.232775e-02
5.162356e-02 5.180137e-02
5.161981e-02 5.206286e-02
5.161816e-02 5.174213e-02
5.161483e-02 5.203593e-02
5.161140e-02 5.203006e-02
5.160966e-02 5.181397e-02
5.160689e-02 5.179341e-02
5.160434e-02 5.194084e-02
5.160094e-02 5.179216e-02
5.159859e-02 5.238246e-02
5.159673e-02 5.205440e-02
5.159269e-02 5.208986e-02
5.158874e-02 5.186418e-02
