0.785269
0.760737
1.501356
0.208211
0.469447
1.828260
0.208211
1.561395
1.006375
0.587283
0.269703
1.828260
1.361724
0.102552
0.957102
0.979591
1.896311
0.311968
1.030073
1.703236
1.703236
1.113387
1.975725
0.861009
0.587283
1.348901
0.208211
1.472539
1.501356
1.293723
0.921596
1.213522
1.090592
0.587283
1.090592
1.006375
1.758774
1.703236
0.311968
0.785269
1.703236
0.587283
1.006375
1.392651
0.957102
0.469447
0.208211
1.213522
0.269703
1.501356
0.732350
1.828260
1.361724
1.113387
0.813895
0.587283
0.102538
0.208211
1.213522
0.921596
1.828260
0.387095
0.387095
0.469447
1.501356
0.208211
0.269703
0.587283
1.213522
0.208211
0.269703
1.758774
1.624128
0.102538
0.102538
0.469447
1.006375
1.213522
0.469447
1.624133
0.732350
1.029008
0.587283
1.828260
0.269703
1.006375
1.213522
1.896311
1.293723
0.102538
1.254987
0.387095
1.030122
1.896311
0.208211
0.102538
1.501361
0.957102
0.269703
0.387095
1.113387
0.732350
1.293723
0.387095
1.896311
0.587283
1.828260
1.828262
1.440393
1.351214
1.213522
0.469447
0.102538
1.703236
0.587283
1.090592
1.293723
1.361724
0.269703
1.828260
0.587283
1.361724
1.703236
0.732350
1.006274
1.090592
0.102538
0.732350
0.311968
0.208211
1.561395
1.213522
0.741774
1.392651
1.703236
1.293723
1.361724
0.587283
0.732350
1.113387
0.763838
0.387095
0.102538
1.090592
1.169627
0.921596
1.351214
0.264331
1.762197
0.387095
1.351214
0.469447
0.921596
1.828260
0.387095
0.957102
0.587283
1.703236
0.311973
0.102538
1.561395
0.269703
1.828260
1.501468
1.703236
0.102538
1.758774
1.896311
1.440393
0.469447
0.587283
1.090592
1.472539
0.587283
0.208211
0.921596
0.208211
1.828260
1.361724
1.624129
1.826133
1.703236
1.440393
1.293723
1.828260
0.861009
0.469447
1.361685
1.361724
0.732350
1.501356
0.732350
1.006375
1.169628
1.896311
1.763115
1.213522
1.703236
0.102538
1.828260
0.102538
1.896311
0.387095
1.254987
0.208229
0.208211
1.030073
1.169628
1.293723
0.587283
0.469447
1.828260
1.895227
0.469447
1.030073
1.006375
0.381551
0.208211
0.587283
0.732350
1.561395
0.813895
1.472539
0.732350
1.392651
0.387095
0.269703
1.501356
1.758774
1.703236
0.208211
1.703236
0.587283
0.469447
1.090592
0.387095
1.006375
0.208211
0.587283
0.208337
1.501356
1.624129
1.030407
1.703236
1.113387
1.113387
0.208211
0.760438
0.760438
0.311963
1.828260
0.311968
1.351214
0.813895
0.469447
0.587283
1.006375
1.472539
0.469447
1.293723
0.102538
0.732350
1.213522
1.254987
1.113387
0.732350
1.361724
1.006375
1.755047
1.624129
1.758772
1.113387
0.782559
1.703236
0.102538
0.785269
0.469447
1.213522
0.311968
1.213522
0.387095
0.269351
0.587283
1.896311
1.472539
1.624129
0.208211
0.957102
0.760438
0.957102
1.561395
1.472539
0.469447
0.208249
0.587283
0.813905
0.861009
0.760438
1.588219
0.587283
1.501356
1.113387
1.703236
1.561395
0.102538
0.587283
0.861009
0.208211
1.472539
0.921596
1.113387
1.293723
0.208211
1.501356
1.561445
1.756128
0.311968
0.861009
1.006375
0.587157
0.208211
1.703236
0.208211
0.208211
0.813895
0.387095
1.703236
0.469447
1.561395
0.208211
1.828260
1.703236
0.269703
1.169628
0.956311
1.830821
0.587283
1.828260
0.587283
1.213522
0.587283
0.469447
1.624129
1.703236
0.587283
0.311968
1.113387
1.703236
0.387095
0.921596
0.587283
1.006375
0.000000
0.469447
0.785269
1.113387
1.624129
1.829081
0.921596
0.732350
0.387095
0.919033
0.000000
1.090592
0.102538
1.828260
1.006375
0.208211
0.208211
0.208211
1.758774
0.921596
0.208211
0.208211
1.828260
0.587283
0.785269
1.561395
1.624129
0.102538
1.030073
0.732350
1.896311
1.254987
0.102538
1.703236
1.834843
1.440399
0.387095
0.957102
0.469447
0.387095
0.304061
1.293723
1.501356
1.561515
0.469447
1.351214
0.469447
1.392651
0.587283
1.293723
1.169628
1.113387
1.293723
1.030073
1.624129
0.861009
1.361724
0.732350
0.269702
1.896311
1.896311
0.387095
0.307093
0.921603
1.703236
0.208211
0.102538
1.703236
1.703236
1.472539
1.090592
1.006375
1.113387
0.469447
1.896311
0.587283
1.361724
0.387095
1.169628
1.213522
0.813895
1.169628
0.469447
1.561395
0.208211
0.813895
0.813895
0.732350
1.293723
1.624129
0.102539
1.213522
1.703236
0.311968
0.208211
0.760438
0.469447
0.732350
1.896311
1.896311
0.586860
1.703236
1.440393
0.208211
0.208211
1.624129
1.361724
1.624129
1.213522
1.896311
0.102538
0.208211
0.208211
0.587283
1.006375
1.054512
1.392651
1.703236
1.090592
0.102538
0.241741
0.921596
0.732350
1.561395
1.703236
0.311968
1.213522
1.472539
1.825576
0.587283
0.469447
0.107300
0.587283
0.921596
0.469447
1.113387
1.703236
1.703236
1.828260
1.090592
0.957102
1.392651
0.921596
0.311968
0.760438
0.732350
1.113387
0.261632
1.983358
0.973151
0.785269
1.758774
0.587283
1.624129
0.732350
0.469447
1.624129
0.921595
0.587283
1.293723
1.828670
1.703236
1.828260
0.973141
1.896311
1.054512
0.387091
0.587283
0.921596
0.957102
1.213522
0.861009
1.896311
1.828260
0.311962
1.703236
1.392651
1.816257
0.469447
1.896311
0.269505
1.254987
0.469447
0.102538
0.587283
1.703236
0.269703
1.293723
1.113387
1.254987
0.957102
0.921596
0.921588
1.758774
1.169628
0.311965
0.921596
0.207493
1.624129
1.113387
0.921596
1.213522
1.293723
1.113387
0.469447
0.587283
0.785269
0.921596
0.732350
0.921596
0.387095
0.102538
1.440393
1.169628
1.703236
0.813895
1.896311
1.006375
1.361724
0.102538
0.208231
1.472539
1.254987
1.293723
1.758774
1.561395
1.703236
1.472539
1.703236
1.561395
1.113387
0.387095
1.896311
1.705168
0.587283
1.896311
0.102538
1.902758
1.758774
0.387095
1.900436
0.785686
1.169628
1.983358
0.587283
0.279200
1.254987
0.469447
1.828260
0.208211
0.387095
1.090646
0.269703
0.208211
0.311968
1.006375
1.758774
0.957102
0.102538
0.387095
1.113387
1.703247
0.102538
0.469447
0.957102
0.587283
0.102538
0.269703
1.828260
1.703236
0.209667
0.861101
1.392651
0.312075
1.624129
1.293723
1.006349
0.732350
0.387104
0.469447
1.060182
1.501356
0.990012
0.102538
0.208211
1.213522
1.293723
1.758774
0.387095
1.828259
0.957102
0.760438
1.361724
0.208211
0.957102
0.469447
0.469447
0.208211
0.387095
1.254987
1.896311
0.311968
1.501356
0.587283
0.972233
0.269703
1.895635
0.587283
1.772886
0.732350
1.828260
1.472539
1.113387
1.293723
1.828260
0.208211
0.311968
0.102538
0.208211
0.387095
0.587283
0.861009
1.758774
0.208210
1.213522
0.387095
0.102538
1.828260
0.732350
1.896206
0.469447
1.169628
0.102537
1.619707
0.102538
1.896476
0.732351
1.896311
1.561395
1.758597
1.561395
1.090592
1.474263
1.169628
1.828260
0.811221
1.828260
1.351214
0.813895
1.472539
0.208211
0.311968
1.113387
1.703161
0.102538
1.254987
1.624129
0.469447
1.828260
0.957102
1.758774
0.208211
1.254987
1.293723
0.469447
0.760438
1.006375
1.896311
0.208211
1.703238
1.090592
1.626364
1.561395
0.957102
1.561395
1.361724
0.208211
1.896311
1.361724
1.758774
1.392651
0.208211
1.896311
1.006375
1.441048
1.896311
0.469446
1.254987
0.921596
1.501356
0.208212
1.703236
1.169628
1.472539
0.208996
1.828260
0.387095
1.361724
0.957102
0.469447
0.587283
0.861009
1.501356
1.169628
1.006373
1.703236
0.469447
0.387095
0.387095
0.587283
1.351214
0.469447
0.387095
1.472539
1.624129
1.351214
0.311968
0.269703
1.351214
0.469447
0.861009
1.828201
0.102538
0.387095
1.896309
0.469447
1.213522
1.896311
1.983358
0.269703
1.828260
1.113387
0.102538
0.957102
0.387095
1.440393
1.293723
0.208211
0.861009
0.208212
0.387095
1.361724
0.208211
1.293723
1.090592
1.828260
0.921596
0.208211
0.311968
0.469447
0.732350
0.921596
0.000000
0.102560
1.561395
0.208211
0.208211
1.624129
1.703236
0.469447
0.320114
0.469447
1.213522
1.501356
0.732350
0.387095
1.472539
0.311968
1.440393
1.561395
1.006375
0.921596
0.469447
0.102538
0.269703
0.921596
1.472539
0.102538
1.624129
1.703236
1.113387
1.351214
0.732350
1.090592
0.813895
0.387095
1.828260
1.703236
0.102690
1.501356
1.351214
0.387095
0.813895
1.054512
0.732350
1.090592
0.587283
0.587283
0.387095
0.587283
1.113387
0.311951
1.703236
1.828260
1.896311
0.785109
0.387095
0.921596
1.828260
0.469447
1.472539
1.703236
1.293831
1.254987
1.896311
0.921596
0.290145
0.269635
1.362441
0.861009
1.254987
0.469447
1.351214
1.501356
1.254987
0.387095
1.624129
1.440393
0.269703
0.587283
1.703236
1.392651
0.387095
0.587283
1.624583
0.469447
1.113387
0.469447
1.254987
0.587283
0.208211
0.813895
0.861009
0.387095
1.113387
0.102538
0.267928
0.921596
0.387095
0.102538
1.896311
0.387095
1.113387
1.392651
1.703236
1.828260
1.293723
1.113387
1.361724
0.587283
0.587283
0.311968
0.208211
1.213522
1.169628
1.561395
0.269658
0.469447
0.587283
1.758774
0.785269
1.896311
0.732350
0.208211
0.785269
1.293723
1.213522
1.293723
0.921596
1.740414
1.896311
1.561395
1.624129
0.957102
1.896311
0.587283
1.501356
0.311968
1.828260
1.169628
1.896311
0.785269
1.501356
1.351214
0.311968
1.762995
0.387095
0.387095
0.785269
0.387095
1.113387
1.392651
1.703236
0.587283
0.102538
0.963203
0.732350
0.387095
0.102538
1.828260
0.587283
0.102538
1.293723
1.006375
1.440393
0.387095
1.113387
1.440393
0.760438
0.587283
0.921596
1.169628
0.963203
1.561395
1.896311
1.875472
1.293723
0.469447
0.813895
0.311968
0.269694
0.102538
1.006375
1.703236
1.090592
1.090592
0.311968
0.784899
0.469447
0.269703
1.472539
1.828260
0.469447
0.957102
1.896311
0.587283
1.113387
1.895715
1.440393
0.469447
1.351214
1.113387
1.090592
1.758774
0.311968
0.587283
0.387095
0.587283
0.469447
0.813895
1.254987
0.208211
0.469447
0.387095
1.006355
0.208211
1.113387
1.113387
0.732350
0.760438
1.703236
1.758774
1.169628
0.921596
0.587065
1.758774
1.090592
0.387095
0.813895
1.827969
0.813463
0.469447
1.703236
0.587283
0.587283
1.392556
0.208211
0.732350
1.063426
1.703236
0.469447
0.102538
0.469447
0.102538
0.469447
0.732350
0.103227
0.208211
0.587283
1.624129
1.392651
0.469447
0.921596
0.770259
1.113387
1.758774
1.440393
0.861016
0.587283
1.828226
1.440393
0.269703
1.828260
0.981156
1.030073
0.587283
0.208211
0.311968
0.387095
0.102538
1.758774
1.561395
0.387095
0.921596
1.472539
0.311968
1.703236
1.090592
1.254987
0.861009
0.957102
0.387095
0.921596
0.102538
0.587283
0.469447
0.387095
0.102538
0.311968
0.732350
0.587283
0.469447
1.896311
0.861009
1.624129
1.361724
1.703236
0.387095
1.703289
0.587283
0.208211
0.387095
1.828260
1.501356
1.169628
0.861009
0.957102
0.587283
0.861009
1.030049
1.030073
1.896311
0.732350
0.311961
1.213522
1.624129
0.784460
0.102538
1.090592
0.813895
1.624129
1.758803
1.535594
0.208211
1.361724
0.760438
1.054417
1.896311
0.208211
1.896311
0.208211
0.785269
1.624129
0.311968
0.921596
0.587283
0.387095
0.469447
1.090592
0.587283
0.469447
1.293723
0.269703
1.472728
1.440393
1.213522
0.387074
0.921596
1.703236
1.896311
1.293723
0.921596
1.293723
0.469447
1.896311
1.758774
0.209226
0.269703
1.703236
1.090592
0.921596
0.469447
0.469447
1.472539
0.589304
0.102538
0.469447
1.169628
1.828260
0.268296
0.813895
0.587283
0.208211
0.387095
0.208211
0.208211
1.703236
0.957102
0.208211
1.392651
0.861009
1.561395
1.703236
1.254987
0.469447
1.351214
0.921596
0.813890
0.957102
0.469447
0.760438
0.760438
1.090592
1.361724
1.213522
0.921596
0.208211
0.785269
0.921596
0.587283
0.981158
0.386961
0.979590
1.501356
1.703236
1.472539
1.501356
0.732350
1.826622
1.828260
0.269718
0.208211
0.269703
1.758774
1.351214
1.090592
0.957102
1.561395
1.703236
0.102538
1.472539
0.469447
0.973141
0.208211
1.896037
1.361724
1.113387
0.469447
1.351214
1.392651
1.113387
1.293723
1.472539
1.090592
1.624129
0.587283
0.311968
0.208212
1.440393
1.361724
1.828260
0.387095
1.703236
1.293723
1.824988
1.213522
1.703236
1.501356
1.213522
1.112486
0.208211
0.269701
0.208211
1.561395
1.896311
1.828260
1.828260
0.102538
1.213522
0.469447
0.860980
1.293723
0.587283
0.732350
1.113387
1.501356
0.208443
0.587283
0.587283
1.703236
1.703236
1.090592
0.957102
0.813895
1.440393
1.624129
0.469447
1.561395
1.254987
1.896311
0.387095
0.208211
1.561395
1.006578
0.208211
0.102538
0.921596
0.587283
0.732350
0.102538
0.957102
1.113387
1.624129
1.169628
1.213522
0.957102
0.208211
0.785269
0.208211
1.030073
1.113387
0.785269
0.921596
1.896311
1.501356
0.387095
1.624129
0.732350
0.102538
0.587283
0.387095
1.561395
1.896311
0.208211
0.387095
0.732350
0.208221
1.030072
0.732350
1.392651
1.758774
0.587283
1.351214
1.758774
1.703236
0.732350
1.169620
0.469447
0.387095
0.219370
0.212297
0.921596
0.587283
0.921596
1.703236
1.703236
1.561395
0.222272
0.732350
0.587283
0.387095
0.469447
0.587283
0.208211
1.896311
0.587283
1.351214
0.587283
1.213522
0.773436
1.624138
1.392651
0.208211
1.561395
1.896311
1.293723
0.732362
0.921596
0.813895
1.624129
0.732350
0.387095
0.587283
1.896311
1.758774
0.957102
1.703236
1.351214
0.587283
1.030073
1.703236
1.006375
0.587283
0.861009
0.102538
0.587283
0.269703
1.896311
1.703236
0.208211
1.030073
1.896311
0.469447
0.311968
0.208211
1.169628
0.732350
0.387095
1.213522
1.828260
0.587283
1.006375
1.254987
0.311968
0.102538
0.469447
0.469447
0.208211
0.311968
0.732350
1.703236
1.113387
1.896311
0.469447
0.587283
1.254987
0.387095
0.587283
0.208211
1.561395
0.208211
0.208211
0.813895
0.387095
1.351214
1.561395
1.440393
0.973741
1.006375
1.561395
0.469447
0.587283
1.254987
1.896311
0.587283
0.732350
0.387095
1.113387
1.703236
0.861009
0.469447
0.102538
0.208211
1.828260
1.896311
1.703236
0.311968
1.213522
0.973141
1.113387
1.703236
0.785269
1.805105
0.311968
1.561395
1.090592
1.351214
1.896311
0.732350
0.861007
1.113360
1.472539
1.703236
1.351214
1.254987
0.813895
0.469447
1.828260
0.208211
0.957102
0.387095
1.704991
1.006375
0.208211
0.469447
0.470287
0.760438
1.703236
1.392651
1.703236
1.254987
0.587283
0.587283
1.896311
1.703236
0.957102
0.102538
1.703236
0.957102
0.587283
0.208211
0.732350
1.351214
1.825764
0.921596
0.387095
0.957102
1.169617
1.828260
0.587283
1.758772
1.624129
1.254987
0.469445
0.469447
1.703236
1.703236
1.361724
0.387095
1.703236
1.293723
1.113387
0.387095
1.703236
1.293723
0.861009
0.269672
0.102538
0.760438
0.921596
0.957102
1.624129
0.785269
1.703236
1.213522
0.208211
1.213522
1.828260
0.387095
0.311968
0.587283
1.254987
0.102538
1.392651
0.957102
0.957102
1.113363
0.785269
1.624129
1.395281
1.006375
0.587283
0.225131
1.896311
1.293723
0.469447
1.213522
1.440393
0.208211
0.921596
0.469447
0.469447
0.921596
1.169627
1.113387
0.102538
1.703236
0.587283
1.896311
0.785497
1.351214
1.213522
1.113387
1.472539
1.006375
0.311968
1.561395
1.352058
1.113387
0.469447
0.387095
1.006375
0.102538
0.921596
1.006375
1.621599
1.293723
1.624129
0.785269
1.254987
0.208211
1.006375
0.921596
0.311968
0.102538
1.030035
0.921596
1.169628
0.391459
0.732350
0.269703
1.896311
0.732350
0.469447
0.387095
0.587283
0.208178
0.813895
0.387095
1.213522
0.387095
0.311968
1.169628
0.760438
0.208211
1.472539
1.169628
0.587283
0.208211
1.006189
0.387095
0.813895
0.208211
1.624129
1.254987
0.208211
0.311582
0.269703
0.000000
0.387095
0.469447
1.213883
1.703236
0.271565
1.828260
0.208211
0.311968
0.861009
0.102538
1.090592
0.957102
1.006375
0.387095
0.587283
1.501356
0.387095
0.387095
0.269703
1.896311
1.361724
0.957102
0.469447
0.921596
1.113387
1.293723
1.828260
1.090592
0.208262
0.469447
1.624129
1.213522
1.703236
1.501356
1.440393
0.208211
0.387095
1.703236
1.561395
1.561395
1.213522
1.361724
0.760438
0.732350
0.861009
1.169628
0.208211
1.472539
1.293723
0.732350
1.440393
0.813895
0.311968
1.113387
0.813896
0.104684
1.798918
1.113387
1.113387
1.758774
1.896307
0.587283
1.472539
1.213522
0.208211
0.208211
0.587283
0.961080
0.388052
1.440393
1.896311
0.813895
1.472539
0.208211
1.093926
0.732350
1.828260
1.703236
1.828260
1.254987
1.113387
0.957102
1.030073
1.113387
0.963203
0.813895
1.361724
1.703236
1.392651
1.561395
0.587283
1.006145
0.299786
1.561395
0.957102
1.828260
1.703236
1.624129
0.387095
0.469447
1.828260
0.861009
0.921596
1.561395
1.896311
1.828260
0.269703
0.387095
0.311968
1.896311
1.293723
0.921596
1.896385
1.896311
1.561395
1.113387
0.208211
1.624129
0.921596
0.957102
1.804089
1.828260
0.208211
0.208211
1.759681
1.624129
1.703236
1.213522
0.208211
1.440393
1.472539
0.587283
0.921596
1.624129
1.392651
1.254987
0.208211
0.102538
0.102538
1.351214
0.813895
0.957102
1.090592
1.624129
1.213522
0.208211
0.813895
1.703236
0.469447
1.254987
0.208211
1.361724
1.113387
0.732350
1.703236
0.102538
1.703236
0.208555
0.587283
1.293723
0.732350
0.208211
1.472539
1.472539
0.587283
1.254987
1.561395
0.208211
1.808568
1.703236
0.587283
1.169628
0.208211
1.213522
0.469447
0.387095
0.957102
1.006375
0.973141
1.624129
0.469447
0.732350
1.361724
1.293723
1.293723
1.624129
0.813895
1.006375
0.732350
0.311966
0.957102
1.006375
1.293723
0.102057
0.469447
1.472539
0.587283
0.208211
1.440393
1.828260
1.896311
1.293723
0.387095
1.293718
1.254987
1.703236
1.561395
1.169628
0.921596
0.587283
0.311968
0.208211
1.006375
0.387095
0.921596
1.758774
0.921596
1.703236
0.921596
0.311968
0.469447
0.469447
1.472539
1.703236
1.113387
1.607483
1.351214
0.732350
0.732350
0.102538
1.113387
0.861009
1.624012
1.090592
1.440393
0.957102
1.060146
0.102538
1.440393
1.896311
0.102538
1.758774
0.311968
0.732350
0.387095
0.387095
1.254987
0.469542
0.760438
1.169628
1.624129
0.269703
1.758772
1.896311
1.361724
0.587283
0.387095
0.269842
1.213522
0.208211
1.113387
0.102538
1.501356
1.351214
1.501356
0.732350
0.469447
0.102538
1.828260
1.392651
1.758788
0.587283
1.703236
1.090592
0.387095
0.861009
1.561395
0.587283
1.561395
1.561395
0.387095
0.208211
0.208211
0.272170
0.208211
0.587283
0.587283
0.469447
0.212676
1.703236
0.102538
0.921596
1.561395
1.169628
1.113387
1.703236
1.351214
1.090592
1.254987
0.587283
0.813895
1.828260
0.469447
1.030071
0.102538
1.624129
1.703236
1.090592
1.213522
0.963225
1.896311
1.896311
1.293723
0.813895
1.703236
1.030017
0.387095
0.587283
1.440393
1.896311
1.501371
1.472539
1.213522
0.587283
0.311968
1.169628
0.104324
1.361724
1.351214
0.469447
0.102538
0.921596
1.006375
0.469447
0.785269
0.921596
0.387095
0.387095
0.732418
1.624129
1.030073
0.387095
0.732350
1.896311
0.208208
1.757365
1.213522
1.006375
0.311968
0.311968
1.090592
1.254987
1.142042
0.785269
1.169628
1.896311
0.813895
1.765195
1.472539
1.703236
0.208211
1.828260
0.921510
1.828260
1.361724
0.921596
0.587283
1.703236
0.921596
1.828260
0.387095
0.387095
1.828260
0.311968
1.213522
0.469447
1.254987
0.208211
1.703574
1.169628
1.440393
1.440393
1.561395
1.561395
0.102538
1.703236
0.208211
0.587283
1.090592
0.387095
1.896311
0.387095
1.896311
1.169628
0.587283
1.624129
0.469447
0.732359
0.469447
1.703236
1.346941
0.981156
1.361724
1.090409
0.469447
0.269703
1.703236
1.561395
0.269703
0.243280
0.208211
1.828260
0.469447
1.501356
0.732350
0.208211
0.469447
1.896311
0.102538
1.213522
1.113387
0.957102
0.732350
1.213522
1.624129
0.861009
0.469447
1.361724
0.732350
0.269703
0.469448
0.587283
0.587283
0.732350
0.587283
0.760438
0.469447
0.861009
0.760438
1.090592
0.269703
1.703236
0.921596
0.921596
0.311868
1.896311
1.828260
1.293591
0.469447
0.387095
0.587283
1.896311
0.248846
0.283533
1.828260
1.293723
1.169628
0.732350
0.957102
0.387095
0.208268
0.269706
1.293723
0.817094
0.921596
0.311968
1.293723
1.828260
1.896311
1.794336
0.208211
1.030073
0.208211
0.587283
1.703236
1.828271
0.469447
0.587283
1.561395
0.469447
0.587283
1.561395
1.624129
1.361724
1.293723
1.169628
0.587283
0.732350
1.029900
1.113387
1.703236
1.703236
1.828260
0.813895
0.208211
0.587283
1.624129
1.006375
0.957102
1.828257
0.813895
0.861009
1.213522
1.828260
1.624129
0.861009
0.387095
1.030073
1.501356
0.387095
0.387095
1.254987
1.351214
0.102538
1.006375
0.387095
0.587283
0.813895
1.896311
0.921596
0.387095
0.813895
0.469447
1.758774
1.213522
1.828260
0.813895
1.006375
0.309786
0.861009
0.957102
0.957102
1.828260
1.703236
0.921596
1.561395
0.973141
1.113387
0.813895
0.311968
1.293723
1.703232
0.861009
0.740663
1.351219
0.732350
1.113387
1.561395
1.006189
1.293723
1.361724
0.469447
0.208225
1.213522
1.006375
0.387095
1.896307
0.732350
1.758774
1.090592
0.587283
0.102538
1.703236
1.501356
1.293723
1.440393
0.957102
1.392651
1.703236
0.102538
0.208211
0.861009
1.828260
0.860948
0.102538
1.392651
0.469447
1.472539
1.758774
1.254987
0.741059
1.090592
1.758774
0.813895
1.090592
0.102538
1.006375
0.387095
1.113387
1.006375
1.293723
0.469447
1.561395
1.561395
1.896311
0.861009
0.000000
0.269703
1.885215
1.828260
0.387095
0.102538
0.861009
0.581030
0.269728
0.208211
1.561395
0.921596
1.293723
0.387095
1.351214
0.208211
1.828260
0.732350
1.090592
0.386272
0.311963
1.113387
1.624129
0.469447
1.828260
1.006375
1.703236
0.861009
0.861009
0.208211
0.269703
0.269703
1.213522
1.703236
0.269916
1.896311
1.828260
1.624129
1.828260
0.311968
1.561395
1.624129
0.587283
0.311968
1.896311
1.169628
1.254987
1.561395
0.387095
0.732350
1.896311
1.758774
1.885229
0.785269
0.469447
0.208535
1.703235
0.785269
0.785269
1.896311
0.861009
1.113387
0.469447
0.587283
0.921596
0.813895
1.361724
0.208212
0.861009
0.587283
1.351214
1.293723
1.440393
1.351214
0.813895
1.703236
1.896311
0.387095
0.469445
1.113387
1.351214
0.269722
0.587283
0.387095
0.469447
0.469447
1.090592
1.169628
1.828260
0.861009
1.896311
0.587283
1.113387
1.828260
1.703236
0.208211
1.561395
1.361726
0.102538
1.828260
1.213522
0.387095
0.387095
1.006375
0.387095
0.387095
1.351214
0.921596
0.469447
0.203068
0.387095
0.102538
0.269664
0.469447
0.269703
1.758774
1.392651
1.896311
0.587283
0.587283
1.703236
0.785269
1.624129
1.703236
0.813895
1.393468
0.387095
0.208211
1.561395
1.006375
1.758774
0.785269
1.351214
1.213522
1.896311
0.469447
0.587283
1.624129
0.957102
0.311968
0.387095
1.561395
1.561395
1.624129
1.561395
0.587283
1.828260
0.957102
1.472539
1.760318
0.785269
1.169628
1.561395
1.113387
0.587283
0.269703
0.208211
0.102538
1.054433
0.587283
1.758774
0.269703
0.269703
0.469447
0.861009
1.090592
1.501356
0.957102
0.387095
0.587283
1.896311
1.703236
1.828260
0.587283
1.703252
1.254987
0.587283
0.469447
0.269703
0.785269
0.785269
0.312299
0.921596
0.102538
0.204061
0.269703
0.732350
1.293723
1.543867
1.113387
0.921596
1.896311
1.006375
0.387095
1.759106
1.896311
0.208211
1.169628
0.957102
1.828260
0.387095
0.921596
0.957102
0.387095
0.102538
0.387095
0.587283
0.785269
0.921596
0.208211
1.113387
0.208211
0.732350
0.102538
1.006375
1.293723
0.861009
0.269635
0.102538
0.102538
0.208211
0.981381
0.732350
1.561395
1.392651
1.472539
1.501356
1.440393
1.113387
1.090592
0.311968
1.169628
1.006375
0.760444
1.090592
0.387095
1.293723
1.293723
0.469447
0.587283
0.469447
1.703236
0.102538
1.896311
1.361488
0.957102
1.472539
1.090592
0.921596
0.469447
0.921596
1.169628
1.113387
1.703236
0.861011
1.703236
0.732350
1.006375
1.090592
1.501356
0.732350
0.269347
1.896311
0.387078
0.208211
0.269721
1.703236
0.785269
1.703236
1.501356
0.921596
1.896310
0.957102
1.361724
1.006375
0.102538
0.587283
0.732350
1.090592
0.208211
1.113387
0.732350
0.125494
1.758774
0.102538
0.587283
0.387095
0.469447
1.624129
0.813895
1.169628
0.957102
1.090592
0.587283
0.861009
1.213522
0.387095
0.732350
1.293723
0.102538
0.824499
0.311968
0.208211
0.921596
0.469447
1.501356
1.351214
1.561395
0.957102
0.102538
0.208211
0.587283
1.361724
0.387095
1.006375
1.361724
1.472539
1.759259
0.760438
1.006375
1.703236
1.472539
0.208211
1.213522
0.469447
0.587283
0.469447
1.472539
1.624129
0.732350
1.561395
0.102538
0.208211
0.208211
0.387095
1.392651
0.587283
1.828260
0.469447
1.213522
0.387095
1.030029
0.587283
0.921596
0.813895
0.921596
0.208211
1.703236
0.469447
0.208211
1.254987
0.243227
0.208211
1.561395
0.469447
0.387095
0.208211
0.860945
1.828260
1.113387
0.208211
1.293723
0.269703
0.208211
0.981383
1.703236
0.269703
0.587283
1.501356
1.758774
1.561395
0.310075
0.732350
1.703236
0.269688
1.561395
1.896311
0.921596
0.921596
1.293723
1.828260
0.813895
0.102538
0.269684
1.896311
0.469447
0.387095
1.351214
0.311963
1.896311
0.284521
1.392651
0.957102
0.732350
0.208211
0.208211
0.814080
1.113387
0.813895
0.861009
1.090592
1.703236
1.351214
0.208211
1.828241
1.703236
1.561395
1.828260
0.785269
1.896311
1.471309
1.392650
0.387095
1.703236
1.293723
1.703236
1.254987
0.732350
0.387094
1.169628
0.733287
1.351214
0.270904
1.703236
0.732350
1.758774
1.361724
1.030069
1.351214
1.006375
1.392651
1.703236
1.169628
0.269703
0.963203
1.090587
0.208211
1.896311
0.785269
1.703236
0.208211
1.213522
0.102538
0.208211
0.269703
1.896311
1.758774
1.758774
1.705803
0.102538
0.732350
1.113387
1.169628
1.213522
0.469447
1.896311
1.561395
0.387095
1.090592
1.758783
0.587283
0.387095
0.102538
1.113387
1.561395
1.090592
1.896311
0.311968
0.732350
1.113387
1.213522
1.254987
0.387095
0.587283
1.090592
0.102538
0.760441
0.208211
0.469447
0.957102
1.254987
1.213515
0.813895
1.561395
1.624129
1.703236
0.208211
1.703236
0.311968
0.469447
1.351214
0.587283
0.469447
0.207140
0.921596
1.758775
0.259540
0.587283
1.828260
0.208028
0.387095
0.785269
1.351214
0.387095
1.896311
1.213522
0.270520
0.785269
0.000000
0.732350
1.006375
1.392651
0.587283
0.204096
1.703236
0.102538
0.208219
0.469447
1.361724
0.469447
1.624129
0.813895
1.090592
0.102538
0.102538
1.703236
1.293723
1.169628
1.896311
1.624129
0.102538
1.828260
0.587283
1.213522
1.090592
0.760438
1.828260
0.785473
0.587283
1.472539
0.269703
1.392651
0.921596
1.293723
1.703236
1.169449
1.703237
1.896311
1.006375
0.587283
0.921596
0.311968
1.852673
1.896311
1.213522
1.762500
1.624129
0.957173
1.828260
1.561395
0.469447
0.732350
0.921596
1.392651
1.896311
0.208211
0.208211
0.973141
0.469447
1.703236
1.896311
1.561395
1.440393
0.469447
1.828260
1.703236
0.387095
1.703236
1.361724
1.254987
1.293742
0.387055
0.102538
1.501356
1.896311
1.213522
0.469447
0.469447
0.387095
0.587283
1.472539
1.896312
1.392651
0.469447
1.561395
0.587283
1.440393
0.387095
0.469447
0.856606
0.311968
0.587283
0.208211
0.208212
1.703236
0.469447
0.219028
0.785141
0.269703
0.861009
0.312029
0.208211
0.921596
0.921596
1.361724
1.213522
1.030073
0.861009
0.813895
1.703236
0.732350
1.828260
1.293723
0.269703
1.896311
0.861009
1.113695
1.703236
0.387095
1.169628
0.208211
0.785183
0.587283
1.703236
1.392651
0.921596
0.587283
0.732350
1.896311
0.785269
0.208211
1.213522
0.587283
1.896311
1.624129
0.208211
1.110481
0.957102
0.269703
1.351202
0.208211
1.213522
1.624129
1.758774
1.828260
1.472539
1.624129
1.703236
1.501356
0.208211
0.469447
1.758780
1.501356
0.208213
0.957102
1.006375
0.387095
1.624129
0.208211
1.113387
0.387095
1.703236
1.113387
1.293723
0.387095
1.213522
1.624129
1.169627
0.732350
0.208211
1.748363
1.501356
0.208211
0.387095
0.732350
1.213522
0.732365
0.813895
0.208212
1.828260
1.006375
0.760438
0.732350
0.387095
0.208211
1.828260
1.169628
1.254987
1.896311
1.351214
0.587283
1.472539
0.102538
1.758774
0.587283
0.760438
0.208211
1.828260
0.732350
0.732350
1.561395
1.758774
1.828260
0.102538
1.703236
0.957102
1.758774
0.387095
0.208211
1.896332
0.972835
0.387095
0.760438
1.758774
1.815553
0.745779
0.957102
1.006375
0.208211
0.785269
1.254987
0.587283
0.387095
1.758774
1.293723
1.472538
1.703236
0.785269
0.469447
1.351214
0.760438
0.102538
0.469447
1.703236
0.387095
0.587283
0.102538
0.732350
1.896311
1.828260
1.213522
1.006375
0.208211
0.387095
0.785269
0.209458
0.587283
1.758774
0.921596
1.828260
0.760438
0.921596
0.387095
1.293723
0.957102
0.785269
0.102538
1.053101
0.000000
0.587283
0.102538
1.440393
0.311968
0.387095
1.703236
1.896311
0.587283
1.983358
0.102538
1.169628
0.921596
1.703236
0.102538
1.472538
1.472539
1.561342
0.208211
1.758774
1.472539
0.387095
0.469447
1.561395
0.921596
0.102538
0.957102
0.732350
1.392650
1.703236
1.213522
1.703236
0.311968
0.587283
0.973140
0.957102
1.213522
0.208211
0.311968
0.208211
0.102538
0.587283
1.703236
0.387095
1.896311
1.703236
0.102538
0.469447
1.703235
1.351214
0.921596
0.208211
1.169628
1.828154
0.267871
0.387095
1.624129
0.587283
1.006375
0.208211
1.113387
0.102538
1.113387
0.587283
0.208211
1.896270
1.392651
1.361724
1.758874
1.704661
1.113387
0.861009
0.208274
1.501356
0.469447
1.561395
1.030073
1.006375
0.587283
0.387095
1.293723
1.028141
0.208211
0.387095
1.440393
0.387095
0.208211
0.587283
1.392651
1.561395
1.254987
1.624129
1.392651
0.102538
1.090592
0.387095
1.006375
1.351370
0.102538
0.760438
1.896311
1.440393
0.269703
1.006375
0.760438
1.213522
1.561395
0.732350
1.719604
1.090592
0.813895
0.957102
0.957102
0.861009
0.208211
1.896311
1.983358
0.587283
1.812802
0.921596
0.245260
1.758774
1.213522
0.732350
0.469447
0.861009
0.102538
1.254987
0.587283
0.957102
1.703236
0.957102
0.587283
1.828260
1.828260
0.732350
0.102538
0.387095
0.208211
0.813895
1.113387
0.387095
0.963203
0.102539
0.921596
0.387095
1.703236
0.469447
0.208211
1.472539
0.469447
1.293723
0.208211
0.587283
0.208211
1.758774
0.861009
0.587283
0.102538
1.828260
0.921596
1.561395
1.113387
0.921596
0.208211
1.624129
0.469446
0.957102
0.861009
0.813895
1.213522
0.732350
0.208211
1.896311
0.311968
1.293723
0.387095
1.113387
0.587275
0.469447
1.703236
1.896311
1.834518
0.311968
1.561395
0.387095
0.760086
1.968530
1.896311
0.208211
1.254987
0.732350
0.921596
0.184027
0.208213
1.254987
0.387095
0.732350
1.703236
0.861009
1.351214
1.896311
0.387095
1.472539
0.732350
1.758774
1.896309
1.896311
1.254987
1.624129
0.208211
1.501356
0.208211
0.587283
0.208211
1.113387
1.213522
1.501356
0.785269
1.703236
1.624129
0.587283
0.469447
1.828260
1.213522
1.896311
0.387095
1.006375
1.624129
1.703236
1.169628
1.828260
1.113387
0.208215
0.235708
1.624244
1.169628
1.758774
1.472539
1.293723
0.387095
1.501356
0.469447
1.873141
1.254987
0.269703
1.472539
1.624722
0.586899
0.587283
1.293723
1.828264
1.501356
0.921596
0.311736
1.361724
0.269703
0.760438
0.469447
0.269703
0.311962
0.469447
1.113387
1.293723
0.976386
1.030073
1.703236
0.587283
1.624129
0.469447
1.030072
1.758774
1.090592
0.732350
0.311968
1.561395
1.169628
1.624129
0.957102
1.351214
0.208211
0.861009
1.828260
0.587283
0.732350
0.921596
1.361724
1.091795
0.269701
1.758774
0.207340
0.785269
0.587283
1.828260
1.113387
1.896311
0.587283
1.293723
1.169628
1.440393
0.921596
1.828260
1.361724
1.361724
1.113387
1.293723
0.587283
1.254987
1.440393
0.265741
1.006375
0.208211
1.896311
1.254987
0.785269
0.208211
1.090592
0.813895
1.472539
1.361724
1.293723
0.102538
1.113388
0.102538
0.469447
1.561395
0.921596
0.921596
1.495720
1.896295
1.703236
1.361724
1.006375
0.208211
0.269703
0.587283
0.469447
0.387095
1.440393
0.387095
0.269310
0.387095
1.703236
1.828240
0.208211
1.896311
0.732350
1.113387
1.561395
1.561395
1.828260
1.561395
1.351214
0.311968
0.921596
1.293723
0.208210
1.090592
0.587283
0.208211
1.090592
0.311968
0.813718
1.703236
1.006375
1.896311
0.587283
1.828260
1.828260
1.703236
0.208211
1.703236
0.732350
0.251680
0.752165
0.587283
1.169628
0.861009
0.921596
0.208220
1.896311
1.440393
0.957102
0.208211
0.861009
0.102538
1.501356
0.208211
0.387095
0.587283
1.501356
0.102538
1.703236
0.813895
1.113387
0.587283
0.732350
1.896279
1.006375
1.113387
1.113387
0.469447
0.387095
0.732350
1.703236
0.208211
0.861009
0.861009
1.474257
0.921596
1.440393
0.785269
0.102538
1.828260
1.896311
0.102538
0.387095
1.501356
0.587283
0.921587
0.957102
0.102538
1.293723
1.501356
0.387095
1.293723
0.102538
0.785269
0.587283
0.208211
0.208211
1.561395
1.624129
1.213522
0.957102
0.102544
0.760438
1.703236
0.208211
0.921596
1.561393
1.896311
0.813895
1.361724
1.703236
0.921596
0.653753
0.102538
0.269674
0.817543
1.213522
0.957102
0.387095
1.361724
1.828260
1.293723
0.732350
0.812930
0.861009
1.828260
0.387095
1.828260
0.813895
0.208211
0.102538
1.090592
1.828260
0.813895
0.208211
0.387095
1.624129
0.732350
1.703236
1.392651
0.102538
1.361724
0.921596
1.501356
0.208211
0.587283
0.957102
0.387095
0.208211
1.896311
0.921501
0.469447
0.957102
1.890211
0.191550
1.624128
0.587283
0.102538
1.758774
0.732350
1.983358
1.006375
0.269703
0.469455
0.387095
0.469447
0.269703
1.293723
1.828260
1.501356
1.703236
1.828260
0.921596
0.760437
1.113387
1.561395
0.387095
0.387095
1.090592
1.828260
0.587283
1.501356
0.387095
0.732350
0.587283
1.828260
1.561395
1.006375
0.732350
1.213522
0.208211
1.254987
0.921596
0.861009
0.387095
1.896311
0.210084
1.896311
0.921596
1.795166
1.896311
0.973140
1.388357
1.828260
1.361724
1.703236
1.624129
0.269703
1.213522
0.102909
1.828272
0.208211
0.387095
0.387095
1.703236
0.469447
1.561395
1.828260
1.113387
1.113387
1.213522
1.351214
0.387095
1.896311
1.828260
1.213522
1.561395
0.760438
0.208211
0.587283
1.213522
0.469447
1.828260
0.208225
1.896311
0.469447
0.587283
0.587283
1.213522
1.213522
1.440393
0.102538
0.921596
1.213522
0.785269
0.208211
0.861009
1.896311
0.387095
1.254987
1.758774
0.957102
0.387095
1.361724
1.006375
1.113387
0.208211
0.587283
0.269703
1.472539
0.957102
1.703236
0.587283
1.213522
0.469447
1.213522
0.208211
0.921596
0.469447
0.921596
0.587240
0.387095
0.785269
1.392651
0.861009
0.921596
0.387095
0.732350
0.469447
0.785269
1.561395
0.587283
1.090592
0.311968
0.208211
0.311968
1.113387
0.269703
0.311968
1.006375
0.921596
0.208211
0.813895
0.587283
1.113388
1.361724
0.208211
0.387095
1.703236
1.703236
0.921596
0.760438
1.896311
0.208211
0.785269
1.758774
0.208211
1.113387
0.269703
0.000000
0.973141
1.113387
0.732350
1.703236
1.169628
1.828260
1.561396
1.090592
0.587283
1.703236
0.208211
1.624129
0.387095
0.102538
1.293723
0.921596
0.102538
1.213522
1.703236
1.113387
1.561395
0.102538
1.392651
1.624129
0.732350
1.472539
1.703236
1.896311
1.293723
1.293723
1.896311
0.861009
1.501356
1.113387
0.387095
1.973953
1.501356
0.587283
1.758774
0.102538
1.703236
0.469447
0.387095
1.006375
0.732350
0.587283
1.624129
0.208211
1.169606
0.587283
0.311968
0.732350
0.587283
1.703236
1.703236
0.208211
0.732350
0.921596
1.828260
1.351214
0.486154
0.921596
1.919293
0.387095
1.361724
0.208211
0.587283
0.587283
1.213522
0.469447
0.387095
1.896333
1.897502
1.828260
0.587283
0.208211
1.758774
1.896311
0.208211
0.785269
0.587283
1.113387
0.921596
1.703236
1.006375
0.469447
0.813895
1.624129
1.828260
1.392651
0.921596
0.587283
1.472539
1.113387
1.029974
1.293723
0.921596
1.828260
1.828260
1.006375
0.587283
1.703236
1.624129
0.102961
1.351214
1.501356
1.703236
0.921596
0.921596
1.703072
1.440393
1.351214
0.732350
1.828260
1.624129
1.213522
1.340356
0.921596
0.921596
1.896311
0.732350
0.469447
0.587283
1.561395
0.311968
0.387095
1.113387
1.472539
1.624129
1.828260
1.624129
0.587283
0.760438
1.113387
1.884422
1.254987
1.440393
0.311968
1.501356
1.006373
1.624129
0.269645
1.828260
0.208214
0.208135
0.921596
1.828260
0.387095
0.311964
0.269703
0.957102
0.208211
0.469447
0.760438
0.813895
1.213522
1.213522
1.006375
0.311968
1.472539
1.351214
0.469447
1.293723
1.293723
0.587283
1.561395
1.830080
1.293723
0.102538
0.469447
0.587283
1.896311
0.102538
0.208211
0.469447
0.732350
1.213522
1.113387
0.269703
0.387095
1.624129
0.214884
0.813895
0.861009
1.254987
1.006375
0.732350
1.472539
0.587283
0.102538
1.169683
1.501356
1.169628
1.440393
1.213522
0.469447
1.213522
0.208211
0.469447
0.469447
0.587283
1.361724
0.957102
1.896311
1.440393
0.387095
0.102538
0.102538
1.561395
1.213522
1.169628
1.828260
1.213522
1.213522
0.387095
1.501356
1.254987
0.957102
1.254987
0.587283
1.293723
1.703236
1.213522
1.561395
1.703236
1.624129
1.561395
0.587283
0.387095
1.293723
1.703236
1.254987
1.006189
1.006375
0.208211
0.587283
1.440393
0.785269
0.311968
0.732350
0.587283
1.624129
0.587283
0.732350
0.921596
1.561395
1.501356
0.921596
0.732350
1.440393
1.828260
1.113387
1.213522
1.254987
0.469447
0.861009
1.828260
0.921596
1.561395
0.387095
1.501356
1.006375
1.113387
1.703236
0.469447
1.758773
1.472539
1.875512
0.861009
1.593398
1.254987
0.208211
0.102538
0.587283
1.624129
1.254987
0.387095
1.472539
1.758774
0.469447
1.361724
1.703236
0.957102
1.254987
1.561395
1.113387
1.293723
1.829252
1.006375
0.957102
1.018185
1.561401
0.269703
0.469447
0.208211
1.896311
1.472539
0.587283
1.896311
1.090592
0.102538
1.828260
0.921596
0.957102
1.896311
1.501356
1.501356
1.254987
0.732350
0.209016
0.921596
1.361724
0.269703
0.469447
1.703236
1.472539
0.587283
1.828258
1.472539
1.703236
0.587283
1.113387
0.732350
1.758774
1.896311
1.113387
0.979018
0.102538
0.732350
1.501356
1.254987
0.469447
0.785193
0.760438
0.861009
1.113387
1.501356
0.212546
0.208211
1.624202
1.113387
0.813895
0.732350
0.921596
0.813895
1.361724
0.311968
0.732350
0.311968
0.387095
0.587283
1.756333
1.828260
0.269674
0.813895
1.501356
1.625420
0.208211
1.440393
0.813895
1.213522
1.113387
1.624129
0.469447
0.921596
1.113387
0.196668
0.587283
0.311968
1.624129
0.469447
0.760438
1.896311
0.311968
1.213522
0.102538
0.732350
1.030072
0.587283
0.102538
0.208211
0.387095
1.440393
1.113387
1.703236
0.921596
1.561395
1.029302
1.828260
1.392651
1.030073
0.760438
1.361724
0.732350
0.387095
0.587283
1.293723
0.973141
0.469447
1.624129
0.208211
0.469447
0.957102
1.361724
1.758774
0.303343
0.469447
0.921596
1.254987
1.896311
1.113387
0.861009
1.090592
0.760438
0.861009
1.828262
0.509146
1.814563
1.624129
0.921596
0.921596
0.208211
1.983232
1.758780
1.624129
1.868830
1.824817
0.208211
0.208211
1.213522
0.269714
0.387095
0.469447
1.094027
1.254987
1.828260
0.311968
0.102538
1.828260
0.311968
0.921596
0.269703
0.208211
1.838209
1.254987
1.472671
0.469447
0.769201
0.208211
0.208211
1.113387
0.587283
1.561395
1.392651
0.469447
1.254987
1.006375
1.703236
0.469447
0.208211
0.102538
0.957102
0.760438
1.703236
1.982686
1.758770
1.561395
1.293723
1.828260
0.208211
1.472539
0.304127
0.587283
0.208211
1.501356
1.113387
1.006375
0.760438
1.561395
1.213522
0.311968
1.896311
1.169628
1.254987
0.921596
0.861009
0.207910
1.351214
1.254987
0.587283
0.813895
0.102538
0.102538
0.102538
1.361724
1.703236
0.587283
0.208211
1.113387
0.587283
1.758774
0.268890
1.440393
0.208211
0.785269
0.269703
1.169628
0.387095
0.387095
0.208211
1.361724
0.311968
1.703236
1.113387
1.213522
1.213522
1.113387
1.828259
0.587283
0.268755
0.732350
0.387095
0.861009
1.361724
0.208211
1.113387
0.760438
1.113387
1.896311
0.921596
0.208339
0.387095
0.587283
1.361724
0.973304
0.921596
0.102538
1.254987
1.703236
0.387095
0.469447
0.469643
1.896303
0.387095
0.208211
0.587283
0.963203
1.896311
0.587283
1.006375
0.269703
0.587283
1.090592
1.472539
0.387095
0.208211
0.469447
0.102538
0.208211
1.361724
0.861009
1.213522
1.828260
0.208212
0.387095
0.101588
0.208211
1.896311
1.254987
1.703236
0.587283
1.351214
1.629012
0.732350
1.821673
0.112309
0.387095
1.212283
0.861009
0.469447
1.472602
0.587283
0.861009
1.293723
1.113387
1.758774
0.921596
0.387095
1.828260
0.387095
1.561395
1.254987
1.703236
1.561395
0.921596
0.587283
0.861009
0.732350
1.392651
0.269703
1.896311
0.957102
1.006375
1.624007
1.703236
0.102538
0.102538
0.813895
1.254987
1.703236
1.472539
0.921596
0.469447
0.387095
1.113387
1.624129
0.387095
0.469447
0.269703
1.293723
0.469447
1.472539
0.102538
1.029812
0.269703
0.387095
0.921596
1.113387
0.814024
0.387095
0.587283
1.213522
0.469447
1.896311
1.472539
0.000000
0.208097
0.861009
0.269703
1.006375
1.293723
0.208211
1.031246
0.102538
0.587283
0.780275
1.090592
1.090592
0.102538
1.501356
0.779029
0.208211
1.561395
0.469447
0.208211
0.587283
0.469447
0.102538
0.208211
1.703236
1.361724
0.269703
1.472538
0.208211
1.828260
1.828260
0.469447
1.440393
0.208211
0.387095
0.387095
0.469447
1.828260
1.169627
0.732350
0.469447
0.469447
0.921596
1.758774
1.501356
0.785269
0.587283
0.208211
0.208211
0.813876
0.269703
1.828260
0.387095
0.587283
0.311968
1.703236
1.703236
1.090592
0.760438
0.469447
1.703236
1.624129
1.561395
1.254987
0.957102
0.587283
0.469447
0.208211
1.828260
1.392651
0.387095
1.090592
0.813895
0.732350
0.587283
0.208211
0.957102
0.921596
0.208211
1.090592
1.758779
0.813895
0.208211
1.868694
1.896311
0.269703
0.469507
0.861009
0.732350
0.269702
1.624129
0.390333
1.896311
0.387095
1.090592
1.472539
1.006375
0.102538
1.561395
0.387095
1.624129
0.861009
0.469447
0.732350
1.501356
0.311890
0.387095
1.703236
0.785269
0.208211
0.732350
1.828260
1.624129
0.587283
0.587283
1.561395
1.113387
1.472539
0.387095
1.703236
0.587283
1.113387
1.213522
0.311968
0.102546
1.293723
1.703236
1.113387
0.208211
0.387095
1.703236
0.921596
0.387095
0.172138
0.469447
1.113387
1.828261
0.587283
0.387095
1.703238
0.861009
1.254987
1.759899
0.311968
0.208211
1.113387
1.361724
1.703236
1.293723
0.587283
1.113387
0.785269
0.469447
1.501356
0.208211
1.501356
0.387095
1.213522
1.293723
0.469447
0.760428
1.090590
1.293723
1.501356
1.006375
0.813895
0.957102
1.361724
0.469447
0.921596
1.703236
0.469447
1.006370
0.208211
0.102538
0.208211
1.361724
0.973141
0.921596
0.861009
0.861009
1.440393
0.208211
1.828260
1.440393
1.703106
0.813895
1.351214
1.213522
1.896311
1.213632
1.501356
1.703236
1.169628
0.469447
0.343516
0.921596
0.269703
0.208211
0.587283
1.392651
0.208211
1.293723
1.006375
0.813895
0.785269
1.440393
0.469447
0.732350
1.254987
0.587283
1.361724
1.828260
1.983358
1.392651
0.102538
1.896311
0.387095
0.311968
1.756781
1.624129
1.501356
0.957102
1.254987
1.896311
0.269703
0.732350
0.208211
0.785269
1.703236
1.213522
0.957102
0.813895
1.758895
0.102538
0.387095
1.293723
1.030097
1.896311
0.469447
1.896311
0.760438
0.957102
1.254987
1.703236
1.561395
1.029502
1.896311
0.957102
1.090592
0.469447
0.921596
0.921596
1.624129
0.388707
1.561395
1.213522
0.311968
0.732160
1.293723
1.113387
1.293723
0.387095
1.351214
0.469447
1.113387
0.387095
0.921596
0.587283
0.208211
0.387095
0.732350
1.758774
0.469447
1.828260
0.587283
1.828260
0.208211
0.732350
0.102538
0.269703
1.703236
1.361724
0.387454
0.269703
1.703236
1.501356
1.006375
0.208211
0.311968
0.387095
1.828233
0.813895
1.828260
0.921596
0.921596
1.561395
0.587283
0.587283
0.102538
0.957102
0.387095
1.113387
1.392651
1.213522
0.732350
1.006375
1.703236
0.921596
0.311967
1.293723
0.732350
1.828260
1.624129
0.387095
0.269703
0.957104
0.208475
0.208204
0.208211
1.361724
1.501356
1.624129
0.587283
0.208211
0.861009
0.387095
0.861009
0.957102
0.269703
1.351214
1.213522
0.760558
1.896311
1.351214
0.208211
1.561395
0.208211
1.169628
0.861009
1.501356
0.861009
1.054867
0.732350
0.587283
0.102538
1.030239
0.813895
0.921596
0.208211
1.703236
1.828260
1.054512
1.113381
1.361724
0.102538
1.090592
1.703236
1.901224
0.312765
0.813895
1.213522
1.472825
0.208211
0.732350
0.269703
1.758774
1.472539
1.501356
0.732350
1.169628
0.732348
1.896311
0.269703
1.440393
0.861009
1.896311
0.587283
0.311968
1.703233
0.387095
0.311968
1.213522
0.102538
0.102538
0.208213
0.387095
0.208211
1.896311
0.387095
0.387095
0.813895
1.758774
0.732350
0.469447
0.732350
1.440393
1.293723
0.921596
1.561461
0.211511
0.102538
1.361724
0.939808
1.090592
0.102538
1.440393
0.784870
0.587283
0.587283
0.732350
1.759971
0.338582
0.957102
0.732350
0.102538
1.828260
1.361724
0.387095
0.208211
0.208211
0.387095
1.896311
0.208211
1.703236
0.387086
1.293723
0.587283
1.754367
1.054512
0.921596
0.387095
1.703236
0.208211
1.054512
0.813895
0.208211
1.703236
1.392651
0.387095
0.387095
1.472539
0.208211
1.896311
0.732350
1.561395
1.896311
1.213522
0.102538
1.561395
1.703236
1.030073
0.311968
0.469447
0.269703
0.208211
1.213522
1.213522
0.102662
1.506065
1.113387
0.587283
0.208211
1.703236
1.624129
0.813895
0.387095
1.703236
1.561395
1.054512
0.469442
0.208211
1.703236
0.469447
1.703236
1.030073
0.102538
0.208211
0.469447
0.957102
0.208211
0.813895
1.472539
1.361724
1.896311
0.311590
1.808490
1.828260
1.113387
1.254987
0.387095
0.387095
1.703014
1.896311
1.501356
1.828260
1.703236
0.813896
1.440393
0.785269
1.828260
0.469447
0.469447
1.501356
1.624129
0.921596
0.469447
1.624129
0.208211
1.169628
0.260064
1.703236
1.896311
1.440393
0.732350
0.208211
0.286580
1.501356
1.090592
1.758768
0.387006
1.113387
1.896311
0.921596
0.311968
0.102538
1.392651
1.090592
0.219938
0.785269
1.896311
1.703236
1.624129
1.561395
1.169622
0.587283
0.732350
0.000000
1.703236
0.208211
0.587283
0.102538
1.392651
1.006375
0.208211
0.957102
1.501360
1.624129
0.732350
0.921596
0.102538
0.587282
0.587283
0.102538
0.587283
1.501356
0.732350
0.587283
0.269703
1.501356
0.732350
0.785269
0.387095
1.392651
1.030073
0.813895
1.169628
0.921596
0.387095
0.208216
1.006375
0.102538
0.000000
1.561395
1.828260
1.703236
1.006375
0.785269
0.785269
0.772889
1.472538
0.312018
1.703236
1.896311
0.587283
0.469447
0.973141
1.624129
0.587283
1.006375
0.957102
1.113387
0.957102
1.293723
1.828260
0.387095
0.957102
0.785269
0.269698
0.957102
0.957102
0.732350
1.293723
0.208448
0.266158
0.469447
1.501356
1.006375
1.113387
1.169628
1.392651
1.758774
0.311968
1.758774
1.213522
1.113387
0.102538
1.254987
0.269701
1.254987
0.957102
0.387095
0.469447
0.785269
0.586494
1.254987
0.587283
0.587283
1.896311
1.113387
0.387101
0.921596
1.006375
0.387095
1.006375
1.828259
1.213522
0.387095
1.828260
0.208211
0.387095
1.828260
1.113387
1.169628
1.006375
0.206838
0.311968
1.113387
0.382063
1.703236
1.006375
0.469448
0.208211
0.732350
0.469447
0.387095
0.587283
0.957102
1.828234
1.896311
1.561395
0.102538
0.813895
1.169628
1.361724
1.896311
0.732350
0.957102
0.387095
1.472539
0.760438
0.921596
0.469447
1.472568
1.113387
0.387095
0.102538
0.269703
1.392651
0.583789
1.472539
1.828260
1.169628
0.311968
0.311968
0.981156
0.861009
0.208194
0.102538
1.758796
1.254987
1.758774
0.469447
1.091891
0.957102
0.387095
1.293723
0.387095
0.732350
0.208211
0.102538
0.469447
0.957102
0.208211
0.208211
0.587283
1.113387
0.921596
0.813869
0.957102
0.861009
0.311968
0.921596
1.169628
0.732350
0.208211
0.208211
1.293723
1.361724
0.732350
1.624129
0.921596
1.169628
1.472539
0.469447
1.440393
1.392651
1.561395
0.208211
0.587283
1.351214
0.469447
0.957102
1.561395
0.921596
1.030073
1.703236
0.759881
0.269703
0.469447
1.501356
0.208211
0.587283
0.732350
0.732350
1.896311
1.896309
1.254987
0.269703
0.208211
0.732350
0.732350
0.785269
0.957102
1.006373
0.102538
0.468676
0.921596
0.387095
0.208211
0.208211
1.361724
0.861009
1.254987
0.587283
1.472539
1.054512
1.006375
1.896311
0.785269
0.102538
1.785950
0.957102
1.703236
0.208229
1.392651
0.813896
1.703236
0.587283
0.862087
1.213522
0.921596
0.387095
1.703236
1.113387
0.208211
0.963203
1.828260
0.102538
1.293723
0.732350
1.169628
1.090592
1.213522
1.472514
1.113387
0.387095
1.293723
1.896311
0.208211
0.921596
0.469447
1.440393
1.624129
0.269703
0.102538
0.102538
1.090592
0.469447
0.311968
0.957102
0.387095
1.169628
1.703236
0.469447
0.587283
1.703236
0.102538
0.957102
1.828260
1.254987
1.113387
1.703236
1.113387
0.249865
0.763519
1.030073
0.921596
0.106209
0.102538
0.208211
1.896311
1.075216
0.587283
1.213522
1.113387
0.957102
0.208211
0.732350
1.293723
1.254987
1.113387
0.102538
1.828260
0.387095
0.387095
1.896326
1.113387
1.758774
0.921596
1.561395
0.861009
1.213522
0.311968
1.213522
0.732350
1.703236
0.921596
0.102538
0.208211
0.813895
0.208211
1.703236
0.387095
0.957102
0.208211
1.006375
1.392651
1.501356
0.208211
0.469447
1.896241
1.361724
1.472539
1.169628
1.113387
0.469447
1.113387
1.828257
0.102538
0.732350
1.090592
1.254972
0.208211
0.102538
1.113387
0.587283
1.113385
0.921596
0.269702
0.208211
0.861009
1.113387
0.861009
0.469447
1.703236
0.269703
0.760438
0.469447
1.472539
1.213522
0.208211
1.561395
1.703236
1.703236
1.392651
1.828260
1.828260
0.387095
0.469447
0.268685
1.006375
1.254987
1.006375
1.828260
1.623929
0.587283
1.213522
0.732350
1.896311
1.472539
1.828260
1.501356
1.624129
1.896311
0.587283
1.828260
1.828261
1.113387
0.587283
1.113387
1.351157
0.732350
1.361724
0.208211
1.883314
0.469372
1.090592
1.293723
1.030062
0.760439
0.469447
1.832127
0.386818
1.828260
0.921596
0.587283
1.213522
0.269688
1.440393
0.387095
0.102538
0.957102
1.351214
0.957102
0.732350
1.293723
0.208211
0.587283
0.208211
1.561395
1.351214
0.921596
0.587283
0.469447
1.703236
0.102538
1.351214
1.624129
0.469447
0.387095
0.347702
1.703236
1.629863
1.624129
0.469447
0.813895
0.208211
1.828260
1.440393
1.896311
0.587283
1.254987
0.957102
1.213522
1.293723
1.703236
0.208211
0.587283
1.561395
1.090592
0.813895
1.785090
1.113387
0.469447
0.313221
1.361724
1.828260
0.208211
0.208211
0.469447
1.896311
1.169628
0.208211
1.501356
0.469447
0.587283
1.703236
1.828260
1.006375
0.957102
1.561395
1.293723
0.957102
0.785269
1.703236
0.388098
1.030039
1.828260
0.208211
1.113387
1.472539
1.896311
0.387095
0.921596
0.469447
1.254987
1.090592
1.060337
1.561395
0.208211
0.208211
1.561395
1.006375
1.703236
0.732350
0.311968
1.624129
1.293723
0.470926
0.469447
0.587283
1.169628
1.213522
0.311968
0.969631
1.030073
1.472539
1.169628
1.624129
1.703236
1.438850
0.921596
0.921596
0.469447
1.896311
1.440393
1.896311
1.090592
0.102538
0.208211
0.921596
0.861009
1.703236
0.785269
1.392651
1.293723
0.469447
1.090592
0.861009
0.469447
1.213522
0.208211
1.006375
1.361724
0.977233
0.861008
1.392651
1.501356
1.758776
0.861009
0.269884
1.169628
1.361724
1.983358
0.000000
0.102538
0.311962
0.387095
1.293723
1.561395
0.469447
0.587283
0.957102
1.254987
0.102538
0.387095
1.472539
0.269703
0.469447
0.957102
0.208211
1.440393
0.760438
0.813895
0.921596
1.472539
0.102538
1.113387
1.006375
0.469447
1.113387
1.707473
0.208211
1.006375
1.213522
1.361724
1.254987
1.213522
1.561395
0.387095
0.208211
1.351214
0.208211
0.311968
0.469447
0.732350
1.703236
0.732350
1.896308
1.896311
0.311968
0.785269
1.703236
1.561395
0.469447
1.624129
1.624129
1.501356
0.587283
0.957102
0.208211
1.440393
1.293723
1.683326
1.351214
1.896311
0.102538
1.703236
0.208211
0.269703
0.785269
0.813895
0.587283
0.269703
0.102538
1.351214
1.624129
0.469447
1.169628
0.973141
0.861009
0.208211
1.624129
1.090592
1.440393
0.311887
1.703235
1.213522
0.269703
0.921596
1.006265
0.469447
0.732350
1.090592
0.208211
1.113387
1.090592
0.469447
1.501356
0.785269
1.624121
1.293723
0.813895
1.561395
1.828260
1.828265
0.469447
1.351214
1.006375
0.269603
0.311968
1.828261
1.828260
1.624129
0.957102
0.102538
1.030088
1.006375
1.828260
1.361724
1.006375
1.703236
0.813846
0.469447
0.957102
1.561395
0.732350
0.469447
1.351214
1.703236
0.957102
1.703236
1.213522
1.392651
0.387095
1.113387
1.896311
1.711194
1.090592
0.387095
0.102538
0.269703
1.561395
1.113387
1.440395
1.501356
1.254987
1.351214
0.102538
1.351214
0.587282
1.113387
1.501356
0.253110
1.501356
0.921596
1.440393
1.090592
1.703236
1.213522
1.213522
1.896311
1.392651
1.828260
0.387095
1.703236
0.469447
1.213522
1.392651
0.842207
1.113387
1.896311
0.387095
0.102538
1.361724
1.005314
0.732350
1.828260
1.006375
0.387119
0.587283
1.361724
0.208211
1.561395
0.813895
1.472539
0.732350
1.472539
0.311968
0.587283
0.732350
1.837530
1.828260
0.469447
0.269702
0.732350
0.957102
0.469447
1.351214
0.732350
1.825353
1.896311
0.587283
1.392651
1.293733
0.469447
0.208211
1.828260
1.440393
0.921596
1.721005
1.703236
1.351214
1.561395
1.351214
0.921596
1.703236
1.501356
0.387095
0.469447
0.402543
1.561395
0.587283
1.006373
1.896311
1.293723
1.501356
1.501356
0.387095
1.703236
1.624129
0.587283
1.006375
1.169628
0.587283
0.957102
0.587283
0.785269
1.828260
1.828260
0.469447
1.703236
0.921596
1.703236
0.102538
1.828260
1.702784
0.587283
0.469447
0.208211
1.758790
1.703236
0.208211
0.208211
0.208211
1.030073
0.587283
0.469447
1.828260
1.254987
1.624129
1.113387
0.469447
0.387095
0.732350
0.957102
0.732350
1.006375
1.006189
0.208211
0.785269
0.587283
0.469447
1.561394
1.006375
0.207254
1.561395
0.732350
0.785269
1.031796
1.871482
0.102538
1.169628
1.030073
1.828260
0.387095
0.269703
1.361724
0.102538
0.469447
0.921596
0.760439
1.758773
1.472539
1.213522
1.561395
0.469447
1.828260
1.254987
0.387095
1.501356
0.861009
0.208210
0.309414
0.957102
1.896311
1.472539
0.921596
1.828260
0.469447
0.469447
1.896311
1.006375
0.957102
1.440393
0.921596
1.361724
1.169628
0.469447
1.624129
1.169628
1.896311
0.208211
0.311968
0.208211
1.828260
1.561395
0.269703
0.311968
1.030072
0.587283
0.387095
0.102538
0.208211
1.006375
0.469475
0.760438
1.113387
0.921596
1.169628
1.472539
0.957102
1.351214
1.703236
1.703236
1.896311
0.208211
0.387095
1.472539
0.387095
1.254987
0.732350
1.758774
0.732350
0.587283
0.469447
1.090592
0.957102
0.208211
0.957102
1.254987
0.102538
1.561395
1.896311
0.861009
1.896311
0.311968
0.102538
0.311968
1.113387
1.030072
0.587283
0.208211
0.000000
1.758774
0.587283
1.254987
0.587283
0.732350
1.962342
1.090592
1.896276
0.587283
0.921596
1.392651
0.957102
0.957102
0.469447
0.000000
0.387095
0.921596
1.501356
0.587283
1.351214
1.758774
0.921596
1.758774
1.440393
0.957102
0.311962
1.758774
0.732350
1.472539
1.293723
0.218947
0.311968
1.703236
1.896311
0.957102
1.090570
1.561395
1.703236
1.169628
0.310876
1.361724
1.561395
0.185274
1.896311
1.896311
1.113387
0.921596
0.387095
0.587283
0.921596
0.208211
1.758774
1.828260
1.501356
0.861009
0.921596
0.813895
1.254987
1.392651
0.268798
1.703236
1.703236
1.213522
1.624129
0.208211
1.054512
0.861009
0.208211
1.561395
0.387095
1.392651
0.469447
0.387095
0.587283
0.208212
0.208211
0.208211
1.703236
1.113387
1.361724
1.501291
1.561395
0.469447
1.392651
1.828260
0.957102
0.208211
0.269703
1.896311
0.269703
0.208211
1.113387
0.102538
0.732350
1.090592
0.102542
0.102538
1.828260
0.861009
0.208211
0.921596
0.387095
0.387095
0.102538
1.392651
0.387083
1.628839
1.090592
1.501356
0.311968
0.208212
1.440393
0.469447
0.861009
1.113387
1.030036
0.785269
0.813895
1.703236
0.973141
1.006375
0.963179
0.469447
0.587283
1.703236
0.208212
0.861009
1.502107
0.208211
0.587283
0.587283
1.896311
0.208211
0.921596
1.828260
0.208211
1.828260
0.387095
1.828260
1.561395
0.469447
0.208211
1.703236
0.732350
0.587283
0.311968
1.825771
1.254987
1.090592
0.387095
1.169599
1.828260
0.921596
1.561395
1.351214
0.587283
0.469447
0.785269
0.587283
0.921596
0.469447
1.006375
0.208305
0.156958
1.169628
1.827795
0.269751
1.293723
0.102538
0.208211
0.760438
1.828260
1.703236
0.732350
1.361724
0.785269
0.208211
0.269703
0.921596
0.587283
1.213522
0.208211
1.293723
0.957102
1.758774
0.732350
0.313397
1.828260
1.703236
0.760438
0.208211
1.030007
0.861009
1.392651
1.828260
0.921596
1.169628
1.501356
0.813895
0.587283
0.920774
1.213522
1.112077
0.732350
1.440393
1.472539
0.102538
1.896311
0.469447
1.440393
1.113389
0.311968
1.896311
1.113387
1.472539
0.921596
0.469447
1.351214
1.501356
1.006372
0.102538
1.896311
0.000000
1.703236
1.561395
0.813895
0.242550
0.387095
1.293723
1.896311
1.495902
1.006375
0.587283
0.732350
1.828260
1.703236
0.102538
0.861009
0.208211
1.703236
1.703236
1.703236
1.213522
1.703236
1.624129
1.896311
0.813895
0.311968
1.624129
0.469447
0.311968
0.387095
0.311966
0.732137
0.587283
0.387095
1.213522
0.732350
0.208211
0.957076
1.361861
0.760438
1.169628
1.501356
0.208211
1.758774
1.104052
1.831810
1.828260
0.469447
0.469447
0.204052
0.208211
1.351214
1.703236
0.469445
1.213522
0.208211
1.169628
0.311968
0.469447
1.361724
1.703236
1.169628
1.828260
0.732351
0.208211
1.213522
1.561395
1.006375
1.655523
0.760438
0.469447
0.269703
0.732350
0.269703
1.624129
1.361724
0.270840
1.501356
0.587283
1.254987
0.208211
1.113387
1.828114
1.472539
0.208211
1.213522
0.208211
1.472539
0.813895
0.587283
0.269700
0.311968
1.624129
1.561396
1.896194
0.102582
0.469447
0.208211
1.561395
1.351214
1.703236
1.758974
0.311968
0.311968
0.957102
0.102538
0.957102
0.963203
1.392651
1.828228
0.387095
1.896311
0.813895
1.703236
0.269703
1.213522
0.957102
0.785269
0.861009
1.006375
0.957102
1.896311
1.758774
1.896311
0.208211
1.213522
1.090592
0.921596
1.392651
0.208211
1.561395
1.254987
0.311968
1.896313
0.102538
1.361724
1.006375
1.392651
0.387095
0.921596
1.703236
0.311968
0.208211
1.762814
1.501356
1.293723
0.208211
0.957102
0.957102
0.311968
1.896311
1.392651
1.828260
1.703236
0.269703
0.208211
0.813895
0.732350
0.769201
0.469447
1.254987
0.311968
1.703236
0.387095
0.469447
0.208211
1.896311
0.981156
0.921596
1.090592
0.387095
1.920828
0.469447
0.785235
1.501356
0.311969
0.732350
0.587283
1.351214
0.102538
0.102538
1.169628
0.921596
0.208211
0.387095
1.440393
1.703236
1.090592
1.169627
1.113387
0.269703
1.703236
0.861009
0.979589
0.813895
1.501356
0.208211
0.587283
1.501356
1.703236
0.469441
0.208211
0.102538
1.254987
0.587283
0.311968
1.828261
1.293723
0.587283
0.469447
1.501356
0.269703
0.311968
1.113387
0.208211
1.440393
0.921596
1.828260
1.006375
1.213522
1.006375
1.006375
1.828260
1.361717
1.561395
0.921596
0.732346
0.208211
0.387095
1.030111
0.469447
1.703236
1.392651
1.006375
1.896311
1.828260
0.387094
0.587283
0.785269
0.957102
0.469447
1.501356
0.208211
1.703236
0.587283
1.472539
1.006375
1.213522
0.921123
0.102538
1.703236
1.293723
0.785269
0.957102
0.387095
0.208211
0.469447
0.469447
1.113387
0.208211
0.785269
1.758774
0.102538
0.102538
0.861009
1.293723
0.587283
0.469447
0.469447
0.921596
1.896311
0.311968
0.861009
1.828261
0.469447
1.624129
0.732350
1.501356
0.469447
0.587283
0.921596
1.624129
0.269703
1.254987
0.760438
0.469414
0.102538
1.213522
1.758774
1.828260
0.469447
1.896694
1.472539
0.208211
1.703236
0.387095
1.703236
0.921596
0.102538
1.758774
1.113387
1.030073
0.957102
1.169627
0.469447
0.732350
0.921596
0.921596
0.470474
1.828964
1.169628
1.703234
1.501356
1.361724
0.208211
1.440393
0.861009
0.587283
0.587283
1.440393
1.090592
0.208211
1.758774
1.703236
0.587283
1.113387
0.813895
0.587283
1.293723
0.587283
0.921596
1.703236
1.213522
1.624129
0.587283
0.208211
0.208211
0.208211
0.387095
1.010371
0.587283
0.760438
0.311968
1.392651
1.472539
1.440393
1.758756
0.469447
1.213522
1.293723
1.624129
1.703236
0.587283
1.767692
1.758774
0.732350
1.703236
1.831928
1.828260
1.113387
1.703236
1.113387
1.169628
1.896311
1.213522
1.703236
0.754673
1.006322
0.387095
1.113387
0.000000
1.169628
0.208211
1.006375
0.732350
0.861009
0.311968
0.769163
0.587283
1.703236
1.624129
1.472539
0.769392
0.587283
0.861009
1.440393
0.587283
0.208211
1.392651
1.703236
1.700423
1.006333
1.392651
1.703236
0.587283
0.102572
1.293723
1.896312
1.703236
0.957102
1.623850
0.270021
0.813895
0.587283
1.703236
1.361724
0.587283
0.208211
0.469447
0.469447
1.501356
0.208211
1.440393
1.392651
0.957102
1.896311
0.469447
0.387095
1.970391
0.732350
1.030073
1.896311
0.208211
1.896311
1.703236
1.828198
1.254987
0.102538
1.624129
1.361724
0.813895
0.102538
0.387095
0.387095
0.981161
0.785269
1.440393
1.113387
1.440393
0.102538
0.587283
1.624129
1.293723
0.208202
0.587283
0.587283
1.293723
0.269703
0.380604
1.361724
1.703236
0.387095
0.208211
0.387095
1.896311
0.208211
0.469447
0.469447
0.469447
0.732350
0.469447
1.561395
1.254987
1.896294
1.561416
0.760431
1.213522
0.809260
0.921596
0.587283
0.469447
1.896311
1.213522
0.311968
1.254987
0.208211
0.921596
0.732350
1.090592
1.624129
0.102538
1.828260
0.469447
0.388038
1.113387
0.311968
0.587283
0.732350
1.703236
1.254987
0.588912
0.732350
1.213522
1.440393
0.957102
0.957102
0.587283
0.813896
1.896311
0.587283
1.113387
1.254987
0.208211
0.587283
0.732350
0.813895
1.113387
0.587283
1.169628
1.501357
0.208211
1.624129
0.208211
0.208211
1.113387
1.475834
0.987650
0.311968
1.361724
1.748724
1.361724
0.387095
0.469447
0.208211
1.703236
1.828260
0.268541
1.254987
0.469447
0.208211
1.293723
0.469447
1.472539
0.813895
0.587283
0.469447
1.006375
1.293723
0.760438
1.561395
1.213522
0.469447
0.861009
0.813895
1.896311
0.921596
1.472539
1.361724
0.387095
1.758078
1.472539
0.732350
0.102538
0.973141
0.785269
0.469738
1.896311
1.758774
0.268574
1.828260
1.561395
0.208211
0.208232
1.897327
0.785269
0.587283
0.208183
1.896311
1.006375
1.213522
0.208211
1.392651
0.102538
1.704237
0.208211
0.861006
1.293723
0.861009
0.813895
0.760438
1.169628
1.213522
1.896311
0.311968
0.102538
1.351214
1.474793
1.440393
1.396560
1.006375
1.090592
0.102538
0.208211
0.921596
0.311968
1.896311
1.113387
0.587283
0.813895
0.311968
1.703263
0.387095
1.113387
0.957102
0.813895
0.387095
1.361724
0.208211
1.090799
0.957102
1.090592
1.169627
0.102538
0.813895
1.254987
1.361724
0.587283
1.030039
0.957102
1.323423
1.896311
0.102538
0.813895
1.561396
0.387095
0.208211
1.113387
0.208211
0.773265
1.392651
1.351214
0.861009
0.860475
1.703236
0.269703
0.732350
0.732350
0.921596
1.006375
1.896311
1.889450
0.208211
1.703236
1.293723
0.208420
1.293723
1.351214
1.828260
1.828260
0.387095
0.732350
0.813895
1.361724
1.898566
0.387103
1.703236
1.896311
1.828260
1.624129
0.861009
0.269703
0.861009
1.828527
1.254987
1.006375
0.861009
1.169626
0.587283
1.113387
0.469447
1.392651
0.269679
0.212937
0.469447
1.392651
1.293723
0.469447
0.587283
1.896311
0.469466
1.440393
1.254987
1.392651
1.703236
1.501356
1.213522
0.387095
0.387095
0.587283
1.213522
1.624129
0.208211
1.030073
1.828260
0.102538
1.561395
0.105131
0.587283
0.102538
0.957102
1.703236
0.268201
0.732350
0.813895
0.102538
1.896311
1.828260
1.561395
1.361724
1.561395
0.208211
0.587283
0.387095
1.169628
1.501356
0.979599
0.102538
1.501356
1.896311
0.208211
0.587283
1.896310
1.703236
1.361724
0.861009
1.624129
1.828260
0.102538
1.113387
1.006375
1.213522
1.828260
0.979589
1.758774
1.624129
0.921596
0.469447
0.102538
0.387095
1.758774
1.501356
1.169628
0.469447
1.113387
1.703236
0.587283
1.213522
1.828260
0.921596
1.006375
0.269703
1.703236
0.760438
0.102538
0.813895
0.102538
0.208211
1.828260
1.113387
1.561395
0.269703
1.015368
1.501356
1.828260
1.169628
0.208211
0.921596
1.113387
1.828228
0.269702
0.785269
0.760438
0.921596
0.387095
1.703236
1.703236
0.732350
0.102538
0.813895
1.351214
1.896311
0.957102
1.703236
0.102538
1.828260
1.770441
1.624118
1.828260
1.361724
0.807743
1.501356
1.472539
1.351214
0.102538
0.760438
1.561556
0.370567
1.392651
0.732350
1.896311
1.896311
1.758774
0.861009
1.827967
0.732350
0.587283
0.732350
1.828260
1.361724
0.813895
1.472539
0.813895
1.213522
1.472476
0.387095
0.861009
0.269703
1.090592
0.587283
0.861012
1.703236
0.921596
1.293723
1.213522
1.090592
1.006375
0.469447
0.274843
0.587283
1.361724
1.361724
1.624129
0.208211
1.006375
1.561395
0.102538
0.957102
1.351214
0.208211
1.703236
0.921596
0.587283
1.113387
0.587283
1.501356
0.387095
1.759049
0.587283
0.208211
1.392651
0.469447
1.030046
1.703236
1.113387
1.896312
0.311968
0.957102
1.624129
0.102538
0.587283
0.813895
1.828260
0.102538
0.813808
1.440393
0.387095
0.957102
1.213522
1.361724
1.828261
0.813895
1.010167
1.758774
1.392651
0.861009
1.090592
1.896311
0.861009
0.208211
1.624129
1.703236
1.703236
1.254987
0.102538
0.587283
1.293723
0.269519
0.861009
0.269814
0.208211
0.963203
1.561395
0.469447
0.469447
1.501356
1.830241
1.703236
1.854435
1.006375
0.208214
0.102538
0.259394
1.703236
1.561395
1.472540
1.703236
0.102538
1.703236
1.828260
0.760438
0.921596
0.760438
1.006375
0.587283
0.785269
1.501356
1.361724
0.732350
0.469447
1.896311
0.102538
1.703236
1.703235
1.293723
1.896311
1.624129
0.813895
1.703236
0.785333
1.561395
0.587283
0.208211
1.213522
1.392651
1.472539
0.735189
0.102538
1.361724
1.828260
0.469447
0.388579
1.828260
0.208211
1.501356
0.208211
0.387095
1.293723
1.361724
1.561395
1.090592
0.102538
1.113387
1.808841
1.213522
1.828260
1.440393
1.254987
1.006374
0.387095
0.208211
0.785269
0.469447
1.703236
0.311968
0.134655
0.208211
1.703236
1.624129
0.000000
0.957102
0.208211
1.896302
1.169628
0.208211
1.169628
0.587283
0.102538
0.957102
1.896311
0.587283
1.351214
1.361724
1.828260
1.169628
0.469447
1.703236
0.587283
1.624432
1.472539
1.575817
1.896311
1.896311
1.624129
0.861009
0.102538
1.254987
0.469447
0.311968
1.293723
1.213522
0.269703
0.469447
0.732350
0.469447
0.387095
0.208211
0.813895
0.208211
0.587283
0.387095
0.000000
0.760438
1.113387
1.472539
0.000000
1.293723
1.896311
1.828260
1.703236
0.587283
0.469447
1.113387
0.861009
1.254987
0.973139
1.624129
0.785269
0.973141
1.392651
1.501356
0.587283
0.921596
0.311968
0.957102
1.293723
1.169628
0.587283
1.896311
0.208211
0.208211
0.957102
0.587283
0.813895
1.561395
1.828260
1.561396
0.587283
1.624129
1.254987
1.561400
0.269703
1.113387
0.957105
0.208211
1.501356
1.392651
1.440393
1.758315
0.587283
1.293723
0.587283
0.469447
0.921596
0.311968
1.213522
1.361724
0.587283
0.269703
0.269703
0.732350
1.828260
0.813895
1.758774
1.561395
0.387095
0.311968
0.269703
0.813895
1.703236
1.440393
1.896311
1.896311
0.311974
1.006375
0.469447
1.006375
0.208211
1.828264
0.921596
1.561395
0.469447
0.587283
0.311968
0.587283
0.587283
1.501356
0.208211
1.392651
1.561395
0.387095
0.813895
1.472541
1.113387
1.254987
1.561395
1.828662
0.587283
0.587283
0.208211
0.587283
1.361724
0.208211
0.208211
1.624129
1.896311
1.501356
0.587283
1.896311
1.758772
1.030073
0.387095
0.785269
0.387095
1.293723
0.208211
0.469447
1.828260
1.896311
0.311968
0.587283
1.703236
0.387095
0.387095
0.387095
0.313477
1.561395
1.293723
0.732350
1.472539
0.208211
0.387095
0.387095
0.469447
0.861009
0.587283
0.387095
0.469447
1.006375
0.254188
0.208211
1.472539
0.387095
0.387095
0.387095
1.006375
1.703236
0.469447
0.387095
0.861009
1.560727
1.501356
0.921596
1.758794
0.469447
0.102538
1.501356
0.587283
1.501356
0.587283
0.469447
0.208211
1.703236
1.351214
1.896311
1.293723
0.921596
1.361724
1.561395
1.758774
0.973141
1.561395
0.587283
1.440393
0.587283
0.469447
1.213522
0.208211
0.469447
0.387095
0.208211
0.102538
1.896311
0.469447
0.587283
0.861009
0.587283
1.896311
1.293723
1.472539
1.351214
0.208211
0.387095
1.113387
1.090592
0.978754
0.469447
1.828260
0.921596
0.387095
0.957102
0.387095
0.732350
1.361724
1.640738
0.587283
1.392651
1.624129
1.440393
1.351214
0.469447
0.785269
1.703237
0.102538
0.957102
0.861009
0.469447
0.861009
0.208211
0.784521
1.361724
1.896306
0.785269
0.732350
0.469447
1.169628
1.254987
0.102538
0.587283
1.361724
1.561395
1.624129
0.921596
1.392752
1.703236
1.501356
0.861009
0.311968
1.896311
1.472539
1.392651
0.208212
1.016492
1.030078
1.894895
0.921596
1.624129
0.760438
1.828260
0.208211
0.469447
0.208211
0.732350
1.703236
1.030072
1.703234
1.293723
1.113387
0.208211
0.732350
1.293723
0.169089
0.208212
1.090592
1.703236
1.361724
0.208211
0.102538
1.113387
1.758774
0.587283
1.896311
0.957102
0.785269
1.472539
0.469447
0.760438
0.469447
0.587283
1.561395
1.703236
1.472539
1.501356
0.208211
0.208211
0.732350
1.703236
1.561395
0.208211
1.113387
0.861009
1.090592
0.785269
1.561395
0.208211
1.293723
0.387095
0.732350
1.703236
0.587283
1.006375
0.587283
1.501356
0.387095
0.102538
0.387095
1.896310
0.732324
1.392651
1.703236
0.921596
1.624129
0.311968
1.213522
0.102545
0.465643
0.311940
1.896311
1.501356
1.293723
1.293723
0.102538
0.311968
1.758774
0.469447
1.501356
1.293723
1.828260
0.957102
0.102538
0.469447
0.957102
1.703236
1.472539
0.760438
1.828260
1.293723
0.208211
1.624129
1.440393
1.090592
0.785269
0.587283
0.587283
0.785269
1.703236
0.208211
0.469447
0.387095
1.361724
1.060182
0.732350
1.293723
1.472539
1.440393
0.208211
0.102538
0.208211
1.113387
0.208211
0.732350
1.392651
0.587283
1.501356
0.587283
0.760438
1.561395
0.387095
1.030073
1.561395
1.113387
1.293723
1.501356
1.113387
0.587283
1.828261
1.703236
1.213522
0.957102
0.208211
1.090592
0.469447
0.785269
1.006375
1.213522
0.208211
0.311968
1.703236
1.896311
1.561395
0.102538
0.260130
1.293723
1.293723
1.561395
0.269703
0.587283
1.090592
1.703236
0.269701
0.311968
1.758774
0.208211
0.469447
1.113387
1.501356
1.758294
1.440393
1.169628
1.472539
0.102538
0.921596
0.861009
0.813895
1.361724
0.469447
0.813895
0.921596
1.090592
0.208211
1.096422
1.624129
0.732350
1.213522
1.440393
1.624038
0.387095
1.254987
1.758767
1.213522
1.169628
1.501356
0.208211
0.921596
1.254987
0.973139
0.813895
0.469447
1.169628
0.760438
1.006375
0.921596
1.561395
0.861009
1.254987
1.392651
1.113387
0.208211
1.113387
1.501356
0.387095
1.361724
0.102538
0.102538
1.472539
1.169628
1.703236
1.351214
0.311968
1.254987
0.760438
1.392651
0.387095
0.208211
0.269703
1.213522
0.587283
0.387095
0.921596
1.213522
0.587283
0.587283
0.469449
1.351214
1.006375
0.208211
1.828260
1.254987
1.392651
0.813919
1.361724
0.921596
0.387095
0.387095
0.921596
1.828260
1.896311
0.587283
0.732350
1.113387
1.561885
1.472539
1.293723
1.006375
0.208211
0.957102
0.957102
1.561395
0.587283
1.293723
1.703236
1.361724
1.501356
0.587283
1.703543
1.828260
0.102538
1.113387
1.293723
0.387095
0.102538
1.561395
0.387095
1.472539
0.921596
0.387095
0.813895
0.311968
0.760438
1.440394
1.440393
0.861009
1.561395
1.169620
1.703236
0.957102
1.703236
0.469447
1.896311
0.102538
1.351214
0.387095
1.361724
1.501356
0.957102
0.387095
0.732350
1.254987
1.440393
0.813895
1.006375
0.587283
1.896311
1.896311
1.361724
1.030073
1.703236
0.861009
0.387083
1.758004
1.392651
1.501356
1.758774
0.957102
0.387095
0.269703
1.703236
0.732350
0.311972
1.501356
0.587283
1.293723
0.102538
0.732350
1.827870
0.387095
0.102538
1.561395
1.561395
0.732350
0.387095
1.254987
0.469447
1.351214
0.587283
0.102538
0.813895
0.587283
1.113387
0.208211
0.469447
0.861009
1.490988
0.208211
0.208211
0.587283
1.213522
1.472539
1.703236
0.387095
0.469447
0.921596
0.311791
0.732350
1.392651
0.310732
1.293723
1.703236
1.254987
0.102538
1.090592
1.361724
0.311968
0.921596
0.102538
1.561395
0.732350
0.208211
0.861009
0.387095
1.472539
1.361724
1.254987
1.703236
0.732350
0.785269
0.269703
0.311968
1.030073
0.387095
1.901588
0.269427
1.828260
0.814008
0.208211
0.732350
0.269703
0.957102
0.957102
1.005608
0.387095
1.472539
1.213522
1.703236
0.732350
0.921596
0.269702
0.978932
1.828260
0.587283
0.760443
1.440393
1.501356
1.703236
1.896253
1.169628
1.561395
0.469447
1.828260
1.896311
0.211563
0.760438
1.293723
1.090592
0.387095
0.921596
1.488412
0.387095
1.879522
1.293723
1.501320
0.469447
0.208211
0.311968
1.361724
1.113387
0.208211
1.624129
0.187344
0.785269
1.896311
0.921596
0.311968
0.208211
0.760438
1.896311
0.387095
0.957102
0.208211
0.269703
0.208219
0.311968
0.587283
0.587283
1.169628
1.703236
0.921596
1.213522
1.828260
0.587283
1.213522
0.102538
0.469447
0.387092
1.213522
0.732350
0.921596
1.169628
1.703236
1.896311
1.720284
1.828260
1.440393
1.351214
0.269703
1.351214
0.469447
0.469447
1.113387
1.501356
1.254987
1.896311
0.739978
0.469447
1.293723
1.293723
0.921596
1.113387
0.732350
1.624129
1.361724
0.957102
1.293723
1.351214
0.222927
1.896060
0.587283
0.311968
1.392651
0.208211
0.102538
0.957102
1.896311
1.758774
0.311968
0.387100
1.703236
0.208211
0.587283
1.703236
0.387095
0.102538
1.896311
1.703236
0.208211
0.469447
1.561395
0.208211
0.208211
1.703561
1.561395
0.861009
0.387095
0.921596
1.213522
0.813895
0.587283
0.208211
1.624129
1.896311
1.828260
1.703236
0.102538
0.208211
0.732350
0.764466
0.387095
1.561395
0.921596
1.703236
1.392651
1.703236
1.392651
0.957102
1.703236
1.501356
0.311968
1.703236
1.006375
1.896311
1.703236
0.921596
0.760438
0.208211
0.973139
0.102560
1.113388
0.269703
1.624129
1.030073
1.165245
0.760439
0.387095
0.760438
0.387095
1.440393
0.469447
0.732350
0.208211
0.587285
1.213522
1.624129
1.897691
0.993596
0.311968
0.208211
1.113375
1.006375
0.102538
0.732350
1.501356
1.169628
0.921593
0.957102
0.385505
0.469447
0.813895
1.501356
0.732350
0.957102
1.828260
0.312907
0.587283
1.501379
1.703236
0.957102
1.624129
1.828260
1.561395
0.760438
0.957102
0.469447
0.102538
1.293723
1.624129
1.361743
1.828260
0.208211
1.351333
1.896311
1.351214
1.828266
0.587323
1.113387
0.813895
0.208211
1.630090
1.254987
0.813895
1.703236
0.208211
1.113387
1.392651
0.469447
0.387095
1.703236
1.703236
0.732350
0.469447
0.957102
0.311968
0.387095
1.030073
1.472539
1.113387
1.828942
0.102538
0.102538
0.813895
0.957102
1.561395
0.469447
0.469653
0.269393
0.587283
0.957102
1.213522
0.208211
0.469447
1.213522
1.703236
1.561395
0.208211
0.387095
0.208211
1.501356
1.113387
0.208211
1.213522
1.254987
0.587244
0.208211
1.704013
1.392651
0.921596
1.006189
1.293723
0.102538
0.208211
1.113387
0.957102
0.269703
0.732350
1.560144
1.896311
0.469447
0.208211
0.957102
1.392651
0.208211
0.102538
1.213522
1.090592
1.361724
1.169628
1.361724
1.392651
0.208211
1.427834
0.208211
1.113387
1.440393
1.896311
0.311968
0.469447
0.732350
0.387095
0.921596
1.440393
0.387095
1.293723
1.896311
0.921596
1.392651
0.957102
1.006375
0.587283
0.387095
1.113387
1.501356
1.169628
0.208211
1.896311
0.208211
0.208211
0.587258
0.760442
1.501356
0.732350
1.769293
0.469447
1.501356
1.392651
1.213522
0.469447
1.293723
1.254987
1.758774
1.392651
0.785269
1.561395
1.624129
1.472539
0.732350
0.813896
1.624131
0.732232
1.703236
0.469447
1.113387
1.624129
1.703235
1.758774
1.896311
0.581959
1.890270
1.703236
1.896311
0.469447
0.760438
0.469447
0.387095
1.006101
1.896311
1.828260
0.387095
0.208214
0.387095
1.090592
1.006375
0.387095
1.561395
0.208211
0.102538
0.269703
1.703236
1.113387
1.561395
0.208211
1.090592
0.217478
0.811923
1.703236
0.587283
1.169628
1.169628
0.469447
0.102538
0.208211
0.957102
0.469447
1.169628
0.387095
1.703263
1.561395
0.587283
0.587283
1.113387
1.254987
0.861012
1.006375
0.269703
1.828139
1.501356
0.760438
1.703236
1.351214
1.030266
1.828260
0.921596
0.813895
1.361655
0.587283
0.587283
0.387066
0.208211
1.896311
1.896311
1.703236
0.732350
1.169519
1.896311
0.732349
1.254987
1.896311
1.703236
0.861009
0.387095
0.861009
1.561395
0.957102
1.703236
1.561395
1.758794
0.469447
1.561395
0.269703
1.703236
0.311968
1.113387
1.213522
0.760438
0.208211
1.392651
0.469447
1.703236
0.957102
0.732350
0.587283
1.090592
0.208211
1.828260
0.469447
0.813895
0.760438
1.254987
0.921596
0.732350
0.311968
1.828260
0.211635
1.703236
0.785269
0.269703
1.624425
1.501356
1.030073
0.387095
0.208211
1.896310
1.169628
0.760607
0.387095
1.351214
1.703244
0.208211
1.361724
0.921596
0.813890
0.387095
0.311968
1.758774
1.561395
1.113387
1.472539
0.861009
1.828207
0.469447
0.102538
1.828260
1.896311
1.896311
1.254987
0.921596
1.772519
1.866245
1.828260
1.169627
0.104172
0.269703
0.732350
1.213522
1.896311
1.703236
1.828260
0.102538
1.006170
0.312006
1.828260
0.921596
0.921596
1.757918
1.254987
1.254987
1.624129
0.311968
0.208215
1.501356
0.208211
0.973141
1.006375
0.102538
1.030254
1.758774
0.387095
1.703236
1.703236
0.208211
1.113387
0.311968
1.169628
0.208211
1.828260
0.957102
0.732350
0.387095
1.828260
0.732350
0.102538
0.813895
0.587283
1.440393
1.254987
1.361724
0.469447
1.392651
0.000000
0.469447
0.208211
1.703236
0.813895
0.311968
0.387095
0.732350
0.921596
1.896311
0.921596
1.895731
1.113387
0.269703
1.213522
0.921596
0.311968
1.113387
0.269702
1.702312
1.501356
1.624129
1.896311
0.861009
0.208211
0.387095
0.387095
0.732361
1.828260
1.090590
1.169304
0.469447
0.921596
1.254987
0.587283
1.293723
0.921596
0.732350
0.469447
0.208211
1.361724
1.561395
1.758826
0.921596
1.361724
1.828260
0.957102
0.861009
1.561395
0.208216
0.469447
1.293723
1.703236
1.624129
1.703236
1.703778
0.957102
1.702770
0.102538
1.703239
1.703236
0.587283
1.254987
1.624129
0.102538
0.921746
0.208211
1.090579
0.269830
0.813895
1.501356
0.921596
0.269703
1.828260
0.208211
0.957102
0.208211
0.587283
1.254987
0.208211
1.472539
0.813895
0.813895
1.703236
1.006189
0.732350
1.293723
0.469447
1.624129
0.269703
1.440393
1.501358
0.921596
0.102538
0.208211
0.587283
1.828260
1.896311
1.703236
1.896312
1.758774
1.169628
0.469447
0.813895
0.469447
1.472539
1.351214
1.113387
1.703236
0.311933
1.392651
1.703237
0.460992
0.102538
0.387095
0.957102
1.361724
0.102538
0.208211
0.102538
1.703236
0.311968
0.469447
0.387095
0.813895
1.822555
1.472539
1.828260
1.254987
1.624129
0.732350
1.703236
0.469456
1.501356
0.208668
1.006375
0.208211
0.208211
1.703236
0.311968
0.469447
1.828260
1.624129
1.293723
0.102538
0.731600
1.293723
0.387095
1.828260
1.828271
1.624127
1.501356
0.469447
0.732350
1.828260
0.587283
1.113379
0.957102
0.208211
1.113387
0.269703
0.387095
0.387095
1.561395
0.208211
1.113387
0.387095
1.896311
0.387095
0.208211
0.732350
0.102538
0.732350
1.828260
0.861009
0.732350
1.561395
1.983358
1.703236
0.208211
1.087744
1.703236
1.113387
1.834448
1.703236
0.312220
0.469447
1.113387
0.265796
0.585900
0.208211
1.169612
0.208211
1.006375
0.784902
1.006189
0.587279
1.896311
1.169628
0.208211
0.587283
0.208211
0.785269
1.758774
0.587283
0.102538
0.208211
0.208211
0.732350
1.293723
1.090592
1.624129
1.896293
1.472539
0.587283
0.208211
1.472539
0.813895
0.268459
0.921596
0.732350
0.469447
1.293459
0.102538
0.102538
1.896311
0.208211
1.361724
0.587283
0.387095
1.896311
0.957102
0.102538
1.254987
0.732350
1.006375
1.624129
0.387095
0.311968
1.501356
0.921596
0.957102
0.469447
1.703236
0.957102
0.208211
1.090592
0.732354
0.208211
1.891460
1.113387
1.561395
0.587283
0.921596
1.561395
0.921596
0.861009
0.102538
0.387095
0.760438
1.703236
0.587283
1.758774
1.090592
1.293723
1.982838
1.361724
1.113387
0.921596
1.293723
0.921596
1.561395
0.861009
1.293723
0.102538
0.000000
0.208211
1.293723
1.703236
1.703236
1.351214
0.587283
1.472539
1.624324
1.113387
0.732350
1.561395
1.113387
0.208211
1.828260
1.030073
1.361724
1.006375
1.896311
1.169662
0.208211
1.254987
0.587283
0.387095
1.090592
1.057982
1.090592
0.102538
0.269703
1.561395
0.387095
0.469447
0.102539
1.624129
1.896311
1.392651
0.102538
1.440393
1.213522
0.311968
0.921596
1.828151
0.921596
1.472539
1.896311
0.587283
1.484644
0.760438
0.921596
1.703258
0.469447
0.957102
1.472539
1.703236
1.392651
1.703236
0.469447
0.957102
1.213522
1.392651
0.921596
0.208214
1.006375
0.732350
1.758774
1.213522
0.469447
0.311968
1.561217
1.254987
1.006375
0.208211
1.758787
0.587283
1.169628
1.703236
1.561395
0.386864
0.587283
0.972716
1.472539
1.361724
0.269703
1.828260
0.208211
1.624344
1.213522
0.469447
0.732350
0.311968
1.624129
0.311968
1.561395
1.896311
1.213522
0.102538
0.311968
1.714562
0.921596
1.561395
0.102538
0.387095
0.587158
0.921596
0.921596
1.703236
0.957287
0.760438
1.213522
0.102538
1.213522
0.208211
1.769502
1.294002
0.785104
1.293723
1.090592
1.113387
1.828260
1.758774
0.957102
0.587283
1.472539
0.387095
0.973141
1.501356
0.102538
1.501356
0.469447
1.758774
1.113387
1.213522
1.706312
1.293723
1.361724
1.828260
0.387095
0.387095
0.102538
0.587283
0.469447
0.921596
0.469447
0.732350
1.472539
0.103070
1.361724
0.469447
1.254987
1.896271
0.102538
1.472487
0.963203
1.213522
1.896312
1.624129
0.469447
1.828260
1.293723
0.208211
1.254987
0.387095
0.587283
0.469447
0.921596
0.208211
0.861009
0.469447
0.921596
0.387095
0.785269
0.860869
0.861009
0.311968
0.921596
0.469447
0.312616
0.469447
0.387095
1.703236
1.113387
0.921596
1.624129
0.861009
0.760438
1.896311
0.587283
1.293723
1.351214
0.957102
0.208211
0.208211
0.102538
0.102538
0.813895
0.957102
1.440393
1.703236
0.732350
0.732350
0.469447
1.361724
0.813895
0.387095
0.973141
1.169628
0.587283
1.896311
1.361724
1.113387
1.213522
0.208211
0.587283
0.587283
0.469447
0.957102
0.387116
0.784931
0.387095
1.703236
0.311968
0.469447
1.561395
1.392651
1.758774
1.113387
1.113387
0.732350
0.921596
1.758772
0.469447
1.392680
1.293723
0.921596
0.208211
0.102538
0.861009
0.311972
1.090592
0.208211
0.208211
1.440394
1.293723
1.169628
1.501356
0.587283
1.703236
0.387095
0.469447
1.896311
0.587283
0.208212
1.361724
0.921596
1.896311
1.896311
0.387095
1.561395
1.169628
1.896311
0.208211
0.861009
0.587283
0.208211
0.469447
1.213522
1.006375
1.090592
1.896311
0.732350
0.102538
0.208211
0.269703
0.587283
1.828260
0.469447
1.090592
1.758774
0.861009
0.102538
0.785269
1.896311
0.208211
1.361724
1.254987
0.513337
0.587283
1.351214
0.208211
0.732350
0.387095
0.208211
0.208211
0.469510
0.760438
0.102538
0.469447
1.758774
1.703236
1.213522
0.469447
1.896311
0.469447
0.469447
1.828260
0.469447
0.208211
0.387095
1.630996
1.293723
0.785269
1.501356
0.387095
0.957102
0.469447
0.587283
1.561395
0.732350
1.758774
0.311968
0.587283
0.469447
1.472539
0.587283
0.269703
0.208211
1.392651
0.861009
0.269703
0.208211
0.208211
0.813895
1.113264
1.090592
0.387095
0.208211
0.469447
0.102538
0.587283
1.703236
1.392651
1.090592
0.208179
0.102573
0.387095
0.311968
1.056716
1.703236
0.102538
0.387095
1.254987
1.090592
1.361724
1.561395
1.624129
1.828260
0.732350
1.561395
0.469447
1.440393
1.896311
0.921596
0.587283
1.293723
1.561395
0.387095
0.469447
1.828260
0.587283
1.440390
1.361724
0.785269
0.732350
0.732350
0.208246
0.102538
0.387095
0.102538
0.469447
0.253822
1.838642
0.208211
0.387095
1.392651
1.472539
0.269703
1.006375
0.208285
1.030073
0.469447
1.392651
1.624129
1.351214
0.921596
1.758768
0.860942
1.561395
0.785269
1.113387
0.387095
0.387095
0.208211
0.861009
0.813895
0.269707
0.311968
0.813895
1.293723
1.828134
0.732350
1.005097
0.861009
0.208211
1.758774
0.469447
0.732350
1.048310
0.587283
1.005619
1.472539
1.090592
1.213522
0.269663
0.586185
1.758774
1.212872
1.169628
1.758772
1.703236
1.561277
0.921596
1.828260
1.501356
0.311968
1.703236
0.813895
1.703236
0.208211
0.813895
1.113387
0.311968
0.813895
1.980865
0.387095
0.587283
0.921596
0.208211
1.361724
0.312467
0.265298
1.392583
0.102538
1.828260
1.090592
1.703236
1.703236
0.957102
1.472539
0.387095
0.957102
0.587283
1.896266
0.469447
1.440393
0.469447
1.472545
0.861009
1.254987
0.208211
1.254987
1.896311
0.208211
0.587283
0.469447
0.469447
1.561395
1.006375
0.208211
0.208231
1.896311
1.392651
0.469447
0.387095
0.587283
1.896311
0.963203
0.957102
1.896311
1.254987
0.469447
1.503628
0.106253
1.213522
1.896311
0.813895
1.254987
0.760438
0.269703
1.758774
1.703236
1.006375
1.440393
1.896311
1.624126
1.472539
1.703236
0.921596
1.758774
0.957102
1.361724
1.912054
1.472539
0.387095
1.293723
0.208211
1.293723
1.703236
0.387095
0.469447
1.561395
0.469447
0.469447
0.785269
1.703236
1.896311
1.501356
0.264007
0.469447
0.469447
0.861009
1.677060
0.813895
1.472539
0.469447
0.469447
0.587283
0.861009
1.213522
0.587283
1.896311
0.957102
0.732350
1.169628
0.269703
1.293723
1.703236
1.624129
1.169628
0.732350
1.293723
0.102538
1.113387
1.169628
1.361724
1.624129
0.587283
1.703236
0.957102
0.921596
1.254987
0.469447
0.957102
1.828260
1.703236
0.469447
0.469447
0.732350
1.828260
0.738358
0.587283
0.957102
1.090592
1.703236
1.030073
0.973141
1.006375
0.247671
0.921596
1.169628
1.293723
0.102538
1.828260
1.213522
1.561395
0.311968
0.587283
1.293723
1.828260
1.392651
0.469447
1.501356
0.269703
1.169628
0.469447
1.006375
0.921596
1.501356
1.030073
0.307558
1.867331
1.703236
1.758774
0.208211
1.090592
1.113387
0.311968
0.387095
0.311968
0.311968
1.895913
0.269235
1.254987
0.102538
0.387095
1.501356
0.813895
0.469447
1.703236
1.113387
1.703236
1.758772
0.269479
1.828260
1.113387
1.113387
0.102538
1.169628
0.813895
0.387095
1.113387
0.469447
1.703236
0.269697
1.006375
0.921596
0.208211
0.208211
1.113387
0.785269
1.703236
0.208211
1.006375
0.208211
0.732350
0.921879
1.030073
0.587283
1.703236
0.269703
0.957102
0.102538
1.472539
0.469447
1.624129
1.254987
1.112041
1.006375
1.896311
1.169628
1.361724
0.732350
1.896311
0.102538
0.813895
0.469447
0.957102
0.469447
0.387095
0.267905
1.213522
1.828470
1.472539
0.329795
1.703236
0.469447
1.213522
0.387095
1.361724
0.469447
1.703236
1.561395
1.090591
0.732350
1.090592
0.208211
0.208211
1.361724
0.102538
0.387095
1.828260
1.828260
0.208211
0.957102
1.090592
1.254987
1.351214
0.469447
0.208211
1.624129
0.734638
0.102538
0.387095
0.587283
0.208223
0.208211
0.102538
0.208211
0.469447
0.311968
0.387095
1.703236
1.361724
1.090592
0.921596
1.896311
1.254987
1.828260
0.208211
0.102538
0.731696
0.208211
0.760483
1.501356
1.561395
1.624129
0.469447
0.587283
0.957102
0.387095
1.113387
0.587283
0.921596
0.732350
0.311968
1.703236
1.828260
0.269675
0.957102
1.828260
0.387095
0.587283
1.561395
0.469447
1.006375
1.501356
0.732350
0.387095
0.208211
1.392651
0.785269
1.703236
1.896311
0.387095
1.113387
0.957102
0.102538
1.828260
1.501356
1.113387
1.758774
1.501356
1.828260
0.311968
1.624129
0.269703
1.828260
0.102538
1.624129
0.268928
0.921596
1.293723
1.293723
0.587283
0.420114
1.896311
0.269703
0.921596
0.963203
0.268300
1.896311
1.113387
1.896311
1.392651
0.311841
0.387095
1.758774
1.440393
0.469447
1.006375
0.587283
1.501356
1.561644
1.896311
0.587283
0.208211
1.090592
1.213522
0.311968
1.501356
0.208211
1.896309
1.501356
1.896311
1.828260
1.213522
0.957102
1.090592
0.760438
1.030073
0.208211
0.308916
0.469447
1.254987
0.276004
0.760438
0.921596
1.361724
1.169628
0.732350
1.624129
1.828260
0.210964
0.587283
0.921596
0.312072
1.412694
1.561395
1.703236
1.254987
0.963205
1.030073
1.440393
1.561395
1.006374
0.760438
1.703236
1.254987
1.828260
0.921596
0.760438
0.587283
0.269524
1.254987
0.760438
0.469447
1.392651
0.208211
0.813895
1.896311
0.732350
1.293723
0.387095
1.896289
1.703236
0.469447
1.703236
0.311968
0.387095
0.311968
0.387095
1.006375
0.860957
0.469447
0.587283
0.813895
0.209161
0.587283
1.561395
0.957102
0.921596
1.561395
0.102538
1.423007
1.896311
1.006375
1.703236
0.971235
1.703236
0.760439
0.102538
1.703236
0.732350
1.213522
1.828260
1.896310
1.828260
1.703236
1.828260
1.828260
0.732350
1.090592
0.921596
0.921596
1.828260
1.440393
0.587283
1.501356
0.387095
1.006375
0.587283
1.561395
0.921596
0.813895
0.469447
0.813895
1.896311
1.351214
1.361724
0.957102
0.921596
0.861009
1.896310
1.090592
1.392651
0.469447
0.208211
1.169628
1.113387
0.208211
1.113387
1.088617
1.113387
1.561395
1.392651
0.208211
1.896309
1.293723
1.254987
1.392651
1.624129
1.030054
0.269703
1.896311
1.561395
0.921596
0.957102
1.624129
1.703236
0.973141
0.102538
0.387095
0.208211
1.501356
1.006375
1.440393
1.213522
1.703236
1.293723
0.732350
1.501356
0.208211
0.587283
1.828260
1.361724
1.828260
0.760438
0.732350
0.387095
0.587283
0.387095
0.469447
1.472544
1.828146
1.169628
1.351214
0.102538
1.703236
1.896311
1.896311
0.921296
1.293723
1.552702
1.351214
0.469447
1.293723
0.208211
1.561395
1.113387
0.587283
0.861009
0.387095
1.392651
1.293723
1.896311
1.392651
1.392651
0.785269
1.703236
1.213522
0.208211
1.703236
1.703236
0.957102
0.732350
0.760438
0.469447
1.090592
1.624124
0.208211
1.169628
0.921596
1.703236
0.921596
0.469447
1.758774
1.090592
1.828260
0.861009
0.387095
1.113387
1.113387
1.828261
0.921596
0.208211
0.813895
0.732350
0.921596
0.469447
0.921596
1.758774
1.351214
1.392651
1.030072
0.469447
0.208211
1.169630
0.469447
0.587283
0.208190
0.469447
0.587283
1.113387
0.587283
1.561395
1.113387
1.169628
0.269703
1.169628
0.587283
1.561395
1.351214
1.896311
0.957102
0.732350
0.587283
1.293723
1.254987
1.501356
0.469447
1.293723
1.612540
1.896311
1.896311
1.501356
0.102538
0.921596
1.703236
0.469447
1.825569
1.293723
1.440393
1.624129
1.501356
1.828260
0.208211
0.957102
0.921596
1.293723
0.208211
1.293723
0.770813
1.703236
1.828260
1.561395
1.006375
1.896311
1.501356
1.113387
1.501356
0.732350
1.896311
1.351214
0.102538
0.921596
1.254987
0.587283
1.113387
0.587283
0.587283
1.169628
1.113387
0.208218
0.469447
1.864924
1.006375
1.703236
1.113387
0.387095
1.758774
0.207815
1.703236
1.828260
0.738728
1.113387
0.861009
1.561395
0.387095
0.102538
1.293723
1.113387
0.587282
1.392651
0.732350
1.169628
1.213522
0.208211
0.813895
0.587283
1.703236
1.828260
1.213522
0.813895
1.392651
0.785269
0.311968
0.921596
1.896311
1.624129
0.275280
1.896311
0.208211
1.006375
1.090592
1.703236
0.469447
1.361724
1.254987
0.921596
1.351214
1.501356
0.921596
1.703236
1.638836
0.921596
0.469447
1.392651
1.006375
1.113387
0.308513
1.169628
1.351214
0.587283
0.587283
1.561395
1.758716
0.269702
1.030082
0.861009
1.703236
1.361724
1.254987
1.113387
0.208211
1.561395
0.957121
0.732350
0.311968
0.732350
0.813895
1.896311
0.861009
1.828260
0.311968
1.169628
1.703236
0.102538
0.311968
1.501356
0.208211
1.213522
0.732350
0.469447
0.469447
1.501356
0.859445
0.921596
1.213522
1.624129
0.587283
1.293723
1.624129
0.387095
0.387095
1.113387
1.759041
0.587283
1.828260
1.623769
1.440393
0.269703
0.469447
1.501356
1.293723
0.469447
1.703236
0.469447
0.732350
1.703236
1.827566
1.169628
0.253030
0.921596
0.268396
0.208211
1.703236
0.208211
0.208211
1.703236
1.703236
1.624129
0.208211
0.208211
0.957102
0.587283
0.587283
0.208212
1.440393
0.921596
0.102538
1.006375
1.896311
1.896311
1.703236
1.828260
0.469447
0.861009
1.703236
1.213173
0.921596
1.703236
0.208211
1.703236
0.469447
1.213522
0.311968
1.254987
1.896311
0.732350
1.703236
1.254987
1.573702
1.886333
1.896311
1.213522
1.896311
1.825872
1.213522
1.361724
1.561395
0.208211
0.469447
1.113387
1.703236
1.703236
0.760438
1.440393
0.208211
1.113387
0.921596
0.732350
1.703236
1.351214
1.561395
1.561395
1.006375
0.208211
1.758774
1.828260
0.587283
0.208211
0.861009
0.957102
1.703237
1.624130
1.006375
1.254987
1.828260
1.060038
1.624129
1.703236
1.828260
1.006375
0.269703
1.361616
0.726057
1.828159
1.472539
1.293723
1.438765
1.561395
0.387095
1.113387
1.093946
0.208211
1.867720
1.758774
1.828260
1.703236
0.957102
1.896311
0.667892
0.469447
0.208211
1.293723
1.561395
1.703236
1.361724
1.293723
0.311718
1.828319
0.469447
1.113387
0.732350
1.624130
0.760438
0.208211
0.208211
0.106025
1.254987
0.861009
0.861009
1.392651
0.587283
1.169628
1.293723
1.006375
0.269703
0.957102
0.469447
1.703236
1.896311
1.828259
0.587283
1.501356
0.387095
0.269703
0.469447
0.813896
1.758774
0.190206
1.006375
0.208211
0.469447
1.090592
0.732350
1.440393
1.030057
1.293723
1.213522
1.169628
1.624129
0.760438
0.208211
1.703236
0.469447
1.090592
0.269703
0.813895
0.785269
1.828260
1.090623
0.387095
1.896311
0.469447
0.469447
1.758774
1.472539
1.624129
1.213522
1.113387
0.387095
0.311968
1.293723
0.732350
0.387095
0.208211
1.561395
1.828260
1.006375
0.760435
0.387095
1.169628
0.102538
1.254987
1.703236
1.293723
0.732352
0.587283
1.828260
0.785269
1.896311
0.469447
0.785269
0.785269
1.054512
0.813895
0.587283
1.440393
0.957102
1.828260
1.440393
1.213522
0.587283
1.896311
0.102538
0.389568
1.293723
1.758774
0.387095
1.218321
1.169628
0.311968
1.440393
1.293723
0.311968
0.732350
1.828260
1.293723
1.624129
0.813895
0.269695
0.957102
0.387095
0.760438
0.208211
0.587283
0.921596
1.896311
0.102538
1.006189
1.351214
0.921596
0.587283
1.213522
1.472539
1.472539
1.624129
0.311968
1.501356
0.921596
1.561395
0.469447
0.208202
0.861009
1.293723
1.169628
1.501356
1.351214
1.392651
1.624129
1.501356
0.208211
0.921596
0.921596
1.828246
0.813895
1.054023
0.387095
1.293723
1.361724
1.440393
1.169628
0.212430
0.469447
0.921596
0.587283
0.469447
1.293723
1.213522
0.102538
1.896311
1.213522
0.387095
0.861009
0.469447
0.387095
0.208211
0.469447
1.624129
0.813895
1.293723
1.758774
0.208211
0.102538
1.361724
1.213522
0.587283
1.293723
0.469447
0.387095
1.472539
1.768286
0.102538
1.361724
0.587283
1.293723
0.813895
1.703236
1.213522
0.469447
0.963203
0.387095
1.254987
0.587283
1.213522
1.561395
1.392651
1.758774
1.501356
0.269703
1.561395
0.587283
0.102538
1.902427
0.208211
0.387095
1.472539
0.208211
1.757673
1.828260
1.006175
0.311968
1.896311
0.208211
1.254987
0.208395
0.580768
1.293723
0.732350
1.896311
1.703236
1.440393
1.169628
0.208211
1.113387
0.269703
1.624129
1.213522
0.587283
1.828260
1.361724
1.440393
0.208226
1.113387
0.311968
0.973141
1.090592
1.361724
1.828260
0.813895
1.896311
1.214773
0.587283
0.921596
0.469447
1.896237
0.760438
0.102538
1.703236
0.981156
0.732350
0.732350
0.208211
1.213522
0.785268
1.293723
1.361724
0.269323
1.561395
1.006375
0.732350
0.208211
1.828260
1.293723
1.561395
0.469447
0.311968
0.208211
1.896311
1.561395
0.732350
1.896311
0.469447
0.208211
0.102538
0.102538
0.732350
1.624129
0.469447
0.208211
0.587283
0.587283
0.208211
1.703236
0.732350
0.387095
1.561395
1.501356
1.113387
1.293723
1.828211
1.703236
1.113387
1.472539
1.293723
1.472539
0.813895
1.501356
1.113387
