0.772643
0.731384
1.544689
0.245829
0.498273
1.852409
0.245819
1.579423
1.071585
0.660913
0.103486
1.877999
1.432978
0.103486
1.001879
1.030851
1.970521
0.245829
1.071764
1.724030
1.724030
1.160825
2.002319
0.833059
0.660913
1.373151
0.103486
1.524946
1.544689
1.373151
0.987298
1.251455
1.071764
0.610577
1.071764
1.030852
1.796478
1.671692
0.245829
0.772547
1.724030
0.544776
1.031571
1.457005
0.987298
0.395170
0.103486
1.251455
0.245829
1.544689
0.660913
1.796478
1.432978
1.179758
0.833059
0.660913
0.103486
0.245829
1.251455
0.928949
1.880222
0.395020
0.395020
0.395020
1.524948
0.103486
0.245829
0.570988
1.277873
0.103486
0.245829
1.724042
1.615753
0.103486
0.103486
0.544743
1.071423
1.277873
0.450834
1.671692
0.660913
1.071764
0.660911
1.796480
0.245829
1.071582
1.251455
1.970495
1.332162
0.103486
1.298055
0.261154
1.153464
1.970521
0.103486
0.103486
1.544689
0.987019
0.245829
0.245829
1.160825
0.731976
1.326641
0.245829
1.970521
0.570988
1.880222
1.970521
1.479216
1.373151
1.277873
0.498273
0.103486
1.724030
0.570988
1.127175
1.373143
1.432978
0.245829
1.880222
0.570988
1.410540
1.724030
0.660913
1.071764
1.071764
0.103486
0.660913
0.245829
0.103486
1.615753
1.251455
0.660913
1.457005
1.671692
1.326641
1.432978
0.570988
0.731382
1.179758
0.833059
0.395008
0.103486
1.127175
1.210211
0.928949
1.373151
0.245802
1.796478
0.245829
1.384809
0.395020
0.961400
1.880222
0.395020
0.987019
0.660913
1.724198
0.245829
0.103486
1.615753
0.245829
1.880222
1.579346
1.724030
0.103486
1.796478
1.903623
1.490535
0.544776
0.660913
1.084620
1.524946
0.570988
0.103486
0.928949
0.245829
1.880222
1.432978
1.671692
1.796522
1.724030
1.490535
1.332162
1.796479
0.833059
0.470963
1.410540
1.432978
0.660913
1.544689
0.660913
1.031328
1.234892
1.969008
1.796478
1.251455
1.724030
0.103486
1.879552
0.103486
1.880222
0.395020
1.298055
0.103493
0.116228
1.071764
1.234892
1.332162
0.498273
0.498273
1.880222
1.880222
0.440444
1.110161
1.058995
0.245829
0.103486
0.570988
0.660913
1.615753
0.774354
1.490535
0.660913
1.432978
0.246320
0.245829
1.544689
1.795052
1.724030
0.245829
1.724030
0.498273
0.498273
1.127175
0.395020
1.071764
0.118939
0.610726
0.245829
1.544689
1.670541
1.071764
1.724030
1.160825
1.160825
0.245828
0.731976
0.772547
0.245829
1.880222
0.245829
1.383500
0.802187
0.470963
0.610575
1.071764
1.524946
0.470963
1.332162
0.245829
0.660913
1.298055
1.298055
1.160825
0.660913
1.410540
1.071764
1.724030
1.671692
1.796478
1.179758
0.772547
1.724030
0.103486
0.833059
0.498273
1.234892
0.245829
1.277873
0.328155
0.245829
0.544777
1.880222
1.524946
1.671692
0.103486
0.987298
0.731976
1.001879
1.615742
1.524946
0.395161
0.245706
0.570988
0.833059
0.928195
0.731976
1.615753
0.544770
1.524946
1.160825
1.724030
1.615753
0.103486
0.660913
0.833059
0.103486
1.524946
0.928190
1.160825
1.332162
0.103630
1.544689
1.615753
1.724030
0.245829
0.833059
1.030851
0.570988
0.103486
1.724030
0.103486
0.103486
0.833059
0.470963
1.724030
0.498273
1.615753
0.245829
1.799082
1.724030
0.245829
1.204060
0.987298
1.880222
0.610575
1.880222
0.570989
1.251455
0.660913
0.570988
1.671692
1.724030
0.570988
0.245829
1.160825
1.724030
0.245829
0.928949
0.610575
1.030851
0.103486
0.395020
0.772547
1.179758
1.615754
1.880222
0.894270
0.660913
0.395020
0.894270
0.103486
1.127168
0.103486
1.880222
1.030851
0.103486
0.222396
0.103486
1.796478
0.928949
0.103486
0.245829
1.970521
0.581792
0.731976
1.615753
1.615753
0.103486
1.071764
0.630712
1.970521
1.298055
0.103486
1.671692
1.880222
1.490535
0.394704
1.019640
0.498273
0.498273
0.245829
1.353745
1.524946
1.615753
0.395020
1.373151
0.498273
1.457005
0.570988
1.332162
1.234892
1.160825
1.332162
1.071764
1.615753
0.894270
1.432978
0.660913
0.245829
1.979077
1.970521
0.395020
0.394302
0.961400
1.724030
0.245829
0.103486
1.724030
1.724030
1.524946
1.127175
1.030852
1.179780
0.546781
1.970506
0.570988
1.432978
0.442447
1.210212
1.251455
0.833059
1.210212
0.498273
1.592736
0.103486
0.845625
0.802185
0.772547
1.353745
1.615753
0.103486
1.277873
1.671692
0.395020
0.103486
0.772547
0.570987
0.745946
1.970521
1.970495
0.498273
1.724030
1.479216
0.103486
0.103486
1.671692
1.432978
1.615753
1.277873
1.880222
0.103486
0.245829
0.245829
0.660913
1.030875
1.118201
1.457005
1.724030
1.127175
0.103486
0.245829
0.928190
0.610575
1.615753
1.724030
0.245829
1.277873
1.524946
1.796477
0.610575
0.470963
0.103486
0.660913
0.928190
0.470963
1.160825
1.724030
1.724030
1.880091
1.127175
0.961400
1.432978
0.961400
0.245829
0.774416
0.660913
1.160825
0.245829
1.970521
0.992961
0.802187
1.796177
0.660913
1.671692
0.660913
0.472992
1.615754
0.928410
0.610575
1.373151
1.880225
1.724030
1.880222
1.019651
1.970521
1.071764
0.245829
0.570988
0.845625
1.001879
1.277873
0.894270
1.970304
1.880222
0.245829
1.724030
1.432978
1.796478
0.498273
1.970521
0.105061
1.298055
0.498273
0.103486
0.660913
1.724030
0.103486
1.326641
1.179758
1.298055
1.001879
0.894270
0.938973
1.796478
1.210212
0.245829
0.928949
0.103486
1.671692
1.127175
0.961400
1.238544
1.326641
1.160825
0.546781
0.570988
0.802187
0.928383
0.660913
0.961400
0.395020
0.103486
1.524946
1.210212
1.724030
0.802187
1.970521
1.030852
1.432978
0.103486
0.242665
1.524946
1.298055
1.326641
1.796478
1.544734
1.724030
1.524946
1.724030
1.615753
1.160825
0.245829
1.970521
1.730365
0.544775
1.970521
0.103486
2.002319
1.796478
0.245829
2.002318
0.833059
1.210212
2.002319
0.610575
0.245829
1.298055
0.570791
1.880222
0.103486
0.245829
1.127175
0.245829
0.103486
0.245829
1.030851
1.725160
0.987019
0.103486
0.395020
1.160825
1.724030
0.103486
0.518940
0.987019
0.610575
0.103486
0.245829
1.796501
1.671692
0.245823
0.928949
1.457005
0.245829
1.671692
1.373151
1.071764
0.660913
0.395020
0.395020
1.071764
1.544689
1.030851
0.103486
0.103486
1.298055
1.373151
1.796478
0.395020
1.796488
1.001879
0.731976
1.432978
0.103514
1.001879
0.498273
0.498273
0.103486
0.395020
1.298055
1.970521
0.245829
1.524946
0.660913
1.019651
0.245829
1.880222
0.660913
1.796478
0.660913
1.880222
1.490535
1.179755
1.373151
1.880222
0.103486
0.245829
0.103486
0.245827
0.394998
0.610575
0.894270
1.796478
0.103486
1.298055
0.498273
0.103486
1.880222
0.660913
1.880222
0.253716
1.234892
0.103486
1.615753
0.103486
1.970532
0.745946
1.880222
1.615753
1.724098
1.615753
1.127175
1.524946
1.210212
1.880222
0.802187
1.802221
1.384812
0.833059
1.490535
0.245829
0.245829
1.160825
1.671692
0.103486
1.298055
1.671692
0.498273
1.880222
1.001879
1.796478
0.245829
1.298055
1.373151
0.498273
0.660913
1.030851
1.880222
0.103486
1.724030
1.127175
1.671692
1.615753
1.001879
1.615753
1.432978
0.103486
1.970521
1.432978
1.796478
1.432978
0.103486
1.970521
1.071729
1.524946
1.970521
0.469729
1.326641
0.986774
1.544689
0.103490
1.724030
1.234892
1.524946
0.245829
1.880222
0.246476
1.410540
1.001879
0.468380
0.660874
0.833059
1.544689
1.210212
1.030851
1.724030
0.570988
0.245829
0.245829
0.570988
1.383500
0.395020
0.395020
1.524946
1.724030
1.373151
0.245829
0.103486
1.373151
0.395020
0.845625
1.796478
0.103486
0.395020
1.880222
0.498273
1.277873
1.890121
2.002319
0.103486
1.880222
1.160825
0.103486
1.001879
0.395020
1.490535
1.353745
0.245829
0.833059
0.245829
0.395020
1.432978
0.103486
1.373151
1.127175
1.880222
0.938973
0.103486
0.245829
0.498273
0.660913
0.928383
0.103486
0.103486
1.544689
0.103486
0.103486
1.615753
1.724030
0.471399
0.245829
0.498273
1.251455
1.544689
0.772547
0.245829
1.490535
0.245829
1.479216
1.615753
1.071764
0.938973
0.498273
0.103486
0.245829
0.928190
1.490535
0.103486
1.671692
1.724030
1.127175
1.410540
0.660913
1.071764
0.833047
0.245829
1.880208
1.724030
0.188781
1.544689
1.383500
0.364209
0.833059
1.127175
0.660913
1.127175
0.610575
0.660913
0.395020
0.660913
1.160825
0.107896
1.671692
1.880222
1.970521
0.731976
0.395020
0.928949
1.880222
0.498273
1.524946
1.724030
1.373151
1.326641
1.970521
0.938973
0.245829
0.245829
1.432978
0.833059
1.298055
0.498273
1.432978
1.525062
1.298055
0.498273
1.671577
1.457005
0.245829
0.570988
1.724030
1.457005
0.245829
0.610575
1.671692
0.498273
1.160825
0.498273
1.298059
0.610575
0.103486
0.833059
0.894270
0.395020
1.160825
0.103486
0.245829
0.928925
0.248808
0.103486
1.970521
0.245829
1.160825
1.457005
1.724030
1.880222
1.353745
1.160825
1.410540
0.660913
0.570963
0.245829
0.245829
1.277873
1.234892
1.615753
0.245829
0.498273
0.610575
1.796478
0.833058
1.970453
0.731976
0.124209
0.731384
1.373151
1.251455
1.353745
0.938973
1.787952
1.880222
1.615753
1.671692
0.987019
1.970519
0.570988
1.544689
0.245829
1.880222
1.210212
1.953815
0.774416
1.524946
1.384812
0.245881
1.796479
0.245829
0.395020
0.772547
0.498273
1.160825
1.457005
1.724030
0.610575
0.103486
1.019808
0.731384
0.245829
0.103486
1.965278
0.570988
0.103486
1.326641
1.030851
1.490535
0.245829
1.179758
1.479216
0.731976
0.498273
0.961400
1.210212
1.030851
1.579346
1.969714
1.880222
1.353745
0.498273
0.802187
0.245829
0.245829
0.103486
1.030851
1.724030
1.127175
1.127175
0.245829
0.772547
0.395020
0.245829
1.524946
1.796498
0.395020
0.987298
1.880222
0.498273
1.179758
1.880222
1.524946
0.498273
1.410540
1.179758
1.127175
1.796478
0.103486
0.610575
0.245829
0.570988
0.395017
0.833059
1.298055
0.103486
0.543959
0.395020
1.030851
0.103486
1.160825
1.160825
0.660913
0.731976
1.671692
1.796478
1.210212
0.961400
0.498273
1.796478
1.071764
0.395020
0.802105
1.796478
0.774416
0.395020
1.724030
0.570988
0.731642
1.432978
0.245829
0.731976
1.071764
1.671692
0.498273
0.245829
0.395020
0.103486
0.570988
0.660913
0.103486
0.245829
0.570988
1.615753
1.479174
0.570988
0.928949
0.772547
1.160825
1.796478
1.490535
0.928190
0.570988
1.796478
1.490535
0.245829
1.880222
1.019654
1.071764
0.498273
0.103486
0.245829
0.245829
0.103486
1.796478
1.615753
0.245829
0.928949
1.490535
0.245829
1.671692
1.071766
1.298055
0.894270
1.001879
0.245829
0.928190
0.103486
0.660913
0.498273
0.245829
0.103486
0.137403
0.731976
0.570988
0.395020
1.970521
0.894270
1.724030
1.432978
1.724030
0.498273
1.724030
0.570988
0.245828
0.245829
1.880222
1.544689
1.210212
0.833059
0.987298
0.609899
0.928190
1.071764
1.071764
1.880222
0.660913
0.103486
1.234892
1.671692
0.731976
0.103486
1.071764
0.772547
1.671692
1.796478
1.579346
0.103486
1.432978
0.772547
1.071764
1.880222
0.103486
1.880222
0.103486
0.774354
1.615753
0.245829
0.928190
0.570988
0.395019
0.570988
1.127175
0.610575
0.570988
1.332162
0.245829
1.524946
1.479216
1.298055
0.245829
0.961400
1.724030
1.880222
1.326641
0.928383
1.353742
0.498273
1.970521
1.796477
0.245829
0.215386
1.724030
1.071764
0.928383
0.498273
0.498273
1.524946
0.660913
0.103486
0.498273
1.210212
1.880222
0.245828
0.802187
0.660913
0.103486
0.395020
0.103486
0.245829
1.724030
0.986774
0.244437
1.432978
0.894270
1.579346
1.724030
1.298055
0.498273
1.384827
0.928949
0.772547
0.987019
0.498273
0.772547
0.731976
1.127175
1.432978
1.277873
0.928949
0.103486
0.772547
0.928949
0.570988
1.019651
0.258064
1.068170
1.544689
1.724030
1.524946
1.544689
0.731384
1.796478
1.880222
0.245829
0.103486
0.103552
1.796478
1.384812
1.127175
1.001873
1.615753
1.724030
0.103486
1.524946
0.544777
1.019651
0.103486
1.880222
1.410540
1.179758
0.395020
1.373151
1.457005
1.160825
1.332162
1.524946
1.127175
1.617838
0.610575
0.245829
0.245829
1.490535
1.432978
1.880222
0.245829
1.724030
1.353745
1.796478
1.251455
1.671692
1.544689
1.251455
1.127175
0.103486
0.245829
0.103486
1.579346
1.880222
1.880222
1.796478
0.103486
1.277873
0.498273
0.772547
1.332162
0.498693
0.619176
1.160825
1.544689
0.240152
0.570988
0.498273
1.724030
1.724030
1.127175
0.987019
0.833059
1.465341
1.615753
0.498273
1.615753
1.298055
1.970521
0.395020
0.103486
1.615753
1.068278
0.103486
0.103486
0.961400
0.570988
0.731976
0.103486
0.987298
1.160825
1.671692
1.234892
1.277873
0.987019
0.245829
0.731336
0.245829
1.071764
1.179758
0.772643
0.928383
1.880222
1.541591
0.358141
1.671692
0.731384
0.103486
0.570988
0.395020
1.615753
1.880222
0.103486
0.245829
0.731976
0.245829
1.071764
0.660913
1.457005
1.724525
0.610575
1.373151
1.796454
1.671692
0.731976
1.210212
0.498273
0.245829
0.103486
0.245829
0.894270
0.660913
0.962739
1.724026
1.724030
1.615753
0.245829
0.731976
0.660913
0.395020
0.498273
0.660913
0.103486
1.880222
0.610575
1.373151
0.660913
1.277873
0.772643
1.671692
1.457005
0.103486
1.579346
1.880222
1.332162
0.772547
0.987298
0.833059
1.724030
0.731384
0.246967
0.498273
1.970521
1.796478
1.001879
1.724030
1.384812
0.610575
1.071764
1.724030
1.030852
0.570988
0.894270
0.103486
0.610575
0.245829
1.880222
1.724030
0.103486
1.071764
1.970521
0.429232
0.245829
0.103486
1.234892
0.731976
0.245829
1.277873
1.796478
0.660913
1.069725
1.298055
0.240033
0.103486
0.498273
0.498273
0.245829
0.245829
0.731384
1.724030
1.160825
1.970521
0.462062
0.610575
1.298055
0.395020
0.570988
0.245829
1.615753
0.104453
0.245829
0.774354
0.395020
1.373151
1.615753
1.479216
1.030851
1.071754
1.615753
0.498273
0.570988
1.298055
1.970521
0.570988
0.660913
0.395020
1.160825
1.724030
0.928190
0.498273
0.103486
0.239623
1.880222
1.970521
1.724030
0.245829
1.251473
1.019651
1.179758
1.671692
0.802187
1.796478
0.245829
1.615753
1.127175
1.373151
1.970521
0.660913
0.833059
1.127175
1.524946
1.724030
1.373151
1.298055
0.833059
0.470963
1.880222
0.103486
1.001879
0.498273
1.724030
1.070632
0.103528
0.470963
0.570988
0.745787
1.724030
1.457005
1.724030
1.298055
0.660269
0.660913
1.880222
1.724030
0.987019
0.103486
1.724030
0.986774
0.498273
0.126067
0.660913
1.410540
1.796478
0.961400
0.245829
0.986772
1.186285
1.796478
0.660913
1.724067
1.615753
1.298055
0.395020
0.470963
1.724030
1.724030
1.432978
0.395020
1.671692
1.373151
1.179758
0.395020
1.724030
1.332162
0.845625
0.103486
0.103486
0.745946
0.928190
1.001879
1.656492
0.772547
1.724030
1.277873
0.103486
1.277873
1.880222
0.395020
0.245829
0.660913
1.326641
0.103486
1.457005
0.961400
1.001879
1.127175
0.772547
1.615986
1.457005
1.071423
0.570988
0.103596
1.970521
1.373151
0.498273
1.298055
1.479216
0.103486
0.986774
0.470962
0.498273
0.894270
1.210212
1.160825
0.103486
1.724030
0.570988
1.970521
0.772547
1.384817
1.298055
1.179759
1.524946
1.030851
0.245829
1.615753
1.410540
1.160825
0.498396
0.245829
1.030852
0.103486
0.938973
1.071764
1.615753
1.373148
1.615757
0.772786
1.298055
0.245829
1.030851
0.928949
0.245829
0.103486
1.071764
0.894270
1.210212
0.395020
0.660913
0.103486
1.970521
0.660913
0.395020
0.395020
0.660913
0.103486
0.774354
0.245829
1.277873
0.245829
0.245829
1.234892
0.772547
0.103486
1.524946
1.210212
0.660913
0.103486
1.019651
0.245829
0.928190
0.245829
1.671692
1.298055
0.103527
0.245829
0.233434
0.103486
0.470967
0.395020
1.298055
1.724030
0.339759
1.880222
0.245829
0.245829
0.833059
0.103486
1.127175
1.001879
1.030851
0.395547
0.498273
1.544689
0.245829
0.245829
0.103486
1.970521
1.410540
1.001879
0.498273
0.961400
1.160825
1.373151
1.880222
1.127175
0.245829
0.544777
1.671692
1.298055
1.724030
1.544689
1.457005
0.103486
0.470962
1.725049
1.615753
1.615753
1.277873
1.432978
0.731976
0.660913
0.894270
1.210212
0.245829
1.524946
1.332162
0.731384
1.479216
0.833059
0.245829
1.179758
0.802187
0.103486
1.796478
1.160825
1.160825
1.796478
1.880964
0.610576
1.524946
1.251455
0.103486
0.103486
0.570988
1.019651
0.395020
1.478981
1.970521
0.772547
1.524946
0.245517
1.127175
0.731976
1.880222
1.724030
1.880222
1.298055
1.179758
1.001879
1.071764
1.160928
1.019651
0.833059
1.410540
1.724030
1.432978
1.579493
0.498273
1.030851
0.245795
1.590378
1.001879
1.880222
1.724030
1.615753
0.245829
0.498273
1.880222
0.894270
0.961400
1.615753
1.970391
1.880222
0.245821
0.245829
0.245829
1.970521
1.326641
0.928949
1.970521
1.880222
1.615753
1.179758
0.103487
1.671692
0.961400
1.001879
1.796478
1.796715
0.103486
0.103486
1.796478
1.615753
1.724030
1.234892
0.103486
1.479216
1.524946
0.498273
0.961400
1.671191
1.457005
1.298055
0.103486
0.103486
0.103486
1.373151
0.774354
0.987019
1.127175
1.615753
1.277873
0.245829
0.802187
1.724030
0.394988
1.298055
0.245829
1.432978
1.160825
0.660913
1.724030
0.103486
1.724030
0.103587
0.570988
1.332162
0.660913
0.245824
1.524946
1.515734
0.570988
1.298055
1.615753
0.103486
1.796478
1.724030
0.544777
1.210212
0.103486
1.277876
0.498273
0.395020
0.987019
1.030866
1.019651
1.671692
0.395020
0.610575
1.410540
1.332162
1.332162
1.671644
0.772547
1.030852
0.660873
0.245829
0.987019
1.030851
1.332162
0.103486
0.395020
1.524946
0.498273
0.103486
1.479216
1.880222
1.970521
1.373151
0.395020
1.326641
1.326641
1.724030
1.615753
1.210212
0.961400
0.570988
0.245829
0.103486
1.030851
0.395020
0.961400
1.796478
0.928383
1.724030
0.894270
0.245829
0.395020
0.470963
1.524946
1.724030
1.179758
1.615753
1.373151
0.731380
0.660913
0.103486
1.179758
0.833059
1.615753
1.127175
1.479216
0.987298
1.071764
0.103486
1.457022
1.970521
0.103486
1.796478
0.395013
0.660913
0.245829
0.395020
1.298055
0.570988
0.750946
1.234892
1.615753
0.245829
1.724030
1.970521
1.432978
0.610575
0.245829
0.245829
1.298055
0.103486
1.179758
0.103486
1.544689
1.410540
1.544689
0.660913
0.498273
0.103486
1.880222
1.457005
1.796478
0.660913
1.724030
1.127175
0.245829
0.894270
1.579346
0.660913
1.544689
1.615753
0.395020
0.103486
0.245829
0.245829
0.245829
0.570988
0.610573
0.498273
0.245829
1.671692
0.103486
0.986774
1.615753
1.234892
1.127279
1.721632
1.384792
1.127175
1.298055
0.610575
0.833059
1.880222
0.498273
1.071764
0.103486
1.671692
1.671782
1.121070
1.298055
1.030851
1.970521
1.970521
1.332162
0.802187
1.671692
1.071764
0.395017
0.610575
1.457005
1.880223
1.544689
1.524946
1.234892
0.498273
0.245922
1.210212
0.103486
1.410540
1.410540
0.470750
0.103486
0.935051
1.030866
0.498271
0.772547
0.961400
0.498273
0.395020
0.731384
1.615753
1.071764
0.498273
0.660913
2.002318
0.103486
1.796207
1.277873
1.071762
0.245829
0.245829
1.071764
1.343959
1.179758
0.774354
1.234892
1.970546
0.833059
1.796478
1.524946
1.724030
0.103486
1.880222
0.928949
1.796478
1.410540
0.929665
0.570988
1.724030
0.928190
1.880222
0.395020
0.245829
1.880222
0.245829
1.277873
0.395020
1.298055
0.103486
1.724030
1.210212
1.457821
1.479216
1.615753
1.615753
0.103486
1.724030
0.103486
0.660913
1.071764
0.395020
1.965312
0.395020
1.886928
1.210212
0.570988
1.615753
0.570988
0.745946
0.610575
1.724030
1.373151
1.019651
1.457005
1.071764
0.395020
0.245829
1.724030
1.615753
0.245829
0.245829
0.103487
1.880222
0.570928
1.544689
0.731383
0.103486
0.395020
1.970523
0.103486
1.234892
1.160825
1.001879
0.660913
1.251455
1.671692
0.833059
0.498273
1.410569
0.660913
0.245829
0.570986
0.570988
0.570988
0.660913
0.570988
0.772547
0.395020
0.833059
0.772547
1.127175
0.245829
1.796478
0.894270
0.928190
0.245829
1.970521
1.880222
1.326641
0.498273
0.395020
0.570988
1.970521
0.245829
0.245829
1.880244
1.326641
1.234892
0.660913
1.001879
0.245829
0.103492
0.245829
1.373151
0.833059
0.894270
0.245829
1.373151
1.858100
1.880222
1.796478
0.103486
1.071764
0.103486
0.570988
1.671692
1.880222
0.498273
0.570988
1.615753
0.547696
0.660913
1.615306
1.671692
1.432978
1.373151
1.234892
0.570988
0.660913
1.071764
1.160825
1.724030
1.724030
1.880207
0.774354
0.103486
0.570988
1.615753
1.030851
1.019651
1.796479
0.833059
0.894270
1.251455
1.880222
1.671692
0.928199
0.395019
1.071764
1.544689
0.395020
0.492860
1.298055
1.373151
0.103486
1.071759
0.395020
0.570988
0.802187
1.939640
0.986774
0.395020
0.801962
0.498273
1.796478
1.251455
1.876609
0.802187
1.030851
0.245829
0.928383
1.001879
0.987017
1.880222
1.724030
0.938973
1.615753
0.992033
1.179758
0.894270
0.245829
1.332162
1.671692
0.894270
0.731976
1.410540
0.660913
1.179758
1.544689
1.113863
1.332162
1.432978
0.498273
0.103820
1.277873
1.071763
0.395020
1.970521
0.731384
1.724030
1.127175
0.601864
0.103486
1.724030
1.544689
1.332162
1.490695
0.987019
1.432978
1.724030
0.103486
0.103486
0.894270
1.880222
0.802187
0.103486
1.457005
0.498273
1.524946
1.724030
1.298055
0.660913
1.127175
1.796478
0.833059
1.127175
0.103486
1.030851
0.395020
1.160825
1.030851
1.373151
0.470963
1.615753
1.615659
1.880222
0.928190
0.103486
0.245829
1.880222
1.880222
0.498273
0.103486
0.833059
0.570988
0.245809
0.103486
1.615753
0.928949
1.373151
0.245829
1.410540
0.237504
1.796478
0.660913
1.127175
0.394938
0.245829
1.160825
1.671692
0.498273
1.880222
1.071758
1.724030
0.894270
0.833059
0.103487
0.245829
0.245829
1.277873
1.724030
0.245829
1.970521
1.796480
1.671692
1.880222
0.245829
1.615753
1.615753
0.610575
0.245829
1.970496
1.210212
1.298059
1.594016
0.395020
0.731976
2.002311
1.796478
1.880222
0.772547
0.395020
0.239115
1.671692
0.773199
0.772547
1.886441
0.894270
1.160825
0.471258
0.660913
0.928190
0.833059
1.410540
0.245829
0.833059
0.570988
1.384812
1.373086
1.477039
1.384886
0.894270
1.724030
1.881096
0.245829
0.498273
1.180421
1.410540
0.245829
0.610575
0.395020
0.498273
0.544777
1.121734
1.234892
1.880222
0.833059
1.970521
0.660179
1.160825
1.796746
1.724030
0.103486
1.615753
1.432978
0.103486
1.880222
1.251455
0.298102
0.395006
1.030851
0.395019
0.395012
1.384812
0.928949
0.498273
0.103486
0.245829
0.103486
0.103584
0.570988
0.245829
1.796436
1.457005
1.970521
0.610575
0.570988
1.724021
0.731384
1.615753
1.724030
0.833059
1.457005
0.245829
0.103486
1.615753
1.071755
1.724676
0.802187
1.410540
1.234892
1.880222
0.498274
0.570988
1.671692
1.001879
0.245829
0.260913
1.615753
1.615753
1.671692
1.615753
0.570988
1.880222
1.001879
1.524946
1.796478
0.772547
1.234892
1.615753
1.179758
0.610575
0.103486
0.103486
0.103486
1.071764
0.570988
1.796478
0.245829
0.103486
0.395020
0.845624
1.074004
1.524946
1.001879
0.395020
0.660913
1.880222
1.724030
1.880222
0.610575
1.796402
1.298055
0.570988
0.498273
0.103486
0.745946
0.772547
0.245829
0.961400
0.103486
0.103486
0.245829
0.745946
1.332162
1.544689
1.160825
0.961400
1.880224
1.069297
0.248254
1.796491
1.880222
0.103486
1.210212
0.986774
1.880222
0.245829
0.961400
1.001879
0.395020
0.103486
0.245829
0.570988
0.833059
0.961400
0.103486
1.127647
0.103486
0.731976
0.103486
1.070624
1.332162
0.833059
0.245829
0.103486
0.103486
0.103486
1.030851
0.660913
1.615753
1.457005
1.524946
1.544689
1.490528
1.179758
1.127134
0.245829
1.234892
1.030851
0.731976
1.127175
0.245829
1.332162
1.353745
0.470963
0.660913
0.570988
1.724030
0.103486
1.970521
1.410540
0.987019
1.524946
1.127175
0.894270
0.395020
0.938973
1.234892
1.160825
1.724030
0.928190
1.724030
0.660913
1.030851
1.071764
1.544689
0.660913
0.245829
1.970221
0.245829
0.103486
0.245829
1.724030
0.772547
1.724030
1.524946
0.928949
1.880222
1.001879
1.410540
1.071759
0.103486
0.570988
0.610575
1.127175
0.103486
1.179758
0.660913
0.103486
1.793549
0.103486
0.633670
0.245829
0.570988
1.724030
0.833059
1.210212
1.019651
1.127175
0.570988
0.845625
1.277873
0.245829
0.731976
1.326641
0.103486
0.894270
0.245829
0.103486
0.961400
0.498270
1.544689
1.410540
1.579346
1.001879
0.103486
0.103486
0.610575
1.432978
0.470963
1.030851
1.432978
1.524946
1.796478
0.731976
1.030852
1.724030
1.524946
0.103486
1.277873
0.498273
0.570988
0.498273
1.524946
1.671692
0.772547
1.615753
0.103486
0.245829
0.103486
0.245829
1.457005
0.570988
1.796478
0.484540
1.251455
0.395020
1.071764
0.570988
0.938973
0.833059
0.961400
0.103486
1.724030
0.544761
0.103486
1.298055
0.245829
0.103486
1.615753
0.470962
0.245829
0.245829
0.845625
1.880222
1.160825
0.245829
1.332162
0.245829
0.103770
1.030851
1.724030
0.103486
0.610575
1.544689
1.796478
1.615753
0.245829
0.660913
1.723339
0.245829
1.615753
1.970536
0.928949
0.928190
1.332162
1.880221
0.845625
0.103486
0.245829
1.881475
0.610575
0.498273
1.373151
0.245829
1.880222
0.246751
1.457005
0.987016
0.731976
0.103486
0.103486
0.774416
1.214304
0.833059
0.894270
1.127175
1.724030
1.373151
0.103486
1.796478
1.724030
1.544689
1.879269
0.745952
1.970521
1.490535
1.445593
0.245829
1.724030
1.353745
1.671703
1.298055
0.731384
0.245829
1.234892
0.731976
1.384812
0.245829
1.724030
0.660913
1.724126
1.432978
1.071764
1.383500
1.030851
1.457005
1.724030
1.234892
0.245829
1.019647
1.071764
0.103486
1.880222
0.772547
1.724030
0.103486
1.298055
0.103486
0.103486
0.103487
1.880264
1.796478
1.794763
1.724030
0.103486
0.660913
1.179758
1.210212
1.251455
0.498273
1.970521
1.579362
0.245829
1.127175
1.796478
0.570988
0.245830
0.103486
1.179758
1.590536
1.127175
1.880222
0.395020
0.731976
1.179758
1.277873
1.298055
0.395020
0.660913
1.127175
0.103486
0.772547
0.103486
0.498273
0.986774
1.298055
1.234892
0.802188
1.615753
1.615753
1.724030
0.245828
1.724030
0.245829
0.498275
1.410540
0.570988
0.498273
0.103486
0.961400
1.796478
0.103661
0.544777
1.880222
0.103486
0.395020
0.802187
1.384809
0.245829
1.881628
1.277873
0.103486
0.802182
0.103486
0.660913
1.030851
1.457005
0.660913
0.103486
1.724030
0.103486
0.245829
0.498273
1.432978
0.498273
1.615753
0.772547
1.071764
0.103486
0.103486
1.724030
1.373151
1.234892
1.970403
1.671692
0.103486
1.880222
0.610575
1.298055
1.127175
0.745946
1.880222
0.833059
0.610575
1.524946
0.103486
1.491240
0.928949
1.373151
1.724030
1.179769
1.724030
1.970521
1.071764
0.610575
0.961400
0.245829
1.880222
1.970521
1.277873
1.800253
1.615760
1.019651
1.796478
1.615753
0.470963
0.660913
0.961400
1.457005
1.970521
0.245829
0.245829
1.019651
0.395020
1.671692
1.970521
1.579346
1.457037
0.487651
1.880222
1.724030
0.245829
1.724030
1.432978
1.298055
1.373151
0.245829
0.103486
1.544689
1.880222
1.234892
0.498273
0.482217
0.395020
0.570988
1.524946
2.002243
1.457005
0.498273
1.615753
0.570988
1.490535
0.395020
0.395020
0.833059
0.245829
0.570988
0.103486
0.132437
1.673502
0.498273
0.103491
0.731976
0.103486
0.833059
0.245829
0.124586
0.928190
0.894270
1.432978
1.277873
1.071764
0.928190
0.833059
1.724030
0.660913
1.880222
1.373151
0.395020
1.880287
0.833059
1.179759
1.724030
0.245829
1.210212
0.103486
0.802187
0.570988
1.724030
1.479216
0.961400
0.544777
0.660913
1.880222
0.745946
0.103486
1.251455
0.570988
1.880224
1.671692
0.103486
1.127175
1.001879
0.245829
1.373151
0.103486
1.277873
1.671692
1.724546
1.970167
1.524946
1.671673
1.724030
1.544689
0.103486
0.570988
1.796478
1.544689
0.245829
1.001879
1.030851
0.245829
1.615753
0.106401
1.179758
0.245829
1.724030
1.179758
1.326641
0.245829
1.277873
1.671692
1.210179
0.660913
0.103486
1.796477
1.544689
0.104343
0.245829
0.660913
1.277873
0.772547
0.802191
0.245829
1.880222
1.030851
0.802187
0.610575
0.245829
0.103487
1.880222
1.210212
1.298055
1.880222
1.384812
0.610575
1.524946
0.103486
1.796449
0.570988
0.774354
0.103486
1.968769
0.660913
0.731976
1.615753
1.796478
1.880222
0.103486
1.724030
0.992033
1.796477
0.245829
0.103509
1.970536
1.019651
0.395020
0.801940
1.796478
1.796478
0.774416
0.987197
1.030851
0.245829
0.750983
1.326641
0.610589
0.245829
1.796478
1.373151
1.524946
1.724030
0.774416
0.498273
1.384812
0.772547
0.103486
0.570988
1.724030
0.245829
0.610575
0.103486
0.731976
1.970521
1.880222
1.277873
1.030851
0.237339
0.377272
0.772547
0.103486
0.570988
1.796478
0.961400
1.879628
0.745946
0.958583
0.245829
1.353745
1.001879
0.772547
0.103486
1.079564
0.103486
0.546418
0.103486
1.479216
0.247404
0.395020
1.724030
2.001428
0.660913
2.002319
0.103486
1.210212
0.961400
1.724030
0.103486
1.507203
1.524946
1.544689
0.245816
1.796478
1.524946
0.470963
0.498273
1.615753
0.928949
0.103486
0.987019
0.660913
1.432978
1.724030
1.277873
1.724030
0.245829
0.570988
1.019651
0.987019
1.277873
0.103486
0.395020
0.245452
0.103486
0.498274
1.724030
0.395020
1.880500
1.724030
0.103486
0.498273
1.671692
1.383532
0.986774
0.103486
1.210212
1.796478
0.245829
0.395020
1.615753
0.610575
1.030852
0.103486
1.160856
0.103885
1.179758
0.570988
0.103486
1.880222
1.457005
1.410540
1.796478
1.724030
1.160825
0.894270
0.245829
1.544689
0.610575
1.615753
1.071764
1.071764
0.544777
0.245830
1.373151
1.071764
0.168329
0.245829
1.479216
0.395020
0.103486
0.610575
1.432978
1.615753
1.298055
1.615764
1.457005
0.103486
1.127175
0.245829
1.031008
1.410540
0.103486
0.731976
1.969952
1.524946
0.245829
1.071764
0.660913
1.277873
1.615753
0.660913
1.793303
1.127175
0.845625
0.987019
1.001879
0.894270
0.103486
1.970521
2.002364
0.660913
1.796478
0.928383
0.103486
1.796478
1.277873
0.660913
0.395020
0.833059
0.103486
1.298055
0.554133
0.987019
1.724030
0.987019
0.660913
1.880222
1.880222
0.610575
0.103486
0.245829
0.103486
0.774416
1.179758
0.245829
1.030849
0.103486
0.938973
0.395019
1.724030
0.498273
0.103486
1.524946
0.395020
1.332162
0.231684
0.570988
0.103486
1.743274
0.894270
0.610575
0.103486
1.880222
0.987298
1.615753
1.179758
0.961400
0.103486
1.671692
0.395020
0.988827
0.894270
0.833059
1.277873
0.660913
0.245829
1.970521
0.395017
1.353745
0.395020
1.160825
0.569730
0.498273
1.724030
1.880222
1.880222
0.245829
1.615753
0.245829
0.745946
1.970521
1.970521
0.245829
1.298055
0.731976
0.938973
0.103486
0.103486
1.298055
0.245829
0.774416
1.724030
0.894270
1.410540
1.970521
0.245829
1.524946
0.660913
1.788708
1.880222
1.970521
1.298055
1.615754
0.213142
1.544689
0.230928
0.610575
0.103486
1.179758
1.277873
1.544689
0.833059
1.724030
1.671692
0.660913
0.498273
1.851113
1.251455
1.970521
0.395020
1.030851
1.671676
1.724030
1.234892
1.880199
1.179758
0.245829
0.245829
1.671692
1.234892
1.796478
1.524946
1.326641
0.245831
1.544689
0.498273
1.881052
1.298055
0.103491
1.524946
1.671692
0.570988
0.660913
1.373151
1.880222
1.524946
0.928200
0.245829
1.432978
0.245829
0.772547
0.498273
0.245829
0.245829
0.498273
1.160825
1.373151
1.068174
1.071764
1.724030
0.570988
1.671692
0.395020
1.071764
1.796478
1.071769
0.731976
0.245829
1.615753
1.234892
1.615753
0.987298
1.373151
0.245829
0.833059
1.880222
0.610587
0.660913
0.961400
1.432978
1.127175
0.245829
1.780722
0.103486
0.745946
0.610575
1.796478
1.179721
1.970521
0.660913
1.373151
1.210212
1.490535
0.938973
1.880222
1.432978
1.432978
1.160825
1.332162
0.610575
1.298055
1.479216
0.245829
1.031126
0.103486
2.002188
1.298055
0.731384
0.139985
1.127175
0.833059
1.524946
1.410540
1.353745
0.103486
1.179758
0.103486
0.395020
1.579346
0.938973
0.928949
1.524946
1.970494
1.724030
1.410540
1.030851
0.103486
0.263427
0.498273
0.570988
0.395020
1.479216
0.395020
0.243080
0.395020
1.724030
1.796478
0.103486
1.970521
0.730579
1.160825
1.615753
1.615753
1.880222
1.579346
1.373151
0.245829
0.928949
1.373151
0.103486
1.071764
0.570988
0.103552
1.071773
0.245829
0.845625
1.671692
1.030851
1.880222
0.591662
1.796478
1.878178
1.724030
0.103486
1.724030
0.660913
0.245829
0.731976
0.610575
1.234892
0.894270
0.961400
0.245829
1.883568
1.490535
1.001879
0.103486
0.833059
0.103486
1.544689
0.245786
0.395020
0.570988
1.544689
0.103486
1.724030
0.833059
1.160825
0.660913
0.660913
1.880222
1.071764
1.160825
1.179034
0.498273
0.245829
0.660913
1.724030
0.103486
0.845625
0.928190
1.524946
0.978549
1.490528
0.802187
0.103486
1.880222
1.880222
0.103486
0.245829
1.525159
0.610575
0.928190
0.961400
0.103486
1.332162
1.544689
0.395020
1.332162
0.103486
0.833059
0.498273
0.232892
0.245829
1.615753
1.671690
1.277873
0.987019
0.103486
0.802187
1.671692
0.103486
0.961400
1.544689
1.958874
0.894270
1.432978
1.724030
0.961400
0.660913
0.103486
0.245829
0.833059
1.298055
0.987298
0.395020
1.410540
1.880222
1.332162
0.731976
0.731384
0.894270
1.880222
0.245829
1.880222
0.833059
0.245829
0.103486
1.127175
1.796478
0.802187
0.103486
0.245829
1.671692
0.617710
1.724030
1.457005
0.103486
1.410540
0.961400
1.524946
0.103486
0.570988
0.961400
0.395020
0.103486
1.971239
0.845625
0.610575
1.001879
1.880222
0.103486
1.615753
0.498274
0.103486
1.796478
0.731976
2.002319
1.071764
0.245829
0.570988
0.245829
0.544777
0.245829
1.353745
1.796478
1.544689
1.724030
1.797407
0.938973
0.731976
1.160825
1.615753
0.245829
0.395020
1.127175
1.880222
0.610575
1.544689
0.245829
0.731384
0.498273
1.880222
1.615753
1.071764
0.660913
1.277873
0.103486
1.298055
0.928949
0.772547
0.395020
1.970512
0.103487
1.970521
0.928949
1.796478
1.880273
1.019651
1.432978
1.880222
1.432978
1.724030
1.671692
0.245829
1.277873
0.103486
1.880222
0.245829
0.395021
0.362079
1.724030
0.395020
1.615753
1.812331
1.160828
1.209752
1.277873
1.410540
0.498273
1.941139
1.880222
1.277873
1.615753
0.772547
0.103487
0.570988
1.277873
0.395020
1.797315
0.245829
1.880222
0.395020
0.570988
0.498273
1.298055
1.251455
1.457005
0.103486
0.938965
1.251455
0.802187
0.103486
0.833059
1.880222
0.245838
1.326640
1.724030
0.987298
0.498273
1.432978
1.030863
1.179758
0.104562
0.610575
0.245629
1.490535
0.987019
1.724030
0.610575
1.277873
0.498273
1.251455
0.103486
0.961400
0.571666
0.928190
0.570988
0.395020
0.802187
1.457005
0.894270
0.986774
0.245829
0.660913
0.470963
0.731976
1.615753
0.660913
1.127175
0.395019
0.103486
0.245829
1.179781
0.245829
0.395020
1.071704
0.928949
0.245823
0.802187
0.610575
1.179758
1.410540
0.245829
0.395019
1.724030
1.671692
0.961400
0.731384
1.970520
0.103486
0.745946
1.796478
0.103486
1.179758
0.245829
0.103486
1.002063
1.160825
0.731976
1.796019
1.234891
1.880222
1.615753
1.127175
0.610575
1.724030
0.103486
1.671692
0.245829
0.103486
1.353745
0.961400
0.103486
1.277873
1.724030
1.179758
1.615753
0.103486
1.457005
1.671692
0.660913
1.524946
1.724030
1.970521
1.373151
1.332162
1.970521
0.833059
1.544689
1.160825
0.245829
2.000646
1.546888
0.498273
1.796478
0.103486
1.724030
0.567103
0.245829
1.030851
0.731976
0.570988
1.671692
0.222924
1.210212
0.570988
0.245829
0.731976
0.570988
1.724030
1.671692
0.245829
0.660913
0.894270
1.796569
1.373151
0.570988
0.961400
1.973346
0.245896
1.410540
0.103486
0.570988
0.570988
1.277873
0.498273
0.395020
1.970521
1.987268
1.880222
0.660913
0.103486
1.796478
1.880236
0.103486
0.772547
0.570988
1.160774
0.961400
1.724030
1.030852
0.435636
0.833059
1.724030
1.880222
1.432978
0.985681
0.546781
1.524946
1.209380
1.071764
1.353745
0.894270
1.796485
1.880222
1.071764
0.610575
1.724030
1.671692
0.103486
1.373151
1.544689
1.724030
0.938973
0.894270
1.671888
1.490535
1.410540
0.660913
1.880222
1.671692
1.251455
1.373151
0.987298
0.987298
1.970511
0.731976
0.470963
0.610575
1.579346
0.245829
0.460577
1.179758
1.524946
1.615753
1.880221
1.671692
0.610575
0.745946
1.160825
1.880222
1.326641
1.490535
0.245829
1.524978
1.030851
1.615753
0.103586
1.880222
0.103486
0.103486
0.894270
1.796478
0.498273
0.103558
0.245829
0.987019
0.103486
0.498273
0.772547
0.833059
1.277184
1.277873
1.031418
0.245829
1.524946
1.410540
0.498273
1.332162
1.373151
0.570988
1.615753
1.880222
1.332162
0.103486
0.498273
0.570988
1.970521
0.103486
0.103487
0.498260
0.660913
1.251455
1.160825
0.103518
0.393090
1.671692
0.245829
0.833059
0.894140
1.298055
1.030879
0.731976
1.524946
0.660913
0.103486
1.251453
1.544689
1.210212
1.524946
1.277873
0.546781
1.277873
0.103486
0.498273
0.395020
0.570988
1.410540
1.001879
1.967937
1.475081
0.245829
0.103486
0.103486
1.615753
1.277873
1.210212
1.880222
1.251455
1.251455
0.499044
1.562814
1.298055
0.987019
1.298055
0.660913
1.353745
1.724030
1.277873
1.615753
1.724030
1.615753
1.579346
0.610575
0.498273
1.326641
1.724030
1.298055
1.068171
1.071764
0.103486
0.660913
1.479216
0.772547
0.245829
0.731384
0.570988
1.671692
0.570988
0.745944
0.928908
1.615753
1.544689
0.928949
0.731976
1.479216
1.880222
1.160825
1.277841
1.298055
0.498273
0.894270
1.880222
0.894270
1.615753
0.395019
1.544689
1.031969
1.179758
1.671692
0.498273
1.724032
1.524946
1.880222
0.894270
1.615753
1.298055
0.103486
0.103486
0.570988
1.671062
1.298055
0.245829
1.524946
1.796478
0.479979
1.411853
1.724030
1.001879
1.298055
1.615753
1.179758
1.373151
1.880222
1.030852
1.001879
1.071764
1.615753
0.245829
0.498273
0.245829
1.880222
1.524946
0.570988
1.970521
1.127175
0.103486
1.880222
0.961400
0.987019
1.880222
1.544689
1.544689
1.298055
0.660913
0.103486
0.961400
1.432978
0.245829
0.544727
1.724030
1.524946
0.660913
1.796478
1.524946
1.671692
0.570988
1.127209
0.731976
1.794735
1.880222
1.179758
1.019651
0.103486
0.610575
1.544689
1.298055
0.496650
0.745946
0.731976
0.894270
1.127175
1.544689
0.103486
0.103486
1.671692
1.160825
0.802187
0.660913
0.986774
0.772547
1.432978
0.395020
0.660913
0.245829
0.395020
0.570988
1.724030
1.796478
0.245829
0.772547
1.544689
1.724000
0.103486
1.479216
0.802187
1.251455
1.160815
1.671692
0.387212
0.961400
1.179758
0.103486
0.660913
0.245829
1.671692
0.570988
0.702988
1.970521
0.245829
1.277873
0.103486
0.660913
1.071764
0.610070
0.103486
0.245829
0.395020
1.479216
1.160825
1.724030
0.894270
1.615753
1.071764
1.880516
1.457005
1.118199
0.660913
1.432978
0.660913
0.245829
0.610655
1.373151
1.019651
0.395020
1.671692
0.245829
0.395020
1.001879
1.432978
1.796478
0.245823
0.498273
0.928190
1.298055
1.970521
1.160825
0.894270
1.071764
0.731976
0.845625
1.880222
0.570988
1.796478
1.615754
0.928383
0.961400
0.103486
2.002247
1.796478
1.671637
1.880222
1.796478
0.103486
0.245829
1.251455
0.245829
0.395020
0.498273
1.160825
1.298055
1.880222
0.245829
0.103486
1.796576
0.245829
0.928383
0.245829
0.103486
1.880222
1.298055
1.544689
0.395020
0.731382
0.103486
0.103486
1.179758
0.570988
1.544689
1.457005
0.498273
1.298055
1.030852
1.724030
0.476746
0.103486
0.103486
0.987019
0.731384
1.724030
2.002319
1.724030
1.615753
1.373151
1.880222
0.103486
1.490537
0.245829
0.570988
0.158498
1.524946
1.179758
1.071756
0.733473
1.579346
1.251455
0.245829
1.970521
1.214088
1.298055
0.987019
0.833059
0.103486
1.385503
1.298055
0.660913
0.802187
0.103486
0.103486
0.103486
1.432978
1.671692
0.570988
0.103486
1.179758
0.610575
1.796478
0.243646
1.479216
0.103486
0.772547
0.245829
1.210212
0.245829
0.245829
0.103486
1.432978
0.245829
1.724030
1.160825
1.251455
1.251455
1.179758
1.798237
0.544777
0.245829
0.660913
0.245829
0.928199
1.432978
0.245829
1.160825
0.772547
1.160825
1.970521
0.961400
0.245812
0.280790
0.570988
1.410540
1.030851
0.938973
0.103486
1.298055
1.724030
0.348651
0.470965
0.570988
1.880222
0.400932
0.103486
0.570988
1.019651
1.880222
0.610575
1.030851
0.245829
0.570988
1.127172
1.524946
0.245829
0.103486
0.498273
0.103486
0.245829
1.457005
0.894270
1.277873
1.880222
0.156544
0.245829
0.103486
0.245829
1.881071
1.298055
1.724030
0.660913
1.383614
1.723870
0.660913
1.797671
0.103486
0.395020
1.234892
0.928190
0.570988
1.524946
0.571313
0.928190
1.353745
1.160825
1.796478
0.961400
0.395020
1.868464
0.245830
1.615753
1.298055
1.724030
1.579346
0.928949
0.660913
0.894270
0.660913
1.457005
0.245829
1.970521
0.960976
1.030851
1.615753
1.724030
0.103486
0.103486
0.833059
1.326641
1.724030
1.524946
0.928190
0.470963
0.245829
1.179758
1.615753
0.470963
0.498273
0.245829
1.373151
0.498273
1.524946
0.103486
1.071764
0.245829
0.245829
0.961400
1.179758
0.802187
0.395020
0.610575
1.277873
0.498273
1.970521
1.524946
0.103486
0.245829
0.928383
0.245829
1.071764
1.332162
0.103486
1.071764
0.103486
0.570992
0.772547
1.127175
1.127175
0.103486
1.544689
0.772547
0.103541
1.615753
0.498273
0.245608
0.570988
0.498273
0.103486
0.103509
1.724030
1.410540
0.245829
1.490535
0.103486
1.880222
1.796478
0.470963
1.490535
0.103486
0.395020
0.498273
0.498273
1.880222
1.210212
0.614950
0.498273
0.498273
0.987019
1.796477
1.544689
0.772547
0.498273
0.103486
0.103486
0.802187
0.245829
1.880222
0.245829
0.570988
0.245829
1.724030
1.724030
1.127175
0.774354
0.498273
1.671786
1.724026
1.615753
1.298055
0.950890
0.571695
0.498273
0.245829
1.796500
1.457005
0.395020
1.127175
0.833059
0.731976
0.660913
0.103486
0.987298
0.928383
0.103486
1.071908
1.796478
0.745946
0.242371
1.880222
1.970518
0.245829
0.498273
0.894270
0.660913
0.245829
1.615753
0.395020
1.970521
0.245829
1.127175
1.524946
1.071704
0.103486
1.615753
0.245829
1.615753
0.894270
0.470963
0.774416
1.544689
0.245829
0.395020
1.724029
0.802187
0.245829
0.660913
1.880222
1.671692
0.610575
0.660913
1.579346
1.160825
1.524946
0.395020
1.724031
0.610575
1.160825
1.291204
0.245829
0.103486
1.326641
1.724030
1.160825
0.245829
0.395020
1.724030
0.961400
0.245905
0.103486
0.570988
1.160825
1.880222
0.660913
0.272744
1.724030
0.894270
1.298055
1.796478
0.245829
0.103486
1.160825
1.432978
1.724030
1.332162
0.544777
1.179758
0.802187
0.498273
1.544689
0.103486
1.544689
0.245831
1.277873
1.332162
0.470963
0.772547
1.071764
1.332162
1.544689
1.030851
0.833059
1.001879
1.432978
0.395020
0.961400
1.724030
0.570920
1.071764
0.117134
0.103486
0.245829
1.410540
1.001927
0.928949
0.833059
0.833059
1.479216
0.245829
1.796478
1.479216
1.673934
0.772547
1.373151
1.251454
1.970521
1.298055
1.544689
1.724030
1.234892
0.470963
0.245829
0.961400
0.245829
0.103486
0.544777
1.457005
0.103486
1.373151
1.030852
0.802187
0.731291
1.479216
0.498273
0.660913
1.298055
0.570988
1.432978
1.801252
2.002319
1.432978
0.103486
1.880222
0.245829
0.245829
1.724030
1.671647
1.544689
0.961400
1.298055
1.970521
0.243083
0.731976
0.245829
0.732752
1.724030
1.251455
1.001879
0.802187
1.796478
0.103486
0.395020
1.353745
1.071764
1.970519
0.498273
1.880222
0.772643
0.987019
1.298055
1.724030
1.579346
1.071764
1.880222
0.987019
1.127175
0.498273
0.961400
0.961400
1.671679
0.470963
1.615753
1.277873
0.245829
0.660913
1.353745
1.160812
1.326641
0.470963
1.410540
0.498273
1.179758
0.245829
0.894270
0.610575
0.245793
0.395020
0.660913
1.796391
0.395020
1.796478
0.660913
1.880222
0.103487
0.660913
0.103486
0.230998
1.724030
1.432978
0.498273
0.395019
1.671692
1.544689
1.030859
0.245829
0.245829
0.470963
1.796480
0.802187
1.880222
0.928190
0.928949
1.615753
0.570988
0.660913
0.103486
1.001879
0.245829
1.179758
1.457005
1.234892
0.660913
1.071764
1.724030
0.928383
0.103486
1.326641
0.772643
1.838638
1.671692
0.395020
0.245829
1.001879
0.245829
0.103486
0.103486
1.432978
1.544689
1.615753
0.660913
0.103486
0.802187
0.498273
0.894270
1.001879
0.103486
1.409829
1.277873
0.731976
1.970521
1.373151
0.156515
1.615745
0.103486
1.234892
0.894270
1.542493
0.894270
1.071764
0.660913
0.612860
0.103486
1.071764
0.802187
0.961400
0.103486
1.671693
1.880213
1.071764
1.127175
1.432978
0.103486
1.127175
1.724030
2.002318
0.245829
0.833059
1.277873
1.544689
0.103486
0.731976
0.245829
1.796478
1.524946
1.544689
0.660913
1.210212
0.660913
1.970521
0.245829
1.524946
0.895192
1.970521
0.574763
0.245829
1.671692
0.395020
0.245829
1.251455
0.103486
0.103486
0.103487
0.395020
0.245829
1.880222
0.395020
0.396525
0.772547
1.796478
0.660913
0.498273
0.660913
1.479216
1.353745
0.938973
1.615753
0.245828
0.103486
1.432978
0.961282
1.127175
0.103486
1.479216
0.731384
0.660913
0.570988
0.660913
1.796478
0.245829
1.001879
0.660913
0.103486
1.880222
1.410540
0.245829
0.103512
0.186461
0.395012
1.970519
0.245829
1.671692
0.188888
1.326641
0.570988
1.796478
1.071764
0.928949
0.394982
1.796338
0.103692
1.071764
0.894270
0.103486
1.724030
1.479216
0.248391
0.245829
1.524946
0.103486
1.970521
0.660913
1.615753
1.930137
1.277873
0.103486
1.615753
1.724030
1.071764
0.395020
0.498269
0.245829
0.103486
1.277873
1.277873
0.103486
1.545071
1.160825
0.660913
0.245829
1.724030
1.615753
0.745945
0.356300
1.724030
1.544926
1.071764
0.395020
0.103486
1.724030
0.498273
1.724030
1.071764
0.103486
0.245829
0.544775
1.001879
0.103487
0.802187
1.524946
1.410540
1.880222
0.245829
1.799272
1.880222
1.179758
1.298055
0.402278
0.395020
1.724030
1.970521
1.544689
1.880222
1.724030
0.802187
1.490535
0.772547
1.879572
0.470963
0.395020
1.544689
1.671692
0.987298
0.470963
1.671692
0.103486
1.234892
0.245829
1.724030
1.881699
1.490535
0.660913
0.103486
0.245829
1.544689
1.090391
1.796478
0.245829
1.127175
1.970521
0.928383
0.245829
0.103486
1.457005
1.127175
0.245829
0.731384
1.970521
1.724030
1.622704
1.615753
1.209112
0.611245
0.660913
0.103486
1.743679
0.103486
0.610575
0.103486
1.457005
1.030851
0.103486
1.001879
1.544689
1.671692
0.660913
0.961400
0.103486
0.610575
0.572345
0.103486
0.570988
1.544689
0.731384
0.610575
0.245829
1.544689
0.731976
0.802187
0.395020
1.457005
1.127175
0.802187
1.234892
0.928190
0.245829
0.245829
1.030852
0.103486
0.103486
1.615753
1.880222
1.724030
1.030851
0.745946
0.774316
0.731976
1.524946
0.395020
1.724030
1.970521
0.660913
0.544763
0.992033
1.671518
0.660913
1.071764
0.961400
1.160706
1.001879
1.353745
1.796478
0.395020
0.987298
0.772547
0.103486
0.961400
0.987288
0.660913
1.353745
0.103486
0.245829
0.413622
1.539594
1.071764
1.160825
1.234892
1.432978
1.796478
0.245829
1.796478
1.251455
1.160825
0.103486
1.298055
0.245829
1.298055
0.987363
0.245829
0.498273
0.802187
0.544781
1.298055
0.610575
0.610575
1.970521
1.160592
0.570964
0.961400
1.071764
0.392870
1.071764
1.796478
1.277873
0.245829
1.880222
0.103486
0.245829
1.880222
1.160825
1.210212
1.071764
0.103486
0.245829
1.160824
0.392116
1.724030
1.030852
0.498273
0.103486
0.733427
0.498126
0.395020
0.610575
0.987019
1.816356
1.970521
1.615753
0.103486
0.802187
1.234769
1.410540
1.970521
0.660913
1.001879
0.395020
1.524946
0.660913
0.928190
0.498273
1.524946
1.127348
0.395020
0.103486
0.245829
1.457005
0.571648
1.524946
1.880222
1.210212
0.245829
0.245829
1.030852
0.845625
0.103486
0.103486
1.796478
1.298055
1.796478
0.570988
1.127175
0.987019
0.395020
1.332162
0.395020
0.660913
0.103486
0.103486
0.467332
1.001879
0.103486
0.245829
0.498273
1.160825
0.961400
0.731384
1.001879
0.894270
0.245829
0.961400
1.210212
0.731976
0.245829
0.103486
1.332162
1.432978
0.660913
1.671692
0.961400
1.234892
1.524946
0.498273
1.457005
1.432978
1.615753
0.103486
0.570988
1.383500
0.498273
0.987298
1.615753
0.961400
1.030656
1.724030
0.660913
0.245823
0.570988
1.544689
0.103486
0.660913
0.660913
0.660913
1.970521
1.880226
1.298055
0.245829
0.103486
0.660913
0.660913
0.772547
0.987019
1.071764
0.103486
0.470963
0.987298
0.395022
0.103486
0.103486
1.432978
0.894270
1.326220
0.610575
1.524946
1.127175
1.030852
1.970521
0.772547
0.103486
1.726439
1.001879
1.724030
0.245806
1.457005
0.833059
1.724030
0.610575
0.928949
1.251455
0.928946
0.245829
1.724030
1.179758
0.245829
1.019651
1.880222
0.103486
1.326641
0.731976
1.234892
1.127175
1.277873
1.524946
1.179758
0.245829
1.332162
1.880266
0.103486
0.961400
0.498273
1.524946
1.671692
0.245829
0.103486
0.103486
1.127175
0.498273
0.245829
1.001879
0.395020
1.210212
1.724030
0.498273
0.570988
1.724030
0.103486
1.001879
1.880222
1.298055
1.160825
1.724030
1.160825
0.103563
0.731383
1.071764
0.986774
0.103486
0.103486
0.103486
1.880385
1.071764
0.610575
1.277873
1.160825
1.001879
0.245829
0.731976
1.373151
1.298055
1.160825
0.103486
1.801903
0.245829
0.245834
1.970363
1.160825
1.796478
0.961400
1.615753
0.833059
1.234892
0.245829
1.298039
0.660913
1.676672
0.961400
0.103486
0.103486
0.833059
0.103486
1.671692
0.245829
0.987019
0.245829
1.071764
1.457005
1.544689
0.103486
0.498273
1.880222
1.410540
1.490535
1.210212
1.160825
0.471039
1.160825
1.796478
0.103486
0.660913
1.127175
1.298055
0.103486
0.103486
1.160825
0.570988
1.127175
0.961400
0.245829
0.103486
0.894270
1.179758
0.894270
0.498273
1.724030
0.245829
0.772547
0.498273
1.524946
1.251455
0.103916
1.615753
1.722819
1.673909
1.457005
1.880222
1.880222
0.246691
0.570988
0.196229
1.030851
1.298055
1.030851
1.880222
1.615753
0.660913
1.277873
0.731976
2.002317
1.524946
1.796478
1.544689
1.615753
1.970520
0.498273
1.892507
1.880222
1.179758
0.570986
1.179758
1.373151
0.731976
1.432978
0.103486
1.880224
0.498273
1.127175
1.373151
1.071764
0.802187
0.470963
1.880222
0.245832
1.880225
0.928949
0.660913
1.251455
0.395020
1.479216
0.395020
0.103486
0.987039
1.373151
1.001879
0.660913
1.332162
0.245766
0.660913
0.103486
1.615753
1.384812
0.928190
0.610575
0.498273
1.724030
0.103486
1.383502
1.671692
0.498273
0.498273
0.395020
1.724030
1.671692
1.671692
0.570707
0.802187
0.245829
1.880222
1.479216
1.880222
0.498273
1.298055
1.001879
1.277873
1.332162
1.724030
0.103486
0.570988
1.615753
1.127175
0.802187
1.796478
1.160825
0.498273
0.245829
1.410540
1.880222
0.103486
0.103486
0.498273
1.970517
1.210212
0.103486
1.544689
0.498273
0.498273
1.724030
1.962074
1.071764
0.987298
1.615753
1.326641
0.987019
0.738248
1.724030
0.395020
1.071764
1.877678
0.103486
1.160825
1.524946
1.970521
0.108557
0.961400
0.570988
1.298055
1.081134
1.071764
1.544689
0.103486
0.103486
1.615753
1.030851
1.671692
0.660913
0.245829
1.671692
1.373151
0.570988
0.498273
0.660913
1.234892
1.277873
0.245829
1.030851
1.071764
1.524946
1.234892
1.671692
1.724030
1.457005
0.938973
0.961400
0.498273
1.970514
1.479216
1.970521
1.127175
0.103486
0.245829
0.928383
0.833059
1.671692
0.802187
1.457005
1.326641
0.570988
1.127175
0.928190
0.498273
1.251751
0.103486
1.030851
1.432978
1.019651
0.802187
1.457005
1.544689
1.796478
0.894270
0.245829
1.234892
1.432978
2.054168
0.103486
0.103486
0.395020
0.395060
1.373151
1.615753
0.545058
0.610575
1.001879
1.298055
0.103486
0.395020
1.524946
0.245821
0.498273
1.001879
0.103486
1.474682
0.802187
0.802187
0.928383
1.524939
0.103486
1.160825
1.071764
0.570988
1.160825
1.724033
0.103486
1.070830
1.251455
1.410540
1.298055
1.251455
1.615753
0.395020
0.245829
1.383500
0.103486
0.395020
0.570988
0.660913
1.724030
0.660913
1.970521
1.970521
0.245829
0.731384
1.724030
1.615753
0.395020
1.615753
1.671692
1.544689
0.610575
0.987019
0.103486
1.490535
1.373151
1.671692
1.410534
1.970521
0.103486
1.724030
0.103487
0.245829
0.802187
0.833059
0.660913
0.245828
0.103486
1.383500
1.671692
0.395020
1.210212
1.019651
0.833059
0.103486
1.671692
1.124842
1.479216
0.245829
1.671692
1.251455
0.245829
0.928949
1.071764
0.570988
0.660913
1.127175
0.103486
1.160825
1.071764
0.470603
1.544689
0.731384
1.615753
1.373151
0.802187
1.615753
1.796534
1.880222
0.498273
1.373151
1.071764
0.245829
0.245829
1.880222
1.880222
1.671692
1.001879
0.103486
1.071764
1.030852
1.880222
1.432978
1.030851
1.724030
0.745946
0.395020
1.001879
1.544689
0.660913
0.498273
1.410539
1.724030
0.987019
1.671692
1.277873
1.457005
0.245829
1.160825
1.970521
1.724030
1.127175
0.245829
0.103486
0.245829
1.615753
1.152449
1.524946
1.544689
1.298055
1.383500
0.103486
1.373151
0.570988
1.160825
1.544689
0.245829
1.544689
0.894270
1.490535
1.127175
1.724030
1.277873
1.277873
1.970511
1.457005
1.796479
0.395020
1.724030
0.498273
1.277890
1.457005
0.833059
1.160825
1.970521
0.395020
0.103486
1.410540
1.030851
0.660913
1.796506
1.030851
0.399984
0.660913
1.432978
0.245642
1.602057
0.802187
1.524946
0.731976
1.490535
0.245829
0.610575
0.660913
1.880222
1.880222
0.498273
0.245829
0.660913
0.987019
0.570988
1.410540
0.660913
1.796527
1.970521
0.570988
1.457005
1.373151
0.498273
0.140745
1.880020
1.479216
0.961400
1.724040
1.724030
1.383828
1.615753
1.410540
0.928949
1.724030
1.544689
0.395020
0.480237
0.470963
1.615753
0.610575
1.071764
1.970521
1.353745
1.544689
1.544689
0.245829
1.722412
1.639246
0.610575
1.030851
1.234892
0.660913
1.001879
0.610575
0.772547
1.880222
1.796529
0.470963
1.724030
0.928949
1.724030
0.103486
1.880222
1.724030
0.498273
0.498273
0.103486
1.796478
1.724030
0.103489
0.103486
0.103486
1.071764
0.570988
0.498273
1.796534
1.298055
1.615753
1.160825
0.498273
0.395020
0.745946
1.001879
0.660910
1.030851
1.118199
0.103486
0.774416
0.610575
0.245834
1.570289
1.030851
0.103486
1.596079
0.731384
0.772590
1.071764
1.880222
0.103486
1.234892
1.068171
1.880222
0.245829
0.245829
1.410540
0.103486
0.498273
0.894270
0.772547
1.724037
1.490536
1.277873
1.671692
0.544777
1.796478
1.298055
0.245829
1.544689
0.833059
0.103486
0.245829
1.001879
1.970521
1.524946
0.961400
1.880222
0.395020
0.470963
1.970270
1.030852
1.001879
1.479216
0.845625
1.432978
1.234892
0.498273
1.671692
1.234892
1.970521
0.103486
0.245829
0.103486
1.880222
1.615753
0.245829
0.245829
1.071764
0.570988
0.245829
0.103486
0.245829
1.030851
0.498273
0.660913
1.179758
0.928949
1.210212
1.524946
0.987019
1.410537
1.724030
1.724030
1.888206
0.103486
0.245829
1.524946
0.245829
1.298055
0.660913
1.796478
0.660913
0.570988
0.498273
1.127175
0.987298
0.103486
0.986774
1.298055
0.103486
1.615753
1.979180
0.928383
1.970521
0.245829
0.103486
0.270978
1.160868
1.071764
0.570988
0.103486
0.103486
1.796478
0.544778
1.298055
0.660913
0.731384
2.002238
1.127175
1.880222
0.498273
0.928190
1.432978
1.001879
1.001879
0.470963
0.103486
0.395020
0.941077
1.544246
0.613132
1.384812
1.796478
0.961400
1.796478
1.490535
1.001879
0.245829
1.796474
0.731976
1.524946
1.353769
0.245829
0.245829
1.724030
1.970521
1.001879
1.071764
1.615753
1.671692
1.210212
0.245829
1.432978
1.615753
0.103486
1.970519
1.970499
1.160825
0.986774
0.247212
0.660913
0.961400
0.103487
1.796477
1.804235
1.544689
0.845625
0.961400
0.802187
1.298055
1.432978
0.245829
1.671692
1.724030
1.277884
1.615753
0.103486
1.071764
0.833059
0.103488
1.615753
0.245849
1.457005
0.498273
0.245829
0.570988
0.103486
0.103688
0.245829
1.724030
1.160825
1.432978
1.544689
1.579346
0.498273
1.457005
1.880222
0.987298
0.103486
0.245829
1.970521
0.245829
0.103487
1.160825
0.103486
0.731976
1.127175
0.103486
0.103486
1.880222
0.833059
0.103489
0.938973
0.395020
0.395020
0.103486
1.457005
0.245829
1.671692
1.127175
1.544689
0.245829
0.200279
1.457005
0.245829
0.845625
1.179758
1.071764
0.774416
0.833059
1.724030
1.019650
1.070563
1.001911
0.498273
0.570988
1.724030
0.245829
0.894270
1.544689
0.103486
0.570988
0.570988
2.002319
0.103486
0.938971
1.796478
0.103486
1.880222
0.245829
1.817348
1.615753
0.498273
0.245829
1.724030
0.660913
0.570988
0.245829
1.796478
1.298055
1.127175
0.395020
1.210212
1.880222
0.961400
1.615753
1.410540
0.570988
0.470964
0.772547
0.570988
0.928949
0.470963
1.071694
0.245829
0.103486
1.210212
1.880222
0.245828
1.353745
0.103486
0.245829
0.772547
1.880222
1.724030
0.731976
1.410540
0.833059
0.245829
0.245829
0.928190
0.570988
1.298055
0.103486
1.353745
1.001879
1.790048
0.660913
0.395020
1.880222
1.724030
0.660913
0.103590
1.118199
0.833059
1.457005
1.880481
0.894270
1.210801
1.524946
0.802187
0.498273
0.928949
1.251455
1.127175
0.660913
1.479216
1.524946
0.103486
1.970521
0.498273
1.479216
1.179758
0.395014
1.970521
1.160825
1.524946
0.961400
0.570988
1.373151
1.543945
1.071356
0.245829
1.970521
0.103486
1.724030
1.615753
0.833059
0.245829
0.395020
1.353745
1.948809
1.524946
1.071764
0.660913
0.731855
1.880222
1.724030
0.103486
0.894270
0.103486
1.724030
1.724030
1.671692
1.251455
1.724030
1.671692
1.970521
0.833059
0.245829
1.615753
0.470957
0.245829
0.245829
0.106590
0.731976
0.570988
0.485000
1.251455
0.772550
0.245829
0.961400
1.432978
0.802187
1.210212
1.534862
0.103486
1.796478
1.127175
1.880222
1.880222
0.395261
0.395020
0.103486
0.245829
1.410540
1.724030
0.498273
1.251455
0.245829
1.210212
0.245829
0.498273
1.432978
1.724030
1.210212
1.880222
0.745946
0.245829
1.277873
1.615753
1.071764
1.671692
0.731976
0.498273
0.103486
0.660913
0.245829
1.671692
1.432978
0.245829
1.544689
0.660913
1.298055
0.103486
1.160825
1.796478
1.524946
0.103486
1.277873
0.103486
1.524946
0.802187
0.570988
0.245829
0.245829
1.615753
1.615753
1.970521
0.103486
0.498273
0.103486
1.544689
1.410540
1.724030
1.796478
0.245829
0.395020
0.987019
0.245829
0.987298
1.019651
1.457005
1.796478
0.472907
1.880222
0.772547
1.724030
0.245829
1.277866
0.987019
0.833058
0.894270
1.071750
1.001879
1.970521
1.796478
1.892379
0.245829
1.277873
1.127175
0.961400
1.432978
0.103486
1.615753
1.298055
0.245829
1.970521
0.103486
1.432978
1.071764
1.457005
0.245829
0.938973
1.724030
0.245829
0.104277
1.796478
1.544689
1.353745
0.103486
0.987019
0.961400
0.245829
1.882318
1.457005
1.880222
1.722407
0.245829
0.103486
0.833059
0.660913
0.731976
0.498273
1.326641
0.395020
1.724030
0.245833
0.498273
0.245828
1.971664
1.019651
0.928949
1.127175
0.395020
1.970905
0.498273
0.774409
1.544689
0.245829
0.660913
0.610575
1.378346
0.103486
0.103486
1.234892
0.938973
0.245829
0.245829
1.479216
1.671692
1.127175
1.210212
1.160825
0.245822
1.724030
0.928190
1.068177
0.833059
1.524946
0.103486
0.660913
1.542186
1.724030
0.499584
0.245825
0.103486
1.326641
0.570988
0.245829
1.880222
1.332162
0.569934
0.570988
1.544689
0.245829
0.245829
1.179758
0.103486
1.479216
0.961400
1.880222
1.071339
1.298032
1.071617
1.030851
1.880222
1.410540
1.615753
0.961400
0.660913
0.103487
0.395020
1.071764
0.544777
1.724030
1.432978
1.071764
1.880222
1.796479
0.245829
0.570988
0.745947
0.987019
0.570988
1.544689
0.103486
1.724030
0.570988
1.524936
1.030851
1.234894
0.894270
0.103486
1.723587
1.332162
0.802187
0.987019
0.245829
0.103486
0.498273
0.395020
1.160825
0.103486
0.731976
1.796478
0.103486
0.103486
0.894270
1.353745
0.570988
0.498273
0.498273
0.986774
1.880319
0.245829
0.894270
1.880222
0.498273
1.671692
0.660913
1.544689
0.395020
0.610575
0.986774
1.615753
0.245829
1.298055
0.774416
0.395020
0.103486
1.277873
1.796477
1.880222
0.498273
1.970521
1.524946
0.245272
1.724030
0.245829
1.671692
0.961400
0.103486
1.796478
1.170479
1.071764
1.001879
1.200449
0.470963
0.660913
0.928949
0.961400
0.498273
1.880222
1.210212
1.671692
1.524946
1.457005
0.103486
1.480621
0.894270
0.660913
0.610575
1.524946
1.127175
0.103486
1.796477
1.724030
0.570988
1.160825
0.833059
0.610575
1.373151
0.498273
0.928949
1.724030
1.251455
1.615753
0.570988
0.103486
0.103752
0.103489
0.245829
1.071764
0.570988
0.772547
0.395017
1.432978
1.524946
1.490535
1.796474
0.498273
1.298055
1.332162
1.615753
1.671692
0.660913
1.796478
1.724032
0.772536
1.724030
1.880868
1.880222
1.179758
1.724030
1.179758
1.210212
1.970521
1.234892
1.724030
0.772449
1.071764
0.245829
1.160825
0.103486
1.210222
0.103486
1.071764
0.660913
0.894270
0.395020
0.731501
0.570988
1.724030
1.671692
1.524946
0.772547
0.610575
0.833059
1.479216
0.570988
0.103486
1.432978
1.671692
1.723981
1.030219
1.457006
1.724030
0.570988
0.103486
1.373151
2.002307
1.724030
0.987019
1.615753
0.245829
0.802187
0.660913
1.724030
1.432978
0.498273
0.103486
0.498273
0.498273
1.544689
0.103486
1.490535
1.432978
1.001879
1.970521
0.445290
0.394998
1.970521
0.731976
1.071764
1.970521
0.103486
1.967977
1.671692
1.796478
1.298055
0.103486
1.671692
1.432978
0.833059
0.103486
0.544776
0.245829
1.030849
0.772547
1.490529
1.160825
1.479216
0.103486
0.570988
1.615753
1.353745
0.103486
0.570988
0.610575
1.353745
0.103486
0.245829
1.432978
1.724030
0.245829
0.103486
0.395020
1.970521
0.103486
0.570988
0.498273
0.395020
0.660913
0.498273
1.579346
1.298055
1.880222
1.615753
0.745946
1.277873
0.833059
0.961400
0.570988
0.498273
1.880222
1.277872
0.245829
1.298055
0.103486
0.961400
0.660913
1.071764
1.671692
0.103486
1.880221
0.498273
0.395020
1.160825
0.245829
0.570988
0.660913
1.723277
1.298055
0.660913
0.660913
1.277873
1.479216
1.019651
0.987019
0.660913
0.833059
1.970521
0.570988
1.160825
1.298055
0.103495
0.570988
0.660913
0.833059
1.160825
0.660913
1.234892
1.579346
0.241905
1.615753
0.103486
0.103486
1.160828
1.524946
1.019651
0.245829
1.410540
1.724030
1.432978
0.498273
0.395021
0.245829
1.671692
1.880222
0.395020
1.326632
0.498273
0.103486
1.326641
0.570988
1.524946
0.773923
0.660913
0.502298
1.030865
1.353745
0.802145
1.615753
1.251453
0.498273
0.928190
0.802097
1.880222
0.894270
1.524946
1.410540
0.394359
1.724030
1.524946
0.731379
0.103486
1.019651
0.772547
0.570999
1.970521
1.796478
0.103488
1.880222
1.615753
0.103486
0.104718
2.002319
0.802187
0.498273
0.103486
1.880222
1.071764
1.251455
0.103486
1.457005
0.103486
1.725473
0.103486
0.774350
1.326641
0.894270
0.833059
0.772547
1.234892
1.298055
1.968841
0.245829
0.103486
1.373151
1.524946
1.490535
1.479216
1.030851
1.127175
0.103486
0.103486
0.987019
0.245829
1.972517
1.160825
0.570988
0.802187
0.245829
1.724030
0.245829
1.127175
0.987019
0.802180
0.245829
1.432978
0.103486
1.127175
1.001879
1.071764
1.210017
0.103486
0.772547
1.326554
1.432978
0.610575
1.071764
0.987298
1.373151
1.970521
0.103486
0.845625
1.615753
0.395020
0.245829
1.160825
0.237010
0.772547
1.457005
1.384812
0.894270
0.833059
1.724030
0.245829
0.660913
0.731976
0.928949
1.071592
1.970467
1.880222
0.245829
1.724030
1.326641
0.245829
1.353745
1.373151
1.880221
1.880222
0.395019
0.660913
0.894270
1.432978
2.002319
0.395020
1.724030
1.970491
1.880222
1.671692
0.802187
0.245829
0.833059
1.880222
1.298055
1.030851
0.894270
1.179762
0.610575
1.179758
0.498273
1.457005
0.245840
0.245829
0.470963
1.479215
1.353744
0.395020
0.498273
1.970521
0.570988
1.479216
1.298055
1.457005
1.724030
1.544689
1.277873
0.498273
0.394978
0.660913
1.298055
1.615753
0.103714
1.071764
1.876057
0.103486
1.615753
0.103486
0.570988
0.103486
0.987298
1.724030
0.103486
0.660913
0.845625
0.103486
1.880222
1.875834
1.615753
1.432978
1.615753
0.245780
0.610575
0.294468
1.232168
1.544689
1.030851
0.103486
1.544689
1.971226
0.245829
0.610575
1.880222
1.671692
1.432978
0.894270
1.671692
1.880218
0.103486
1.160825
1.061643
1.251455
1.796478
1.019651
1.796478
1.671692
0.961400
0.395020
0.103489
0.245829
1.796478
1.544689
1.210212
0.498273
1.160825
1.724030
0.570988
1.251455
1.880222
0.961400
1.030851
0.245829
1.724030
0.731976
0.103486
0.802187
0.103486
0.103486
1.880222
1.160825
1.544689
0.103487
1.071764
1.538086
1.802644
1.210220
0.245829
0.928949
1.160825
1.796479
0.245829
0.731384
0.731976
0.894270
0.245829
1.724030
1.724030
0.660913
0.103486
0.845625
1.373151
1.970521
0.987019
1.724030
0.103486
1.880222
1.796478
1.615753
1.880215
1.410540
0.772547
1.524946
1.524946
1.384812
0.103486
0.772547
1.615753
0.470963
1.456861
0.745946
1.964410
1.880222
1.796478
0.894270
1.796478
0.660913
0.570988
0.660913
1.880222
1.410540
0.802137
1.524946
0.833059
1.277873
1.490535
0.395020
0.894270
0.245829
1.071764
0.660913
0.845625
1.724030
0.986774
1.332163
1.277873
1.127175
1.030851
0.395020
0.245829
0.660913
1.432978
1.432978
1.671692
0.103504
1.030851
1.579346
0.103486
0.987019
1.384825
0.103486
1.671692
0.961400
0.570988
1.160825
0.570988
1.544689
0.395020
1.796478
0.570988
0.245829
1.457005
0.395020
1.071764
1.724030
1.160825
1.970521
0.245829
0.987298
1.671692
0.103486
0.570988
0.894270
1.880222
0.103486
0.772547
1.457566
0.395020
0.987019
1.251455
1.410540
1.880222
0.731384
1.071764
1.724030
1.457005
0.845625
1.127175
1.970521
0.845625
0.103486
1.671692
1.724030
1.724030
1.298055
0.103486
0.570988
1.332162
0.245829
0.833059
0.103993
0.245829
1.019651
1.615753
0.498273
0.470964
1.544689
1.880222
1.724030
1.880222
1.071764
0.245526
0.103486
0.245829
1.724030
1.615753
1.524946
1.671692
0.103486
1.724030
1.796478
0.731379
0.894270
0.772643
1.030851
0.660913
0.772547
1.579233
1.410540
0.660913
0.395020
1.880222
0.103486
1.724030
1.724030
1.353745
1.880222
1.615753
0.833059
1.724030
0.802187
1.613517
0.660913
0.103486
1.251455
1.479175
1.524946
0.660913
0.103486
1.432978
1.880222
0.498273
0.395116
1.796478
0.245829
1.544689
0.103486
0.245829
1.353745
1.410540
1.615753
1.127097
0.103486
1.160825
1.796478
1.298036
1.880152
1.490540
1.298055
1.030851
0.498273
0.245829
0.772547
0.498273
1.724030
0.245829
0.103486
0.103486
1.724030
1.671692
0.103486
1.001879
0.103502
1.880222
1.234892
0.245829
1.234892
0.498273
0.103486
1.001879
1.880244
0.610575
1.410201
1.432978
1.880222
1.234892
0.395020
1.724030
0.570988
1.671692
1.524946
1.615753
1.970521
1.880222
1.671692
0.845625
0.103486
1.298055
0.395020
0.245829
1.373151
1.251455
0.245829
0.395820
0.772547
0.546783
0.395019
0.103486
0.774416
0.184140
0.570988
0.245829
0.103486
0.731976
1.179758
1.524946
0.103486
1.353745
1.880222
1.880222
1.724030
0.660913
0.395020
1.160825
0.894270
1.298055
1.019651
1.615753
0.833059
1.019651
1.432978
1.544689
0.498273
0.961400
0.245829
1.001879
1.326641
1.210212
0.610748
1.970521
0.103517
0.103486
1.001879
0.570988
0.833059
1.615753
1.880222
1.615753
0.610575
1.671692
1.326641
1.615753
0.245829
1.160825
1.001879
0.103487
1.544689
1.457005
1.524946
1.724030
0.570988
1.332162
0.570988
0.498273
0.961400
0.245829
1.277873
1.432978
0.498273
0.103487
0.245829
0.660913
1.796481
0.772547
1.796478
1.615753
0.470963
0.245829
0.245829
0.833059
1.724030
1.479216
1.970521
1.970521
0.260734
1.030851
0.395020
1.071764
0.103486
1.880222
0.938973
1.615753
0.395020
0.570988
0.245829
0.660913
0.610575
1.544689
0.245827
1.457005
1.579351
0.245886
0.833059
1.524946
1.160825
1.298055
1.615753
1.880222
0.579150
0.498273
0.103486
0.570988
1.432978
0.245829
0.245829
1.671692
1.970584
1.544689
0.610575
1.970061
1.796478
1.071764
0.245829
0.802187
0.245829
1.373151
0.103486
0.570986
1.880222
1.970521
0.245829
0.660561
1.724030
0.395051
0.395020
0.395020
0.254523
1.579347
1.373151
0.660913
1.524946
0.103500
0.245829
0.245832
0.498273
0.894270
0.660913
0.245829
0.395020
1.030851
0.245642
0.103730
1.524946
0.393016
0.245829
0.395020
1.019651
1.724030
0.498273
0.394796
0.845625
1.544689
1.544689
0.961442
1.796478
0.498273
0.103486
1.544545
0.660913
1.579346
0.610575
0.395052
0.103486
1.724030
1.384812
1.880222
1.332162
0.928949
1.432978
1.615753
1.796478
1.019651
1.615753
0.610575
1.479216
0.610528
0.498151
1.277873
0.103486
0.498273
0.395020
0.245829
0.103486
1.970521
0.498273
0.660913
0.833059
0.610575
1.880222
1.326641
1.524946
1.373151
0.245829
0.245829
1.160825
1.127175
1.019651
0.570986
1.880222
0.894270
0.395020
1.001879
0.245829
0.660913
1.432978
1.671692
0.731976
1.457005
1.671692
1.479216
1.384814
0.498273
0.802187
1.724030
0.103486
0.987298
0.894270
0.498273
0.833059
0.103486
0.772547
1.410540
1.880222
0.731976
0.802187
0.470963
1.234892
1.298055
0.103486
0.660795
1.432978
1.615753
1.671692
0.928949
1.479216
1.724030
1.544689
0.928190
0.245829
1.970521
1.524946
1.457005
0.103486
1.071764
1.071764
1.880222
0.928949
1.671692
0.745946
1.880222
0.103486
0.395020
0.103486
0.731922
1.724030
1.071764
1.671692
1.332162
1.160825
0.103486
0.610575
1.326641
0.103486
0.245829
1.127175
1.671692
1.432978
0.245829
0.103486
1.179758
1.796478
0.660913
1.970521
0.987298
0.772547
1.524699
0.498273
0.772547
0.498273
0.660913
1.615753
1.724030
1.524946
1.544689
0.245829
0.110723
0.660913
1.724030
1.579353
0.103492
1.160825
0.833059
1.083927
0.802187
1.615753
0.103486
1.353745
0.395020
0.660913
1.724030
0.570988
1.069884
0.660913
1.544689
0.395020
0.103486
0.498273
1.880222
0.660913
1.457005
1.671692
0.928190
1.671692
0.245829
1.251455
0.103486
0.498273
0.245829
1.962993
1.544689
1.373151
1.332162
0.103486
0.245829
1.796478
0.498273
1.544689
1.353745
1.796478
0.986823
0.103486
0.547805
0.987298
1.724030
1.490535
0.745946
1.880222
1.373151
0.103486
1.671692
1.490535
1.071764
0.772547
0.570988
0.570988
0.802188
1.724030
0.103486
0.570988
0.245829
1.432978
1.071764
0.772547
1.332162
1.524946
1.457005
0.103486
0.103486
0.103486
1.179786
0.103486
0.660913
1.457005
0.570988
1.544689
0.610575
0.731976
1.615753
0.246220
1.071764
1.615753
1.160825
1.353745
1.544689
1.160825
0.498273
1.880222
1.724030
1.277873
1.001879
0.124786
1.127175
0.245829
0.731384
1.030852
1.251455
0.103486
0.245829
1.724030
1.970521
1.579346
0.103486
0.245829
1.373151
1.373151
1.615753
0.245829
0.570988
1.127175
1.724030
0.127602
0.245829
1.796478
0.103486
0.498273
1.160825
1.544689
1.724030
1.479216
1.234892
1.524946
0.103486
0.928949
0.845625
0.799160
1.432978
0.498273
0.833059
0.928949
1.071764
0.103610
1.192646
1.671692
0.660913
1.298055
1.489388
1.615753
0.395020
1.298055
1.724048
1.251455
1.234892
1.544689
0.245829
0.928949
1.298055
1.030842
0.894270
0.570988
1.234892
0.745986
1.031484
0.962429
1.615753
0.802187
1.298055
1.457005
1.160825
0.103486
1.179740
1.544689
0.395013
1.410540
0.103486
0.103486
1.524946
1.234892
1.671692
1.373151
0.245829
1.298055
0.833059
1.457005
0.470963
0.197974
0.245829
1.277873
0.610575
0.382865
0.961400
1.277873
0.660913
0.570988
0.498273
1.373151
1.071764
0.103486
1.880222
1.298055
1.457005
0.833059
1.432978
0.961400
0.395020
0.395020
0.928190
1.880222
1.880222
0.570988
0.660913
1.179758
1.615753
1.524946
1.332162
1.071764
0.103486
1.001874
0.987019
1.579346
0.660913
1.326641
1.724030
1.410540
1.544689
0.660913
1.753369
1.884783
0.103486
1.127175
1.373151
0.498273
0.103486
1.615753
0.245829
1.490535
0.928949
0.245829
0.845625
0.245829
0.731384
1.490532
1.490535
0.833059
1.615738
1.210212
1.724030
0.987019
1.724030
0.498273
1.880250
0.103486
1.373151
0.245829
1.432978
1.568649
0.987019
0.245829
0.660913
1.298055
1.479216
0.802187
1.034896
0.660913
1.899977
1.970521
1.432605
1.153469
1.671692
0.802187
0.245829
1.724030
1.432978
1.544689
1.790335
0.987298
0.395020
0.245829
1.724030
0.660913
0.395020
1.544689
0.610575
1.353745
0.103486
0.731976
1.796478
0.245829
0.103486
1.615753
1.615753
0.660913
0.470963
1.298055
0.498273
1.383664
0.570988
0.103486
0.802187
0.570988
1.160825
0.245829
0.570988
0.833059
1.524946
0.103486
0.103486
0.570988
1.277873
1.524946
1.724030
0.470862
0.570988
0.928383
0.245829
0.731976
1.457005
0.109751
1.326641
1.724030
1.298055
0.103486
1.071769
1.432978
0.245829
0.928190
0.103486
1.544689
0.660913
0.103486
0.894270
0.245829
1.524946
1.410540
1.298055
1.724030
0.772604
0.802187
0.245829
0.245829
1.071764
0.395020
2.000554
0.103486
1.796959
0.802187
0.244528
0.733467
0.245829
0.987019
0.987019
1.030851
0.260084
1.524946
1.251455
1.671692
0.660913
0.928190
0.245829
1.030851
1.796480
0.660913
0.774416
1.479216
1.544689
1.724030
1.880222
1.210212
1.615753
0.498273
1.880222
1.970521
0.245829
0.745946
1.353745
1.127175
0.395020
0.961400
1.524946
0.395020
1.880222
1.332162
1.524946
0.498273
0.103486
0.245829
1.432978
1.127175
0.103486
1.671692
0.103486
0.731384
1.880222
0.986522
0.245829
0.245829
0.731976
1.970521
0.245829
1.001879
0.103486
0.245829
0.245782
0.245829
0.610575
0.660913
1.234892
1.724030
0.961400
1.251455
1.796479
0.660913
1.277873
0.103486
0.395020
0.245829
1.298055
0.660913
0.986774
1.234892
1.724030
1.970521
1.724068
1.880222
1.457015
1.373151
0.245829
1.410540
0.498273
0.498273
1.160825
1.544689
1.298055
1.970521
0.660913
0.395020
1.353745
1.332162
0.961400
1.160825
0.660913
1.671692
1.432978
0.987019
1.373151
1.410540
0.103486
1.880222
0.570988
0.245829
1.457005
0.245829
0.103486
1.001879
1.970518
1.796478
0.245829
0.395020
1.671692
0.103486
0.660913
1.724030
0.394026
0.103486
1.880222
1.724030
0.103486
0.498273
1.615753
0.245829
0.103486
1.724030
1.615753
0.894270
0.395020
0.928190
1.277873
0.772547
0.610575
0.103493
1.671692
1.970521
1.880222
1.724028
0.103486
0.103486
0.731779
0.774416
0.245829
1.615753
0.928383
1.724030
1.457005
1.724030
1.457005
0.961400
1.724030
1.544689
0.245829
1.724030
1.071764
1.968164
1.724030
0.928383
0.731384
0.245828
1.019651
0.103486
1.187059
0.245829
1.671692
1.071764
1.182333
0.772545
0.245829
0.745946
0.245829
1.483007
0.498273
0.660913
0.103486
0.610575
1.277873
1.615753
2.002317
1.030851
0.245829
0.103486
1.127175
1.030851
0.103486
0.731976
1.544689
1.234892
0.928949
1.001879
0.395020
0.498273
0.802185
1.544689
0.731384
0.987298
1.880222
0.245829
0.610575
1.544689
1.724030
1.001879
1.671692
1.812112
1.615753
0.802187
0.961400
0.395020
0.103486
1.373151
1.671692
1.432978
1.796950
0.103486
1.410540
1.970521
1.373151
1.880222
0.660913
1.160825
0.802187
0.103486
1.671692
1.298055
0.802187
1.724030
0.245829
1.179758
1.457005
0.498273
0.245829
1.724030
1.724030
0.660913
0.247186
1.001879
0.245829
0.395020
1.071764
1.524946
1.179758
1.880222
0.103486
0.103486
0.894270
0.961400
1.615753
0.570945
0.498273
0.245713
0.570988
0.987019
1.251455
0.242014
0.498273
1.251455
1.671692
1.585072
0.103973
0.398882
0.103486
1.544689
1.160825
0.245829
1.277873
1.298055
0.570988
0.245829
1.724030
1.457005
0.987019
1.019651
1.326641
0.103486
0.103486
1.179754
1.001879
0.245829
0.660913
1.544689
1.970521
0.570987
0.103486
0.987019
1.432978
0.103486
0.103486
1.277873
1.071764
1.432978
1.210212
1.432978
1.457005
0.103486
1.476351
0.245829
1.179758
1.479216
1.948191
0.245829
0.498273
0.660913
0.347706
0.961400
1.479216
0.395019
1.371326
1.970521
0.928949
1.432978
0.987019
1.071259
0.660871
0.245829
1.179758
1.524946
1.234892
0.245829
1.970521
0.245829
0.103486
0.570988
0.745946
1.579346
0.660913
1.796478
0.498273
1.544689
1.457005
1.277873
0.498273
1.373151
1.298055
1.724042
1.432978
0.772547
1.615753
1.615753
1.524946
0.731307
0.833059
1.671692
0.660913
1.671692
0.544773
1.160825
1.671692
1.671692
1.796478
1.915696
0.660913
1.970521
1.724030
1.880222
0.470963
0.772547
0.470963
0.395020
1.071764
1.970521
1.797638
0.395020
0.245829
0.395020
1.127175
1.030851
0.245829
1.615753
0.103486
0.103486
0.245829
1.724030
1.160825
1.560068
0.103486
1.127175
0.245829
0.731976
1.724030
0.498273
1.210212
1.210212
0.498273
0.103486
0.103486
1.001879
0.498273
1.210213
0.497782
1.724030
1.615753
0.660913
0.610575
1.160825
1.298055
0.928949
1.071764
0.103771
1.796478
1.544689
0.774354
1.724030
1.410540
1.071764
1.880222
0.961400
0.894270
1.410540
0.570988
0.660913
0.245829
0.103486
1.880600
1.880222
1.782623
0.660913
1.210212
1.880223
0.660913
1.298055
1.970521
1.724030
0.928949
0.395019
0.928949
1.615753
1.001879
1.722369
1.615753
1.796478
0.498273
1.615738
0.245829
1.724030
0.245829
1.127175
1.251455
0.731976
0.245829
1.432978
0.498273
1.724032
0.987019
0.660913
0.570988
1.127175
0.103486
1.796478
0.470963
0.833059
0.745946
1.298055
0.987019
0.660913
0.395020
1.880221
0.245829
1.724030
0.772547
0.245829
1.671692
1.524946
1.071764
0.245829
0.245822
1.880222
1.210212
0.774414
0.395020
1.410540
1.724087
0.103486
1.432978
0.961400
0.833059
0.395020
0.245828
1.795728
1.615753
1.160825
1.490535
0.833059
1.796478
0.498273
0.103486
1.797134
1.970521
2.002179
1.298055
0.987298
1.796478
1.880222
1.873231
1.210212
0.103486
0.104642
0.660913
1.277873
1.970521
1.724030
1.880222
0.103486
1.071764
0.245829
1.880222
0.928949
0.986774
1.724030
1.298055
1.326157
1.671692
0.245829
0.245829
1.544689
0.103488
1.019651
1.030851
0.103486
1.071764
1.773841
0.395020
1.724030
1.671692
0.103486
1.179758
0.245829
1.210212
0.103486
1.798507
0.987019
0.610576
0.395020
1.796480
0.660913
0.103486
0.894270
0.610575
1.479216
1.298071
1.432978
0.498273
1.457005
0.103486
0.498273
0.103486
1.724030
0.833059
0.245829
0.395020
0.660921
0.894270
1.970521
0.894270
1.880222
1.160825
0.245829
1.277873
0.961400
0.245829
1.160825
0.245829
1.671692
1.544699
1.671692
2.002318
0.894270
0.103486
0.245829
0.245829
0.731384
1.880222
1.071764
1.196690
0.498273
0.961400
1.298055
0.610575
1.332162
0.986774
0.660913
0.498273
0.103487
1.432978
1.615753
1.796478
0.928949
1.410540
1.880222
0.986774
0.802187
1.615753
0.103486
0.565019
1.326641
1.724030
1.615753
1.724030
1.724030
1.001879
1.671692
0.245829
1.724030
1.724030
0.610575
1.298055
1.615753
0.103486
0.961400
0.103486
1.071764
0.245829
0.772547
1.544656
0.928949
0.245829
1.880222
0.103564
1.001879
0.103486
0.610575
1.298055
0.103650
1.490535
0.845625
0.894270
1.671692
1.110161
0.660913
1.332162
0.470963
1.671692
0.245770
1.479216
1.579346
0.928949
0.103486
0.103486
0.570988
1.796478
1.880222
1.724030
2.002302
1.796478
1.234892
0.467290
0.833059
0.395020
1.524946
1.410540
1.160825
1.724030
0.245829
1.457005
1.724030
0.470382
0.103486
0.245829
0.987298
1.432978
0.103486
0.103486
0.103486
1.724030
0.245829
0.570988
0.395020
0.772547
1.796605
1.524946
1.799316
1.298055
1.615753
0.731975
1.724030
0.544777
1.544689
0.245829
1.030854
0.103486
0.103486
1.724030
0.245829
0.570988
1.880222
1.671692
1.353745
0.103487
0.660913
1.353745
0.245829
1.880222
1.880222
1.615753
1.544689
0.498273
0.661029
1.873950
0.610575
1.127175
0.986774
0.245829
1.179758
0.245829
0.245829
0.245829
1.579346
0.245829
1.160825
0.245829
1.970521
0.395020
0.103486
0.731976
0.103486
0.660913
1.880222
0.894270
0.660913
1.615753
2.002319
1.725502
0.103486
1.071764
1.724030
1.179758
1.880222
1.724030
0.245829
0.570988
1.179755
0.245829
0.544424
0.245829
1.210212
0.245829
1.068169
0.745946
1.049726
0.570988
1.970521
1.234892
0.103486
0.570988
0.103486
0.833059
1.796478
0.570988
0.103486
0.103486
0.229245
0.745946
1.353745
1.127175
1.671692
1.880222
1.524946
0.660913
0.245829
1.524946
0.928190
0.245829
0.961400
0.731976
0.395020
1.326641
0.103486
0.103486
2.002319
0.103486
1.410540
0.570988
0.498273
1.970521
0.987019
0.103486
1.298055
0.660913
1.071764
1.615754
0.245829
0.245829
1.544689
0.986774
1.001879
0.570988
1.724030
1.001879
0.103486
1.071764
0.772515
0.103486
1.880222
1.160825
1.579346
0.570988
0.961400
1.615753
0.961400
0.928190
0.103486
0.245886
0.772547
1.724030
0.610575
1.796478
1.127175
1.353745
1.971765
1.410540
1.160825
0.961387
1.353745
0.961400
1.615753
0.833059
1.353748
0.103486
0.103486
0.245829
1.332162
1.724030
1.724030
1.410540
0.570988
1.524946
1.671692
1.160825
0.660913
1.615753
1.160825
0.103486
1.857409
1.071764
1.432978
1.031628
1.880222
1.234892
0.245829
1.298055
0.660913
0.245829
1.127175
1.071764
1.071764
0.103486
0.103486
1.579346
0.245829
0.395020
0.103486
1.671692
1.969618
1.457005
0.103486
1.490535
1.277873
0.245829
0.928190
1.817503
0.928383
1.524946
1.880222
0.610575
1.524946
0.731976
0.986774
1.724030
0.470963
1.001879
1.524946
1.724030
1.432978
1.724030
0.498273
0.987019
1.277873
1.457005
0.961400
0.103486
1.030851
0.660913
1.796478
1.277873
0.498273
0.245829
1.579346
1.298055
1.031137
0.103486
1.796476
0.498273
1.234892
1.724030
1.579358
0.245829
0.570988
0.992033
1.524946
1.432978
0.245829
1.880222
0.103486
1.671692
1.277873
0.498273
0.731976
0.245829
1.615753
0.245829
1.615753
1.970521
1.277873
0.103486
0.245829
1.724030
0.928949
1.544689
0.103486
0.245829
0.498273
0.986774
0.928949
1.724030
1.019651
0.772547
1.298055
0.245829
1.251455
0.245829
1.796478
1.373151
0.772509
1.373151
1.127175
1.179758
1.880175
1.796478
0.987019
0.571004
1.524946
0.248488
1.001879
1.544689
0.103486
1.544689
0.570988
1.796470
1.160825
1.277873
1.724030
1.332162
1.432978
1.815491
0.245829
0.395020
0.103486
0.570988
0.395020
0.938973
0.498273
0.660913
1.524946
0.103486
1.432978
0.471485
1.298055
1.880222
0.103486
1.490535
1.030851
1.277873
1.970521
1.615753
0.498273
1.880222
1.353745
0.103486
1.298055
0.245829
0.660913
0.498273
0.928383
0.103486
0.845625
0.570988
0.961400
0.245829
0.772547
0.833059
0.833059
0.245829
0.987297
0.498273
0.245829
0.498273
0.395020
1.724030
1.160825
0.928190
1.615753
0.928949
0.731976
1.958497
0.570988
1.373151
1.410540
0.987019
0.103486
0.103493
0.103486
0.103486
0.745946
0.987019
1.489139
1.724030
0.660913
0.660913
0.498273
1.432978
0.772637
0.245829
1.019651
1.234892
0.570988
1.970521
1.410540
1.160825
1.277873
0.232102
0.610575
0.570988
0.245829
1.019651
0.395019
0.731384
0.479814
1.731588
0.245829
0.470963
1.615753
1.457005
1.724030
1.177825
1.160825
0.745946
0.928190
1.724030
0.570988
1.457005
1.373151
0.894270
0.244480
0.103486
0.845625
0.395020
1.127013
0.103486
0.103489
1.490535
1.326641
1.210212
1.544689
0.570988
1.724030
0.395020
0.498273
1.970500
0.610575
0.245829
1.410540
0.961400
1.880227
1.970695
0.245829
1.580744
1.210212
1.970521
0.103486
0.845625
0.570988
0.103486
0.570988
1.277873
1.030851
1.127175
1.880222
0.660913
0.103486
0.245829
0.103500
0.395020
1.796478
0.498273
1.127175
1.796477
0.845625
0.103486
0.772547
1.961744
0.103486
1.432978
1.298055
0.570988
0.570988
1.383500
0.103486
0.660913
0.395020
0.103486
0.103486
0.498273
0.774416
0.103486
0.395020
1.724030
1.724030
1.277873
0.395020
1.970521
0.498273
0.498273
1.880222
0.498273
0.152806
0.395020
1.671692
1.353745
0.802187
1.544689
0.246042
1.001879
0.498273
0.570988
1.579346
0.745942
1.724032
0.245829
0.570988
0.498273
1.490557
0.610575
0.245829
0.103486
1.457005
0.894270
0.245829
0.245829
0.103486
0.772547
1.127175
1.127175
0.253754
0.121494
0.570988
0.103486
0.660913
1.724032
1.457270
1.127175
0.103486
0.103486
0.395020
0.245829
1.071764
1.724030
0.103488
0.395020
1.298055
1.127175
1.432978
1.615753
1.671692
1.959327
0.660913
1.615753
0.570988
1.479216
1.880222
0.961400
0.660913
1.373151
1.615753
0.245856
0.395020
1.880220
0.575385
1.457005
1.432978
0.802187
0.731976
0.660913
0.245829
0.103486
0.245829
0.103486
0.498273
0.245829
1.880222
0.103486
0.395020
1.457005
1.490535
0.245826
1.034164
0.103486
1.071764
0.395020
1.433931
1.671695
1.384812
0.928190
1.724030
0.802187
1.615753
0.772547
1.179758
0.245829
0.390804
0.103486
0.894270
0.772547
0.245829
0.245829
0.833059
1.353745
1.796478
0.660913
1.030851
0.894270
0.103486
1.790968
0.498330
0.610575
1.071764
0.570988
1.030851
1.524946
1.127175
1.251455
0.245829
0.498273
1.775937
1.234892
1.234892
1.724030
1.724030
1.544689
0.938973
1.880222
1.544689
0.245829
1.724030
0.833059
1.671692
0.103486
0.802187
1.160825
0.245829
0.833059
2.002319
0.395020
0.660913
0.928949
0.103486
1.432978
0.245829
0.240258
1.457005
0.103486
1.796478
1.127175
1.724030
1.724030
0.987019
1.524946
0.498273
1.001879
0.660913
1.880222
0.610575
1.479216
0.470963
1.524946
0.928383
1.298055
0.103486
1.298055
2.002318
0.103486
0.570988
0.570988
0.395020
1.615753
1.030852
0.245829
0.103486
1.970521
1.457005
0.498273
0.470963
0.610575
1.880222
1.030851
0.987019
1.970521
1.298055
0.498273
1.544689
0.103486
1.251455
1.970521
0.774354
1.326641
0.802187
0.245829
1.796476
1.724030
1.030851
1.479216
1.970521
1.615753
1.524946
1.724030
0.928190
1.796478
0.987298
1.432978
1.970522
1.524946
0.395020
1.353745
0.103486
1.373151
1.724030
0.395020
0.395020
1.615753
0.544777
0.470963
0.772547
1.724030
1.970517
1.544689
0.245829
0.498273
0.498273
0.894270
1.671692
0.833059
1.490619
0.395760
0.395020
0.612178
0.833059
1.277873
0.570988
1.970521
1.001879
0.660913
1.234892
0.245829
1.332162
1.724030
1.671692
1.210212
0.660913
1.332162
0.103486
1.179758
1.234892
1.432978
1.671692
0.610575
1.724030
1.001879
0.961400
1.298055
0.570958
0.987019
1.800753
1.724030
0.498273
0.395020
0.731976
1.967710
0.772547
0.570988
0.987232
1.072031
1.724030
1.071764
1.019651
1.030952
0.180336
0.938973
1.234892
1.353745
0.103486
1.880222
1.277873
1.544689
0.245829
0.610575
1.326641
1.796484
1.457005
0.570988
1.544689
0.245829
1.234892
0.498273
1.030851
0.894270
1.544689
1.071764
0.245829
1.880222
1.707215
1.796478
0.103486
1.071764
1.160825
0.245829
0.470963
0.245829
0.258816
1.887535
0.103486
1.298055
0.103486
0.395020
1.544689
0.894270
0.570988
1.724030
1.160825
1.724030
1.791951
0.245829
1.880222
1.160796
1.179758
0.103486
1.234892
0.772547
0.245829
1.179758
0.570988
1.724030
0.245829
1.071764
0.961400
0.103486
0.103486
1.179758
0.802187
1.724030
0.245829
1.071531
0.103486
0.660913
0.987298
1.071764
0.570988
1.724030
0.245829
0.987019
0.103486
1.490622
0.394890
1.615753
1.298055
1.160825
1.071763
1.963983
1.210282
1.432978
0.731976
1.882845
0.103486
0.772547
0.498273
1.001879
0.498273
0.395020
0.245829
1.277873
1.880222
1.524946
0.395020
1.724030
0.470963
1.277873
0.392039
1.432978
0.395020
1.724030
1.615753
1.072706
0.660913
1.127175
0.245829
0.103486
1.410540
0.103486
0.394951
1.880222
1.880222
0.166952
0.987019
1.127175
1.326641
1.410540
0.498273
0.103486
1.615753
0.802187
0.103486
0.245829
0.610575
0.245829
0.103486
0.103486
0.245829
0.498273
0.245829
0.245829
1.723454
1.432978
1.127175
0.961400
1.970477
1.298055
1.880222
0.103487
0.103486
0.610710
0.103486
0.774416
1.544689
1.544689
1.671692
0.498273
0.570988
1.001879
0.245829
1.160825
0.610575
0.961400
0.660913
0.245829
1.744402
1.880222
0.245829
0.987019
1.796478
0.395020
0.610575
1.615753
0.498273
1.031029
1.544689
0.660913
0.395020
0.103486
1.457005
0.745946
1.724030
1.970521
0.498273
1.160825
1.001879
0.103486
1.880222
1.534562
1.160825
1.724030
1.544689
1.880222
0.394723
1.615753
0.245829
1.970507
0.103486
1.615759
0.245020
0.961400
1.373151
1.332162
0.610575
0.395020
1.970475
0.245829
0.894270
1.030851
0.245823
1.970521
1.179758
1.970521
1.457005
0.104177
0.395020
1.724030
1.479216
0.395020
1.030851
0.570988
1.544689
1.615753
1.970521
0.610575
0.103486
1.127175
1.251455
0.245829
1.544689
0.161307
1.880222
1.579346
1.970521
1.880222
1.251455
0.987298
1.127175
0.731384
1.069524
0.245829
0.245829
0.498273
1.326485
0.245829
0.731976
0.961400
1.432978
1.210212
0.660913
1.671692
1.796478
0.245829
0.660913
0.938973
0.245829
1.457005
1.579346
1.724030
1.298055
1.019651
1.118217
1.487729
1.615753
1.071764
0.774416
1.671692
1.298055
1.796478
0.961400
0.802187
0.610577
0.245829
1.298055
0.731976
0.498273
1.457005
0.245829
0.802187
1.970521
0.660913
1.353745
0.295974
1.880222
1.671692
0.498273
1.724030
0.245829
0.395020
0.395019
0.395020
1.030861
0.833059
0.498273
0.498273
0.802187
0.103489
0.610575
1.582738
0.961400
0.986774
1.615753
0.103486
1.469594
1.970521
1.031125
1.724030
1.017877
1.724030
0.731976
0.103486
1.724030
0.660913
1.277873
1.880222
1.880222
1.880222
1.724030
1.880222
1.880082
0.731976
1.127175
0.894270
0.928190
1.879842
1.479209
0.660913
1.544689
0.470963
1.033501
0.570988
1.544697
0.928949
0.824197
0.547272
0.833059
1.880222
1.384812
1.410540
1.001879
0.961400
0.833059
1.880222
1.127175
1.457005
0.570988
0.103486
1.234892
1.160825
0.245829
1.127175
1.071764
1.160825
1.615753
1.457005
0.103486
1.880222
1.346095
1.298055
1.457005
1.722151
1.069870
0.245829
1.970237
1.615753
0.928949
0.987298
1.615753
1.724030
1.019651
0.103486
0.395020
0.245829
1.544689
1.030851
1.490535
1.277873
1.724030
1.332162
0.660913
1.544689
0.239369
0.570988
1.796478
1.432978
1.880222
0.772547
0.660913
0.395020
0.660913
0.245829
0.498273
1.524946
1.796478
1.210212
1.384811
0.103486
1.724030
1.970521
1.970521
0.928949
1.373151
1.544689
1.410540
0.395253
1.332162
0.103486
1.615753
1.160825
0.570988
0.894270
0.498273
1.432978
1.353745
1.970521
1.458771
1.457003
0.731976
1.724030
1.277873
0.154152
1.724030
1.671692
1.001879
0.660913
0.745946
0.498273
1.071764
1.615753
0.245829
1.210217
0.961400
1.724030
0.961400
0.494609
1.796478
1.127175
1.880222
0.894270
0.470963
1.179758
1.160825
1.880222
0.938973
0.245825
0.845625
0.731976
0.938973
0.498273
0.938973
1.796478
1.373151
1.457005
1.071764
0.454229
0.103486
1.234892
0.498273
0.570967
0.245829
0.498273
0.610575
1.160825
0.570988
1.615753
1.179758
1.234892
0.245829
1.210212
0.610575
1.615753
1.384812
1.970519
0.987298
0.660913
0.660913
1.326641
1.298055
1.544689
0.278564
1.353745
1.615753
1.970521
1.970500
1.544689
0.103486
0.928383
1.724030
0.470963
1.796484
1.353745
1.479216
1.671691
1.544689
1.880222
0.245828
0.961400
0.928190
1.326641
0.245829
1.332162
0.731384
1.724030
1.880222
1.615753
1.030856
1.880222
1.544689
1.160825
1.544689
0.660862
1.880572
1.384812
0.103486
0.928949
1.298055
0.570988
1.160825
0.570988
0.570988
1.234892
1.179758
0.245829
0.498434
1.880222
1.030851
1.724030
1.160825
0.245829
1.796478
0.103486
1.724030
1.880190
0.731976
1.160863
0.928190
1.577662
0.470963
0.103486
1.326641
1.179758
0.498275
1.479216
0.660913
1.210212
1.277873
0.103487
0.802188
0.570988
1.724030
1.880222
1.277873
0.802187
1.432978
0.772547
0.245829
0.986774
1.970521
1.671673
0.245829
1.880222
0.103486
1.030851
1.127175
1.724030
0.395020
1.432978
1.298055
0.961400
1.384812
1.544689
0.894270
1.724030
1.671692
0.987298
0.470963
1.457005
1.041495
1.179758
0.245829
1.234892
1.373151
0.570988
0.498273
1.544689
1.724030
0.245829
1.071764
0.894270
1.724030
1.432978
1.298055
1.160825
0.103486
1.615753
1.001879
0.660913
0.245829
0.660913
0.772549
1.970521
0.928383
1.796490
0.245829
1.226386
1.724030
0.103486
0.245829
1.544677
0.245829
1.251455
0.660913
0.498273
0.498273
1.544689
0.833059
0.928949
1.277873
1.671692
0.570988
1.332162
1.671692
0.245829
0.470963
1.160825
1.796478
0.570988
1.796478
1.615753
1.479216
0.103490
0.568366
1.544689
1.373151
0.395020
1.724030
0.395020
0.660913
1.724030
1.796478
1.234803
0.245829
0.961400
0.245829
0.245829
1.724030
0.103486
0.103519
1.724030
1.724030
1.671692
0.245829
0.103486
0.987019
0.570988
0.570988
0.245829
1.479216
0.928190
0.103486
1.030852
1.969004
1.970517
1.724030
1.880175
0.544817
0.894270
1.724030
1.234892
0.961400
1.724030
0.103510
1.724030
0.395020
1.236000
0.245829
1.298055
1.966476
0.660913
1.724030
1.326629
1.615753
1.880222
1.970521
1.251455
1.970521
1.796478
1.277873
1.432978
1.615753
0.103486
0.498273
1.160863
1.724030
1.724030
0.660913
1.490535
0.103486
1.160825
0.894270
0.660913
1.724030
1.410540
1.615753
1.615753
1.071743
0.103490
1.724036
1.880218
0.570988
0.103487
0.894270
0.987019
1.724030
1.671692
1.031720
1.298055
1.880222
1.071764
1.671692
1.671692
1.880222
1.071670
0.245829
1.410540
0.660913
1.796478
1.524946
1.332162
1.457005
1.544689
0.395061
1.210212
1.127175
0.103486
1.880222
1.724030
1.880222
1.724030
0.986774
1.970521
0.660913
0.498273
0.245829
1.326641
1.544689
1.724030
1.410540
1.373151
0.245829
1.880224
0.395020
1.179758
0.610575
1.671692
0.772547
0.245829
0.227567
0.103486
1.298055
0.894270
0.928383
1.432978
0.570988
1.210201
1.353745
1.071764
0.245829
1.001879
0.498273
1.724030
1.880222
1.880220
0.660913
1.544689
0.395020
0.245829
0.498273
0.833059
1.796448
0.103486
1.030851
0.245791
0.498273
1.127175
0.731976
1.474324
1.071764
1.326641
1.298055
1.234892
1.615753
0.731976
0.245829
1.724030
0.395020
1.127175
0.245829
0.833059
0.774249
1.886419
1.127175
0.245829
1.970516
0.498273
0.570988
1.791393
1.524946
1.671692
1.277873
1.179758
0.245829
0.245829
1.326641
0.731976
0.395020
0.245829
1.615753
1.881001
1.030851
0.772643
0.470963
1.210212
0.103486
1.326641
1.724030
1.373151
0.660913
0.612400
1.880221
0.772558
1.970521
0.495265
0.772547
0.802187
1.071764
0.772547
0.570988
1.479216
1.001879
1.880222
1.479216
1.251455
0.660913
1.970521
0.103486
0.395020
1.326641
1.796478
0.245829
1.298055
1.234892
0.245829
1.490535
1.332162
0.245829
0.660913
1.880222
1.326641
1.671692
0.802187
0.245829
0.987019
0.395020
0.733240
0.103486
0.610590
0.928190
1.970521
0.103486
1.019651
1.410540
0.928949
0.610575
1.277873
1.524946
1.524946
1.615753
0.245829
1.544689
0.928949
1.615753
0.498278
0.103486
0.833059
1.373151
1.234892
1.544689
1.384825
1.432978
1.671692
1.544689
0.103486
0.928949
0.961400
1.819769
0.731384
1.071764
0.245829
1.373151
1.432978
1.479216
1.210212
0.245828
0.498273
0.928383
0.660913
0.570988
1.326641
1.298055
0.103486
1.970526
1.277873
0.395020
0.894270
0.498273
0.370160
0.245826
0.498274
1.615754
0.833059
1.332162
1.754935
0.103486
0.103486
1.432978
1.298055
0.570988
1.353745
0.395021
0.245829
1.524946
1.796478
0.103486
1.410540
0.660913
1.332162
0.833059
1.724030
1.277873
0.498273
1.019640
0.245829
1.298055
0.498273
1.251455
1.579346
1.432978
1.796436
1.544689
0.245826
1.544689
0.610575
0.103486
1.970521
0.245829
0.245829
1.524906
0.245829
1.724031
1.880222
1.071764
0.247139
1.970521
0.245740
1.298055
0.245829
0.570988
1.332162
0.660913
1.880222
1.724030
1.479216
1.234892
0.103486
1.160825
0.245829
1.671692
1.234892
0.660913
1.880222
1.432978
1.479217
0.103487
1.160825
0.245829
0.992033
1.127161
1.432978
1.880222
0.772547
1.970521
1.298055
0.660913
0.928949
0.394982
1.880222
0.731384
0.103486
1.724030
1.068168
0.772643
0.731976
0.103537
1.251455
0.731976
1.353745
1.410844
0.245829
1.615753
1.071764
0.660913
0.103486
1.880222
1.353745
1.615664
0.498273
0.245829
0.245829
1.970521
1.615753
0.660913
1.970521
0.395020
0.242713
0.103486
0.103486
0.660913
1.664453
0.407714
0.103486
0.660913
0.570988
0.103486
1.724030
0.660913
0.245829
1.579346
1.544689
1.179758
1.353745
1.796478
1.724030
1.179758
1.524946
1.326641
1.524946
0.774354
1.544689
1.160825
