5.192052e-01 5.192073e-01
5.191353e-01 5.191392e-01
5.190589e-01 5.190705e-01
5.189905e-01 5.190070e-01
5.189192e-01 5.189288e-01
5.188400e-01 5.188566e-01
5.187714e-01 5.187819e-01
5.186964e-01 5.187239e-01
5.186277e-01 5.186471e-01
5.185491e-01 5.185741e-01
5.184823e-01 5.185105e-01
5.184039e-01 5.184405e-01
5.183368e-01 5.183708e-01
5.182608e-01 5.182894e-01
5.181898e-01 5.182190e-01
5.181172e-01 5.181537e-01
5.180466e-01 5.180919e-01
5.179719e-01 5.180089e-01
5.179011e-01 5.179528e-01
5.178269e-01 5.178827e-01
5.177566e-01 5.178059e-01
5.176803e-01 5.177330e-01
5.176163e-01 5.176731e-01
5.175349e-01 5.176018e-01
5.174696e-01 5.175326e-01
5.173944e-01 5.174552e-01
5.173205e-01 5.173960e-01
5.172514e-01 5.173206e-01
5.171779e-01 5.172477e-01
5.171062e-01 5.171846e-01
5.170313e-01 5.171127e-01
5.169627e-01 5.170415e-01
5.168922e-01 5.169730e-01
5.168176e-01 5.169023e-01
5.167469e-01 5.168319e-01
5.166747e-01 5.167598e-01
5.165992e-01 5.166987e-01
5.165315e-01 5.166310e-01
5.164579e-01 5.165577e-01
5.163910e-01 5.164924e-01
5.163130e-01 5.164195e-01
5.162429e-01 5.163467e-01
5.161726e-01 5.162763e-01
5.160994e-01 5.162103e-01
5.160323e-01 5.161374e-01
5.159561e-01 5.160621e-01
5.158865e-01 5.160047e-01
5.158135e-01 5.159329e-01
5.157412e-01 5.158671e-01
5.156735e-01 5.157917e-01
5.155964e-01 5.157190e-01
5.155234e-01 5.156491e-01
5.154617e-01 5.155839e-01
5.153810e-01 5.155191e-01
5.153168e-01 5.154505e-01
5.152428e-01 5.153792e-01
5.151696e-01 5.153092e-01
5.150990e-01 5.152489e-01
5.150306e-01 5.151747e-01
5.149486e-01 5.151025e-01
5.148902e-01 5.150452e-01
5.148143e-01 5.149693e-01
5.147459e-01 5.148948e-01
5.146688e-01 5.148329e-01
5.145969e-01 5.147582e-01
5.145302e-01 5.146954e-01
5.144555e-01 5.146235e-01
5.143902e-01 5.145485e-01
5.143149e-01 5.144902e-01
5.142421e-01 5.144162e-01
5.141720e-01 5.143436e-01
5.141047e-01 5.142807e-01
5.140319e-01 5.142092e-01
5.139592e-01 5.141449e-01
5.138887e-01 5.140706e-01
5.138173e-01 5.140028e-01
5.137501e-01 5.139355e-01
5.136755e-01 5.138602e-01
5.136009e-01 5.137988e-01
5.135391e-01 5.137271e-01
5.134623e-01 5.136574e-01
5.133912e-01 5.135934e-01
5.133235e-01 5.135227e-01
5.132486e-01 5.134475e-01
5.131819e-01 5.133845e-01
5.131094e-01 5.133256e-01
5.130384e-01 5.132505e-01
5.129649e-01 5.131778e-01
5.128993e-01 5.131133e-01
5.128266e-01 5.130461e-01
5.127552e-01 5.129691e-01
5.126852e-01 5.129141e-01
5.126120e-01 5.128392e-01
5.125453e-01 5.127692e-01
5.124758e-01 5.126978e-01
5.124018e-01 5.126387e-01
5.123320e-01 5.125588e-01
5.122634e-01 5.124974e-01
5.121927e-01 5.124371e-01
5.121166e-01 5.123615e-01
5.120516e-01 5.122991e-01
5.119815e-01 5.122236e-01
5.119105e-01 5.121468e-01
5.118401e-01 5.120938e-01
5.117660e-01 5.120170e-01
5.116992e-01 5.119582e-01
5.116279e-01 5.118825e-01
5.115590e-01 5.118147e-01
5.114893e-01 5.117502e-01
5.114166e-01 5.116825e-01
5.113477e-01 5.116078e-01
5.112738e-01 5.115398e-01
5.112095e-01 5.114802e-01
5.111384e-01 5.114124e-01
5.110670e-01 5.113435e-01
5.109970e-01 5.112709e-01
5.109230e-01 5.112025e-01
5.108587e-01 5.111381e-01
5.107866e-01 5.110662e-01
5.107208e-01 5.110024e-01
5.106471e-01 5.109381e-01
5.105754e-01 5.108759e-01
5.105094e-01 5.108052e-01
5.104356e-01 5.107409e-01
5.103696e-01 5.106624e-01
5.103009e-01 5.105963e-01
5.102244e-01 5.105402e-01
5.101584e-01 5.104641e-01
5.100895e-01 5.103888e-01
5.100217e-01 5.103338e-01
5.099498e-01 5.102608e-01
5.098799e-01 5.101985e-01
5.098121e-01 5.101280e-01
5.097382e-01 5.100518e-01
5.096736e-01 5.099850e-01
5.095984e-01 5.099240e-01
5.095350e-01 5.098547e-01
5.094632e-01 5.097874e-01
5.093927e-01 5.097234e-01
5.093247e-01 5.096542e-01
5.092565e-01 5.095865e-01
5.091839e-01 5.095204e-01
5.091172e-01 5.094627e-01
5.090451e-01 5.093937e-01
5.089760e-01 5.093206e-01
5.089099e-01 5.092555e-01
5.088410e-01 5.091858e-01
5.087674e-01 5.091162e-01
5.087001e-01 5.090569e-01
5.086305e-01 5.089833e-01
5.085629e-01 5.089242e-01
5.084933e-01 5.088443e-01
5.084217e-01 5.087823e-01
5.083563e-01 5.087102e-01
5.082805e-01 5.086528e-01
5.082214e-01 5.085906e-01
5.081427e-01 5.085129e-01
5.080773e-01 5.084503e-01
5.080065e-01 5.083755e-01
5.079420e-01 5.083139e-01
5.078696e-01 5.082435e-01
5.077983e-01 5.081779e-01
5.077339e-01 5.081089e-01
5.076604e-01 5.080495e-01
5.075985e-01 5.079824e-01
5.075205e-01 5.079252e-01
5.074579e-01 5.078383e-01
5.073849e-01 5.077786e-01
5.073193e-01 5.077071e-01
5.072453e-01 5.076507e-01
5.071806e-01 5.075779e-01
5.071098e-01 5.075050e-01
5.070432e-01 5.074435e-01
5.069730e-01 5.073790e-01
5.069024e-01 5.073172e-01
5.068374e-01 5.072464e-01
5.067660e-01 5.071853e-01
5.066970e-01 5.071115e-01
5.066301e-01 5.070500e-01
5.065575e-01 5.069790e-01
5.064911e-01 5.069174e-01
5.064239e-01 5.068406e-01
5.063577e-01 5.067757e-01
5.062808e-01 5.067182e-01
5.062179e-01 5.066435e-01
5.061482e-01 5.065838e-01
5.060787e-01 5.065147e-01
5.060102e-01 5.064496e-01
5.059428e-01 5.063800e-01
5.058755e-01 5.063121e-01
5.058056e-01 5.062522e-01
5.057344e-01 5.061790e-01
5.056664e-01 5.061159e-01
5.056015e-01 5.060434e-01
5.055277e-01 5.059870e-01
5.054650e-01 5.059167e-01
5.053925e-01 5.058466e-01
5.053267e-01 5.057834e-01
5.052587e-01 5.057210e-01
5.051886e-01 5.056618e-01
5.051197e-01 5.055884e-01
5.050502e-01 5.055174e-01
5.049839e-01 5.054560e-01
5.049179e-01 5.053944e-01
5.048438e-01 5.053255e-01
5.047792e-01 5.052537e-01
5.047110e-01 5.051835e-01
5.046419e-01 5.051302e-01
5.045766e-01 5.050555e-01
5.045024e-01 5.049975e-01
5.044395e-01 5.049299e-01
5.043698e-01 5.048595e-01
5.042996e-01 5.047935e-01
5.042342e-01 5.047280e-01
5.041667e-01 5.046678e-01
5.040967e-01 5.045998e-01
5.040299e-01 5.045232e-01
5.039596e-01 5.044639e-01
5.038952e-01 5.043909e-01
5.038283e-01 5.043325e-01
5.037551e-01 5.042619e-01
5.036873e-01 5.041929e-01
5.036254e-01 5.041499e-01
5.035529e-01 5.040689e-01
5.034851e-01 5.040004e-01
5.034197e-01 5.039301e-01
5.033504e-01 5.038651e-01
5.032812e-01 5.037973e-01
5.032195e-01 5.037419e-01
5.031412e-01 5.036743e-01
5.030817e-01 5.036052e-01
5.030135e-01 5.035421e-01
5.029449e-01 5.034724e-01
5.028726e-01 5.034090e-01
5.028126e-01 5.033420e-01
5.027394e-01 5.032836e-01
5.026715e-01 5.032177e-01
5.026074e-01 5.031527e-01
5.025371e-01 5.030831e-01
5.024731e-01 5.030167e-01
5.024028e-01 5.029492e-01
5.023359e-01 5.028886e-01
5.022646e-01 5.028231e-01
5.022036e-01 5.027514e-01
5.021358e-01 5.026841e-01
5.020614e-01 5.026287e-01
5.019996e-01 5.025644e-01
5.019306e-01 5.024968e-01
5.018644e-01 5.024390e-01
5.017985e-01 5.023667e-01
5.017263e-01 5.022983e-01
5.016612e-01 5.022368e-01
5.015947e-01 5.021687e-01
5.015266e-01 5.020912e-01
5.014602e-01 5.020410e-01
5.013910e-01 5.019773e-01
5.013261e-01 5.019039e-01
5.012553e-01 5.018392e-01
5.011923e-01 5.017730e-01
5.011221e-01 5.017158e-01
5.010550e-01 5.016477e-01
5.009916e-01 5.015694e-01
5.009154e-01 5.015153e-01
5.008542e-01 5.014530e-01
5.007848e-01 5.013806e-01
5.007221e-01 5.013203e-01
5.006514e-01 5.012541e-01
5.005868e-01 5.011882e-01
5.005162e-01 5.011209e-01
5.004529e-01 5.010615e-01
5.003809e-01 5.009899e-01
5.003182e-01 5.009291e-01
5.002484e-01 5.008563e-01
5.001835e-01 5.007941e-01
5.001128e-01 5.007303e-01
5.000484e-01 5.006615e-01
4.999817e-01 5.005986e-01
4.999140e-01 5.005351e-01
4.998467e-01 5.004783e-01
4.997779e-01 5.004066e-01
4.997148e-01 5.003416e-01
4.996460e-01 5.002750e-01
4.995798e-01 5.002097e-01
4.995133e-01 5.001480e-01
4.994412e-01 5.000890e-01
4.993774e-01 5.000104e-01
4.993128e-01 4.999501e-01
4.992443e-01 4.998887e-01
4.991805e-01 4.998230e-01
4.991056e-01 4.997617e-01
4.990418e-01 4.996921e-01
4.989772e-01 4.996294e-01
4.989158e-01 4.995669e-01
4.988383e-01 4.994975e-01
4.987744e-01 4.994386e-01
4.987124e-01 4.993687e-01
4.986408e-01 4.993048e-01
4.985796e-01 4.992397e-01
4.985047e-01 4.991739e-01
4.984433e-01 4.991157e-01
4.983751e-01 4.990523e-01
4.983093e-01 4.989869e-01
4.982433e-01 4.989245e-01
4.981709e-01 4.988532e-01
4.981127e-01 4.987860e-01
4.980397e-01 4.987236e-01
4.979790e-01 4.986563e-01
4.979047e-01 4.985863e-01
4.978432e-01 4.985300e-01
4.977743e-01 4.984601e-01
4.977116e-01 4.984014e-01
4.976410e-01 4.983336e-01
4.975770e-01 4.982716e-01
4.975092e-01 4.982106e-01
4.974442e-01 4.981391e-01
4.973740e-01 4.980756e-01
4.973139e-01 4.980099e-01
4.972396e-01 4.979514e-01
4.971806e-01 4.978830e-01
4.971111e-01 4.978215e-01
4.970454e-01 4.977587e-01
4.969768e-01 4.976906e-01
4.969143e-01 4.976321e-01
4.968444e-01 4.975597e-01
4.967781e-01 4.974999e-01
4.967176e-01 4.974381e-01
4.966450e-01 4.973666e-01
4.965815e-01 4.973011e-01
4.965107e-01 4.972435e-01
4.964526e-01 4.971732e-01
4.963815e-01 4.971198e-01
4.963140e-01 4.970464e-01
4.962522e-01 4.969741e-01
4.961771e-01 4.969160e-01
4.961233e-01 4.968621e-01
4.960465e-01 4.967943e-01
4.959871e-01 4.967292e-01
4.959222e-01 4.966628e-01
4.958549e-01 4.965956e-01
4.957860e-01 4.965313e-01
4.957214e-01 4.964648e-01
4.956555e-01 4.964115e-01
4.955879e-01 4.963364e-01
4.955242e-01 4.962677e-01
4.954532e-01 4.962125e-01
4.953942e-01 4.961486e-01
4.953258e-01 4.960801e-01
4.952573e-01 4.960228e-01
4.951935e-01 4.959473e-01
4.951266e-01 4.958902e-01
4.950646e-01 4.958358e-01
4.949926e-01 4.957645e-01
4.949314e-01 4.956988e-01
4.948645e-01 4.956352e-01
4.947961e-01 4.955707e-01
4.947330e-01 4.955101e-01
4.946675e-01 4.954460e-01
4.945998e-01 4.953851e-01
4.945323e-01 4.953125e-01
4.944682e-01 4.952497e-01
4.944027e-01 4.951838e-01
4.943401e-01 4.951226e-01
4.942672e-01 4.950583e-01
4.942001e-01 4.949922e-01
4.941434e-01 4.949277e-01
4.940752e-01 4.948686e-01
4.940039e-01 4.948004e-01
4.939412e-01 4.947383e-01
4.938784e-01 4.946726e-01
4.938112e-01 4.946184e-01
4.937400e-01 4.945461e-01
4.936780e-01 4.944806e-01
4.936150e-01 4.944279e-01
4.935473e-01 4.943540e-01
4.934813e-01 4.942865e-01
4.934158e-01 4.942231e-01
4.933486e-01 4.941618e-01
4.932844e-01 4.941016e-01
4.932173e-01 4.940476e-01
4.931541e-01 4.939767e-01
4.930876e-01 4.939065e-01
4.930190e-01 4.938487e-01
4.929556e-01 4.937876e-01
4.928931e-01 4.937247e-01
4.928209e-01 4.936532e-01
4.927628e-01 4.935995e-01
4.926936e-01 4.935346e-01
4.926268e-01 4.934625e-01
4.925658e-01 4.933988e-01
4.924949e-01 4.933362e-01
4.924316e-01 4.932749e-01
4.923686e-01 4.932064e-01
4.923002e-01 4.931397e-01
4.922323e-01 4.930840e-01
4.921703e-01 4.930149e-01
4.921030e-01 4.929554e-01
4.920388e-01 4.928866e-01
4.919763e-01 4.928271e-01
4.919019e-01 4.927659e-01
4.918448e-01 4.926934e-01
4.917771e-01 4.926405e-01
4.917109e-01 4.925759e-01
4.916483e-01 4.925130e-01
4.915796e-01 4.924492e-01
4.915153e-01 4.923811e-01
4.914484e-01 4.923201e-01
4.913828e-01 4.922560e-01
4.913218e-01 4.921894e-01
4.912553e-01 4.921272e-01
4.911824e-01 4.920696e-01
4.911274e-01 4.920062e-01
4.910583e-01 4.919366e-01
4.909925e-01 4.918761e-01
4.909267e-01 4.918149e-01
4.908631e-01 4.917495e-01
4.907997e-01 4.916833e-01
4.907299e-01 4.916194e-01
4.906688e-01 4.915647e-01
4.906015e-01 4.914908e-01
4.905415e-01 4.914326e-01
4.904716e-01 4.913657e-01
4.904084e-01 4.913080e-01
4.903395e-01 4.912420e-01
4.902766e-01 4.911819e-01
4.902131e-01 4.911138e-01
4.901490e-01 4.910582e-01
4.900815e-01 4.909835e-01
4.900147e-01 4.909216e-01
4.899558e-01 4.908606e-01
4.898835e-01 4.907931e-01
4.898240e-01 4.907365e-01
4.897556e-01 4.906695e-01
4.896923e-01 4.906107e-01
4.896280e-01 4.905442e-01
4.895638e-01 4.904831e-01
4.894969e-01 4.904255e-01
4.894315e-01 4.903566e-01
4.893664e-01 4.902776e-01
4.893050e-01 4.902280e-01
4.892378e-01 4.901707e-01
4.891753e-01 4.901137e-01
4.891091e-01 4.900390e-01
4.890391e-01 4.899756e-01
4.889851e-01 4.899094e-01
4.889048e-01 4.898431e-01
4.888554e-01 4.897861e-01
4.887800e-01 4.897323e-01
4.887208e-01 4.896600e-01
4.886553e-01 4.896009e-01
4.885881e-01 4.895329e-01
4.885284e-01 4.894708e-01
4.884598e-01 4.894067e-01
4.883958e-01 4.893513e-01
4.883307e-01 4.892854e-01
4.882702e-01 4.892274e-01
4.882013e-01 4.891550e-01
4.881351e-01 4.890967e-01
4.880701e-01 4.890353e-01
4.880113e-01 4.889622e-01
4.879435e-01 4.888974e-01
4.878774e-01 4.888429e-01
4.878138e-01 4.887817e-01
4.877490e-01 4.887146e-01
4.876880e-01 4.886552e-01
4.876169e-01 4.885935e-01
4.875557e-01 4.885383e-01
4.874918e-01 4.884669e-01
4.874269e-01 4.883989e-01
4.873602e-01 4.883398e-01
4.872972e-01 4.882748e-01
4.872308e-01 4.882073e-01
4.871715e-01 4.881471e-01
4.871025e-01 4.880914e-01
4.870394e-01 4.880378e-01
4.869707e-01 4.879664e-01
4.869103e-01 4.878984e-01
4.868459e-01 4.878400e-01
4.867782e-01 4.877752e-01
4.867184e-01 4.877073e-01
4.866508e-01 4.876392e-01
4.865847e-01 4.875882e-01
4.865246e-01 4.875298e-01
4.864554e-01 4.874590e-01
4.863949e-01 4.873936e-01
4.863302e-01 4.873381e-01
4.862607e-01 4.872734e-01
4.862003e-01 4.872101e-01
4.861355e-01 4.871397e-01
4.860698e-01 4.870815e-01
4.860081e-01 4.870181e-01
4.859417e-01 4.869634e-01
4.858789e-01 4.868889e-01
4.858128e-01 4.868377e-01
4.857489e-01 4.867692e-01
4.856825e-01 4.867108e-01
4.856209e-01 4.866387e-01
4.855562e-01 4.865867e-01
4.854931e-01 4.865162e-01
4.854248e-01 4.864605e-01
4.853609e-01 4.864007e-01
4.853027e-01 4.863401e-01
4.852328e-01 4.862731e-01
4.851683e-01 4.862119e-01
4.851049e-01 4.861540e-01
4.850370e-01 4.860813e-01
4.849785e-01 4.860207e-01
4.849128e-01 4.859572e-01
4.848486e-01 4.858981e-01
4.847865e-01 4.858345e-01
4.847183e-01 4.857630e-01
4.846581e-01 4.857095e-01
4.845880e-01 4.856517e-01
4.845322e-01 4.855790e-01
4.844607e-01 4.855217e-01
4.843948e-01 4.854629e-01
4.843354e-01 4.853988e-01
4.842708e-01 4.853320e-01
4.842041e-01 4.852777e-01
4.841437e-01 4.852097e-01
4.840788e-01 4.851498e-01
4.840128e-01 4.850850e-01
4.839505e-01 4.850171e-01
4.838861e-01 4.849615e-01
4.838218e-01 4.848984e-01
4.837565e-01 4.848352e-01
4.836965e-01 4.847774e-01
4.836273e-01 4.847163e-01
4.835678e-01 4.846448e-01
4.835012e-01 4.845810e-01
4.834358e-01 4.845228e-01
4.833747e-01 4.844590e-01
4.833099e-01 4.844012e-01
4.832444e-01 4.843366e-01
4.831810e-01 4.842694e-01
4.831198e-01 4.842193e-01
4.830548e-01 4.841422e-01
4.829897e-01 4.840842e-01
4.829253e-01 4.840207e-01
4.828651e-01 4.839585e-01
4.827964e-01 4.839031e-01
4.827355e-01 4.838451e-01
4.826697e-01 4.837759e-01
4.826092e-01 4.837152e-01
4.825428e-01 4.836572e-01
4.824784e-01 4.835888e-01
4.824181e-01 4.835194e-01
4.823523e-01 4.834644e-01
4.822866e-01 4.833959e-01
4.822235e-01 4.833424e-01
4.821593e-01 4.832689e-01
4.820973e-01 4.832126e-01
4.820369e-01 4.831555e-01
4.819690e-01 4.830959e-01
4.819058e-01 4.830269e-01
4.818407e-01 4.829684e-01
4.817777e-01 4.828952e-01
4.817106e-01 4.828345e-01
4.816520e-01 4.827752e-01
4.815890e-01 4.827177e-01
4.815241e-01 4.826518e-01
4.814574e-01 4.825970e-01
4.813998e-01 4.825292e-01
4.813301e-01 4.824675e-01
4.812655e-01 4.824089e-01
4.812046e-01 4.823373e-01
4.811417e-01 4.822752e-01
4.810783e-01 4.822147e-01
4.810124e-01 4.821576e-01
4.809479e-01 4.820924e-01
4.808873e-01 4.820323e-01
4.808210e-01 4.819668e-01
4.807591e-01 4.819117e-01
4.806898e-01 4.818401e-01
4.806337e-01 4.817837e-01
4.805719e-01 4.817183e-01
4.805019e-01 4.816658e-01
4.804415e-01 4.816073e-01
4.803738e-01 4.815398e-01
4.803131e-01 4.814743e-01
4.802503e-01 4.814110e-01
4.801867e-01 4.813504e-01
4.801203e-01 4.812862e-01
4.800625e-01 4.812247e-01
4.799933e-01 4.811639e-01
4.799331e-01 4.811040e-01
4.798648e-01 4.810377e-01
4.798076e-01 4.809763e-01
4.797393e-01 4.809182e-01
4.796800e-01 4.808539e-01
4.796085e-01 4.807997e-01
4.795511e-01 4.807351e-01
4.794899e-01 4.806703e-01
4.794226e-01 4.806136e-01
4.793599e-01 4.805399e-01
4.792976e-01 4.804795e-01
4.792302e-01 4.804309e-01
4.791730e-01 4.803654e-01
4.791060e-01 4.803037e-01
4.790395e-01 4.802306e-01
4.789795e-01 4.801764e-01
4.789175e-01 4.801080e-01
4.788517e-01 4.800537e-01
4.787883e-01 4.799852e-01
4.787251e-01 4.799209e-01
4.786621e-01 4.798602e-01
4.785970e-01 4.798037e-01
4.785371e-01 4.797414e-01
4.784745e-01 4.796766e-01
4.784083e-01 4.796142e-01
4.783419e-01 4.795581e-01
4.782848e-01 4.794953e-01
4.782192e-01 4.794280e-01
4.781520e-01 4.793714e-01
4.780919e-01 4.793144e-01
4.780282e-01 4.792498e-01
4.779636e-01 4.791810e-01
4.779047e-01 4.791209e-01
4.778390e-01 4.790631e-01
4.777743e-01 4.789903e-01
4.777134e-01 4.789433e-01
4.776526e-01 4.788702e-01
4.775847e-01 4.788232e-01
4.775236e-01 4.787503e-01
4.774587e-01 4.786929e-01
4.773983e-01 4.786288e-01
4.773310e-01 4.785683e-01
4.772733e-01 4.785009e-01
4.772064e-01 4.784374e-01
4.771413e-01 4.783809e-01
4.770857e-01 4.783215e-01
4.770132e-01 4.782643e-01
4.769602e-01 4.782040e-01
4.768896e-01 4.781381e-01
4.768281e-01 4.780779e-01
4.767652e-01 4.780100e-01
4.767059e-01 4.779605e-01
4.766333e-01 4.778945e-01
4.765788e-01 4.778329e-01
4.765113e-01 4.777647e-01
4.764517e-01 4.777043e-01
4.763888e-01 4.776480e-01
4.763225e-01 4.775893e-01
4.762623e-01 4.775280e-01
4.761921e-01 4.774659e-01
4.761387e-01 4.773984e-01
4.760736e-01 4.773404e-01
4.760098e-01 4.772787e-01
4.759466e-01 4.772125e-01
4.758825e-01 4.771584e-01
4.758213e-01 4.770906e-01
4.757563e-01 4.770362e-01
4.756989e-01 4.769624e-01
4.756303e-01 4.768993e-01
4.755643e-01 4.768446e-01
4.755065e-01 4.767951e-01
4.754396e-01 4.767176e-01
4.753837e-01 4.766560e-01
4.753176e-01 4.766086e-01
4.752530e-01 4.765396e-01
4.751929e-01 4.764784e-01
4.751259e-01 4.764147e-01
4.750665e-01 4.763485e-01
4.750030e-01 4.762856e-01
4.749411e-01 4.762253e-01
4.748779e-01 4.761741e-01
4.748149e-01 4.761043e-01
4.747514e-01 4.760490e-01
4.746908e-01 4.759889e-01
4.746277e-01 4.759229e-01
4.745626e-01 4.758592e-01
4.745015e-01 4.758083e-01
4.744376e-01 4.757430e-01
4.743764e-01 4.756810e-01
4.743129e-01 4.756092e-01
4.742496e-01 4.755642e-01
4.741896e-01 4.755063e-01
4.741234e-01 4.754398e-01
4.740612e-01 4.753760e-01
4.740000e-01 4.753088e-01
4.739366e-01 4.752534e-01
4.738727e-01 4.751840e-01
4.738115e-01 4.751278e-01
4.737457e-01 4.750668e-01
4.736880e-01 4.750074e-01
4.736243e-01 4.749387e-01
4.735591e-01 4.748859e-01
4.734977e-01 4.748285e-01
4.734365e-01 4.747592e-01
4.733703e-01 4.746930e-01
4.733106e-01 4.746422e-01
4.732487e-01 4.745783e-01
4.731827e-01 4.745103e-01
4.731206e-01 4.744579e-01
4.730639e-01 4.743954e-01
4.729929e-01 4.743453e-01
4.729364e-01 4.742644e-01
4.728684e-01 4.742073e-01
4.728060e-01 4.741507e-01
4.727487e-01 4.740941e-01
4.726794e-01 4.740334e-01
4.726214e-01 4.739591e-01
4.725593e-01 4.739038e-01
4.724893e-01 4.738432e-01
4.724385e-01 4.737780e-01
4.723689e-01 4.737260e-01
4.723085e-01 4.736569e-01
4.722431e-01 4.735901e-01
4.721833e-01 4.735480e-01
4.721182e-01 4.734780e-01
4.720544e-01 4.734159e-01
4.719948e-01 4.733452e-01
4.719304e-01 4.733088e-01
4.718706e-01 4.732304e-01
4.718099e-01 4.731631e-01
4.717465e-01 4.731062e-01
4.716770e-01 4.730487e-01
4.716190e-01 4.729869e-01
4.715591e-01 4.729268e-01
4.714963e-01 4.728709e-01
4.714300e-01 4.727986e-01
4.713696e-01 4.727547e-01
4.713085e-01 4.726797e-01
4.712449e-01 4.726325e-01
4.711792e-01 4.725664e-01
4.711217e-01 4.725061e-01
4.710565e-01 4.724450e-01
4.709986e-01 4.723794e-01
4.709303e-01 4.723103e-01
4.708686e-01 4.722552e-01
4.708166e-01 4.721951e-01
4.707395e-01 4.721373e-01
4.706869e-01 4.720654e-01
4.706235e-01 4.720068e-01
4.705600e-01 4.719474e-01
4.704952e-01 4.718835e-01
4.704352e-01 4.718301e-01
4.703695e-01 4.717765e-01
4.703152e-01 4.717130e-01
4.702493e-01 4.716504e-01
4.701874e-01 4.715942e-01
4.701244e-01 4.715177e-01
4.700668e-01 4.714653e-01
4.699994e-01 4.714026e-01
4.699355e-01 4.713540e-01
4.698771e-01 4.712832e-01
4.698160e-01 4.712179e-01
4.697526e-01 4.711614e-01
4.696916e-01 4.710996e-01
4.696284e-01 4.710477e-01
4.695668e-01 4.709736e-01
4.695032e-01 4.709192e-01
4.694430e-01 4.708615e-01
4.693826e-01 4.708037e-01
4.693174e-01 4.707417e-01
4.692566e-01 4.706835e-01
4.691964e-01 4.706119e-01
4.691283e-01 4.705518e-01
4.690689e-01 4.704885e-01
4.690107e-01 4.704390e-01
4.689460e-01 4.703728e-01
4.688902e-01 4.703194e-01
4.688205e-01 4.702489e-01
4.687584e-01 4.701864e-01
4.686962e-01 4.701430e-01
4.686353e-01 4.700668e-01
4.685739e-01 4.700136e-01
4.685137e-01 4.699491e-01
4.684497e-01 4.698808e-01
4.683863e-01 4.698243e-01
4.683281e-01 4.697720e-01
4.682607e-01 4.697020e-01
4.682054e-01 4.696465e-01
4.681367e-01 4.695900e-01
4.680780e-01 4.695270e-01
4.680177e-01 4.694592e-01
4.679529e-01 4.694031e-01
4.678950e-01 4.693324e-01
4.678277e-01 4.692895e-01
4.677695e-01 4.692286e-01
4.677068e-01 4.691608e-01
4.676438e-01 4.691089e-01
4.675817e-01 4.690490e-01
4.675192e-01 4.689772e-01
4.674548e-01 4.689161e-01
4.673966e-01 4.688524e-01
4.673357e-01 4.688055e-01
4.672724e-01 4.687412e-01
4.672083e-01 4.686817e-01
4.671495e-01 4.686144e-01
4.670887e-01 4.685578e-01
4.670216e-01 4.684978e-01
4.669640e-01 4.684308e-01
4.669033e-01 4.683714e-01
4.668384e-01 4.683113e-01
4.667794e-01 4.682625e-01
4.667134e-01 4.681882e-01
4.666547e-01 4.681398e-01
4.665913e-01 4.680688e-01
4.665295e-01 4.680133e-01
4.664696e-01 4.679462e-01
4.664082e-01 4.678984e-01
4.663464e-01 4.678317e-01
4.662817e-01 4.677655e-01
4.662189e-01 4.677063e-01
4.661616e-01 4.676478e-01
4.660961e-01 4.675839e-01
4.660401e-01 4.675317e-01
4.659741e-01 4.674695e-01
4.659140e-01 4.674033e-01
4.658522e-01 4.673511e-01
4.657927e-01 4.672790e-01
4.657267e-01 4.672286e-01
4.656666e-01 4.671715e-01
4.656021e-01 4.670995e-01
4.655454e-01 4.670465e-01
4.654805e-01 4.669836e-01
4.654217e-01 4.669294e-01
4.653618e-01 4.668633e-01
4.652944e-01 4.668147e-01
4.652361e-01 4.667571e-01
4.651728e-01 4.666934e-01
4.651129e-01 4.666284e-01
4.650508e-01 4.665621e-01
4.649923e-01 4.665042e-01
4.649273e-01 4.664429e-01
4.648655e-01 4.663809e-01
4.648110e-01 4.663254e-01
4.647409e-01 4.662606e-01
4.646861e-01 4.662030e-01
4.646187e-01 4.661410e-01
4.645653e-01 4.660829e-01
4.644969e-01 4.660278e-01
4.644362e-01 4.659575e-01
4.643767e-01 4.659014e-01
4.643104e-01 4.658425e-01
4.642589e-01 4.657889e-01
4.641860e-01 4.657245e-01
4.641331e-01 4.656540e-01
4.640696e-01 4.656007e-01
4.640070e-01 4.655391e-01
4.639484e-01 4.654888e-01
4.638850e-01 4.654168e-01
4.638268e-01 4.653640e-01
4.637594e-01 4.653018e-01
4.637043e-01 4.652431e-01
4.636410e-01 4.651803e-01
4.635765e-01 4.651268e-01
4.635181e-01 4.650698e-01
4.634600e-01 4.650020e-01
4.633925e-01 4.649458e-01
4.633366e-01 4.648819e-01
4.632722e-01 4.648221e-01
4.632123e-01 4.647640e-01
4.631531e-01 4.646970e-01
4.630896e-01 4.646384e-01
4.630301e-01 4.645854e-01
4.629625e-01 4.645188e-01
4.629057e-01 4.644695e-01
4.628459e-01 4.644082e-01
4.627865e-01 4.643464e-01
4.627221e-01 4.642772e-01
4.626566e-01 4.642169e-01
4.626042e-01 4.641704e-01
4.625395e-01 4.640983e-01
4.624778e-01 4.640412e-01
4.624124e-01 4.639749e-01
4.623604e-01 4.639331e-01
4.622945e-01 4.638646e-01
4.622327e-01 4.638042e-01
4.621720e-01 4.637446e-01
4.621141e-01 4.636839e-01
4.620506e-01 4.636313e-01
4.619882e-01 4.635673e-01
4.619293e-01 4.635011e-01
4.618693e-01 4.634474e-01
4.617985e-01 4.633889e-01
4.617515e-01 4.633184e-01
4.616810e-01 4.632617e-01
4.616239e-01 4.632047e-01
4.615636e-01 4.631482e-01
4.615009e-01 4.630879e-01
4.614367e-01 4.630263e-01
4.613854e-01 4.629642e-01
4.613152e-01 4.629073e-01
4.612563e-01 4.628491e-01
4.611967e-01 4.627921e-01
4.611362e-01 4.627333e-01
4.610722e-01 4.626699e-01
4.610150e-01 4.626077e-01
4.609572e-01 4.625540e-01
4.608887e-01 4.624844e-01
4.608304e-01 4.624383e-01
4.607657e-01 4.623687e-01
4.607111e-01 4.623060e-01
4.606493e-01 4.622548e-01
4.605856e-01 4.621913e-01
4.605265e-01 4.621307e-01
4.604666e-01 4.620704e-01
4.604026e-01 4.620140e-01
4.603434e-01 4.619603e-01
4.602842e-01 4.618969e-01
4.602217e-01 4.618368e-01
4.601608e-01 4.617781e-01
4.601039e-01 4.617234e-01
4.600351e-01 4.616648e-01
4.599787e-01 4.615901e-01
4.599195e-01 4.615479e-01
4.598590e-01 4.614825e-01
4.597948e-01 4.614074e-01
4.597364e-01 4.613600e-01
4.596762e-01 4.613055e-01
4.596145e-01 4.612420e-01
4.595523e-01 4.611939e-01
4.594934e-01 4.611295e-01
4.594290e-01 4.610582e-01
4.593722e-01 4.610076e-01
4.593111e-01 4.609438e-01
4.592542e-01 4.608773e-01
4.591885e-01 4.608257e-01
4.591304e-01 4.607615e-01
4.590671e-01 4.607058e-01
4.590059e-01 4.606518e-01
4.589508e-01 4.605921e-01
4.588835e-01 4.605406e-01
4.588250e-01 4.604718e-01
4.587680e-01 4.604140e-01
4.587032e-01 4.603476e-01
4.586456e-01 4.602928e-01
4.585830e-01 4.602255e-01
4.585260e-01 4.601792e-01
4.584604e-01 4.601156e-01
4.584092e-01 4.600470e-01
4.583376e-01 4.599924e-01
4.582842e-01 4.599415e-01
4.582199e-01 4.598765e-01
4.581603e-01 4.598172e-01
4.580999e-01 4.597601e-01
4.580410e-01 4.597029e-01
4.579768e-01 4.596447e-01
4.579272e-01 4.595864e-01
4.578554e-01 4.595217e-01
4.577999e-01 4.594635e-01
4.577400e-01 4.594016e-01
4.576776e-01 4.593447e-01
4.576167e-01 4.592912e-01
4.575592e-01 4.592364e-01
4.574965e-01 4.591609e-01
4.574372e-01 4.590982e-01
4.573786e-01 4.590491e-01
4.573161e-01 4.589861e-01
4.572629e-01 4.589351e-01
4.571900e-01 4.588693e-01
4.571379e-01 4.588220e-01
4.570774e-01 4.587554e-01
4.570170e-01 4.586951e-01
4.569581e-01 4.586331e-01
4.568886e-01 4.585714e-01
4.568385e-01 4.585172e-01
4.567741e-01 4.584690e-01
4.567180e-01 4.584003e-01
4.566571e-01 4.583398e-01
4.565909e-01 4.582834e-01
4.565377e-01 4.582235e-01
4.564736e-01 4.581651e-01
4.564157e-01 4.580978e-01
4.563544e-01 4.580445e-01
4.562981e-01 4.579989e-01
4.562332e-01 4.579264e-01
4.561755e-01 4.578637e-01
4.561130e-01 4.578227e-01
4.560574e-01 4.577538e-01
4.559943e-01 4.576925e-01
4.559360e-01 4.576337e-01
4.558721e-01 4.575783e-01
4.558192e-01 4.575171e-01
4.557535e-01 4.574541e-01
4.556952e-01 4.574102e-01
4.556296e-01 4.573461e-01
4.555821e-01 4.572786e-01
4.555150e-01 4.572177e-01
4.554557e-01 4.571636e-01
4.553942e-01 4.571139e-01
4.553333e-01 4.570570e-01
4.552743e-01 4.569837e-01
4.552200e-01 4.569337e-01
4.551542e-01 4.568729e-01
4.550945e-01 4.568180e-01
4.550381e-01 4.567550e-01
4.549733e-01 4.567008e-01
4.549200e-01 4.566303e-01
4.548583e-01 4.565749e-01
4.547978e-01 4.565165e-01
4.547356e-01 4.564578e-01
4.546733e-01 4.564019e-01
4.546207e-01 4.563425e-01
4.545555e-01 4.562860e-01
4.544985e-01 4.562259e-01
4.544412e-01 4.561638e-01
4.543753e-01 4.561151e-01
4.543196e-01 4.560494e-01
4.542581e-01 4.559935e-01
4.541956e-01 4.559384e-01
4.541349e-01 4.558737e-01
4.540778e-01 4.558125e-01
4.540209e-01 4.557671e-01
4.539522e-01 4.557002e-01
4.539004e-01 4.556408e-01
4.538428e-01 4.555766e-01
4.537799e-01 4.555255e-01
4.537165e-01 4.554682e-01
4.536605e-01 4.554043e-01
4.536027e-01 4.553510e-01
4.535396e-01 4.552837e-01
4.534838e-01 4.552433e-01
4.534211e-01 4.551879e-01
4.533643e-01 4.551097e-01
4.533045e-01 4.550576e-01
4.532459e-01 4.550019e-01
4.531828e-01 4.549474e-01
4.531272e-01 4.548747e-01
4.530607e-01 4.548282e-01
4.530087e-01 4.547669e-01
4.529465e-01 4.547047e-01
4.528871e-01 4.546516e-01
4.528248e-01 4.545923e-01
4.527734e-01 4.545277e-01
4.527064e-01 4.544807e-01
4.526470e-01 4.544114e-01
4.525953e-01 4.543670e-01
4.525291e-01 4.543078e-01
4.524749e-01 4.542297e-01
4.524126e-01 4.541836e-01
4.523519e-01 4.541263e-01
4.522959e-01 4.540713e-01
4.522361e-01 4.540085e-01
4.521756e-01 4.539567e-01
4.521201e-01 4.538905e-01
4.520535e-01 4.538418e-01
4.520033e-01 4.537668e-01
4.519355e-01 4.537169e-01
4.518780e-01 4.536619e-01
4.518229e-01 4.536065e-01
4.517599e-01 4.535549e-01
4.517049e-01 4.534869e-01
4.516453e-01 4.534317e-01
4.515852e-01 4.533678e-01
4.515209e-01 4.533125e-01
4.514730e-01 4.532550e-01
4.513993e-01 4.531960e-01
4.513521e-01 4.531486e-01
4.512902e-01 4.530824e-01
4.512325e-01 4.530239e-01
4.511676e-01 4.529749e-01
4.511112e-01 4.529205e-01
4.510555e-01 4.528514e-01
4.509923e-01 4.528002e-01
4.509380e-01 4.527385e-01
4.508777e-01 4.526681e-01
4.508130e-01 4.526190e-01
4.507589e-01 4.525576e-01
4.506991e-01 4.525082e-01
4.506408e-01 4.524480e-01
4.505818e-01 4.523824e-01
4.505231e-01 4.523322e-01
4.504613e-01 4.522757e-01
4.504072e-01 4.522195e-01
4.503434e-01 4.521725e-01
4.502887e-01 4.521031e-01
4.502279e-01 4.520479e-01
4.501677e-01 4.519842e-01
4.501099e-01 4.519379e-01
4.500585e-01 4.518665e-01
4.499869e-01 4.518127e-01
4.499358e-01 4.517559e-01
4.498747e-01 4.517008e-01
4.498173e-01 4.516341e-01
4.497560e-01 4.515856e-01
4.496988e-01 4.515286e-01
4.496438e-01 4.514599e-01
4.495789e-01 4.514077e-01
4.495245e-01 4.513404e-01
4.494565e-01 4.513018e-01
4.494102e-01 4.512403e-01
4.493454e-01 4.511816e-01
4.492870e-01 4.511256e-01
4.492311e-01 4.510609e-01
4.491698e-01 4.510125e-01
4.491145e-01 4.509538e-01
4.490513e-01 4.508981e-01
4.489984e-01 4.508304e-01
4.489327e-01 4.507881e-01
4.488758e-01 4.507217e-01
4.488181e-01 4.506706e-01
4.487673e-01 4.506071e-01
4.486965e-01 4.505513e-01
4.486472e-01 4.504911e-01
4.485816e-01 4.504370e-01
4.485275e-01 4.503799e-01
4.484678e-01 4.503166e-01
4.484102e-01 4.502750e-01
4.483453e-01 4.502059e-01
4.482953e-01 4.501474e-01
4.482343e-01 4.501050e-01
4.481809e-01 4.500335e-01
4.481154e-01 4.499782e-01
4.480619e-01 4.499241e-01
4.479954e-01 4.498661e-01
4.479424e-01 4.498142e-01
4.478844e-01 4.497531e-01
4.478236e-01 4.496903e-01
4.477676e-01 4.496333e-01
4.477029e-01 4.495753e-01
4.476560e-01 4.495141e-01
4.475926e-01 4.494656e-01
4.475342e-01 4.493979e-01
4.474766e-01 4.493568e-01
4.474147e-01 4.492839e-01
4.473593e-01 4.492379e-01
4.473020e-01 4.491874e-01
4.472423e-01 4.491204e-01
4.471882e-01 4.490614e-01
4.471234e-01 4.490172e-01
4.470704e-01 4.489457e-01
4.470063e-01 4.488930e-01
4.469571e-01 4.488345e-01
4.468872e-01 4.487867e-01
4.468442e-01 4.487221e-01
4.467755e-01 4.486619e-01
4.467236e-01 4.486167e-01
4.466583e-01 4.485598e-01
4.466026e-01 4.484878e-01
4.465474e-01 4.484315e-01
4.464873e-01 4.483710e-01
4.464346e-01 4.483312e-01
4.463665e-01 4.482639e-01
4.463151e-01 4.482204e-01
4.462567e-01 4.481602e-01
4.461960e-01 4.480988e-01
4.461437e-01 4.480414e-01
4.460859e-01 4.479870e-01
4.460243e-01 4.479252e-01
4.459629e-01 4.478624e-01
4.459114e-01 4.478143e-01
4.458579e-01 4.477546e-01
4.457913e-01 4.477058e-01
4.457352e-01 4.476476e-01
4.456803e-01 4.475877e-01
4.456214e-01 4.475326e-01
4.455623e-01 4.474744e-01
4.455021e-01 4.474135e-01
4.454527e-01 4.473631e-01
4.453871e-01 4.473107e-01
4.453305e-01 4.472568e-01
4.452775e-01 4.471981e-01
4.452201e-01 4.471419e-01
4.451565e-01 4.470868e-01
4.451007e-01 4.470232e-01
4.450440e-01 4.469628e-01
4.449902e-01 4.469104e-01
4.449278e-01 4.468562e-01
4.448737e-01 4.468045e-01
4.448111e-01 4.467384e-01
4.447536e-01 4.466825e-01
4.447041e-01 4.466327e-01
4.446441e-01 4.465709e-01
4.445772e-01 4.465020e-01
4.445263e-01 4.464499e-01
4.444698e-01 4.464020e-01
4.444155e-01 4.463360e-01
4.443517e-01 4.462817e-01
4.442939e-01 4.462246e-01
4.442387e-01 4.461734e-01
4.441850e-01 4.461153e-01
4.441212e-01 4.460587e-01
4.440648e-01 4.460096e-01
4.440120e-01 4.459570e-01
4.439519e-01 4.458912e-01
4.438914e-01 4.458433e-01
4.438337e-01 4.457763e-01
4.437853e-01 4.457269e-01
4.437203e-01 4.456700e-01
4.436629e-01 4.456133e-01
4.436088e-01 4.455546e-01
4.435487e-01 4.455002e-01
4.434953e-01 4.454442e-01
4.434369e-01 4.453948e-01
4.433779e-01 4.453297e-01
4.433221e-01 4.452784e-01
4.432648e-01 4.452262e-01
4.432092e-01 4.451603e-01
4.431427e-01 4.451188e-01
4.430961e-01 4.450504e-01
4.430394e-01 4.449942e-01
4.429736e-01 4.449418e-01
4.429217e-01 4.448802e-01
4.428643e-01 4.448320e-01
4.428129e-01 4.447714e-01
4.427432e-01 4.447230e-01
4.426957e-01 4.446693e-01
4.426347e-01 4.446065e-01
4.425833e-01 4.445529e-01
4.425164e-01 4.444919e-01
4.424649e-01 4.444405e-01
4.424059e-01 4.443872e-01
4.423512e-01 4.443284e-01
4.422931e-01 4.442754e-01
4.422410e-01 4.442205e-01
4.421773e-01 4.441675e-01
4.421266e-01 4.441043e-01
4.420668e-01 4.440572e-01
4.420080e-01 4.439968e-01
4.419516e-01 4.439387e-01
4.418976e-01 4.438903e-01
4.418387e-01 4.438195e-01
4.417827e-01 4.437750e-01
4.417242e-01 4.437164e-01
4.416675e-01 4.436630e-01
4.416136e-01 4.436142e-01
4.415553e-01 4.435564e-01
4.415021e-01 4.434949e-01
4.414360e-01 4.434425e-01
4.413831e-01 4.433898e-01
4.413313e-01 4.433249e-01
4.412712e-01 4.432650e-01
4.412130e-01 4.432213e-01
4.411569e-01 4.431555e-01
4.411035e-01 4.431024e-01
4.410465e-01 4.430564e-01
4.409889e-01 4.430065e-01
4.409298e-01 4.429336e-01
4.408745e-01 4.428790e-01
4.408180e-01 4.428372e-01
4.407616e-01 4.427752e-01
4.407023e-01 4.427233e-01
4.406541e-01 4.426527e-01
4.405901e-01 4.426114e-01
4.405372e-01 4.425490e-01
4.404809e-01 4.425035e-01
4.404185e-01 4.424383e-01
4.403702e-01 4.423915e-01
4.403094e-01 4.423225e-01
4.402510e-01 4.422818e-01
4.402019e-01 4.422234e-01
4.401405e-01 4.421735e-01
4.400841e-01 4.421089e-01
4.400288e-01 4.420592e-01
4.399752e-01 4.420017e-01
4.399174e-01 4.419417e-01
4.398577e-01 4.418920e-01
4.398065e-01 4.418378e-01
4.397447e-01 4.417829e-01
4.396944e-01 4.417170e-01
4.396335e-01 4.416729e-01
4.395795e-01 4.416180e-01
4.395262e-01 4.415610e-01
4.394600e-01 4.415124e-01
4.394152e-01 4.414533e-01
4.393545e-01 4.414029e-01
4.392979e-01 4.413467e-01
4.392421e-01 4.412912e-01
4.391882e-01 4.412384e-01
4.391305e-01 4.411720e-01
4.390742e-01 4.411231e-01
4.390208e-01 4.410752e-01
4.389602e-01 4.410145e-01
4.389125e-01 4.409477e-01
4.388465e-01 4.409069e-01
4.387955e-01 4.408487e-01
4.387433e-01 4.408022e-01
4.386780e-01 4.407320e-01
4.386283e-01 4.406756e-01
4.385751e-01 4.406345e-01
4.385145e-01 4.405664e-01
4.384615e-01 4.405138e-01
4.384018e-01 4.404628e-01
4.383507e-01 4.404124e-01
4.382935e-01 4.403460e-01
4.382363e-01 4.402997e-01
4.381818e-01 4.402429e-01
4.381261e-01 4.401914e-01
4.380701e-01 4.401377e-01
4.380111e-01 4.400872e-01
4.379587e-01 4.400260e-01
4.379043e-01 4.399707e-01
4.378442e-01 4.399126e-01
4.377903e-01 4.398662e-01
4.377345e-01 4.398124e-01
4.376832e-01 4.397536e-01
4.376223e-01 4.396950e-01
4.375686e-01 4.396480e-01
4.375119e-01 4.395882e-01
4.374571e-01 4.395376e-01
4.374006e-01 4.394760e-01
4.373495e-01 4.394262e-01
4.372869e-01 4.393714e-01
4.372322e-01 4.393147e-01
4.371803e-01 4.392655e-01
4.371232e-01 4.392176e-01
4.370708e-01 4.391638e-01
4.370121e-01 4.390996e-01
4.369539e-01 4.390399e-01
4.369060e-01 4.389876e-01
4.368443e-01 4.389479e-01
4.367908e-01 4.388865e-01
4.367379e-01 4.388393e-01
4.366777e-01 4.387759e-01
4.366235e-01 4.387221e-01
4.365692e-01 4.386625e-01
4.365140e-01 4.386041e-01
4.364601e-01 4.385576e-01
4.364002e-01 4.384993e-01
4.363480e-01 4.384541e-01
4.362918e-01 4.384076e-01
4.362406e-01 4.383413e-01
4.361777e-01 4.382868e-01
4.361261e-01 4.382384e-01
4.360734e-01 4.381855e-01
4.360190e-01 4.381343e-01
4.359602e-01 4.380778e-01
4.359074e-01 4.380271e-01
4.358514e-01 4.379702e-01
4.357927e-01 4.379137e-01
4.357454e-01 4.378546e-01
4.356855e-01 4.378062e-01
4.356309e-01 4.377542e-01
4.355745e-01 4.376911e-01
4.355218e-01 4.376513e-01
4.354635e-01 4.375953e-01
4.354119e-01 4.375410e-01
4.353583e-01 4.374815e-01
4.353015e-01 4.374435e-01
4.352442e-01 4.373693e-01
4.351933e-01 4.373179e-01
4.351384e-01 4.372672e-01
4.350807e-01 4.372113e-01
4.350257e-01 4.371591e-01
4.349756e-01 4.371012e-01
4.349187e-01 4.370538e-01
4.348620e-01 4.369949e-01
4.348072e-01 4.369449e-01
4.347523e-01 4.368930e-01
4.347005e-01 4.368331e-01
4.346477e-01 4.367916e-01
4.345886e-01 4.367331e-01
4.345348e-01 4.366836e-01
4.344816e-01 4.366316e-01
4.344258e-01 4.365648e-01
4.343694e-01 4.365159e-01
4.343198e-01 4.364622e-01
4.342640e-01 4.364121e-01
4.342040e-01 4.363579e-01
4.341539e-01 4.362963e-01
4.341016e-01 4.362505e-01
4.340416e-01 4.361882e-01
4.339929e-01 4.361446e-01
4.339377e-01 4.360873e-01
4.338807e-01 4.360380e-01
4.338212e-01 4.359816e-01
4.337738e-01 4.359271e-01
4.337221e-01 4.358649e-01
4.336602e-01 4.358235e-01
4.336089e-01 4.357689e-01
4.335564e-01 4.357173e-01
4.335033e-01 4.356612e-01
4.334436e-01 4.356101e-01
4.333875e-01 4.355562e-01
4.333421e-01 4.355026e-01
4.332830e-01 4.354543e-01
4.332247e-01 4.354057e-01
4.331735e-01 4.353493e-01
4.331216e-01 4.352905e-01
4.330685e-01 4.352362e-01
4.330085e-01 4.351884e-01
4.329552e-01 4.351468e-01
4.329044e-01 4.350741e-01
4.328506e-01 4.350304e-01
4.327933e-01 4.349660e-01
4.327418e-01 4.349208e-01
4.326805e-01 4.348699e-01
4.326365e-01 4.348179e-01
4.325771e-01 4.347585e-01
4.325227e-01 4.347159e-01
4.324656e-01 4.346534e-01
4.324151e-01 4.346029e-01
4.323592e-01 4.345557e-01
4.323085e-01 4.345016e-01
4.322526e-01 4.344540e-01
4.321977e-01 4.343912e-01
4.321456e-01 4.343374e-01
4.320885e-01 4.342923e-01
4.320373e-01 4.342350e-01
4.319832e-01 4.341899e-01
4.319254e-01 4.341311e-01
4.318744e-01 4.340701e-01
4.318189e-01 4.340219e-01
4.317679e-01 4.339615e-01
4.317071e-01 4.339071e-01
4.316620e-01 4.338577e-01
4.316025e-01 4.338100e-01
4.315502e-01 4.337666e-01
4.314953e-01 4.336995e-01
4.314447e-01 4.336473e-01
4.313919e-01 4.336050e-01
4.313308e-01 4.335611e-01
4.312832e-01 4.334978e-01
4.312266e-01 4.334401e-01
4.311730e-01 4.333867e-01
4.311207e-01 4.333432e-01
4.310664e-01 4.332964e-01
4.310112e-01 4.332355e-01
4.309615e-01 4.331797e-01
4.309052e-01 4.331214e-01
4.308533e-01 4.330743e-01
4.307973e-01 4.330312e-01
4.307420e-01 4.329766e-01
4.306915e-01 4.329303e-01
4.306380e-01 4.328654e-01
4.305796e-01 4.328115e-01
4.305350e-01 4.327655e-01
4.304779e-01 4.327061e-01
4.304198e-01 4.326532e-01
4.303756e-01 4.325948e-01
4.303121e-01 4.325662e-01
4.302661e-01 4.325051e-01
4.302101e-01 4.324481e-01
4.301586e-01 4.323939e-01
4.301002e-01 4.323484e-01
4.300492e-01 4.322932e-01
4.300009e-01 4.322411e-01
4.299424e-01 4.321853e-01
4.298883e-01 4.321355e-01
4.298420e-01 4.320843e-01
4.297811e-01 4.320297e-01
4.297275e-01 4.319776e-01
4.296797e-01 4.319283e-01
4.296229e-01 4.318767e-01
4.295741e-01 4.318250e-01
4.295175e-01 4.317843e-01
4.294648e-01 4.317158e-01
4.294125e-01 4.316623e-01
4.293602e-01 4.316256e-01
4.293063e-01 4.315559e-01
4.292490e-01 4.315175e-01
4.291990e-01 4.314732e-01
4.291491e-01 4.314125e-01
4.290906e-01 4.313649e-01
4.290420e-01 4.313042e-01
4.289849e-01 4.312636e-01
4.289421e-01 4.312124e-01
4.288799e-01 4.311495e-01
4.288282e-01 4.310971e-01
4.287777e-01 4.310519e-01
4.287167e-01 4.309972e-01
4.286733e-01 4.309448e-01
4.286185e-01 4.309005e-01
4.285662e-01 4.308394e-01
4.285161e-01 4.307851e-01
4.284552e-01 4.307358e-01
4.284059e-01 4.306819e-01
4.283555e-01 4.306293e-01
4.282992e-01 4.305879e-01
4.282485e-01 4.305267e-01
4.281949e-01 4.304801e-01
4.281453e-01 4.304282e-01
4.280832e-01 4.303830e-01
4.280416e-01 4.303249e-01
4.279826e-01 4.302833e-01
4.279338e-01 4.302245e-01
4.278730e-01 4.301718e-01
4.278258e-01 4.301232e-01
4.277748e-01 4.300667e-01
4.277215e-01 4.300187e-01
4.276694e-01 4.299685e-01
4.276146e-01 4.299129e-01
4.275616e-01 4.298598e-01
4.275106e-01 4.298051e-01
4.274563e-01 4.297679e-01
4.274099e-01 4.297116e-01
4.273522e-01 4.296719e-01
4.272983e-01 4.296061e-01
4.272441e-01 4.295613e-01
4.271984e-01 4.294972e-01
4.271427e-01 4.294505e-01
4.270924e-01 4.293962e-01
4.270351e-01 4.293485e-01
4.269869e-01 4.292938e-01
4.269311e-01 4.292397e-01
4.268826e-01 4.291965e-01
4.268265e-01 4.291465e-01
4.267789e-01 4.290853e-01
4.267224e-01 4.290513e-01
4.266706e-01 4.290059e-01
4.266211e-01 4.289402e-01
4.265647e-01 4.288938e-01
4.265160e-01 4.288398e-01
4.264602e-01 4.287900e-01
4.264129e-01 4.287468e-01
4.263526e-01 4.286821e-01
4.263096e-01 4.286359e-01
4.262512e-01 4.285898e-01
4.261992e-01 4.285288e-01
4.261467e-01 4.284757e-01
4.260974e-01 4.284310e-01
4.260385e-01 4.283831e-01
4.259927e-01 4.283394e-01
4.259386e-01 4.282778e-01
4.258876e-01 4.282295e-01
4.258361e-01 4.281818e-01
4.257786e-01 4.281291e-01
4.257301e-01 4.280743e-01
4.256827e-01 4.280135e-01
4.256234e-01 4.279757e-01
4.255761e-01 4.279246e-01
4.255274e-01 4.278758e-01
4.254670e-01 4.278326e-01
4.254177e-01 4.277751e-01
4.253690e-01 4.277308e-01
4.253128e-01 4.276699e-01
4.252653e-01 4.276301e-01
4.252126e-01 4.275707e-01
4.251635e-01 4.275109e-01
4.251085e-01 4.274707e-01
4.250558e-01 4.274268e-01
4.250018e-01 4.273536e-01
4.249560e-01 4.273162e-01
4.248995e-01 4.272720e-01
4.248537e-01 4.272149e-01
4.247953e-01 4.271634e-01
4.247413e-01 4.271218e-01
4.247029e-01 4.270706e-01
4.246419e-01 4.270162e-01
4.245901e-01 4.269707e-01
4.245390e-01 4.269152e-01
4.244921e-01 4.268649e-01
4.244316e-01 4.268152e-01
4.243894e-01 4.267666e-01
4.243334e-01 4.267159e-01
4.242821e-01 4.266689e-01
4.242287e-01 4.266103e-01
4.241784e-01 4.265647e-01
4.241345e-01 4.265122e-01
4.240742e-01 4.264574e-01
4.240221e-01 4.264119e-01
4.239760e-01 4.263608e-01
4.239215e-01 4.263147e-01
4.238685e-01 4.262552e-01
4.238209e-01 4.262117e-01
4.237696e-01 4.261555e-01
4.237163e-01 4.261088e-01
4.236659e-01 4.260716e-01
4.236154e-01 4.260101e-01
4.235599e-01 4.259520e-01
4.235143e-01 4.259071e-01
4.234577e-01 4.258589e-01
4.234074e-01 4.258150e-01
4.233632e-01 4.257573e-01
4.233043e-01 4.257149e-01
4.232570e-01 4.256526e-01
4.232002e-01 4.256068e-01
4.231585e-01 4.255642e-01
4.231017e-01 4.255093e-01
4.230485e-01 4.254642e-01
4.230040e-01 4.254097e-01
4.229422e-01 4.253502e-01
4.229002e-01 4.253031e-01
4.228461e-01 4.252671e-01
4.227980e-01 4.252209e-01
4.227427e-01 4.251627e-01
4.226950e-01 4.251100e-01
4.226355e-01 4.250615e-01
4.225965e-01 4.250028e-01
4.225335e-01 4.249594e-01
4.224947e-01 4.249187e-01
4.224360e-01 4.248640e-01
4.223884e-01 4.248115e-01
4.223303e-01 4.247620e-01
4.222911e-01 4.247134e-01
4.222352e-01 4.246653e-01
4.221832e-01 4.246094e-01
4.221289e-01 4.245676e-01
4.220814e-01 4.245100e-01
4.220329e-01 4.244643e-01
4.219772e-01 4.244159e-01
4.219305e-01 4.243656e-01
4.218777e-01 4.243125e-01
4.218321e-01 4.242650e-01
4.217720e-01 4.242131e-01
4.217275e-01 4.241650e-01
4.216731e-01 4.241163e-01
4.216278e-01 4.240745e-01
4.215740e-01 4.240263e-01
4.215232e-01 4.239783e-01
4.214696e-01 4.239276e-01
4.214220e-01 4.238834e-01
4.213621e-01 4.238181e-01
4.213255e-01 4.237818e-01
4.212709e-01 4.237189e-01
4.212210e-01 4.236748e-01
4.211610e-01 4.236280e-01
4.211223e-01 4.235754e-01
4.210635e-01 4.235230e-01
4.210148e-01 4.234841e-01
4.209685e-01 4.234206e-01
4.209204e-01 4.233762e-01
4.208598e-01 4.233299e-01
4.208139e-01 4.232749e-01
4.207617e-01 4.232340e-01
4.207174e-01 4.231761e-01
4.206656e-01 4.231266e-01
4.206092e-01 4.230776e-01
4.205628e-01 4.230454e-01
4.205111e-01 4.229880e-01
4.204656e-01 4.229318e-01
4.204065e-01 4.228827e-01
4.203600e-01 4.228340e-01
4.203111e-01 4.227964e-01
4.202575e-01 4.227494e-01
4.202141e-01 4.226907e-01
4.201542e-01 4.226492e-01
4.201110e-01 4.225965e-01
4.200605e-01 4.225463e-01
4.200081e-01 4.224960e-01
4.199562e-01 4.224514e-01
4.199087e-01 4.224048e-01
4.198569e-01 4.223579e-01
4.198084e-01 4.222932e-01
4.197599e-01 4.222472e-01
4.197026e-01 4.222011e-01
4.196583e-01 4.221521e-01
4.196113e-01 4.221020e-01
4.195552e-01 4.220549e-01
4.195049e-01 4.220098e-01
4.194602e-01 4.219593e-01
4.194100e-01 4.219153e-01
4.193549e-01 4.218730e-01
4.193073e-01 4.218152e-01
4.192572e-01 4.217691e-01
4.192072e-01 4.217256e-01
4.191567e-01 4.216808e-01
4.191095e-01 4.216201e-01
4.190585e-01 4.215699e-01
4.190048e-01 4.215296e-01
4.189628e-01 4.214707e-01
4.189082e-01 4.214218e-01
4.188567e-01 4.213943e-01
4.188094e-01 4.213363e-01
4.187602e-01 4.212792e-01
4.187105e-01 4.212352e-01
4.186594e-01 4.211842e-01
4.186106e-01 4.211329e-01
4.185578e-01 4.210801e-01
4.185134e-01 4.210418e-01
4.184592e-01 4.209955e-01
4.184106e-01 4.209468e-01
4.183608e-01 4.208961e-01
4.183102e-01 4.208544e-01
4.182675e-01 4.208000e-01
4.182089e-01 4.207489e-01
4.181647e-01 4.207018e-01
4.181127e-01 4.206568e-01
4.180675e-01 4.206109e-01
4.180141e-01 4.205512e-01
4.179644e-01 4.205110e-01
4.179148e-01 4.204526e-01
4.178647e-01 4.204023e-01
4.178149e-01 4.203575e-01
4.177707e-01 4.203119e-01
4.177139e-01 4.202719e-01
4.176657e-01 4.202210e-01
4.176203e-01 4.201706e-01
4.175693e-01 4.201285e-01
4.175180e-01 4.200705e-01
4.174725e-01 4.200318e-01
4.174158e-01 4.199741e-01
4.173725e-01 4.199359e-01
4.173188e-01 4.198740e-01
4.172731e-01 4.198302e-01
4.172250e-01 4.197817e-01
4.171710e-01 4.197418e-01
4.171243e-01 4.196934e-01
4.170743e-01 4.196354e-01
4.170285e-01 4.195959e-01
4.169744e-01 4.195474e-01
4.169254e-01 4.194984e-01
4.168800e-01 4.194472e-01
4.168272e-01 4.194090e-01
4.167790e-01 4.193499e-01
4.167280e-01 4.193117e-01
4.166814e-01 4.192577e-01
4.166323e-01 4.192138e-01
4.165809e-01 4.191476e-01
4.165300e-01 4.191141e-01
4.164904e-01 4.190630e-01
4.164349e-01 4.190158e-01
4.163832e-01 4.189593e-01
4.163395e-01 4.189113e-01
4.162861e-01 4.188738e-01
4.162412e-01 4.188182e-01
4.161849e-01 4.187859e-01
4.161412e-01 4.187239e-01
4.160945e-01 4.186852e-01
4.160417e-01 4.186497e-01
4.159959e-01 4.185929e-01
4.159458e-01 4.185460e-01
4.158917e-01 4.184881e-01
4.158444e-01 4.184527e-01
4.157992e-01 4.184079e-01
4.157508e-01 4.183568e-01
4.157042e-01 4.183004e-01
4.156479e-01 4.182632e-01
4.156070e-01 4.182107e-01
4.155479e-01 4.181656e-01
4.155089e-01 4.181149e-01
4.154526e-01 4.180795e-01
4.154098e-01 4.180186e-01
4.153594e-01 4.179806e-01
4.153100e-01 4.179341e-01
4.152565e-01 4.178718e-01
4.152125e-01 4.178288e-01
4.151633e-01 4.177913e-01
4.151156e-01 4.177321e-01
4.150655e-01 4.176958e-01
4.150155e-01 4.176473e-01
4.149684e-01 4.175951e-01
4.149226e-01 4.175516e-01
4.148723e-01 4.175150e-01
4.148237e-01 4.174590e-01
4.147698e-01 4.174042e-01
4.147268e-01 4.173597e-01
4.146763e-01 4.173111e-01
4.146235e-01 4.172629e-01
4.145857e-01 4.172233e-01
4.145328e-01 4.171653e-01
4.144782e-01 4.171233e-01
4.144370e-01 4.170785e-01
4.143850e-01 4.170364e-01
4.143386e-01 4.169755e-01
4.142913e-01 4.169364e-01
4.142362e-01 4.168850e-01
4.141908e-01 4.168475e-01
4.141428e-01 4.167880e-01
4.140954e-01 4.167453e-01
4.140522e-01 4.166903e-01
4.139929e-01 4.166429e-01
4.139497e-01 4.166003e-01
4.139028e-01 4.165677e-01
4.138542e-01 4.165136e-01
4.138047e-01 4.164543e-01
4.137572e-01 4.164076e-01
4.137098e-01 4.163598e-01
4.136603e-01 4.163164e-01
4.136115e-01 4.162697e-01
4.135642e-01 4.162249e-01
4.135144e-01 4.161807e-01
4.134707e-01 4.161439e-01
4.134193e-01 4.160860e-01
4.133724e-01 4.160446e-01
4.133217e-01 4.159957e-01
4.132759e-01 4.159490e-01
4.132260e-01 4.159017e-01
4.131802e-01 4.158638e-01
4.131285e-01 4.158057e-01
4.130855e-01 4.157556e-01
4.130323e-01 4.157181e-01
4.129957e-01 4.156680e-01
4.129337e-01 4.156212e-01
4.128938e-01 4.155694e-01
4.128434e-01 4.155294e-01
4.127977e-01 4.154841e-01
4.127486e-01 4.154350e-01
4.126959e-01 4.153790e-01
4.126556e-01 4.153431e-01
4.125980e-01 4.152843e-01
4.125594e-01 4.152575e-01
4.125080e-01 4.152030e-01
4.124582e-01 4.151555e-01
4.124135e-01 4.151105e-01
4.123642e-01 4.150646e-01
4.123187e-01 4.150233e-01
4.122673e-01 4.149720e-01
4.122216e-01 4.149229e-01
4.121734e-01 4.148731e-01
4.121264e-01 4.148294e-01
4.120769e-01 4.147979e-01
4.120310e-01 4.147408e-01
4.119779e-01 4.146969e-01
4.119354e-01 4.146351e-01
4.118845e-01 4.145876e-01
4.118384e-01 4.145524e-01
4.117965e-01 4.144948e-01
4.117417e-01 4.144495e-01
4.116945e-01 4.144082e-01
4.116492e-01 4.143699e-01
4.116024e-01 4.143234e-01
4.115514e-01 4.142662e-01
4.115063e-01 4.142182e-01
4.114556e-01 4.141830e-01
4.114079e-01 4.141334e-01
4.113620e-01 4.140897e-01
4.113180e-01 4.140359e-01
4.112638e-01 4.140019e-01
4.112196e-01 4.139460e-01
4.111695e-01 4.139093e-01
4.111247e-01 4.138562e-01
4.110791e-01 4.138134e-01
4.110301e-01 4.137627e-01
4.109796e-01 4.137220e-01
4.109351e-01 4.136789e-01
4.108888e-01 4.136261e-01
4.108396e-01 4.135809e-01
4.107871e-01 4.135344e-01
4.107468e-01 4.134969e-01
4.106981e-01 4.134498e-01
4.106462e-01 4.133898e-01
4.106070e-01 4.133451e-01
4.105526e-01 4.132981e-01
4.105108e-01 4.132612e-01
4.104583e-01 4.132213e-01
4.104158e-01 4.131702e-01
4.103621e-01 4.131240e-01
4.103240e-01 4.130693e-01
4.102688e-01 4.130298e-01
4.102274e-01 4.129844e-01
4.101722e-01 4.129390e-01
4.101338e-01 4.128817e-01
4.100820e-01 4.128511e-01
4.100389e-01 4.127911e-01
4.099857e-01 4.127528e-01
4.099428e-01 4.127133e-01
4.098927e-01 4.126705e-01
4.098488e-01 4.126163e-01
4.098013e-01 4.125742e-01
4.097547e-01 4.125295e-01
4.097084e-01 4.124855e-01
4.096575e-01 4.124355e-01
4.096099e-01 4.123872e-01
4.095699e-01 4.123395e-01
4.095161e-01 4.122915e-01
4.094702e-01 4.122557e-01
4.094307e-01 4.122129e-01
4.093761e-01 4.121626e-01
4.093332e-01 4.121202e-01
4.092846e-01 4.120644e-01
4.092361e-01 4.120299e-01
4.091919e-01 4.119852e-01
4.091425e-01 4.119245e-01
4.090975e-01 4.118732e-01
4.090539e-01 4.118389e-01
4.090019e-01 4.118035e-01
4.089577e-01 4.117481e-01
4.089129e-01 4.117058e-01
4.088581e-01 4.116518e-01
4.088174e-01 4.116178e-01
4.087730e-01 4.115750e-01
4.087253e-01 4.115110e-01
4.086773e-01 4.114882e-01
4.086259e-01 4.114294e-01
4.085801e-01 4.113836e-01
4.085431e-01 4.113408e-01
4.084913e-01 4.112961e-01
4.084396e-01 4.112468e-01
4.083963e-01 4.112060e-01
4.083531e-01 4.111583e-01
4.082980e-01 4.111090e-01
4.082627e-01 4.110768e-01
4.082092e-01 4.110327e-01
4.081646e-01 4.109940e-01
4.081125e-01 4.109314e-01
4.080762e-01 4.108796e-01
4.080233e-01 4.108417e-01
4.079764e-01 4.108017e-01
4.079306e-01 4.107611e-01
4.078855e-01 4.107109e-01
4.078360e-01 4.106596e-01
4.077947e-01 4.106071e-01
4.077366e-01 4.105796e-01
4.077038e-01 4.105320e-01
4.076518e-01 4.104853e-01
4.076061e-01 4.104392e-01
4.075561e-01 4.103934e-01
4.075177e-01 4.103485e-01
4.074644e-01 4.103186e-01
4.074181e-01 4.102647e-01
4.073718e-01 4.102164e-01
4.073206e-01 4.101612e-01
4.072837e-01 4.101354e-01
4.072336e-01 4.100807e-01
4.071817e-01 4.100471e-01
4.071450e-01 4.099858e-01
4.070934e-01 4.099402e-01
4.070485e-01 4.099017e-01
4.069986e-01 4.098695e-01
4.069614e-01 4.098102e-01
4.069047e-01 4.097749e-01
4.068601e-01 4.097180e-01
4.068190e-01 4.096812e-01
4.067684e-01 4.096188e-01
4.067230e-01 4.095908e-01
4.066786e-01 4.095437e-01
4.066307e-01 4.094951e-01
4.065866e-01 4.094490e-01
4.065360e-01 4.094011e-01
4.064932e-01 4.093665e-01
4.064441e-01 4.093173e-01
4.064033e-01 4.092806e-01
4.063515e-01 4.092316e-01
4.063017e-01 4.091762e-01
4.062636e-01 4.091476e-01
4.062168e-01 4.090953e-01
4.061699e-01 4.090521e-01
4.061206e-01 4.090027e-01
4.060774e-01 4.089541e-01
4.060335e-01 4.089254e-01
4.059801e-01 4.088615e-01
4.059440e-01 4.088231e-01
4.058960e-01 4.087934e-01
4.058404e-01 4.087352e-01
4.058016e-01 4.086871e-01
4.057548e-01 4.086512e-01
4.057146e-01 4.086074e-01
4.056615e-01 4.085591e-01
4.056203e-01 4.085133e-01
4.055677e-01 4.084731e-01
4.055252e-01 4.084344e-01
4.054786e-01 4.083803e-01
4.054382e-01 4.083419e-01
4.053841e-01 4.082944e-01
4.053471e-01 4.082501e-01
4.052975e-01 4.082047e-01
4.052491e-01 4.081662e-01
4.052051e-01 4.081123e-01
4.051593e-01 4.080680e-01
4.051138e-01 4.080175e-01
4.050673e-01 4.079797e-01
4.050277e-01 4.079282e-01
4.049735e-01 4.078984e-01
4.049348e-01 4.078512e-01
4.048838e-01 4.077940e-01
4.048387e-01 4.077594e-01
4.047978e-01 4.077078e-01
4.047499e-01 4.076661e-01
4.047046e-01 4.076180e-01
4.046618e-01 4.075819e-01
4.046075e-01 4.075267e-01
4.045630e-01 4.075072e-01
4.045277e-01 4.074576e-01
4.044761e-01 4.074097e-01
4.044247e-01 4.073569e-01
4.043868e-01 4.073122e-01
4.043453e-01 4.072796e-01
4.042846e-01 4.072385e-01
4.042527e-01 4.071894e-01
4.042035e-01 4.071447e-01
4.041532e-01 4.071000e-01
4.041212e-01 4.070494e-01
4.040616e-01 4.070039e-01
4.040217e-01 4.069615e-01
4.039783e-01 4.069209e-01
4.039308e-01 4.068911e-01
4.038797e-01 4.068282e-01
4.038443e-01 4.067777e-01
4.037951e-01 4.067508e-01
4.037489e-01 4.066968e-01
4.036991e-01 4.066717e-01
4.036649e-01 4.066294e-01
4.036040e-01 4.065652e-01
4.035729e-01 4.065250e-01
4.035226e-01 4.064785e-01
4.034732e-01 4.064357e-01
4.034328e-01 4.063962e-01
4.033864e-01 4.063452e-01
4.033364e-01 4.063092e-01
4.032989e-01 4.062561e-01
4.032446e-01 4.062178e-01
4.032128e-01 4.061851e-01
4.031583e-01 4.061362e-01
4.031146e-01 4.060834e-01
4.030662e-01 4.060470e-01
4.030252e-01 4.059943e-01
4.029801e-01 4.059447e-01
4.029302e-01 4.059196e-01
4.028905e-01 4.058664e-01
4.028440e-01 4.058333e-01
4.027994e-01 4.057768e-01
4.027572e-01 4.057379e-01
4.027078e-01 4.056892e-01
4.026545e-01 4.056583e-01
4.026245e-01 4.056034e-01
4.025742e-01 4.055565e-01
4.025304e-01 4.055056e-01
4.024818e-01 4.054832e-01
4.024365e-01 4.054309e-01
4.023927e-01 4.053978e-01
4.023477e-01 4.053484e-01
4.023027e-01 4.052993e-01
4.022591e-01 4.052660e-01
4.022101e-01 4.052148e-01
4.021678e-01 4.051762e-01
4.021257e-01 4.051230e-01
4.020723e-01 4.050816e-01
