9.086433e-02 6.957948e-02
6.561180e-02 6.265080e-02
6.157497e-02 6.453375e-02
5.981110e-02 5.877145e-02
5.867956e-02 5.829048e-02
5.783142e-02 5.958217e-02
5.716158e-02 5.715227e-02
5.664440e-02 5.725887e-02
5.621421e-02 5.571742e-02
5.585449e-02 5.518000e-02
5.555433e-02 5.513874e-02
5.530845e-02 5.472371e-02
5.508689e-02 5.609378e-02
5.490378e-02 5.598944e-02
5.473690e-02 5.600449e-02
5.458764e-02 5.450948e-02
5.446221e-02 5.413102e-02
5.435670e-02 5.482815e-02
5.423532e-02 5.356621e-02
5.413759e-02 5.376862e-02
5.403189e-02 5.359135e-02
5.394024e-02 5.684560e-02
5.386292e-02 5.321651e-02
5.378153e-02 5.435156e-02
5.370188e-02 5.435773e-02
5.363285e-02 5.333147e-02
5.356365e-02 5.354285e-02
5.347506e-02 5.296987e-02
5.341339e-02 5.280262e-02
5.334521e-02 5.553313e-02
5.327003e-02 5.301408e-02
5.320613e-02 5.338207e-02
5.314625e-02 5.306138e-02
5.308046e-02 5.248964e-02
5.301934e-02 5.319057e-02
5.296693e-02 5.238378e-02
5.290824e-02 5.442811e-02
5.285360e-02 5.225674e-02
5.279072e-02 5.263359e-02
5.273710e-02 5.219328e-02
5.269034e-02 5.360662e-02
5.262784e-02 5.225175e-02
5.257284e-02 5.201232e-02
5.252378e-02 5.226997e-02
5.246732e-02 5.252626e-02
5.242157e-02 5.195054e-02
5.235697e-02 5.222743e-02
5.231299e-02 5.206797e-02
5.226540e-02 5.233699e-02
5.221898e-02 5.236631e-02
5.216050e-02 5.229053e-02
5.210790e-02 5.179782e-02
5.207048e-02 5.158568e-02
5.202741e-02 5.232000e-02
5.197762e-02 5.222133e-02
5.194175e-02 5.241416e-02
5.189549e-02 5.387357e-02
5.184372e-02 5.247114e-02
5.179191e-02 5.186481e-02
5.175307e-02 5.145962e-02
5.171038e-02 5.151331e-02
5.166401e-02 5.212769e-02
5.161458e-02 5.258430e-02
5.157004e-02 5.142613e-02
5.153189e-02 5.124528e-02
5.148778e-02 5.162011e-02
5.144557e-02 5.138587e-02
5.140446e-02 5.116195e-02
5.135497e-02 5.103854e-02
5.132250e-02 5.244900e-02
5.127099e-02 5.103052e-02
5.122727e-02 5.100133e-02
5.118452e-02 5.091134e-02
5.114512e-02 5.357478e-02
5.110974e-02 5.200327e-02
5.106837e-02 5.075134e-02
5.102864e-02 5.110342e-02
5.099532e-02 5.148971e-02
5.095975e-02 5.149308e-02
5.091553e-02 5.062129e-02
5.088201e-02 5.085606e-02
5.084744e-02 5.053401e-02
5.080894e-02 5.054875e-02
5.078835e-02 5.067683e-02
5.074328e-02 5.061134e-02
5.071781e-02 5.066291e-02
5.068472e-02 5.048799e-02
5.065084e-02 5.195485e-02
5.062311e-02 5.037822e-02
5.059994e-02 5.070295e-02
5.057143e-02 5.062643e-02
5.054706e-02 5.091790e-02
5.052085e-02 5.054023e-02
5.049645e-02 5.021488e-02
5.046531e-02 5.023465e-02
5.044539e-02 5.158851e-02
5.042348e-02 5.020992e-02
5.040691e-02 5.014287e-02
5.038052e-02 5.014547e-02
5.035871e-02 5.023681e-02
5.033766e-02 5.136049e-02
5.031743e-02 5.019152e-02
5.030055e-02 5.012504e-02
5.028488e-02 5.023480e-02
5.026336e-02 5.003774e-02
5.025129e-02 5.001560e-02
5.022610e-02 5.184891e-02
5.021138e-02 5.129729e-02
5.019765e-02 4.998884e-02
5.017758e-02 4.996599e-02
5.016036e-02 5.037991e-02
5.015057e-02 5.024592e-02
5.012736e-02 5.025500e-02
5.011746e-02 5.039899e-02
5.010094e-02 5.010417e-02
5.008963e-02 5.017310e-02
5.007574e-02 5.048251e-02
5.006578e-02 5.039500e-02
5.005275e-02 4.985268e-02
5.004231e-02 5.015284e-02
5.003027e-02 5.111423e-02
5.001490e-02 4.982083e-02
5.000347e-02 5.024304e-02
4.999373e-02 4.997729e-02
4.998453e-02 4.994558e-02
4.997757e-02 4.994202e-02
4.996325e-02 4.982040e-02
4.995443e-02 5.010679e-02
4.994355e-02 4.978101e-02
4.992969e-02 5.003520e-02
4.992295e-02 5.154268e-02
4.991822e-02 4.992171e-02
4.990502e-02 5.001915e-02
4.989808e-02 5.013460e-02
4.989667e-02 5.044015e-02
4.988532e-02 5.020493e-02
4.987697e-02 4.973775e-02
4.986309e-02 5.028359e-02
4.986052e-02 4.987283e-02
4.984855e-02 4.995578e-02
4.984543e-02 4.989583e-02
4.983651e-02 4.980412e-02
4.982893e-02 4.993042e-02
4.982177e-02 4.972010e-02
4.981579e-02 4.964068e-02
4.980927e-02 4.975386e-02
4.980123e-02 5.122233e-02
4.979992e-02 4.961666e-02
4.978998e-02 5.056404e-02
4.978339e-02 4.965381e-02
4.977691e-02 4.979618e-02
4.977336e-02 5.030988e-02
4.976157e-02 4.966099e-02
4.976259e-02 4.963463e-02
4.975653e-02 4.986300e-02
4.975137e-02 4.970986e-02
4.974152e-02 4.970661e-02
4.973750e-02 4.968154e-02
4.972988e-02 4.969677e-02
4.972425e-02 4.986069e-02
4.972360e-02 4.971199e-02
4.971525e-02 4.993884e-02
4.971346e-02 4.957689e-02
4.970459e-02 4.960311e-02
4.970099e-02 4.969563e-02
4.969422e-02 4.960570e-02
4.969071e-02 4.974113e-02
4.968570e-02 4.993502e-02
4.968325e-02 5.085567e-02
4.967882e-02 5.071869e-02
4.967248e-02 4.950141e-02
4.966427e-02 4.976332e-02
4.966255e-02 4.970059e-02
4.965993e-02 5.015700e-02
4.965249e-02 4.960831e-02
4.965174e-02 4.980932e-02
4.964666e-02 4.955463e-02
4.964089e-02 4.964992e-02
4.963875e-02 5.130598e-02
4.963157e-02 4.968982e-02
4.962639e-02 4.951250e-02
4.962754e-02 5.014476e-02
4.962504e-02 4.947247e-02
4.961717e-02 4.971332e-02
4.961837e-02 5.038658e-02
4.961000e-02 4.998392e-02
4.960300e-02 4.985773e-02
4.960102e-02 5.015518e-02
4.959651e-02 4.958887e-02
4.959397e-02 4.953331e-02
4.958786e-02 5.082037e-02
4.958656e-02 4.974206e-02
4.958447e-02 5.002890e-02
4.957891e-02 4.946885e-02
4.957277e-02 4.950702e-02
4.957348e-02 4.952092e-02
4.957210e-02 4.968452e-02
4.956571e-02 4.964235e-02
4.956087e-02 5.056148e-02
4.955807e-02 4.955649e-02
4.955427e-02 4.948892e-02
4.955166e-02 4.970342e-02
4.954842e-02 4.944746e-02
4.954317e-02 4.942806e-02
4.954367e-02 4.957246e-02
4.953794e-02 5.051412e-02
4.953412e-02 5.005381e-02
4.953145e-02 4.947987e-02
4.952861e-02 4.944159e-02
4.952683e-02 4.976872e-02
4.952152e-02 5.009967e-02
4.951962e-02 4.945456e-02
4.951560e-02 5.041286e-02
4.951555e-02 4.941634e-02
4.950824e-02 4.946403e-02
4.950681e-02 5.028272e-02
4.950598e-02 4.956290e-02
4.950437e-02 4.996194e-02
4.949783e-02 4.956308e-02
4.949637e-02 4.966668e-02
4.949317e-02 5.010274e-02
4.949311e-02 4.946946e-02
4.948989e-02 4.963335e-02
4.948587e-02 4.959714e-02
4.948075e-02 4.945978e-02
4.947968e-02 4.989839e-02
4.947434e-02 4.946081e-02
4.947331e-02 5.103390e-02
4.947377e-02 4.982345e-02
4.947025e-02 5.008355e-02
4.946466e-02 4.971747e-02
4.946155e-02 4.982125e-02
4.946170e-02 5.015752e-02
4.946133e-02 4.943385e-02
4.945808e-02 5.026600e-02
4.945072e-02 4.971236e-02
4.945206e-02 4.948100e-02
4.944796e-02 4.955614e-02
4.944737e-02 4.939581e-02
4.944332e-02 4.972849e-02
4.944225e-02 4.950340e-02
4.943975e-02 4.967959e-02
4.943610e-02 4.957822e-02
4.943738e-02 4.969029e-02
4.943034e-02 4.947582e-02
4.943167e-02 4.936790e-02
4.942869e-02 4.962800e-02
4.942299e-02 4.969145e-02
4.941868e-02 5.037263e-02
4.941757e-02 4.956028e-02
4.941811e-02 4.939457e-02
4.941053e-02 4.932490e-02
4.941191e-02 4.958940e-02
4.941154e-02 4.938919e-02
4.941034e-02 4.930224e-02
4.940164e-02 4.938266e-02
4.939824e-02 4.933715e-02
4.940280e-02 4.962147e-02
4.939765e-02 4.935879e-02
4.939746e-02 4.955773e-02
4.939321e-02 4.940460e-02
4.939670e-02 4.939103e-02
4.938713e-02 4.942181e-02
4.938471e-02 4.934802e-02
4.938165e-02 4.954321e-02
4.938335e-02 4.931045e-02
4.937972e-02 4.967992e-02
4.937967e-02 4.954350e-02
4.938079e-02 4.984231e-02
4.937599e-02 4.941071e-02
4.937189e-02 4.938233e-02
4.936750e-02 4.947692e-02
4.936675e-02 4.932138e-02
4.936694e-02 5.024339e-02
4.936179e-02 4.929478e-02
4.936462e-02 4.936739e-02
4.935515e-02 4.937713e-02
4.935984e-02 4.959393e-02
4.935430e-02 4.951761e-02
4.934931e-02 4.942233e-02
4.934865e-02 4.970982e-02
4.934971e-02 4.937575e-02
4.934399e-02 4.994880e-02
4.934337e-02 4.928527e-02
4.934072e-02 4.941702e-02
4.934140e-02 4.940889e-02
4.933868e-02 4.977145e-02
4.933945e-02 4.957997e-02
4.933229e-02 4.929130e-02
4.933268e-02 4.976945e-02
4.933120e-02 4.933679e-02
4.932510e-02 4.928850e-02
4.932932e-02 4.948883e-02
4.931914e-02 4.957584e-02
4.932213e-02 4.975135e-02
4.932036e-02 4.927602e-02
4.931620e-02 4.927115e-02
4.931535e-02 4.974667e-02
4.931409e-02 4.949353e-02
4.931030e-02 4.935393e-02
4.930638e-02 4.946223e-02
4.930647e-02 4.925799e-02
4.930210e-02 5.019819e-02
4.930016e-02 4.926064e-02
4.930028e-02 4.934357e-02
4.929812e-02 4.927890e-02
4.929191e-02 4.949703e-02
4.929370e-02 4.925867e-02
4.928865e-02 4.943395e-02
4.929051e-02 4.927531e-02
4.928552e-02 5.018818e-02
4.928486e-02 4.981748e-02
4.928359e-02 4.935259e-02
4.928353e-02 4.943582e-02
4.928292e-02 4.929594e-02
4.927533e-02 4.952524e-02
4.927456e-02 4.927506e-02
4.927472e-02 4.988345e-02
4.927009e-02 4.929933e-02
4.926613e-02 4.950101e-02
4.926619e-02 4.928499e-02
4.926513e-02 4.924642e-02
4.926456e-02 4.928308e-02
4.926026e-02 4.974806e-02
4.926022e-02 4.932609e-02
4.925497e-02 4.927610e-02
4.925773e-02 4.939612e-02
4.925563e-02 4.923812e-02
4.924869e-02 4.919199e-02
4.924711e-02 4.951839e-02
4.924617e-02 4.954454e-02
4.924296e-02 4.932944e-02
4.924459e-02 4.920857e-02
4.923993e-02 4.947971e-02
4.923718e-02 4.921399e-02
4.923457e-02 4.939948e-02
4.923309e-02 4.942746e-02
4.923351e-02 4.930324e-02
4.922891e-02 4.925926e-02
4.923237e-02 4.922083e-02
4.922504e-02 4.925955e-02
4.922562e-02 4.928112e-02
4.922203e-02 4.930477e-02
4.921759e-02 4.925904e-02
4.921986e-02 4.954428e-02
4.921431e-02 4.933894e-02
4.921173e-02 4.921178e-02
4.921367e-02 4.930681e-02
4.921142e-02 4.922664e-02
4.920741e-02 5.010041e-02
4.920374e-02 4.956092e-02
4.920181e-02 4.969116e-02
4.920369e-02 4.921929e-02
4.919682e-02 4.965099e-02
4.919591e-02 4.921506e-02
4.919514e-02 4.917549e-02
4.919470e-02 4.923983e-02
4.919153e-02 4.919850e-02
4.919195e-02 4.924719e-02
4.918885e-02 4.937186e-02
4.918709e-02 4.922347e-02
4.918640e-02 4.921903e-02
4.918080e-02 4.917551e-02
4.918123e-02 4.922027e-02
4.917847e-02 4.922028e-02
4.917846e-02 4.929226e-02
4.917530e-02 4.930231e-02
4.916916e-02 4.946789e-02
4.916966e-02 4.948247e-02
4.916768e-02 4.991657e-02
4.916293e-02 4.955572e-02
4.916381e-02 4.933236e-02
4.916003e-02 4.942153e-02
4.915585e-02 4.921663e-02
4.915555e-02 4.915211e-02
4.915306e-02 4.922408e-02
4.914819e-02 4.933048e-02
4.914954e-02 4.918370e-02
4.914743e-02 4.911908e-02
4.914195e-02 4.921154e-02
4.913724e-02 4.921732e-02
4.913938e-02 4.922455e-02
4.913574e-02 4.956941e-02
4.913436e-02 4.920924e-02
4.913213e-02 4.921000e-02
4.913077e-02 4.924142e-02
4.912684e-02 4.929972e-02
4.912595e-02 4.966044e-02
4.912087e-02 4.932059e-02
4.911999e-02 4.911849e-02
4.911721e-02 4.921046e-02
4.911614e-02 4.928354e-02
4.911154e-02 4.912976e-02
4.911407e-02 4.922366e-02
4.910564e-02 4.925020e-02
4.910352e-02 4.928025e-02
4.910229e-02 4.926011e-02
4.909893e-02 4.916584e-02
4.909697e-02 4.919074e-02
4.910088e-02 4.922064e-02
4.909057e-02 4.914936e-02
4.908938e-02 4.921689e-02
4.908523e-02 4.920259e-02
4.908307e-02 4.982407e-02
4.908445e-02 4.984770e-02
4.908336e-02 4.926359e-02
4.907598e-02 4.908567e-02
4.907560e-02 4.946792e-02
4.907097e-02 4.910256e-02
4.906681e-02 4.914419e-02
4.906309e-02 4.918846e-02
4.906020e-02 4.907552e-02
4.905590e-02 4.924257e-02
4.905710e-02 4.907359e-02
4.905264e-02 4.906821e-02
4.904564e-02 4.931478e-02
4.904579e-02 4.913142e-02
4.904414e-02 4.925834e-02
4.903723e-02 4.919866e-02
4.903787e-02 4.921150e-02
4.903733e-02 4.981898e-02
4.903056e-02 4.908914e-02
4.902385e-02 4.911981e-02
4.902214e-02 4.909062e-02
4.902344e-02 4.913503e-02
4.901730e-02 4.903364e-02
4.901460e-02 4.906334e-02
4.900984e-02 4.944427e-02
4.900864e-02 4.906681e-02
4.900158e-02 4.910084e-02
4.900137e-02 4.927148e-02
4.899834e-02 4.914190e-02
4.899164e-02 4.919013e-02
4.898771e-02 4.908865e-02
4.898641e-02 4.909925e-02
4.898223e-02 4.917801e-02
4.897582e-02 4.902124e-02
4.897364e-02 4.918819e-02
4.897076e-02 4.902301e-02
4.896730e-02 5.013007e-02
4.896248e-02 4.954386e-02
4.896023e-02 4.987954e-02
4.895905e-02 4.998210e-02
4.895622e-02 4.902679e-02
4.894470e-02 4.913720e-02
4.894278e-02 4.956277e-02
4.894226e-02 4.902496e-02
4.893657e-02 4.913079e-02
4.893291e-02 4.912259e-02
4.893124e-02 4.907320e-02
4.892414e-02 4.900156e-02
4.891818e-02 4.905828e-02
4.891776e-02 4.898831e-02
4.891386e-02 4.910546e-02
4.890750e-02 4.901416e-02
4.890090e-02 4.905066e-02
4.890523e-02 4.913299e-02
4.889921e-02 4.895522e-02
4.889394e-02 4.898428e-02
4.888750e-02 4.929490e-02
4.888466e-02 4.943344e-02
4.887863e-02 4.893882e-02
4.887619e-02 4.892259e-02
4.887125e-02 4.944247e-02
4.886602e-02 4.894228e-02
4.886329e-02 4.911434e-02
4.885974e-02 4.902144e-02
4.885601e-02 4.893396e-02
4.885082e-02 4.945387e-02
4.884690e-02 4.890446e-02
4.884669e-02 4.888208e-02
4.884180e-02 4.905649e-02
4.883726e-02 4.912055e-02
4.883430e-02 4.895058e-02
4.883165e-02 4.996728e-02
4.882460e-02 4.894936e-02
4.882186e-02 4.892732e-02
4.882235e-02 4.932042e-02
4.881634e-02 4.891187e-02
4.881337e-02 4.893513e-02
4.881040e-02 4.889661e-02
4.880296e-02 4.900049e-02
4.880301e-02 4.924087e-02
4.879900e-02 4.930146e-02
4.879631e-02 4.887384e-02
4.879292e-02 4.886864e-02
4.879257e-02 4.883657e-02
4.879008e-02 4.895326e-02
4.878168e-02 4.881943e-02
4.878107e-02 4.882918e-02
4.877652e-02 4.919999e-02
4.877420e-02 4.901057e-02
4.877191e-02 4.880732e-02
4.877010e-02 4.893062e-02
4.876872e-02 4.938052e-02
4.876916e-02 4.907190e-02
4.876046e-02 4.885809e-02
4.876157e-02 4.961394e-02
4.875715e-02 4.884157e-02
4.875740e-02 4.926407e-02
4.875044e-02 4.940367e-02
4.874782e-02 4.896120e-02
4.874887e-02 4.881182e-02
4.874615e-02 4.887263e-02
4.874514e-02 4.891960e-02
4.873936e-02 4.883151e-02
4.874009e-02 4.909900e-02
4.873766e-02 4.903890e-02
4.873327e-02 4.943557e-02
4.873176e-02 4.876650e-02
4.872863e-02 4.921163e-02
4.872686e-02 4.882491e-02
4.872596e-02 4.882313e-02
4.872703e-02 4.890867e-02
4.872115e-02 4.878167e-02
4.871978e-02 4.904550e-02
4.871651e-02 4.904995e-02
4.871918e-02 4.877571e-02
4.871608e-02 4.889542e-02
4.871039e-02 4.878309e-02
4.871059e-02 4.875171e-02
4.870817e-02 4.886526e-02
4.871340e-02 4.891289e-02
4.870733e-02 4.883241e-02
4.870524e-02 4.883161e-02
4.870348e-02 4.873684e-02
4.870066e-02 4.875269e-02
4.869741e-02 4.905277e-02
4.869982e-02 4.873028e-02
4.869783e-02 4.871392e-02
4.869562e-02 4.889636e-02
4.869074e-02 4.874143e-02
4.869166e-02 4.891986e-02
4.868875e-02 4.893307e-02
4.868786e-02 5.113857e-02
4.868512e-02 4.877164e-02
4.868635e-02 4.878520e-02
4.868232e-02 4.884046e-02
4.868082e-02 4.892296e-02
4.867977e-02 4.870826e-02
4.867905e-02 4.878672e-02
4.867799e-02 4.879662e-02
4.867423e-02 4.876978e-02
4.867420e-02 4.877857e-02
4.867522e-02 4.961132e-02
4.867357e-02 4.874348e-02
4.866830e-02 4.870777e-02
4.867181e-02 4.871112e-02
4.866901e-02 4.883510e-02
4.866729e-02 4.887121e-02
4.866516e-02 4.889072e-02
4.866302e-02 4.904739e-02
4.865818e-02 4.881138e-02
4.866034e-02 4.925407e-02
4.865880e-02 4.871481e-02
4.865792e-02 4.874774e-02
4.865788e-02 4.875311e-02
4.865286e-02 4.903824e-02
4.865513e-02 4.887233e-02
4.865050e-02 4.879791e-02
4.865166e-02 4.902161e-02
4.865100e-02 4.883361e-02
4.865240e-02 4.880953e-02
4.864964e-02 4.869585e-02
4.865167e-02 4.881151e-02
4.864669e-02 4.893836e-02
4.864464e-02 4.907353e-02
4.864230e-02 4.884688e-02
4.864295e-02 4.868688e-02
4.864030e-02 4.874870e-02
4.863804e-02 4.919771e-02
4.863802e-02 4.871942e-02
4.863937e-02 4.881008e-02
4.863995e-02 4.877094e-02
4.863519e-02 4.921503e-02
4.863556e-02 4.938863e-02
4.863533e-02 4.877016e-02
4.863272e-02 4.881419e-02
4.863194e-02 4.894692e-02
4.863505e-02 4.879753e-02
4.863318e-02 4.868453e-02
4.862703e-02 4.881287e-02
4.862901e-02 4.873931e-02
4.862710e-02 4.909734e-02
4.862597e-02 4.868465e-02
4.862748e-02 4.911393e-02
4.862362e-02 4.875847e-02
4.862265e-02 4.880006e-02
4.862486e-02 4.875213e-02
4.862241e-02 4.881627e-02
4.861777e-02 4.870703e-02
4.861855e-02 4.891516e-02
4.861615e-02 4.874533e-02
4.861758e-02 4.873524e-02
4.861462e-02 4.872399e-02
4.861001e-02 4.869989e-02
4.861011e-02 4.870929e-02
4.861342e-02 4.881568e-02
4.860970e-02 4.874507e-02
4.861346e-02 4.879049e-02
4.860965e-02 4.921810e-02
4.861149e-02 4.865729e-02
4.860825e-02 4.866896e-02
4.860452e-02 4.870978e-02
4.860414e-02 4.897580e-02
4.860355e-02 4.871602e-02
4.860391e-02 4.916513e-02
4.860139e-02 4.871606e-02
4.859986e-02 4.863219e-02
4.860010e-02 4.867430e-02
4.860041e-02 4.867876e-02
4.859623e-02 4.920554e-02
4.859850e-02 4.864100e-02
4.859543e-02 4.935803e-02
4.859650e-02 4.880619e-02
4.859240e-02 4.871977e-02
4.859693e-02 4.865387e-02
4.858915e-02 4.871456e-02
4.859414e-02 4.863657e-02
4.858929e-02 4.908213e-02
4.859021e-02 4.880318e-02
4.858663e-02 4.876056e-02
4.858771e-02 4.907033e-02
4.858384e-02 4.870103e-02
4.858480e-02 4.891279e-02
4.858340e-02 4.866498e-02
4.858121e-02 4.870560e-02
4.858563e-02 4.889612e-02
4.858120e-02 4.926668e-02
4.857954e-02 4.865543e-02
4.857813e-02 4.867340e-02
4.857706e-02 4.898786e-02
4.858097e-02 4.874438e-02
4.857716e-02 4.868928e-02
4.857345e-02 4.875384e-02
4.857564e-02 4.861828e-02
4.857246e-02 4.878004e-02
4.857474e-02 4.875607e-02
4.857340e-02 4.865567e-02
4.857144e-02 4.863616e-02
4.856734e-02 4.869492e-02
4.856990e-02 4.872703e-02
4.856983e-02 4.915384e-02
4.856940e-02 4.865337e-02
4.856921e-02 4.857953e-02
4.856634e-02 4.860682e-02
4.856576e-02 4.900924e-02
4.856324e-02 4.869575e-02
4.856524e-02 4.867840e-02
4.856305e-02 4.866856e-02
4.855892e-02 4.867931e-02
4.855975e-02 4.875220e-02
4.856067e-02 4.873413e-02
4.855777e-02 4.878883e-02
4.855692e-02 4.877711e-02
4.855453e-02 4.868414e-02
4.855880e-02 4.870855e-02
4.855728e-02 4.885508e-02
4.855639e-02 4.861757e-02
4.855434e-02 4.901188e-02
4.855207e-02 4.878894e-02
4.855414e-02 4.874328e-02
4.855079e-02 4.867598e-02
4.855047e-02 4.861179e-02
4.854922e-02 4.914279e-02
4.854935e-02 4.858292e-02
4.855177e-02 4.896058e-02
4.854995e-02 4.868130e-02
4.854653e-02 4.885834e-02
4.854417e-02 4.872501e-02
4.854441e-02 4.885169e-02
4.854606e-02 4.869724e-02
4.854274e-02 4.870653e-02
4.854624e-02 4.863506e-02
4.854242e-02 4.861762e-02
4.853908e-02 4.867237e-02
4.854280e-02 4.883863e-02
4.854071e-02 4.890769e-02
4.853502e-02 4.882640e-02
4.853635e-02 4.866463e-02
4.853699e-02 4.870381e-02
4.853474e-02 4.907398e-02
4.853689e-02 4.857806e-02
4.853480e-02 4.883903e-02
4.853788e-02 4.864915e-02
4.853056e-02 4.863568e-02
4.853225e-02 4.874141e-02
4.853089e-02 4.910887e-02
4.852972e-02 4.868024e-02
4.852892e-02 4.858359e-02
4.852755e-02 4.859963e-02
4.853046e-02 4.864243e-02
4.852633e-02 4.881808e-02
4.852771e-02 4.858676e-02
4.852607e-02 4.858136e-02
4.852810e-02 4.861001e-02
4.852369e-02 4.866083e-02
4.852041e-02 4.854625e-02
4.852286e-02 4.873874e-02
4.852096e-02 4.882210e-02
4.851857e-02 4.889001e-02
4.852031e-02 4.865660e-02
4.852160e-02 4.856306e-02
4.851977e-02 4.862323e-02
4.851961e-02 4.863876e-02
4.851692e-02 4.859392e-02
4.851763e-02 4.875083e-02
4.851589e-02 4.877367e-02
4.851449e-02 4.860090e-02
4.851199e-02 4.856792e-02
4.851254e-02 4.876807e-02
4.851012e-02 4.857677e-02
4.851067e-02 4.911940e-02
4.851251e-02 4.859413e-02
4.851051e-02 4.856833e-02
4.850781e-02 4.872899e-02
4.850770e-02 4.854704e-02
4.850229e-02 4.859496e-02
4.850483e-02 4.856527e-02
4.850412e-02 4.860678e-02
4.850285e-02 4.875669e-02
4.850284e-02 4.860264e-02
4.850182e-02 4.928929e-02
4.849926e-02 4.860154e-02
4.850285e-02 4.866905e-02
4.849867e-02 4.861732e-02
4.849724e-02 4.859717e-02
4.849853e-02 4.868878e-02
4.850095e-02 4.879697e-02
4.849902e-02 4.857342e-02
4.849629e-02 4.857605e-02
4.849540e-02 4.854290e-02
4.849568e-02 4.883925e-02
4.849393e-02 4.866009e-02
4.849441e-02 4.881720e-02
4.849752e-02 4.920504e-02
4.849191e-02 4.860785e-02
4.849427e-02 4.866759e-02
4.848731e-02 4.857288e-02
4.848872e-02 4.906066e-02
4.848993e-02 4.855329e-02
4.848921e-02 4.874862e-02
4.848783e-02 4.870936e-02
4.848577e-02 4.863821e-02
4.848823e-02 4.879998e-02
4.848527e-02 4.862158e-02
4.848292e-02 4.925362e-02
4.848505e-02 4.856275e-02
4.848453e-02 4.940109e-02
4.848448e-02 4.886486e-02
4.848195e-02 4.854593e-02
4.848022e-02 4.911053e-02
4.848050e-02 4.853590e-02
4.848379e-02 4.867858e-02
4.848184e-02 4.850745e-02
4.848353e-02 4.856180e-02
4.847965e-02 4.859696e-02
4.847765e-02 4.878557e-02
4.847591e-02 4.855952e-02
4.847753e-02 4.872103e-02
4.847324e-02 4.917342e-02
4.847764e-02 4.882621e-02
4.847466e-02 4.859922e-02
4.847045e-02 4.872499e-02
4.847249e-02 4.946545e-02
4.846894e-02 4.853072e-02
4.846927e-02 4.870005e-02
4.846959e-02 4.858008e-02
4.847016e-02 4.852397e-02
4.846771e-02 4.874790e-02
4.846649e-02 4.851297e-02
4.846669e-02 4.869109e-02
4.846538e-02 4.860118e-02
4.846527e-02 4.875676e-02
4.846285e-02 4.866560e-02
4.846649e-02 4.886129e-02
4.846290e-02 4.852408e-02
4.846285e-02 4.882319e-02
4.846095e-02 4.854965e-02
4.846085e-02 4.857600e-02
4.846268e-02 4.862144e-02
4.846169e-02 4.858682e-02
4.845867e-02 4.853073e-02
4.845654e-02 4.861291e-02
4.846029e-02 4.870687e-02
4.845509e-02 4.853315e-02
4.845670e-02 4.868560e-02
4.845789e-02 4.867625e-02
4.845580e-02 4.858579e-02
4.845177e-02 4.962337e-02
4.845426e-02 4.860440e-02
4.845428e-02 4.892170e-02
4.845487e-02 4.856036e-02
4.845093e-02 4.855379e-02
4.845065e-02 4.852730e-02
4.845130e-02 4.853546e-02
4.844886e-02 4.853646e-02
4.844527e-02 4.861142e-02
4.844669e-02 4.880552e-02
4.844368e-02 4.859061e-02
4.844735e-02 4.850732e-02
4.844342e-02 4.937755e-02
4.844430e-02 4.856996e-02
4.844598e-02 4.869294e-02
4.844180e-02 4.851009e-02
4.844218e-02 4.862939e-02
4.844433e-02 4.854617e-02
4.844199e-02 4.850608e-02
4.843784e-02 4.858246e-02
4.844245e-02 4.851318e-02
4.844021e-02 4.856595e-02
4.843625e-02 4.876855e-02
4.843788e-02 4.854374e-02
4.843615e-02 4.850575e-02
4.843484e-02 4.871374e-02
4.843806e-02 4.926615e-02
4.843200e-02 4.881962e-02
4.843429e-02 4.858471e-02
4.843145e-02 4.849538e-02
4.843279e-02 4.863647e-02
4.842984e-02 4.849268e-02
4.843228e-02 4.894512e-02
4.842769e-02 4.852081e-02
4.843347e-02 4.858746e-02
4.842992e-02 4.903053e-02
4.843000e-02 4.863036e-02
4.842727e-02 4.863801e-02
4.842570e-02 4.854935e-02
4.842979e-02 4.866679e-02
4.842693e-02 4.861942e-02
4.842234e-02 4.856349e-02
4.842375e-02 4.859532e-02
4.842620e-02 4.865381e-02
4.842606e-02 4.921433e-02
4.842310e-02 4.856247e-02
4.842223e-02 4.853091e-02
4.842203e-02 4.940755e-02
4.841914e-02 4.855242e-02
4.841936e-02 4.866940e-02
4.841910e-02 4.864400e-02
4.841659e-02 4.853549e-02
4.841756e-02 4.867527e-02
4.841880e-02 4.858405e-02
4.841836e-02 4.862452e-02
4.841615e-02 4.853169e-02
4.841840e-02 4.874126e-02
4.841147e-02 4.846553e-02
4.841564e-02 4.862601e-02
4.841255e-02 4.947655e-02
4.841402e-02 4.847608e-02
4.840861e-02 4.859745e-02
4.841164e-02 4.865574e-02
4.840779e-02 4.888975e-02
4.841177e-02 4.877031e-02
4.840981e-02 4.853121e-02
4.840618e-02 4.891825e-02
4.840824e-02 4.861498e-02
4.840755e-02 4.903454e-02
4.840831e-02 4.883772e-02
4.840654e-02 4.862788e-02
4.840744e-02 4.848334e-02
4.840804e-02 4.913831e-02
4.840519e-02 4.863200e-02
4.840292e-02 4.852302e-02
4.840267e-02 4.880216e-02
4.840243e-02 4.856754e-02
4.839944e-02 4.858051e-02
4.839930e-02 4.878430e-02
4.839836e-02 4.844008e-02
4.839766e-02 4.850315e-02
4.839952e-02 4.868382e-02
4.839699e-02 4.848220e-02
4.839660e-02 4.846332e-02
4.839851e-02 4.854075e-02
4.839888e-02 4.856276e-02
4.839282e-02 4.864082e-02
4.839271e-02 4.899707e-02
4.839509e-02 4.855504e-02
4.839249e-02 4.847195e-02
4.839286e-02 4.860374e-02
4.839231e-02 4.870857e-02
4.839136e-02 4.904338e-02
4.838779e-02 4.864494e-02
4.838808e-02 4.852316e-02
4.839175e-02 4.850094e-02
4.838936e-02 4.870985e-02
4.838828e-02 4.844578e-02
4.838716e-02 4.879090e-02
4.838911e-02 4.862220e-02
4.838981e-02 4.847059e-02
4.838748e-02 4.854553e-02
4.838833e-02 4.856681e-02
4.838460e-02 4.844756e-02
4.838304e-02 4.857132e-02
4.838251e-02 4.858730e-02
4.838442e-02 4.863751e-02
4.838176e-02 4.854482e-02
4.838351e-02 4.855801e-02
4.838031e-02 4.862850e-02
4.838108e-02 4.864322e-02
4.837579e-02 4.868533e-02
4.838089e-02 4.859430e-02
4.837846e-02 4.853987e-02
4.837715e-02 4.849853e-02
4.837743e-02 4.842532e-02
4.837705e-02 4.872207e-02
4.837659e-02 4.848678e-02
4.837338e-02 4.847353e-02
4.837288e-02 4.861018e-02
4.837703e-02 4.872847e-02
4.837061e-02 4.847998e-02
4.837226e-02 4.870992e-02
4.837151e-02 4.879929e-02
4.837166e-02 4.853139e-02
4.837122e-02 4.857897e-02
4.836967e-02 4.845436e-02
4.837238e-02 4.926346e-02
4.837138e-02 4.850272e-02
4.836899e-02 4.845272e-02
4.836785e-02 4.847973e-02
4.836895e-02 4.845833e-02
4.836665e-02 4.849935e-02
4.836543e-02 4.855024e-02
4.836531e-02 4.927014e-02
4.836416e-02 4.888274e-02
4.836582e-02 4.854624e-02
4.836318e-02 4.858575e-02
4.836332e-02 4.906549e-02
4.836261e-02 4.859519e-02
4.836358e-02 4.842766e-02
4.836036e-02 4.852024e-02
4.836013e-02 4.850516e-02
4.835851e-02 4.849816e-02
4.835554e-02 4.847782e-02
4.835835e-02 4.850843e-02
4.835656e-02 4.877115e-02
4.835698e-02 4.851514e-02
4.835469e-02 4.868032e-02
4.835772e-02 4.843404e-02
4.835666e-02 4.849620e-02
4.835464e-02 4.850869e-02
4.835279e-02 4.872807e-02
4.835337e-02 4.864901e-02
4.835056e-02 4.844282e-02
4.834931e-02 4.844413e-02
4.835282e-02 4.844595e-02
4.835033e-02 4.839648e-02
4.835160e-02 4.847517e-02
4.834832e-02 4.860819e-02
4.835049e-02 4.850024e-02
4.835025e-02 4.882440e-02
4.834752e-02 4.850483e-02
4.834994e-02 4.853789e-02
4.834708e-02 4.845093e-02
4.834602e-02 4.847583e-02
4.834554e-02 4.858808e-02
4.834508e-02 4.849394e-02
4.834828e-02 4.885578e-02
4.834513e-02 4.916736e-02
4.834295e-02 4.852026e-02
4.834552e-02 4.843372e-02
4.834198e-02 4.857550e-02
4.834124e-02 4.880876e-02
4.834329e-02 4.852193e-02
4.833951e-02 4.852412e-02
4.833918e-02 4.915061e-02
4.833746e-02 4.922922e-02
4.833973e-02 4.845008e-02
4.833791e-02 4.873309e-02
4.833999e-02 4.851863e-02
4.833997e-02 4.849166e-02
4.833972e-02 4.843575e-02
4.833775e-02 4.861300e-02
4.833536e-02 4.850911e-02
4.833702e-02 4.848083e-02
4.833407e-02 4.854422e-02
4.833406e-02 4.850487e-02
4.833668e-02 4.841199e-02
4.833468e-02 4.852153e-02
4.833428e-02 4.851849e-02
4.833586e-02 4.843619e-02
4.833200e-02 4.865678e-02
4.833123e-02 4.845762e-02
4.833195e-02 4.861132e-02
4.833076e-02 4.847402e-02
4.833097e-02 4.849365e-02
4.833085e-02 4.847127e-02
4.832604e-02 4.858893e-02
4.833127e-02 4.839808e-02
4.832946e-02 4.844832e-02
4.832549e-02 4.841813e-02
4.833086e-02 4.846046e-02
4.832716e-02 4.840186e-02
4.832941e-02 4.857545e-02
4.832623e-02 4.876018e-02
4.832487e-02 4.846950e-02
4.831905e-02 4.842529e-02
4.832071e-02 4.868669e-02
4.832280e-02 4.858284e-02
4.832430e-02 4.860422e-02
4.827144e-02 4.873451e-02
4.827014e-02 4.845911e-02
4.826959e-02 4.833642e-02
4.826943e-02 4.850409e-02
4.826966e-02 4.849238e-02
4.826965e-02 4.842796e-02
4.826649e-02 4.841543e-02
4.826583e-02 4.849737e-02
4.826978e-02 4.849145e-02
4.826536e-02 4.857266e-02
4.826531e-02 4.850983e-02
4.826421e-02 4.841268e-02
4.826608e-02 4.844097e-02
4.826420e-02 4.855100e-02
4.826388e-02 4.854846e-02
4.826192e-02 4.847297e-02
4.826443e-02 4.842881e-02
4.826354e-02 4.841792e-02
4.826189e-02 4.840298e-02
4.825960e-02 4.837840e-02
4.825989e-02 4.860784e-02
4.826324e-02 4.876525e-02
4.826214e-02 4.842069e-02
4.825966e-02 4.837537e-02
4.826067e-02 4.852366e-02
4.825977e-02 4.843335e-02
4.825971e-02 4.844664e-02
4.825761e-02 4.836667e-02
4.825561e-02 4.863287e-02
4.825632e-02 4.839847e-02
4.825333e-02 4.840509e-02
4.825463e-02 4.847017e-02
4.825711e-02 4.846928e-02
4.825374e-02 4.858072e-02
4.825727e-02 4.844187e-02
4.825132e-02 4.852979e-02
4.825375e-02 4.834342e-02
4.825134e-02 4.837473e-02
4.825041e-02 4.834998e-02
4.825273e-02 4.870684e-02
4.824998e-02 4.900063e-02
4.825049e-02 4.852814e-02
4.824872e-02 4.854995e-02
4.824949e-02 4.833775e-02
4.825232e-02 4.848172e-02
4.824788e-02 4.841506e-02
4.825111e-02 4.853375e-02
4.824666e-02 4.855104e-02
4.824888e-02 4.836661e-02
4.824485e-02 4.839432e-02
4.824469e-02 4.846074e-02
4.824958e-02 4.835353e-02
4.824603e-02 4.839584e-02
4.824456e-02 4.839152e-02
4.824184e-02 4.840636e-02
4.824010e-02 4.835118e-02
4.824407e-02 4.854635e-02
4.824396e-02 4.884980e-02
4.824439e-02 4.840267e-02
4.824543e-02 4.837463e-02
4.824027e-02 4.834468e-02
4.824186e-02 4.840681e-02
4.824010e-02 4.921621e-02
4.823899e-02 4.835041e-02
4.824050e-02 4.844998e-02
4.824095e-02 4.867238e-02
4.824266e-02 4.844373e-02
4.823739e-02 4.861742e-02
4.824043e-02 4.835834e-02
4.824219e-02 4.832950e-02
4.823750e-02 4.840370e-02
4.823696e-02 4.859151e-02
4.823534e-02 4.838607e-02
4.823630e-02 4.833385e-02
4.823796e-02 4.848327e-02
4.823716e-02 4.835415e-02
4.823888e-02 4.876389e-02
4.823496e-02 4.835934e-02
4.823355e-02 4.865986e-02
4.823458e-02 4.841389e-02
4.823537e-02 4.844956e-02
4.823476e-02 4.834405e-02
4.823120e-02 4.836735e-02
4.823426e-02 4.848041e-02
4.822804e-02 4.867535e-02
4.823032e-02 4.836656e-02
4.823393e-02 4.847971e-02
4.823166e-02 4.835554e-02
4.822949e-02 4.874919e-02
4.823369e-02 4.889233e-02
4.822932e-02 4.833101e-02
4.822887e-02 4.833102e-02
4.822668e-02 4.842449e-02
4.822877e-02 4.845583e-02
4.822521e-02 4.837011e-02
4.822721e-02 4.837591e-02
4.822691e-02 4.838507e-02
4.822474e-02 4.847354e-02
4.822522e-02 4.851113e-02
4.822457e-02 4.847531e-02
4.822406e-02 4.850289e-02
4.822374e-02 4.841570e-02
4.822324e-02 4.834596e-02
4.822162e-02 4.838508e-02
4.822130e-02 4.879552e-02
4.822126e-02 4.834746e-02
4.822149e-02 4.867738e-02
4.822124e-02 4.832097e-02
4.821773e-02 4.837499e-02
4.821869e-02 4.892916e-02
4.822059e-02 4.842293e-02
4.821841e-02 4.839283e-02
4.821756e-02 4.904364e-02
4.822002e-02 4.846177e-02
4.821700e-02 4.844214e-02
4.821532e-02 4.831715e-02
4.821545e-02 4.832632e-02
4.821413e-02 4.841373e-02
4.821719e-02 4.852531e-02
4.821597e-02 4.841598e-02
4.821727e-02 4.857883e-02
4.821334e-02 4.861207e-02
4.821379e-02 4.843677e-02
4.821427e-02 4.834717e-02
4.821471e-02 4.831936e-02
4.821213e-02 4.842593e-02
4.821110e-02 4.865789e-02
4.821643e-02 4.836883e-02
4.821362e-02 4.877230e-02
4.821514e-02 4.838590e-02
4.821105e-02 4.863675e-02
4.820967e-02 4.837054e-02
4.820811e-02 4.843425e-02
4.820913e-02 4.837620e-02
4.820946e-02 4.849581e-02
4.821106e-02 4.835058e-02
4.820738e-02 4.853109e-02
4.820857e-02 4.912224e-02
4.820779e-02 4.839164e-02
4.820603e-02 4.837684e-02
4.820795e-02 4.865561e-02
4.820423e-02 4.836093e-02
4.820459e-02 4.835271e-02
4.820694e-02 4.835882e-02
4.820554e-02 4.834837e-02
4.820590e-02 4.843621e-02
4.820446e-02 4.836122e-02
4.820157e-02 4.835582e-02
4.820441e-02 4.832962e-02
4.820318e-02 4.840776e-02
4.820505e-02 4.837089e-02
4.820223e-02 4.849978e-02
4.820246e-02 4.838395e-02
4.820174e-02 4.836059e-02
4.819877e-02 4.833425e-02
4.819810e-02 4.846183e-02
4.819815e-02 4.839219e-02
4.819903e-02 4.838692e-02
4.819751e-02 4.832894e-02
4.819916e-02 4.874128e-02
4.819821e-02 4.836680e-02
4.820173e-02 4.856920e-02
4.819681e-02 4.834896e-02
4.819726e-02 4.851619e-02
4.820115e-02 4.843812e-02
4.819724e-02 4.854644e-02
4.819727e-02 4.837149e-02
4.819657e-02 4.879877e-02
4.819743e-02 4.841917e-02
4.819665e-02 4.855704e-02
4.819521e-02 4.857432e-02
4.819662e-02 4.858950e-02
4.819372e-02 4.830483e-02
4.819504e-02 4.832136e-02
4.819296e-02 4.833247e-02
4.819431e-02 4.834851e-02
4.819558e-02 4.833432e-02
4.819065e-02 4.874479e-02
4.819219e-02 4.830036e-02
4.819099e-02 4.837977e-02
4.819132e-02 4.830756e-02
4.819277e-02 4.831793e-02
4.818946e-02 4.835840e-02
4.818907e-02 4.832269e-02
4.819139e-02 4.832368e-02
4.819067e-02 4.837656e-02
4.819044e-02 4.865397e-02
4.818655e-02 4.849981e-02
4.818841e-02 4.835822e-02
4.818828e-02 4.844947e-02
4.818728e-02 4.832815e-02
4.819048e-02 4.850190e-02
4.818400e-02 4.847423e-02
4.818487e-02 4.848236e-02
4.818496e-02 4.834304e-02
4.818286e-02 4.856617e-02
4.818498e-02 4.849195e-02
4.818525e-02 4.832626e-02
4.818335e-02 4.856846e-02
4.818445e-02 4.833854e-02
4.818520e-02 4.863624e-02
4.818045e-02 4.866418e-02
4.818440e-02 4.832708e-02
4.818234e-02 4.841479e-02
4.818215e-02 4.863879e-02
4.818207e-02 4.839863e-02
4.818074e-02 4.835388e-02
4.817832e-02 4.848499e-02
4.817966e-02 4.832083e-02
4.817755e-02 4.858886e-02
4.817648e-02 4.837175e-02
4.817828e-02 4.922694e-02
4.817872e-02 4.843937e-02
4.817808e-02 4.836946e-02
4.817648e-02 4.834972e-02
4.817806e-02 4.842976e-02
4.817650e-02 4.835378e-02
4.817535e-02 4.853143e-02
4.817604e-02 4.829575e-02
4.817627e-02 4.834574e-02
4.817731e-02 4.841685e-02
4.817278e-02 4.858401e-02
4.817457e-02 4.838105e-02
4.817592e-02 4.828149e-02
4.817304e-02 4.889128e-02
4.817362e-02 4.834848e-02
4.817439e-02 4.837795e-02
4.817481e-02 4.840791e-02
4.817461e-02 4.840789e-02
4.817418e-02 4.838244e-02
4.817406e-02 4.835268e-02
4.817258e-02 4.839217e-02
4.817188e-02 4.835237e-02
4.817213e-02 4.841737e-02
4.817122e-02 4.845423e-02
4.816998e-02 4.862084e-02
4.817053e-02 4.833010e-02
4.817112e-02 4.832571e-02
4.816820e-02 4.872005e-02
4.816835e-02 4.832576e-02
4.816677e-02 4.840553e-02
4.816610e-02 4.831043e-02
4.816627e-02 4.837700e-02
4.816687e-02 4.834684e-02
4.816779e-02 4.931488e-02
4.816533e-02 4.836199e-02
4.816632e-02 4.858194e-02
4.816620e-02 4.850114e-02
4.816437e-02 4.831189e-02
4.816231e-02 4.877039e-02
4.816450e-02 4.836222e-02
4.816219e-02 4.846285e-02
4.816519e-02 4.847126e-02
4.816056e-02 4.827950e-02
4.816345e-02 4.828741e-02
4.816023e-02 4.838185e-02
4.816308e-02 4.853628e-02
4.815913e-02 4.856629e-02
4.816117e-02 4.831078e-02
4.816367e-02 4.834940e-02
4.816256e-02 4.830190e-02
4.816029e-02 4.830932e-02
4.815887e-02 4.833967e-02
4.816109e-02 4.905612e-02
4.815702e-02 4.832920e-02
4.815886e-02 4.837005e-02
4.815994e-02 4.843706e-02
4.816070e-02 4.846985e-02
4.815684e-02 4.849147e-02
4.815713e-02 4.871588e-02
4.815778e-02 4.828685e-02
4.815656e-02 4.842864e-02
4.815423e-02 4.827940e-02
4.815627e-02 4.827983e-02
4.815445e-02 4.843500e-02
4.815335e-02 4.895877e-02
4.815577e-02 4.857617e-02
4.815515e-02 4.830823e-02
4.815326e-02 4.835164e-02
4.815346e-02 4.827648e-02
4.815528e-02 4.854496e-02
4.815425e-02 4.860853e-02
4.815030e-02 4.834144e-02
4.815144e-02 4.839737e-02
4.815488e-02 4.830617e-02
4.815101e-02 4.832870e-02
4.815317e-02 4.872087e-02
4.815092e-02 4.832086e-02
4.815022e-02 4.839625e-02
4.814914e-02 4.834696e-02
4.815145e-02 4.840044e-02
4.814960e-02 4.845274e-02
4.814694e-02 4.830354e-02
4.815042e-02 4.854307e-02
4.814917e-02 4.867800e-02
4.814618e-02 4.830079e-02
4.814573e-02 4.861668e-02
4.814516e-02 4.832532e-02
4.814698e-02 4.843039e-02
4.814684e-02 4.853360e-02
4.814538e-02 4.825991e-02
4.814740e-02 4.831193e-02
4.814386e-02 4.827070e-02
4.814225e-02 4.834180e-02
4.814381e-02 4.831810e-02
4.814363e-02 4.880920e-02
4.814303e-02 4.827784e-02
4.814196e-02 4.874942e-02
4.814397e-02 4.865043e-02
4.814434e-02 4.838808e-02
4.814218e-02 4.833037e-02
4.814015e-02 4.856683e-02
4.814065e-02 4.849001e-02
4.814192e-02 4.861308e-02
4.814244e-02 4.858423e-02
4.814181e-02 4.850364e-02
4.813921e-02 4.839141e-02
4.814224e-02 4.832174e-02
4.813982e-02 4.858314e-02
4.813800e-02 4.848648e-02
4.813904e-02 4.872983e-02
4.813922e-02 4.825729e-02
4.813667e-02 4.827800e-02
4.813699e-02 4.843430e-02
4.813626e-02 4.837028e-02
4.813732e-02 4.849498e-02
4.813181e-02 4.828962e-02
4.813548e-02 4.826242e-02
4.813499e-02 4.871221e-02
4.813174e-02 4.829904e-02
4.813288e-02 4.838326e-02
4.813202e-02 4.853001e-02
4.813382e-02 4.832847e-02
4.813457e-02 4.850932e-02
4.813314e-02 4.830039e-02
4.813394e-02 4.842017e-02
4.813034e-02 4.833332e-02
4.813130e-02 4.834129e-02
4.813049e-02 4.831315e-02
4.813255e-02 4.859359e-02
4.813147e-02 4.833991e-02
4.813298e-02 4.833006e-02
4.813165e-02 4.826730e-02
4.812965e-02 4.832573e-02
4.812933e-02 4.827632e-02
4.812936e-02 4.828420e-02
4.813255e-02 4.830041e-02
4.812662e-02 4.826462e-02
4.812766e-02 4.836349e-02
4.812830e-02 4.833106e-02
4.812888e-02 4.835057e-02
4.812738e-02 4.833860e-02
4.812461e-02 4.834359e-02
4.812543e-02 4.838026e-02
4.812736e-02 4.829907e-02
4.812690e-02 4.831138e-02
4.812556e-02 4.827435e-02
4.812588e-02 4.834353e-02
4.812641e-02 4.832757e-02
4.812257e-02 4.829430e-02
4.812405e-02 4.838525e-02
4.812592e-02 4.835362e-02
4.812344e-02 4.851506e-02
4.812193e-02 4.826950e-02
4.812516e-02 4.834190e-02
4.812636e-02 4.835737e-02
4.812174e-02 4.895402e-02
4.812066e-02 4.843712e-02
4.812134e-02 4.862585e-02
4.811767e-02 4.832652e-02
4.812077e-02 4.836880e-02
4.812081e-02 4.827249e-02
4.811889e-02 4.853555e-02
4.812100e-02 4.865567e-02
4.811927e-02 4.830897e-02
4.811830e-02 4.832840e-02
4.812050e-02 4.855368e-02
4.811762e-02 4.834494e-02
4.811854e-02 4.830536e-02
4.811579e-02 4.842294e-02
4.811877e-02 4.826704e-02
4.812178e-02 4.826872e-02
4.811911e-02 4.833052e-02
4.811749e-02 4.843520e-02
4.811676e-02 4.826842e-02
4.811586e-02 4.851847e-02
4.811360e-02 4.849309e-02
4.811264e-02 4.837982e-02
4.811304e-02 4.833920e-02
4.811727e-02 4.830763e-02
4.811210e-02 4.834530e-02
4.811392e-02 4.841604e-02
4.811474e-02 4.832069e-02
4.811312e-02 4.859727e-02
4.811272e-02 4.830955e-02
4.811606e-02 4.835124e-02
4.811170e-02 4.825432e-02
4.811084e-02 4.832846e-02
4.810937e-02 4.841437e-02
4.811136e-02 4.830690e-02
4.811204e-02 4.827750e-02
4.811132e-02 4.830171e-02
4.811214e-02 4.833789e-02
4.811074e-02 4.840822e-02
4.811075e-02 4.828462e-02
4.810938e-02 4.830921e-02
4.811079e-02 4.843424e-02
4.810880e-02 4.832141e-02
4.810799e-02 4.833604e-02
4.810584e-02 4.826758e-02
4.810792e-02 4.853401e-02
4.810631e-02 4.835391e-02
4.810722e-02 4.836968e-02
4.810522e-02 4.854854e-02
4.810800e-02 4.833239e-02
4.810469e-02 4.830555e-02
4.810579e-02 4.853183e-02
4.810399e-02 4.847210e-02
4.810540e-02 4.837493e-02
4.810240e-02 4.826217e-02
4.810466e-02 4.858299e-02
4.810464e-02 4.835050e-02
4.810227e-02 4.854326e-02
4.810313e-02 4.833247e-02
4.810418e-02 4.843734e-02
4.810490e-02 4.824651e-02
4.810397e-02 4.831933e-02
4.810482e-02 4.836989e-02
4.810417e-02 4.830322e-02
4.810082e-02 4.830145e-02
4.810086e-02 4.833264e-02
4.810146e-02 4.835876e-02
4.809847e-02 4.845063e-02
4.809802e-02 4.841314e-02
4.810059e-02 4.860565e-02
4.810158e-02 4.831727e-02
4.810108e-02 4.843875e-02
4.809904e-02 4.831469e-02
4.809976e-02 4.830156e-02
4.809856e-02 4.832231e-02
4.809866e-02 4.828796e-02
4.809630e-02 4.825343e-02
4.809635e-02 4.834743e-02
4.809477e-02 4.846137e-02
4.809864e-02 4.855609e-02
4.810020e-02 4.828055e-02
4.809838e-02 4.828200e-02
4.809845e-02 4.834802e-02
4.809501e-02 4.831741e-02
4.809268e-02 4.845918e-02
4.809466e-02 4.851678e-02
4.809387e-02 4.826392e-02
4.809558e-02 4.826050e-02
4.809345e-02 4.823906e-02
4.809704e-02 4.831567e-02
4.809295e-02 4.824851e-02
4.809144e-02 4.826994e-02
4.809146e-02 4.842046e-02
4.809366e-02 4.857670e-02
4.809106e-02 4.854378e-02
4.809381e-02 4.828233e-02
4.809062e-02 4.827192e-02
4.808871e-02 4.823938e-02
4.809227e-02 4.832372e-02
4.809205e-02 4.833498e-02
4.808993e-02 4.826095e-02
4.808637e-02 4.883462e-02
4.808719e-02 4.840221e-02
4.808740e-02 4.899295e-02
4.808719e-02 4.826824e-02
4.808810e-02 4.859249e-02
4.808679e-02 4.824164e-02
4.808639e-02 4.836229e-02
4.808532e-02 4.830543e-02
4.808845e-02 4.858386e-02
4.808414e-02 4.828745e-02
4.808668e-02 4.827237e-02
4.808824e-02 4.826171e-02
4.808736e-02 4.841500e-02
4.808429e-02 4.833417e-02
4.808598e-02 4.829616e-02
4.808145e-02 4.874247e-02
4.808817e-02 4.833745e-02
4.808415e-02 4.845719e-02
4.808418e-02 4.829702e-02
4.808521e-02 4.823706e-02
4.808373e-02 4.839256e-02
4.808343e-02 4.854897e-02
4.808485e-02 4.829497e-02
4.808206e-02 4.830652e-02
4.808436e-02 4.826456e-02
4.808218e-02 4.833392e-02
4.808477e-02 4.830853e-02
4.808243e-02 4.837055e-02
4.808373e-02 4.830636e-02
4.807952e-02 4.830625e-02
4.808201e-02 4.872410e-02
4.807944e-02 4.827015e-02
4.808089e-02 4.831326e-02
4.807978e-02 4.847953e-02
4.808108e-02 4.830739e-02
4.807734e-02 4.882196e-02
4.808124e-02 4.848406e-02
4.807850e-02 4.828585e-02
4.807918e-02 4.849765e-02
4.807943e-02 4.830515e-02
4.807756e-02 4.880451e-02
4.807745e-02 4.831362e-02
4.807558e-02 4.828729e-02
4.807425e-02 4.832485e-02
4.807749e-02 4.830833e-02
4.807796e-02 4.829462e-02
4.807467e-02 4.925691e-02
4.807499e-02 4.863852e-02
4.807543e-02 4.838036e-02
4.807674e-02 4.825124e-02
4.807498e-02 4.827937e-02
4.807427e-02 4.863270e-02
4.807493e-02 4.857708e-02
4.807394e-02 4.824131e-02
4.807126e-02 4.827962e-02
4.807433e-02 4.823369e-02
4.807303e-02 4.849022e-02
4.807406e-02 4.832320e-02
4.807292e-02 4.825796e-02
4.807074e-02 4.836601e-02
4.807089e-02 4.911778e-02
4.806883e-02 4.827018e-02
4.807178e-02 4.822112e-02
4.807080e-02 4.832285e-02
4.806917e-02 4.823315e-02
4.806952e-02 4.830327e-02
4.806898e-02 4.831420e-02
4.807025e-02 4.870798e-02
4.806739e-02 4.836743e-02
4.806673e-02 4.823138e-02
4.806866e-02 4.858965e-02
4.806872e-02 4.837232e-02
4.806699e-02 4.827539e-02
4.807087e-02 4.837211e-02
4.806692e-02 4.828338e-02
4.806560e-02 4.842515e-02
4.806530e-02 4.830063e-02
4.806403e-02 4.827718e-02
4.806516e-02 4.839661e-02
4.806558e-02 4.837914e-02
4.806630e-02 4.833756e-02
4.806482e-02 4.834558e-02
4.806393e-02 4.826132e-02
4.806486e-02 4.826418e-02
4.806433e-02 4.848229e-02
4.806448e-02 4.865381e-02
4.806465e-02 4.872996e-02
4.806439e-02 4.837543e-02
4.806559e-02 4.833546e-02
4.806575e-02 4.828393e-02
4.806095e-02 4.861673e-02
4.805938e-02 4.833316e-02
4.805933e-02 4.838211e-02
4.806000e-02 4.829088e-02
4.806429e-02 4.823232e-02
4.806083e-02 4.828519e-02
4.806012e-02 4.838011e-02
4.806175e-02 4.839801e-02
4.806032e-02 4.828512e-02
4.805874e-02 4.826614e-02
4.805654e-02 4.827634e-02
4.806044e-02 4.821393e-02
4.805910e-02 4.823275e-02
4.806218e-02 4.873550e-02
4.805645e-02 4.827690e-02
4.805799e-02 4.846610e-02
4.805402e-02 4.825124e-02
4.806097e-02 4.828615e-02
4.805937e-02 4.831933e-02
4.805916e-02 4.883386e-02
4.805671e-02 4.847074e-02
4.805841e-02 4.837194e-02
4.805782e-02 4.899291e-02
4.805587e-02 4.830478e-02
4.805696e-02 4.837757e-02
4.805859e-02 4.824678e-02
4.805606e-02 4.821337e-02
4.805489e-02 4.832394e-02
4.805539e-02 4.898643e-02
4.805427e-02 4.853644e-02
4.805450e-02 4.833097e-02
4.805242e-02 4.828363e-02
4.805220e-02 4.839226e-02
4.805372e-02 4.830121e-02
4.805138e-02 4.829201e-02
4.805310e-02 4.831580e-02
4.805369e-02 4.826359e-02
4.804992e-02 4.828701e-02
4.805084e-02 4.825508e-02
4.805191e-02 4.823078e-02
4.805101e-02 4.824361e-02
4.805250e-02 4.829083e-02
4.805131e-02 4.827820e-02
4.805042e-02 4.853449e-02
4.804935e-02 4.848588e-02
4.804679e-02 4.853974e-02
4.805009e-02 4.828104e-02
4.805097e-02 4.831732e-02
4.805096e-02 4.823677e-02
4.804878e-02 4.824327e-02
4.804794e-02 4.832315e-02
4.804560e-02 4.823228e-02
4.804881e-02 4.850207e-02
4.804821e-02 4.834658e-02
4.804813e-02 4.825847e-02
4.804824e-02 4.852272e-02
4.804699e-02 4.822639e-02
4.804820e-02 4.821220e-02
4.804673e-02 4.827357e-02
4.804590e-02 4.832492e-02
4.804327e-02 4.830076e-02
4.804124e-02 4.826747e-02
4.804522e-02 4.862283e-02
4.804608e-02 4.832035e-02
4.804539e-02 4.826409e-02
4.804587e-02 4.828374e-02
4.804086e-02 4.860329e-02
4.804295e-02 4.860011e-02
4.804352e-02 4.864304e-02
4.804236e-02 4.821890e-02
4.804486e-02 4.832834e-02
4.804245e-02 4.830858e-02
4.804122e-02 4.850604e-02
4.804364e-02 4.824137e-02
4.804434e-02 4.839239e-02
4.804086e-02 4.828710e-02
4.804156e-02 4.845107e-02
4.804298e-02 4.822848e-02
4.804047e-02 4.823786e-02
4.804157e-02 4.834754e-02
4.803725e-02 4.881395e-02
4.804140e-02 4.845036e-02
4.803987e-02 4.822373e-02
4.803699e-02 4.826132e-02
4.803962e-02 4.824763e-02
4.803893e-02 4.832491e-02
4.804023e-02 4.849646e-02
4.803796e-02 4.897328e-02
4.803811e-02 4.821983e-02
4.803500e-02 4.833062e-02
4.803949e-02 4.851324e-02
4.803664e-02 4.824744e-02
4.803764e-02 4.833330e-02
4.803908e-02 4.829053e-02
4.803517e-02 4.824340e-02
4.803755e-02 4.856672e-02
4.803585e-02 4.846311e-02
4.803753e-02 4.880749e-02
4.803563e-02 4.824856e-02
4.803781e-02 4.832004e-02
4.803619e-02 4.856659e-02
4.803319e-02 4.838820e-02
4.803677e-02 4.825027e-02
4.803615e-02 4.838361e-02
4.803671e-02 4.849957e-02
4.803455e-02 4.842115e-02
4.803683e-02 4.857769e-02
4.803369e-02 4.829222e-02
4.803294e-02 4.893791e-02
4.803350e-02 4.851137e-02
4.803254e-02 4.823929e-02
4.803432e-02 4.838849e-02
4.802972e-02 4.842440e-02
4.803646e-02 4.824659e-02
4.803146e-02 4.835667e-02
4.803129e-02 4.834084e-02
4.803158e-02 4.827715e-02
4.803100e-02 4.855014e-02
4.803441e-02 4.825267e-02
4.802867e-02 4.836982e-02
4.802911e-02 4.825958e-02
4.803125e-02 4.830613e-02
4.802759e-02 4.818147e-02
4.803016e-02 4.867988e-02
4.802880e-02 4.849172e-02
4.802738e-02 4.834777e-02
4.802895e-02 4.830419e-02
4.803029e-02 4.830212e-02
4.802837e-02 4.855638e-02
4.802612e-02 4.834956e-02
4.802919e-02 4.837169e-02
4.802694e-02 4.860946e-02
4.802559e-02 4.824386e-02
4.802613e-02 4.847832e-02
4.802477e-02 4.830430e-02
4.802406e-02 4.832721e-02
4.802876e-02 4.830174e-02
4.802968e-02 4.853676e-02
4.802713e-02 4.834211e-02
4.802408e-02 4.877772e-02
4.802491e-02 4.825610e-02
4.802534e-02 4.830577e-02
4.802323e-02 4.829681e-02
4.802310e-02 4.825160e-02
4.802373e-02 4.850200e-02
4.802629e-02 4.837562e-02
4.802148e-02 4.830674e-02
4.802329e-02 4.843536e-02
4.802566e-02 4.836105e-02
4.802381e-02 4.884757e-02
4.802276e-02 4.852409e-02
4.802287e-02 4.832454e-02
4.802249e-02 4.825602e-02
4.802209e-02 4.823891e-02
4.801758e-02 4.825668e-02
4.801990e-02 4.894642e-02
4.802292e-02 4.823427e-02
4.801938e-02 4.824436e-02
4.801918e-02 4.829079e-02
4.802068e-02 4.833465e-02
4.802000e-02 4.851524e-02
4.801719e-02 4.825012e-02
4.801889e-02 4.829484e-02
4.801723e-02 4.823464e-02
4.802109e-02 4.820593e-02
4.801563e-02 4.839736e-02
4.801713e-02 4.834207e-02
4.801976e-02 4.873516e-02
4.801813e-02 4.823192e-02
4.801760e-02 4.829562e-02
4.801751e-02 4.844907e-02
4.801748e-02 4.884531e-02
4.801398e-02 4.823610e-02
4.801681e-02 4.834930e-02
4.801721e-02 4.829053e-02
4.801484e-02 4.855397e-02
4.801720e-02 4.818288e-02
4.801239e-02 4.835601e-02
4.801662e-02 4.821753e-02
4.801435e-02 4.836323e-02
4.801375e-02 4.837637e-02
4.801611e-02 4.820588e-02
4.801472e-02 4.849894e-02
4.801350e-02 4.825776e-02
4.801395e-02 4.832602e-02
4.801464e-02 4.828642e-02
4.801250e-02 4.824407e-02
4.801044e-02 4.848812e-02
4.801391e-02 4.828531e-02
4.801307e-02 4.825171e-02
4.801183e-02 4.824629e-02
4.801329e-02 4.862113e-02
4.801391e-02 4.841125e-02
4.801201e-02 4.851544e-02
4.801005e-02 4.821933e-02
4.801169e-02 4.821521e-02
4.801321e-02 4.819747e-02
4.800882e-02 4.833389e-02
4.800931e-02 4.817908e-02
4.800872e-02 4.831580e-02
4.801057e-02 4.824980e-02
4.800993e-02 4.822330e-02
4.800657e-02 4.820006e-02
4.800894e-02 4.823648e-02
4.800606e-02 4.821571e-02
4.800846e-02 4.827507e-02
4.800816e-02 4.830495e-02
4.800749e-02 4.864290e-02
4.801089e-02 4.832371e-02
4.800624e-02 4.821388e-02
4.800666e-02 4.826269e-02
4.800438e-02 4.823555e-02
4.800575e-02 4.828787e-02
4.800861e-02 4.820376e-02
4.800728e-02 4.826153e-02
4.800512e-02 4.823196e-02
4.800407e-02 4.851006e-02
4.800318e-02 4.824986e-02
4.800806e-02 4.826317e-02
4.800691e-02 4.833668e-02
4.800606e-02 4.831556e-02
4.800510e-02 4.835880e-02
4.800212e-02 4.823615e-02
4.800399e-02 4.861715e-02
4.800413e-02 4.834518e-02
4.800523e-02 4.825573e-02
4.800304e-02 4.821247e-02
4.800335e-02 4.824396e-02
4.800334e-02 4.819427e-02
4.800096e-02 4.839957e-02
4.800264e-02 4.842309e-02
4.800096e-02 4.821597e-02
4.800284e-02 4.817537e-02
4.800003e-02 4.838886e-02
4.800079e-02 4.823716e-02
4.800323e-02 4.824526e-02
4.800052e-02 4.831506e-02
4.800176e-02 4.833382e-02
4.799916e-02 4.837111e-02
4.799954e-02 4.825964e-02
4.800025e-02 4.835712e-02
4.800030e-02 4.824591e-02
4.799981e-02 4.828210e-02
4.799873e-02 4.826623e-02
4.799984e-02 4.828475e-02
4.799949e-02 4.820203e-02
4.799872e-02 4.821330e-02
4.799786e-02 4.830365e-02
4.799687e-02 4.849763e-02
4.799749e-02 4.824591e-02
4.799862e-02 4.891793e-02
4.799460e-02 4.832349e-02
4.799894e-02 4.835134e-02
4.800022e-02 4.830139e-02
4.799408e-02 4.830514e-02
4.799516e-02 4.836016e-02
4.799648e-02 4.836171e-02
4.799896e-02 4.826271e-02
4.799628e-02 4.819726e-02
4.799357e-02 4.819353e-02
4.799827e-02 4.818730e-02
4.799501e-02 4.832444e-02
4.799462e-02 4.819474e-02
4.799601e-02 4.821344e-02
4.799397e-02 4.824362e-02
4.799627e-02 4.836340e-02
4.799197e-02 4.839210e-02
4.799629e-02 4.824572e-02
4.799502e-02 4.834899e-02
4.799125e-02 4.849974e-02
4.799400e-02 4.825559e-02
4.799490e-02 4.821334e-02
4.799077e-02 4.863705e-02
4.799184e-02 4.841135e-02
4.799337e-02 4.885665e-02
4.799168e-02 4.833160e-02
4.798876e-02 4.817130e-02
4.799289e-02 4.823519e-02
4.798893e-02 4.830996e-02
4.798995e-02 4.820161e-02
4.798963e-02 4.842109e-02
4.799239e-02 4.828113e-02
4.799237e-02 4.822916e-02
4.799263e-02 4.869526e-02
4.799300e-02 4.826187e-02
4.798785e-02 4.831285e-02
4.799119e-02 4.821328e-02
4.798709e-02 4.841175e-02
4.798733e-02 4.831058e-02
4.798445e-02 4.843419e-02
4.798766e-02 4.824500e-02
4.798869e-02 4.819987e-02
4.798847e-02 4.826128e-02
4.798803e-02 4.820497e-02
4.798790e-02 4.825959e-02
4.798721e-02 4.831637e-02
4.798906e-02 4.826866e-02
4.798574e-02 4.820031e-02
4.798772e-02 4.844466e-02
4.798725e-02 4.873579e-02
4.798430e-02 4.825938e-02
4.798533e-02 4.824760e-02
4.798439e-02 4.824973e-02
4.798309e-02 4.847634e-02
4.798507e-02 4.836514e-02
4.798216e-02 4.883578e-02
4.798669e-02 4.828346e-02
4.798267e-02 4.822995e-02
4.798339e-02 4.839251e-02
4.798470e-02 4.844254e-02
4.798328e-02 4.825815e-02
4.798080e-02 4.834646e-02
4.798307e-02 4.835392e-02
4.798456e-02 4.827669e-02
4.798308e-02 4.836077e-02
4.798415e-02 4.821876e-02
4.798314e-02 4.823842e-02
4.798235e-02 4.820861e-02
4.798280e-02 4.824775e-02
4.798008e-02 4.822816e-02
4.798053e-02 4.824589e-02
4.798150e-02 4.836975e-02
4.797799e-02 4.819704e-02
4.797904e-02 4.830487e-02
4.797928e-02 4.832436e-02
4.797967e-02 4.824415e-02
4.798025e-02 4.821613e-02
4.797962e-02 4.837364e-02
4.797967e-02 4.845626e-02
4.797860e-02 4.829838e-02
4.797827e-02 4.819581e-02
4.797856e-02 4.820615e-02
4.798202e-02 4.824294e-02
4.797798e-02 4.817537e-02
4.798118e-02 4.825452e-02
4.797796e-02 4.821624e-02
4.797675e-02 4.860244e-02
4.797751e-02 4.818322e-02
4.797763e-02 4.851622e-02
4.797557e-02 4.822149e-02
4.797861e-02 4.819443e-02
4.797887e-02 4.828750e-02
4.797704e-02 4.817999e-02
4.797763e-02 4.824617e-02
4.797731e-02 4.820917e-02
4.797473e-02 4.823057e-02
4.797719e-02 4.819491e-02
4.797457e-02 4.819226e-02
4.797744e-02 4.826178e-02
4.797515e-02 4.845071e-02
4.797257e-02 4.830239e-02
4.797285e-02 4.820626e-02
4.797420e-02 4.842492e-02
4.797431e-02 4.841910e-02
4.797102e-02 4.922561e-02
4.797172e-02 4.826384e-02
4.797408e-02 4.844157e-02
4.797129e-02 4.847712e-02
4.796959e-02 4.847760e-02
4.797119e-02 4.827046e-02
4.797196e-02 4.839391e-02
4.797013e-02 4.826674e-02
4.797379e-02 4.825785e-02
4.797170e-02 4.830979e-02
4.797066e-02 4.819201e-02
4.796940e-02 4.819432e-02
4.797420e-02 4.828958e-02
4.796839e-02 4.823030e-02
4.797029e-02 4.821412e-02
4.797286e-02 4.825455e-02
4.796939e-02 4.826331e-02
4.797049e-02 4.831306e-02
4.797181e-02 4.822870e-02
4.796788e-02 4.824162e-02
4.796919e-02 4.817818e-02
4.796584e-02 4.817033e-02
4.796904e-02 4.821850e-02
4.796805e-02 4.821210e-02
4.796305e-02 4.821483e-02
4.796938e-02 4.816708e-02
4.796764e-02 4.823029e-02
4.796815e-02 4.852004e-02
4.796786e-02 4.821052e-02
4.796755e-02 4.817628e-02
4.796575e-02 4.850975e-02
4.796355e-02 4.831240e-02
4.796346e-02 4.843029e-02
4.796630e-02 4.823575e-02
4.796675e-02 4.832621e-02
4.796453e-02 4.856729e-02
4.796488e-02 4.885083e-02
4.796677e-02 4.820050e-02
4.796519e-02 4.829603e-02
4.796224e-02 4.864159e-02
4.796430e-02 4.822197e-02
4.796132e-02 4.837170e-02
4.796485e-02 4.858245e-02
4.796419e-02 4.830069e-02
4.796454e-02 4.828108e-02
4.796378e-02 4.821330e-02
4.796321e-02 4.848788e-02
4.796285e-02 4.825460e-02
4.796460e-02 4.816839e-02
4.795839e-02 4.848145e-02
4.796309e-02 4.825174e-02
4.796096e-02 4.915089e-02
4.796112e-02 4.821643e-02
4.796284e-02 4.817961e-02
4.796181e-02 4.821021e-02
4.796221e-02 4.833392e-02
4.796318e-02 4.835871e-02
4.796180e-02 4.882770e-02
4.796469e-02 4.844362e-02
4.795857e-02 4.822767e-02
4.795986e-02 4.834785e-02
4.795811e-02 4.856960e-02
4.796166e-02 4.832461e-02
4.796269e-02 4.845378e-02
4.795987e-02 4.817224e-02
4.796230e-02 4.849501e-02
4.796111e-02 4.833692e-02
4.796086e-02 4.819079e-02
4.795805e-02 4.822431e-02
4.795955e-02 4.869662e-02
4.795799e-02 4.821194e-02
4.795880e-02 4.827062e-02
4.795940e-02 4.825640e-02
4.795919e-02 4.820134e-02
4.795661e-02 4.822750e-02
4.795519e-02 4.816116e-02
4.795667e-02 4.889414e-02
4.795687e-02 4.830134e-02
4.795817e-02 4.825172e-02
4.795744e-02 4.823857e-02
4.795805e-02 4.824895e-02
4.795290e-02 4.822719e-02
4.795539e-02 4.832513e-02
4.795604e-02 4.824471e-02
4.795457e-02 4.831543e-02
4.795323e-02 4.819745e-02
4.795559e-02 4.824460e-02
4.795360e-02 4.829589e-02
4.795508e-02 4.820024e-02
4.795494e-02 4.830049e-02
4.793338e-02 4.837399e-02
4.793108e-02 4.815095e-02
4.793076e-02 4.827819e-02
4.793154e-02 4.833690e-02
4.793059e-02 4.830588e-02
4.793074e-02 4.825821e-02
4.793250e-02 4.823717e-02
4.793194e-02 4.821779e-02
4.793131e-02 4.821780e-02
4.793239e-02 4.821719e-02
4.793146e-02 4.825878e-02
4.793204e-02 4.818037e-02
4.792845e-02 4.827681e-02
4.792757e-02 4.819941e-02
4.792935e-02 4.855639e-02
4.793047e-02 4.816057e-02
4.792899e-02 4.821432e-02
4.793012e-02 4.819038e-02
4.792730e-02 4.820562e-02
4.792608e-02 4.828945e-02
4.792810e-02 4.818301e-02
4.793049e-02 4.833973e-02
4.792737e-02 4.821002e-02
4.792660e-02 4.836160e-02
4.792852e-02 4.865881e-02
4.792973e-02 4.821038e-02
4.792727e-02 4.817805e-02
4.792696e-02 4.864904e-02
4.792510e-02 4.828712e-02
4.792443e-02 4.835523e-02
4.792887e-02 4.821514e-02
4.792861e-02 4.817391e-02
4.792791e-02 4.850582e-02
4.792845e-02 4.861475e-02
4.792761e-02 4.840869e-02
4.792496e-02 4.829161e-02
4.792250e-02 4.818154e-02
4.792397e-02 4.818567e-02
4.792831e-02 4.837927e-02
4.792446e-02 4.818574e-02
4.792679e-02 4.868457e-02
4.792502e-02 4.817471e-02
4.792489e-02 4.837180e-02
4.792639e-02 4.890701e-02
4.792592e-02 4.815646e-02
4.792654e-02 4.822730e-02
4.792373e-02 4.821499e-02
4.792356e-02 4.817862e-02
4.792388e-02 4.821645e-02
4.792339e-02 4.900580e-02
4.792431e-02 4.840878e-02
4.792222e-02 4.835623e-02
4.792364e-02 4.825691e-02
4.792207e-02 4.835705e-02
4.792490e-02 4.822436e-02
4.791970e-02 4.828314e-02
4.792375e-02 4.825747e-02
4.792456e-02 4.838792e-02
4.791944e-02 4.861290e-02
4.792078e-02 4.821442e-02
4.792268e-02 4.814601e-02
4.792009e-02 4.827826e-02
4.792000e-02 4.823996e-02
4.792050e-02 4.829650e-02
4.791752e-02 4.847395e-02
4.792183e-02 4.829179e-02
4.791999e-02 4.828645e-02
4.791652e-02 4.858151e-02
4.792102e-02 4.845183e-02
4.791906e-02 4.826599e-02
4.791933e-02 4.832408e-02
4.791768e-02 4.828781e-02
4.791698e-02 4.824029e-02
4.792020e-02 4.823961e-02
4.791729e-02 4.824621e-02
4.791801e-02 4.835020e-02
4.791691e-02 4.830306e-02
4.791563e-02 4.822878e-02
4.791356e-02 4.844024e-02
4.791843e-02 4.833826e-02
4.791827e-02 4.852771e-02
4.791669e-02 4.824853e-02
4.791694e-02 4.832118e-02
4.791487e-02 4.829247e-02
4.791666e-02 4.821258e-02
4.791751e-02 4.817783e-02
4.791382e-02 4.825633e-02
4.791243e-02 4.833257e-02
4.791464e-02 4.818923e-02
4.791837e-02 4.832725e-02
4.791492e-02 4.844663e-02
4.791163e-02 4.820751e-02
4.791482e-02 4.820258e-02
4.791493e-02 4.819201e-02
4.791407e-02 4.819665e-02
4.791499e-02 4.821492e-02
4.791534e-02 4.814296e-02
4.791459e-02 4.821881e-02
4.791395e-02 4.817871e-02
4.791463e-02 4.814512e-02
4.791534e-02 4.846268e-02
4.791206e-02 4.827146e-02
4.791380e-02 4.817088e-02
4.791406e-02 4.812200e-02
4.791501e-02 4.819528e-02
4.791294e-02 4.834767e-02
4.791324e-02 4.823385e-02
4.791209e-02 4.817857e-02
4.791291e-02 4.818912e-02
4.791203e-02 4.821908e-02
4.791171e-02 4.843222e-02
4.791052e-02 4.816941e-02
4.791249e-02 4.829184e-02
4.791212e-02 4.820576e-02
4.791161e-02 4.841678e-02
4.791085e-02 4.820265e-02
4.790987e-02 4.812185e-02
4.790783e-02 4.825880e-02
4.791228e-02 4.849681e-02
4.791037e-02 4.813380e-02
4.791086e-02 4.819104e-02
4.791104e-02 4.818581e-02
4.790910e-02 4.849649e-02
4.791046e-02 4.820343e-02
4.790746e-02 4.868573e-02
4.791049e-02 4.812565e-02
4.790758e-02 4.833039e-02
4.790821e-02 4.830767e-02
4.790792e-02 4.826354e-02
4.790670e-02 4.812191e-02
4.790887e-02 4.827826e-02
4.790679e-02 4.833281e-02
4.790654e-02 4.853468e-02
4.790710e-02 4.817548e-02
4.790854e-02 4.822405e-02
4.790795e-02 4.851494e-02
4.791011e-02 4.817474e-02
4.790411e-02 4.819286e-02
4.790969e-02 4.815559e-02
4.790318e-02 4.850948e-02
4.790569e-02 4.836307e-02
4.790769e-02 4.811553e-02
4.790683e-02 4.842696e-02
4.790616e-02 4.844203e-02
4.790857e-02 4.857979e-02
4.790586e-02 4.813154e-02
4.790430e-02 4.832737e-02
4.790349e-02 4.814509e-02
4.790453e-02 4.863412e-02
4.790341e-02 4.827242e-02
4.790571e-02 4.835538e-02
4.790346e-02 4.814778e-02
4.790417e-02 4.813267e-02
4.790071e-02 4.861746e-02
4.790598e-02 4.814921e-02
4.790560e-02 4.822793e-02
4.790185e-02 4.896503e-02
4.790203e-02 4.823252e-02
4.790415e-02 4.832886e-02
4.790484e-02 4.824751e-02
4.790156e-02 4.815751e-02
4.790307e-02 4.827203e-02
4.790158e-02 4.834845e-02
4.790176e-02 4.840671e-02
4.790391e-02 4.826485e-02
4.790228e-02 4.837362e-02
4.789985e-02 4.814392e-02
4.789945e-02 4.824395e-02
4.790106e-02 4.820715e-02
4.790208e-02 4.819549e-02
4.790164e-02 4.872468e-02
4.790003e-02 4.843093e-02
4.790094e-02 4.817760e-02
4.789844e-02 4.824647e-02
4.790068e-02 4.817372e-02
4.789897e-02 4.821032e-02
4.789971e-02 4.826952e-02
4.790143e-02 4.816967e-02
4.789879e-02 4.815981e-02
4.790075e-02 4.834791e-02
4.789702e-02 4.840422e-02
4.789885e-02 4.822203e-02
4.790106e-02 4.815164e-02
4.789945e-02 4.818845e-02
4.789807e-02 4.815444e-02
4.789769e-02 4.817059e-02
4.789691e-02 4.814247e-02
4.789486e-02 4.836008e-02
4.789635e-02 4.829737e-02
4.789812e-02 4.817652e-02
4.789478e-02 4.853169e-02
4.789956e-02 4.814702e-02
4.789669e-02 4.819498e-02
4.789651e-02 4.843716e-02
4.789580e-02 4.816917e-02
4.789723e-02 4.837892e-02
4.789673e-02 4.813276e-02
4.789676e-02 4.840019e-02
4.789563e-02 4.831703e-02
4.789977e-02 4.825457e-02
4.789601e-02 4.815246e-02
4.789881e-02 4.821233e-02
4.789535e-02 4.811166e-02
4.789368e-02 4.818691e-02
4.789631e-02 4.818091e-02
4.789601e-02 4.818686e-02
4.789382e-02 4.814856e-02
4.789472e-02 4.846270e-02
4.789569e-02 4.825530e-02
4.789359e-02 4.814944e-02
4.789294e-02 4.820859e-02
4.789039e-02 4.835167e-02
4.789345e-02 4.818159e-02
4.789405e-02 4.814999e-02
4.789302e-02 4.817732e-02
4.789332e-02 4.858070e-02
4.789216e-02 4.866240e-02
4.789402e-02 4.816087e-02
4.789277e-02 4.814686e-02
4.789240e-02 4.817038e-02
4.789162e-02 4.820572e-02
4.789200e-02 4.813911e-02
4.789117e-02 4.853557e-02
4.789276e-02 4.828522e-02
4.789182e-02 4.819316e-02
4.789148e-02 4.818188e-02
4.788847e-02 4.829605e-02
4.788941e-02 4.821821e-02
4.789138e-02 4.819756e-02
4.788800e-02 4.831159e-02
4.788923e-02 4.825721e-02
4.788932e-02 4.817113e-02
4.789215e-02 4.823171e-02
4.789147e-02 4.867507e-02
4.788839e-02 4.819439e-02
4.789056e-02 4.817719e-02
4.788740e-02 4.825077e-02
4.788895e-02 4.815942e-02
4.788705e-02 4.834096e-02
4.788652e-02 4.814879e-02
4.788866e-02 4.811220e-02
4.788761e-02 4.826606e-02
4.788705e-02 4.818760e-02
4.789153e-02 4.817922e-02
4.788495e-02 4.823671e-02
4.788971e-02 4.815146e-02
4.788794e-02 4.816884e-02
4.788597e-02 4.823486e-02
4.788493e-02 4.853953e-02
4.788607e-02 4.823956e-02
4.788797e-02 4.820778e-02
4.788925e-02 4.850856e-02
4.788734e-02 4.861358e-02
4.788787e-02 4.814475e-02
4.788704e-02 4.824857e-02
4.788659e-02 4.841085e-02
4.788507e-02 4.829960e-02
4.788581e-02 4.820189e-02
4.788823e-02 4.812371e-02
4.788715e-02 4.817056e-02
4.788327e-02 4.814952e-02
4.788552e-02 4.828511e-02
4.788548e-02 4.818330e-02
4.788389e-02 4.811447e-02
4.788863e-02 4.815459e-02
4.788604e-02 4.823194e-02
4.788268e-02 4.821900e-02
4.788379e-02 4.853245e-02
4.788237e-02 4.815850e-02
4.788232e-02 4.840353e-02
4.788224e-02 4.818289e-02
4.788408e-02 4.877291e-02
4.788288e-02 4.821524e-02
4.788039e-02 4.817500e-02
4.788160e-02 4.812079e-02
4.788375e-02 4.820573e-02
4.788566e-02 4.855180e-02
4.788494e-02 4.818713e-02
4.788053e-02 4.836317e-02
4.788224e-02 4.823784e-02
4.788148e-02 4.815740e-02
4.787943e-02 4.831135e-02
4.787999e-02 4.841952e-02
4.788176e-02 4.876662e-02
4.787874e-02 4.819460e-02
4.788098e-02 4.873262e-02
4.788240e-02 4.826739e-02
4.788120e-02 4.811329e-02
4.788317e-02 4.842430e-02
4.788023e-02 4.827028e-02
4.788125e-02 4.811106e-02
4.787735e-02 4.812371e-02
4.787660e-02 4.821789e-02
4.788282e-02 4.830308e-02
4.787969e-02 4.817380e-02
4.787833e-02 4.852079e-02
4.787753e-02 4.896609e-02
4.788022e-02 4.838313e-02
4.787970e-02 4.832271e-02
4.787645e-02 4.816466e-02
4.787763e-02 4.906375e-02
4.787866e-02 4.821427e-02
4.787984e-02 4.860312e-02
4.787779e-02 4.815263e-02
4.787733e-02 4.816194e-02
4.787986e-02 4.818438e-02
4.787792e-02 4.814572e-02
4.787578e-02 4.861569e-02
4.787708e-02 4.816345e-02
4.787576e-02 4.829830e-02
4.787662e-02 4.828387e-02
4.787579e-02 4.816498e-02
4.787614e-02 4.827665e-02
4.787543e-02 4.856861e-02
4.787618e-02 4.810597e-02
4.787658e-02 4.864723e-02
4.787313e-02 4.814932e-02
4.787567e-02 4.815991e-02
4.787447e-02 4.818171e-02
4.787601e-02 4.810243e-02
4.787212e-02 4.827673e-02
4.787399e-02 4.824439e-02
4.787393e-02 4.861119e-02
4.787259e-02 4.821817e-02
4.787232e-02 4.825046e-02
4.787438e-02 4.836528e-02
4.787582e-02 4.867341e-02
4.787397e-02 4.826680e-02
4.787243e-02 4.821006e-02
4.787495e-02 4.815774e-02
4.787313e-02 4.866689e-02
4.787249e-02 4.817279e-02
4.787108e-02 4.812980e-02
4.787418e-02 4.936563e-02
4.787215e-02 4.830566e-02
4.787248e-02 4.819232e-02
4.787227e-02 4.847838e-02
4.787246e-02 4.835769e-02
4.787344e-02 4.822945e-02
4.787198e-02 4.814409e-02
4.787197e-02 4.821583e-02
4.787284e-02 4.854276e-02
4.787379e-02 4.822200e-02
4.786742e-02 4.817130e-02
4.786899e-02 4.832768e-02
4.786954e-02 4.853840e-02
4.787376e-02 4.828236e-02
4.787230e-02 4.810957e-02
4.786936e-02 4.817326e-02
4.787039e-02 4.817663e-02
4.786835e-02 4.822423e-02
4.787205e-02 4.819939e-02
4.787069e-02 4.818611e-02
4.787097e-02 4.823365e-02
4.787115e-02 4.856659e-02
4.786796e-02 4.840547e-02
4.787074e-02 4.831878e-02
4.786832e-02 4.816299e-02
4.786751e-02 4.820802e-02
4.786901e-02 4.814832e-02
4.786716e-02 4.819088e-02
4.786478e-02 4.816553e-02
4.786905e-02 4.827783e-02
4.786477e-02 4.823742e-02
4.786724e-02 4.844882e-02
4.786544e-02 4.855078e-02
4.786604e-02 4.843864e-02
4.786728e-02 4.817071e-02
4.786788e-02 4.831994e-02
4.786784e-02 4.813030e-02
4.786640e-02 4.833352e-02
4.786695e-02 4.811168e-02
4.786580e-02 4.818038e-02
4.786803e-02 4.821191e-02
4.786871e-02 4.875288e-02
4.786263e-02 4.821464e-02
4.786425e-02 4.818913e-02
4.786395e-02 4.818387e-02
4.786119e-02 4.858236e-02
4.786730e-02 4.858675e-02
4.786455e-02 4.817509e-02
4.786453e-02 4.817228e-02
4.786279e-02 4.826074e-02
4.786361e-02 4.813102e-02
4.786649e-02 4.815751e-02
4.786373e-02 4.811780e-02
4.786434e-02 4.812665e-02
4.786338e-02 4.822857e-02
4.786379e-02 4.815486e-02
4.786307e-02 4.819960e-02
4.786265e-02 4.812171e-02
4.786305e-02 4.815523e-02
4.786206e-02 4.815502e-02
4.786199e-02 4.856565e-02
4.786092e-02 4.818360e-02
4.786284e-02 4.831439e-02
4.786385e-02 4.815566e-02
4.785873e-02 4.841950e-02
4.786466e-02 4.814575e-02
4.786209e-02 4.812910e-02
4.786190e-02 4.871896e-02
4.786322e-02 4.842973e-02
4.786290e-02 4.848577e-02
4.786171e-02 4.809434e-02
