4.788901e-02 4.537310e-02
1.533279e-02 2.919819e-02
9.741886e-03 2.296770e-02
7.768598e-03 1.980371e-02
6.690634e-03 1.785546e-02
5.902747e-03 1.646337e-02
5.221502e-03 1.544676e-02
4.621130e-03 1.440576e-02
4.128675e-03 1.385130e-02
3.738750e-03 1.329646e-02
3.428024e-03 1.248972e-02
3.172469e-03 1.206648e-02
2.951690e-03 1.140523e-02
2.767321e-03 1.097786e-02
2.599076e-03 1.051482e-02
2.447858e-03 1.015949e-02
2.321952e-03 9.805320e-03
2.202293e-03 9.505314e-03
2.101723e-03 9.276041e-03
2.013132e-03 8.967367e-03
1.929392e-03 8.807159e-03
1.857349e-03 8.601542e-03
1.788602e-03 8.327589e-03
1.729815e-03 8.146957e-03
1.672833e-03 7.974030e-03
1.621438e-03 7.822638e-03
1.575236e-03 7.651394e-03
1.532548e-03 7.521935e-03
1.488389e-03 7.427561e-03
1.449482e-03 7.252728e-03
1.412621e-03 7.204610e-03
1.374690e-03 7.009655e-03
1.340540e-03 6.899943e-03
1.304466e-03 6.804853e-03
1.269627e-03 6.648868e-03
1.234586e-03 6.601072e-03
1.199295e-03 6.416075e-03
1.163821e-03 6.385590e-03
1.126384e-03 6.294042e-03
1.091116e-03 6.216513e-03
1.052122e-03 6.113738e-03
1.015397e-03 6.104533e-03
9.803130e-04 5.983365e-03
9.472878e-04 5.932340e-03
9.154798e-04 5.860892e-03
8.874513e-04 5.731125e-03
8.600440e-04 5.651284e-03
8.372197e-04 5.620205e-03
8.146936e-04 5.485936e-03
7.936211e-04 5.417766e-03
7.747079e-04 5.336145e-03
7.563693e-04 5.255922e-03
7.384475e-04 5.214174e-03
7.223115e-04 5.132794e-03
7.075591e-04 5.007801e-03
6.921040e-04 4.964342e-03
6.793368e-04 4.919039e-03
6.658655e-04 4.822977e-03
6.518303e-04 4.779506e-03
6.405243e-04 4.737173e-03
6.290779e-04 4.630807e-03
6.175771e-04 4.579722e-03
6.067068e-04 4.521191e-03
5.964850e-04 4.479507e-03
5.851120e-04 4.438201e-03
5.766162e-04 4.385163e-03
5.666474e-04 4.337319e-03
5.582240e-04 4.298743e-03
5.490285e-04 4.254843e-03
5.402896e-04 4.218746e-03
5.326986e-04 4.142704e-03
5.240627e-04 4.130632e-03
5.171920e-04 4.073908e-03
5.091568e-04 4.029244e-03
5.029528e-04 4.006066e-03
4.953650e-04 3.960181e-03
4.886248e-04 3.914485e-03
4.828116e-04 3.890380e-03
4.765079e-04 3.843180e-03
4.702131e-04 3.825346e-03
4.644150e-04 3.781174e-03
4.579573e-04 3.772074e-03
4.524824e-04 3.714998e-03
4.473900e-04 3.690447e-03
4.424824e-04 3.660783e-03
4.369191e-04 3.651812e-03
4.320668e-04 3.617873e-03
4.269398e-04 3.583021e-03
4.224488e-04 3.561814e-03
4.183626e-04 3.518721e-03
4.142068e-04 3.517068e-03
4.102900e-04 3.455193e-03
4.053216e-04 3.460911e-03
4.019254e-04 3.422308e-03
3.978657e-04 3.404672e-03
3.939413e-04 3.360936e-03
3.905941e-04 3.356001e-03
3.866187e-04 3.326952e-03
3.830696e-04 3.319800e-03
3.800912e-04 3.277712e-03
3.762177e-04 3.254304e-03
3.729469e-04 3.265486e-03
3.701408e-04 3.229304e-03
3.668468e-04 3.194328e-03
3.637944e-04 3.170834e-03
3.609397e-04 3.161057e-03
3.580731e-04 3.125296e-03
3.550849e-04 3.121330e-03
3.519683e-04 3.110731e-03
3.495097e-04 3.076258e-03
3.463993e-04 3.052739e-03
3.440027e-04 3.047723e-03
3.418725e-04 3.026620e-03
3.393770e-04 3.017620e-03
3.360038e-04 2.987641e-03
3.343583e-04 2.963251e-03
3.320112e-04 2.958534e-03
3.297286e-04 2.924088e-03
3.275126e-04 2.919990e-03
3.246230e-04 2.910903e-03
3.226000e-04 2.891132e-03
3.204963e-04 2.872890e-03
3.187049e-04 2.843598e-03
3.165429e-04 2.840765e-03
3.145475e-04 2.822781e-03
3.125411e-04 2.803115e-03
3.104168e-04 2.800779e-03
3.082223e-04 2.768729e-03
3.067525e-04 2.768834e-03
3.047418e-04 2.748021e-03
3.028899e-04 2.743377e-03
3.017691e-04 2.728846e-03
2.992163e-04 2.713691e-03
2.979798e-04 2.687311e-03
2.957487e-04 2.704293e-03
2.946861e-04 2.662038e-03
2.926856e-04 2.658797e-03
2.912354e-04 2.633043e-03
2.894456e-04 2.622179e-03
2.881633e-04 2.618942e-03
2.865294e-04 2.602995e-03
2.845976e-04 2.589291e-03
2.829018e-04 2.582467e-03
2.817463e-04 2.556906e-03
2.806181e-04 2.555282e-03
2.790681e-04 2.535375e-03
2.771793e-04 2.527490e-03
2.763354e-04 2.512213e-03
2.748153e-04 2.500587e-03
2.731499e-04 2.488723e-03
2.720833e-04 2.480867e-03
2.708728e-04 2.470074e-03
2.693621e-04 2.465410e-03
2.677675e-04 2.444681e-03
2.666956e-04 2.432310e-03
2.656610e-04 2.429679e-03
2.641549e-04 2.419681e-03
2.630800e-04 2.395846e-03
2.615655e-04 2.387551e-03
2.610754e-04 2.376387e-03
2.599856e-04 2.369009e-03
2.584164e-04 2.358458e-03
2.573472e-04 2.351717e-03
2.558543e-04 2.342256e-03
2.552484e-04 2.329967e-03
2.535747e-04 2.315539e-03
2.527132e-04 2.315408e-03
2.515452e-04 2.300043e-03
2.510056e-04 2.284373e-03
2.499487e-04 2.288808e-03
2.486737e-04 2.276806e-03
2.475266e-04 2.265702e-03
2.465864e-04 2.262438e-03
2.458350e-04 2.263134e-03
2.445624e-04 2.244804e-03
2.437475e-04 2.244403e-03
2.429568e-04 2.237854e-03
2.417162e-04 2.219726e-03
2.406778e-04 2.213101e-03
2.397040e-04 2.197119e-03
2.391130e-04 2.190688e-03
2.380769e-04 2.192133e-03
2.369589e-04 2.189651e-03
2.364493e-04 2.180221e-03
2.354497e-04 2.164596e-03
2.345245e-04 2.154758e-03
2.332643e-04 2.148815e-03
2.327997e-04 2.141324e-03
2.317811e-04 2.140343e-03
2.313758e-04 2.126648e-03
2.302888e-04 2.129512e-03
2.294729e-04 2.114921e-03
2.286625e-04 2.107815e-03
2.279064e-04 2.106140e-03
2.270267e-04 2.089053e-03
2.267611e-04 2.083072e-03
2.256544e-04 2.072060e-03
2.245470e-04 2.073008e-03
2.242372e-04 2.064183e-03
2.236252e-04 2.060732e-03
2.231590e-04 1.936291e-03
2.221340e-04 1.919753e-03
2.208575e-04 1.904699e-03
2.205713e-04 1.908884e-03
2.200144e-04 1.901383e-03
2.187686e-04 1.886839e-03
2.184288e-04 1.884708e-03
2.176275e-04 1.874398e-03
2.170830e-04 1.879127e-03
2.162260e-04 1.864661e-03
2.159092e-04 1.861010e-03
2.150096e-04 1.860251e-03
2.144980e-04 1.855743e-03
2.136048e-04 1.854120e-03
2.134132e-04 1.848091e-03
2.125529e-04 1.843813e-03
2.119351e-04 1.837762e-03
2.112005e-04 1.847131e-03
2.106251e-04 1.822232e-03
2.101025e-04 1.819675e-03
2.093745e-04 1.820221e-03
2.090189e-04 1.814325e-03
2.080856e-04 1.807828e-03
2.076013e-04 1.800514e-03
2.072129e-04 1.803912e-03
2.063492e-04 1.794910e-03
2.061513e-04 1.792534e-03
2.051770e-04 1.793173e-03
2.051057e-04 1.786060e-03
2.043495e-04 1.784644e-03
2.037084e-04 1.776288e-03
2.034766e-04 1.777640e-03
2.024458e-04 1.763303e-03
2.019960e-04 1.763872e-03
2.016810e-04 1.756431e-03
2.011791e-04 1.750099e-03
2.004900e-04 1.751116e-03
2.000816e-04 1.744285e-03
1.992139e-04 1.754185e-03
1.988170e-04 1.740334e-03
1.985593e-04 1.740781e-03
1.978452e-04 1.729170e-03
1.975527e-04 1.722073e-03
1.968255e-04 1.717125e-03
1.962979e-04 1.716637e-03
1.958872e-04 1.711167e-03
1.955795e-04 1.711064e-03
1.950527e-04 1.701753e-03
1.945454e-04 1.703644e-03
1.942866e-04 1.693804e-03
1.935626e-04 1.695761e-03
1.932660e-04 1.690313e-03
1.926620e-04 1.693538e-03
1.922238e-04 1.678511e-03
1.918704e-04 1.676603e-03
1.915970e-04 1.674929e-03
1.910208e-04 1.665119e-03
1.904706e-04 1.665749e-03
1.901613e-04 1.661464e-03
1.898081e-04 1.664541e-03
1.893101e-04 1.655575e-03
1.888794e-04 1.652030e-03
1.884428e-04 1.649141e-03
1.880255e-04 1.643656e-03
1.875146e-04 1.637774e-03
1.869839e-04 1.636490e-03
1.869991e-04 1.635804e-03
1.865213e-04 1.626104e-03
1.858762e-04 1.626272e-03
1.855153e-04 1.631848e-03
1.851198e-04 1.622904e-03
1.847490e-04 1.615997e-03
1.844670e-04 1.612367e-03
1.840326e-04 1.601064e-03
1.836518e-04 1.615130e-03
1.833960e-04 1.603869e-03
1.826670e-04 1.597754e-03
1.825024e-04 1.590418e-03
1.819833e-04 1.588128e-03
1.817879e-04 1.586974e-03
1.814666e-04 1.579644e-03
1.808700e-04 1.578176e-03
1.807719e-04 1.577780e-03
1.802328e-04 1.571162e-03
1.800272e-04 1.574623e-03
1.797467e-04 1.565957e-03
1.791321e-04 1.563284e-03
1.789608e-04 1.555259e-03
1.786639e-04 1.558174e-03
1.781577e-04 1.554498e-03
1.777760e-04 1.546944e-03
1.773759e-04 1.543779e-03
1.769884e-04 1.542613e-03
1.770172e-04 1.535796e-03
1.766640e-04 1.536254e-03
1.760914e-04 1.545936e-03
1.758144e-04 1.526308e-03
1.755270e-04 1.532561e-03
1.750368e-04 1.526128e-03
1.748641e-04 1.514334e-03
1.744262e-04 1.517364e-03
1.743827e-04 1.511773e-03
1.739471e-04 1.517184e-03
1.736557e-04 1.506095e-03
1.732870e-04 1.511934e-03
1.730524e-04 1.498167e-03
1.726444e-04 1.498917e-03
1.722876e-04 1.493540e-03
1.721027e-04 1.493690e-03
1.719892e-04 1.495180e-03
1.715133e-04 1.497016e-03
1.713263e-04 1.483883e-03
1.710815e-04 1.474367e-03
1.707293e-04 1.484539e-03
1.703352e-04 1.478222e-03
1.702568e-04 1.468967e-03
1.698940e-04 1.470544e-03
1.695930e-04 1.466604e-03
1.691370e-04 1.472291e-03
1.689652e-04 1.456700e-03
1.688003e-04 1.461453e-03
1.684835e-04 1.457346e-03
1.680869e-04 1.460174e-03
1.678921e-04 1.455753e-03
1.675835e-04 1.449268e-03
1.672263e-04 1.442455e-03
1.670848e-04 1.447912e-03
1.666409e-04 1.436719e-03
1.665925e-04 1.438576e-03
1.661686e-04 1.431845e-03
1.659262e-04 1.430885e-03
1.654992e-04 1.435814e-03
1.652873e-04 1.426893e-03
1.649527e-04 1.425994e-03
1.646744e-04 1.417682e-03
1.646027e-04 1.415380e-03
1.644840e-04 1.420737e-03
1.640587e-04 1.420391e-03
1.638946e-04 1.405093e-03
1.638616e-04 1.407838e-03
1.633351e-04 1.409554e-03
1.631371e-04 1.396484e-03
1.628770e-04 1.394190e-03
1.628086e-04 1.395293e-03
1.625240e-04 1.400778e-03
1.620956e-04 1.395551e-03
1.620176e-04 1.388514e-03
1.616419e-04 1.385476e-03
1.615885e-04 1.378551e-03
1.613342e-04 1.383214e-03
1.611097e-04 1.379507e-03
1.609802e-04 1.370758e-03
1.606488e-04 1.370932e-03
1.602871e-04 1.372506e-03
1.601189e-04 1.371727e-03
1.600845e-04 1.374813e-03
1.597244e-04 1.364467e-03
1.593645e-04 1.359016e-03
1.591509e-04 1.359514e-03
1.589459e-04 1.354301e-03
1.586925e-04 1.360140e-03
1.587421e-04 1.353116e-03
1.585889e-04 1.349231e-03
1.581820e-04 1.349345e-03
1.580027e-04 1.349595e-03
1.579387e-04 1.346726e-03
1.574413e-04 1.342761e-03
1.573642e-04 1.342056e-03
1.573385e-04 1.333918e-03
1.568268e-04 1.341629e-03
1.564882e-04 1.331821e-03
1.565957e-04 1.331918e-03
1.560980e-04 1.331858e-03
1.558651e-04 1.329841e-03
1.559163e-04 1.325451e-03
1.556283e-04 1.326075e-03
1.556572e-04 1.321813e-03
1.551790e-04 1.322377e-03
1.550029e-04 1.320749e-03
1.549214e-04 1.320944e-03
1.548109e-04 1.315334e-03
1.546809e-04 1.315806e-03
1.542567e-04 1.309324e-03
1.541978e-04 1.306257e-03
1.540722e-04 1.310233e-03
1.537660e-04 1.305625e-03
1.534385e-04 1.307418e-03
1.534005e-04 1.306574e-03
1.532259e-04 1.301818e-03
1.530740e-04 1.295102e-03
1.526746e-04 1.302972e-03
1.527107e-04 1.301002e-03
1.524640e-04 1.292572e-03
1.522518e-04 1.290172e-03
1.521788e-04 1.296906e-03
1.519467e-04 1.292607e-03
1.516284e-04 1.289752e-03
1.515198e-04 1.286202e-03
1.515078e-04 1.288970e-03
1.511740e-04 1.284572e-03
1.515848e-04 1.211355e-03
1.509087e-04 1.200344e-03
1.508610e-04 1.197210e-03
1.504793e-04 1.200465e-03
1.505414e-04 1.198476e-03
1.504086e-04 1.194458e-03
1.500195e-04 1.192756e-03
1.499815e-04 1.190034e-03
1.496776e-04 1.188477e-03
1.494797e-04 1.185791e-03
1.493781e-04 1.186889e-03
1.493070e-04 1.187286e-03
1.490229e-04 1.186753e-03
1.487809e-04 1.181395e-03
1.485740e-04 1.185893e-03
1.485493e-04 1.189458e-03
1.484978e-04 1.187804e-03
1.481235e-04 1.179205e-03
1.480963e-04 1.180608e-03
1.479630e-04 1.180814e-03
1.478397e-04 1.176370e-03
1.474729e-04 1.176577e-03
1.475093e-04 1.175922e-03
1.473232e-04 1.177959e-03
1.471090e-04 1.178235e-03
1.469145e-04 1.183121e-03
1.468536e-04 1.177123e-03
1.467791e-04 1.181459e-03
1.465183e-04 1.165356e-03
1.465574e-04 1.177020e-03
1.461988e-04 1.166594e-03
1.460195e-04 1.160217e-03
1.459279e-04 1.170057e-03
1.458491e-04 1.168690e-03
1.455688e-04 1.163834e-03
1.456649e-04 1.165361e-03
1.453966e-04 1.164166e-03
1.453320e-04 1.161515e-03
1.451352e-04 1.158992e-03
1.450161e-04 1.155448e-03
1.449468e-04 1.160914e-03
1.447278e-04 1.158111e-03
1.444773e-04 1.161584e-03
1.443238e-04 1.162958e-03
1.441555e-04 1.150847e-03
1.441504e-04 1.147721e-03
1.439403e-04 1.153530e-03
1.438903e-04 1.151670e-03
1.435493e-04 1.151370e-03
1.436489e-04 1.146271e-03
1.434174e-04 1.141518e-03
1.431830e-04 1.148771e-03
1.432129e-04 1.157517e-03
1.429083e-04 1.150829e-03
1.427465e-04 1.142238e-03
1.428570e-04 1.140081e-03
1.427107e-04 1.132168e-03
1.424752e-04 1.134217e-03
1.422682e-04 1.137656e-03
1.421894e-04 1.141691e-03
1.422559e-04 1.133871e-03
1.420937e-04 1.137327e-03
1.419092e-04 1.133710e-03
1.415795e-04 1.130731e-03
1.417023e-04 1.132909e-03
1.412125e-04 1.130667e-03
1.412707e-04 1.127288e-03
1.413291e-04 1.127656e-03
1.410317e-04 1.132107e-03
1.408592e-04 1.127530e-03
1.407696e-04 1.129932e-03
1.405779e-04 1.125167e-03
1.405850e-04 1.120457e-03
1.404421e-04 1.114666e-03
1.401934e-04 1.120889e-03
1.401803e-04 1.118653e-03
1.402476e-04 1.117644e-03
1.399459e-04 1.110331e-03
1.399853e-04 1.114038e-03
1.397361e-04 1.118485e-03
1.398886e-04 1.114477e-03
1.395060e-04 1.107950e-03
1.392181e-04 1.108766e-03
1.392998e-04 1.104170e-03
1.389840e-04 1.108773e-03
1.390310e-04 1.106378e-03
1.389351e-04 1.110350e-03
1.389347e-04 1.095305e-03
1.386555e-04 1.095622e-03
1.386274e-04 1.107107e-03
1.382571e-04 1.102249e-03
1.381195e-04 1.096037e-03
1.382727e-04 1.106292e-03
1.380167e-04 1.098645e-03
1.380455e-04 1.097668e-03
1.378276e-04 1.094662e-03
1.378214e-04 1.091740e-03
1.377169e-04 1.087949e-03
1.377446e-04 1.092453e-03
1.375363e-04 1.090415e-03
1.373742e-04 1.093905e-03
1.372282e-04 1.082810e-03
1.372781e-04 1.095083e-03
1.370133e-04 1.087188e-03
1.370223e-04 1.094352e-03
1.369206e-04 1.085424e-03
1.368256e-04 1.078553e-03
1.365512e-04 1.076317e-03
1.364494e-04 1.073457e-03
1.364376e-04 1.074354e-03
1.364664e-04 1.077161e-03
1.362866e-04 1.075998e-03
1.363788e-04 1.073499e-03
1.361490e-04 1.075236e-03
1.359653e-04 1.069561e-03
1.358853e-04 1.062288e-03
1.357135e-04 1.066820e-03
1.357204e-04 1.065725e-03
1.356201e-04 1.074405e-03
1.354576e-04 1.069149e-03
1.353890e-04 1.063899e-03
1.354296e-04 1.067402e-03
1.352320e-04 1.061821e-03
1.350538e-04 1.060300e-03
1.349373e-04 1.067528e-03
1.349844e-04 1.061442e-03
1.347835e-04 1.061810e-03
1.346224e-04 1.058622e-03
1.344771e-04 1.061853e-03
1.344429e-04 1.065551e-03
1.342318e-04 1.054890e-03
1.343203e-04 1.050189e-03
1.340959e-04 1.052579e-03
1.341323e-04 1.051607e-03
1.340754e-04 1.051864e-03
1.336554e-04 1.052072e-03
1.337928e-04 1.055802e-03
1.336653e-04 1.052829e-03
1.336524e-04 1.043806e-03
1.334858e-04 1.049148e-03
1.333720e-04 1.043691e-03
1.333199e-04 1.042676e-03
1.329756e-04 1.043724e-03
1.332464e-04 1.040950e-03
1.330156e-04 1.042130e-03
1.329855e-04 1.037277e-03
1.328811e-04 1.036259e-03
1.326671e-04 1.038438e-03
1.326669e-04 1.034462e-03
1.326740e-04 1.036868e-03
1.323983e-04 1.033502e-03
1.325256e-04 1.028588e-03
1.324474e-04 1.033549e-03
1.322070e-04 1.032755e-03
1.322316e-04 1.035267e-03
1.321704e-04 1.033492e-03
1.319978e-04 1.027737e-03
1.318364e-04 1.027745e-03
1.318595e-04 1.025158e-03
1.316561e-04 1.028419e-03
1.317483e-04 1.025374e-03
1.316567e-04 1.021740e-03
1.314259e-04 1.018685e-03
1.313442e-04 1.025213e-03
1.312809e-04 1.020271e-03
1.312586e-04 1.021709e-03
1.312322e-04 1.030863e-03
1.312472e-04 1.026456e-03
1.309564e-04 1.021756e-03
1.310134e-04 1.019347e-03
1.308517e-04 1.020422e-03
1.307875e-04 1.023618e-03
1.306416e-04 1.015333e-03
1.307246e-04 1.011013e-03
1.304154e-04 1.016115e-03
1.304700e-04 1.017268e-03
1.304526e-04 1.020535e-03
1.300816e-04 1.018694e-03
1.303254e-04 1.016181e-03
1.302797e-04 1.013274e-03
1.298708e-04 1.012575e-03
1.299235e-04 1.007796e-03
1.298664e-04 1.011559e-03
1.299257e-04 1.012762e-03
1.297494e-04 1.009700e-03
1.296773e-04 1.009896e-03
1.296936e-04 1.007056e-03
1.296309e-04 1.005137e-03
1.293773e-04 1.003008e-03
1.294652e-04 1.005150e-03
1.292357e-04 1.000078e-03
1.291855e-04 1.003598e-03
1.291095e-04 1.009353e-03
1.291016e-04 1.004999e-03
1.290305e-04 1.009964e-03
1.289286e-04 1.001951e-03
1.289151e-04 1.000127e-03
1.287419e-04 9.972896e-04
1.286023e-04 1.003571e-03
1.286679e-04 1.000570e-03
