0.135993 0.099418
0.116132 0.096837
0.112865 0.092976
0.110156 0.108196
0.108837 0.103937
0.107848 0.124411
0.113262 0.106775
0.123439 0.104351
0.159162 0.159351
0.156406 0.132424
0.117076 0.111980
0.113629 0.103784
0.111920 0.134611
0.106520 0.088251
0.121243 0.150258
0.128889 0.107488
0.117456 0.121590
0.113882 0.098843
0.110479 0.088579
0.107188 0.085340
0.104455 0.103041
0.109111 0.085915
0.106702 0.081718
0.112012 0.134416
0.118600 0.107015
0.113810 0.133392
0.111635 0.097852
0.107974 0.095627
0.105149 0.077045
0.101985 0.111902
0.109028 0.114480
0.104265 0.071511
0.102588 0.078653
0.104120 0.113515
0.100042 0.085737
0.098949 0.094158
0.100607 0.099064
0.099146 0.085305
0.099000 0.076589
0.098497 0.078994
0.099349 0.079585
0.099178 0.100708
0.100327 0.081792
0.099290 0.078348
0.104013 0.078935
0.118572 0.105385
0.114688 0.117034
0.113317 0.089964
0.113542 0.096326
0.109081 0.110198
0.110550 0.078385
0.101757 0.093811
0.104060 0.098280
0.105794 0.099053
0.105849 0.131484
0.102660 0.084209
0.104893 0.136898
0.105965 0.090474
0.104061 0.103281
0.101005 0.083585
0.103137 0.117465
0.103438 0.077600
0.105603 0.077978
0.101112 0.086933
0.100716 0.094292
0.099122 0.113851
0.103685 0.086571
0.101486 0.087840
0.100164 0.081337
0.103432 0.109463
0.107182 0.095548
0.103056 0.092963
0.103603 0.106212
0.101243 0.102760
0.102798 0.113040
0.101119 0.093419
0.101181 0.093837
0.156498 0.207655
0.168429 0.191962
0.169982 0.188804
0.169967 0.118103
0.133672 0.105587
0.122659 0.117260
0.127988 0.132862
0.145288 0.243053
0.147344 0.131619
0.119623 0.090635
0.115436 0.148777
0.112996 0.092397
0.110527 0.089528
0.108517 0.091029
0.103701 0.101487
0.102260 0.088104
0.100806 0.086789
0.096852 0.087410
0.100818 0.092799
0.103330 0.088026
0.105905 0.128797
0.102950 0.087859
0.094545 0.116308
0.084252 0.068224
0.083601 0.069228
0.083155 0.070309
0.083034 0.064417
0.082711 0.086182
0.084704 0.084979
0.093081 0.094825
0.093274 0.073313
0.086430 0.112658
0.095429 0.090154
0.097805 0.078363
0.095341 0.084515
0.094101 0.118324
0.097829 0.079317
0.094177 0.100064
0.097781 0.159040
0.100546 0.075715
0.093897 0.114484
0.091936 0.093384
0.097166 0.119658
0.097267 0.088166
0.090531 0.073691
0.094526 0.077181
0.088943 0.070204
0.086051 0.074303
0.089321 0.073675
0.102862 0.081336
0.105741 0.116676
0.116382 0.124890
0.107804 0.187320
0.102993 0.155065
0.102116 0.089009
0.099055 0.080419
0.098262 0.074436
0.103392 0.086427
0.099532 0.079023
0.105566 0.136880
0.105132 0.097910
0.101174 0.081083
0.102028 0.142893
0.099940 0.127677
0.099575 0.086531
0.097018 0.115036
0.096399 0.166997
0.150255 0.096188
0.114881 0.104706
0.111003 0.107636
0.110248 0.096455
0.108533 0.089883
0.103963 0.081881
0.095160 0.093349
0.090892 0.080092
0.099161 0.115342
0.097511 0.101530
0.094448 0.079303
0.093374 0.120868
0.092925 0.108266
0.091891 0.088220
0.089294 0.084729
0.097685 0.122457
0.096752 0.094771
0.093683 0.078075
0.085623 0.095749
0.085260 0.073936
0.083596 0.128041
0.082562 0.077900
0.085378 0.108377
0.092407 0.087816
0.089722 0.079912
0.085837 0.078302
0.084538 0.079271
0.084904 0.076111
0.086927 0.078883
0.090642 0.099385
0.099471 0.098548
0.096244 0.085071
0.098152 0.102906
0.099658 0.090048
0.097510 0.089428
0.092344 0.093138
0.088597 0.085190
0.083051 0.100192
0.090731 0.096937
0.091508 0.076856
0.088728 0.101296
0.089208 0.073097
0.086435 0.084667
0.092329 0.082107
0.087794 0.100900
0.089258 0.127912
0.085676 0.081592
0.085330 0.094319
0.083566 0.072242
0.083769 0.065643
0.085100 0.101134
0.082989 0.100868
0.085379 0.069344
0.087671 0.080486
0.086689 0.081807
0.081839 0.075486
0.080866 0.082831
0.080020 0.062069
0.078512 0.067056
0.079323 0.064913
0.078087 0.063258
0.079140 0.066309
0.083299 0.079861
0.093602 0.076291
0.100291 0.088019
0.097576 0.105979
0.096424 0.117575
0.094421 0.095405
0.092248 0.087852
0.090638 0.088131
0.089621 0.078674
0.091109 0.097676
0.093661 0.076789
0.088743 0.077551
0.088460 0.103161
0.085379 0.080791
0.104397 0.096208
0.110946 0.129752
0.115178 0.181003
0.129996 0.218957
0.120925 0.111578
0.101347 0.074794
0.098451 0.074121
0.092234 0.081314
0.090635 0.066672
0.089066 0.129091
0.087096 0.064484
0.088307 0.104579
0.086924 0.089155
0.083514 0.079504
0.083926 0.067730
0.085244 0.075306
0.084498 0.105256
0.086534 0.104980
0.086112 0.071396
0.084994 0.090767
0.084489 0.105154
0.083942 0.085964
0.083635 0.088689
0.083289 0.070162
0.083031 0.071832
0.082498 0.098955
0.082312 0.095441
0.081985 0.070276
0.081690 0.082285
0.081447 0.066759
0.079412 0.083937
0.079176 0.096359
0.078953 0.064594
0.078607 0.100392
0.078763 0.072457
0.076674 0.098958
0.075903 0.090819
0.075813 0.079892
0.075752 0.092757
0.075463 0.062395
0.075164 0.096587
0.074907 0.080458
0.074784 0.066692
0.075061 0.095720
0.076626 0.106839
0.076027 0.076734
0.075168 0.066535
0.074729 0.082220
0.075329 0.066200
0.074949 0.078347
0.074767 0.063052
0.077094 0.064295
0.074975 0.075181
0.073835 0.066783
0.073507 0.070147
0.073355 0.072600
0.073267 0.058721
0.074066 0.106822
0.073872 0.082855
0.075029 0.061618
0.074042 0.061076
0.073079 0.058240
0.072724 0.060413
0.073455 0.064347
0.073319 0.062572
0.074102 0.100347
0.073358 0.098726
0.073710 0.060374
0.072838 0.102308
0.074813 0.068160
0.072310 0.062441
0.072974 0.067124
0.071994 0.073363
0.076365 0.084941
0.079774 0.084724
0.074576 0.108028
0.071634 0.083224
0.071421 0.082279
0.071443 0.060845
0.071235 0.084180
0.072990 0.059499
0.071236 0.069097
0.071131 0.098161
0.071029 0.101305
0.070755 0.058913
0.070794 0.097446
0.070601 0.075066
0.070586 0.071675
0.072154 0.084295
0.071923 0.062455
0.071562 0.066958
0.071239 0.077881
0.071031 0.076245
0.070896 0.079316
0.070829 0.063445
0.070548 0.089863
0.070502 0.095536
0.071225 0.081494
0.071804 0.097717
0.072479 0.071099
0.072425 0.069001
0.070421 0.063697
0.070045 0.082002
0.069832 0.062784
0.069417 0.066281
0.069237 0.058084
0.069007 0.088147
0.069112 0.076985
0.068766 0.060415
0.068616 0.070880
0.069037 0.065663
0.068368 0.080014
0.068240 0.069313
0.068014 0.065098
0.067962 0.055790
0.067921 0.068128
0.072906 0.086135
0.079986 0.070176
0.078504 0.073826
0.077933 0.100051
0.077629 0.084445
0.077452 0.094643
0.077153 0.083650
0.076832 0.089699
0.076695 0.066801
0.076746 0.071000
0.078038 0.121162
0.083875 0.072999
0.092456 0.109733
0.095368 0.074959
