0.833545
0.779896
1.617364
0.172546
0.522782
1.885837
0.238107
1.638897
1.089723
0.649569
0.299969
1.886940
1.405225
0.143354
0.987798
1.080972
1.887488
0.277308
1.089781
1.775395
1.717762
1.098613
1.887532
0.896955
0.702865
1.383043
0.211011
1.515613
1.618517
1.244861
0.986934
1.240064
1.089818
0.644735
1.089839
1.089414
1.775037
1.718686
0.277425
0.826909
1.785368
0.554260
1.089633
1.497993
0.996437
0.512450
0.148509
1.173816
0.264810
1.576105
0.700284
1.885991
1.419454
1.107154
0.861775
0.685118
0.142252
0.185128
1.235718
0.928968
1.886708
0.406762
0.483869
0.525952
1.577969
0.162934
0.260619
0.602774
1.240065
0.164111
0.237511
1.886171
1.617642
0.140970
0.142254
0.505126
1.089722
1.249606
0.475848
1.770423
0.704440
1.089777
0.628127
1.885373
0.194395
1.089734
1.228299
1.886720
1.307596
0.141497
1.244428
0.460296
1.139631
1.881144
0.209323
0.140794
1.617371
1.004651
0.214485
0.421210
1.104384
0.756099
1.253355
0.342108
1.887514
0.608006
1.887154
1.866583
1.515567
1.339896
1.239579
0.522384
0.151056
1.881533
0.649595
1.090209
1.335275
1.408084
0.247805
1.887131
0.614475
1.393627
1.879448
0.739154
1.089749
1.089832
0.143371
0.769985
0.311816
0.164116
1.639191
1.214384
0.771855
1.386892
1.802466
1.304066
1.419658
0.611509
0.781504
1.122238
0.889274
0.494436
0.144615
1.091878
1.126045
0.934751
1.358649
0.186442
1.886349
0.352421
1.376361
0.546067
0.974348
1.887465
0.398001
1.043990
0.645569
1.878171
0.363402
0.140609
1.659167
0.281342
1.887381
1.600188
1.883534
0.140789
1.882199
1.886904
1.490887
0.552800
0.682461
1.089859
1.514789
0.595873
0.148285
0.894059
0.164101
1.887393
1.464195
1.717545
1.871275
1.884757
1.508495
1.287203
1.868559
0.874103
0.572293
1.386877
1.384465
0.748764
1.589287
0.729237
1.089771
1.208795
1.887522
1.886601
1.223722
1.874126
0.143148
1.887215
0.143355
1.887046
0.475809
1.252710
0.236150
0.206994
1.089783
1.159432
1.331392
0.592780
0.542000
1.883053
1.887422
0.478228
1.235419
1.087881
0.385418
0.153255
0.623363
0.732542
1.680708
0.869684
1.515785
0.771128
1.471482
0.375103
0.214459
1.620057
1.876439
1.796612
0.201349
1.877399
0.570390
0.556618
1.090026
0.470680
1.089760
0.192422
0.644384
0.226514
1.617545
1.717452
1.089869
1.828226
1.092857
1.093527
0.160347
0.778942
0.862869
0.309007
1.887378
0.346846
1.374881
0.865637
0.438655
0.671080
1.088911
1.520686
0.513094
1.333185
0.143184
0.696107
1.239261
1.244302
1.095112
0.729643
1.382164
1.089578
1.882670
1.713406
1.768857
1.142474
0.849026
1.717370
0.142208
0.860276
0.488492
1.204976
0.361690
1.240680
0.334045
0.254125
0.602535
1.886725
1.516647
1.718129
0.153750
0.982862
0.794820
1.076585
1.639342
1.515530
0.495518
0.186321
0.607987
0.907418
0.917962
0.795212
1.642163
0.591992
1.519094
1.094252
1.879720
1.637873
0.140772
0.654159
0.923134
0.233902
1.540166
0.944355
1.110237
1.338341
0.195576
1.515683
1.678094
1.875786
0.343143
0.929700
1.088800
0.575990
0.140491
1.877157
0.151599
0.147123
0.840940
0.434454
1.709464
0.547730
1.639093
0.184749
1.887154
1.760918
0.228046
1.190042
1.045838
1.887376
0.627797
1.874264
0.628534
1.197455
0.640372
0.595726
1.757062
1.879033
0.619160
0.275946
1.093717
1.881231
0.400353
0.940695
0.646800
1.087149
0.140493
0.542111
0.828919
1.107355
1.712875
1.887357
0.927708
0.729406
0.403871
0.926746
0.140414
1.089927
0.142611
1.887334
1.088917
0.210165
0.146016
0.232661
1.886204
0.923906
0.229363
0.180831
1.794397
0.659895
0.788988
1.639072
1.634456
0.140450
1.089792
0.673068
1.886749
1.240302
0.141645
1.783233
1.887472
1.516879
0.307478
1.075826
0.550061
0.463818
0.307579
1.363134
1.615973
1.722725
0.478785
1.302864
0.550869
1.461128
0.586225
1.298470
1.213157
1.096807
1.297994
1.089783
1.696743
0.918689
1.436569
0.736658
0.175739
1.887557
1.887503
0.456422
0.259210
0.985478
1.876105
0.157936
0.142098
1.717733
1.858377
1.553670
1.090219
1.089587
1.132417
0.562872
1.887539
0.611577
1.427569
0.471370
1.200391
1.173048
0.907130
1.182377
0.462823
1.642397
0.152992
0.915490
0.895475
0.808279
1.337473
1.640343
0.147115
1.248215
1.717498
0.361260
0.154413
0.831150
0.558111
0.794962
1.886330
1.886649
0.542711
1.793573
1.513731
0.148458
0.146946
1.713068
1.287655
1.652953
1.239636
1.887487
0.149488
0.194429
0.170668
0.639867
1.088681
1.101751
1.379185
1.757539
1.090864
0.142981
0.180542
0.927462
0.697465
1.647654
1.727666
0.318153
1.240735
1.561059
1.857196
0.635071
0.503467
0.143238
0.658940
0.957163
0.502279
1.102481
1.814731
1.865174
1.881397
1.089960
0.966398
1.448981
0.969559
0.336628
0.833940
0.786505
1.098124
0.279651
1.874955
1.089104
0.852813
1.881738
0.673292
1.644741
0.700467
0.538270
1.641811
0.971375
0.659230
1.244941
1.887048
1.740753
1.887357
1.085918
1.887105
1.089861
0.323438
0.637576
0.925256
1.056767
1.243054
0.949536
1.887458
1.887332
0.248689
1.757651
1.463754
1.884939
0.506454
1.887528
0.239822
1.261291
0.508260
0.143227
0.667634
1.865207
0.284100
1.268033
1.119668
1.242927
1.070444
0.897718
0.959797
1.886913
1.195107
0.309922
0.934965
0.150170
1.751195
1.091749
0.945204
1.237910
1.314274
1.091802
0.542557
0.643820
0.878144
0.928766
0.764307
0.968192
0.345340
0.140396
1.512478
1.144239
1.802637
0.852350
1.887517
1.089763
1.324097
0.140428
0.226469
1.515207
1.251069
1.246552
1.805076
1.639079
1.879884
1.589240
1.880323
1.639088
1.097156
0.465224
1.887523
1.798210
0.617333
1.887467
0.141025
1.887347
1.786667
0.340971
1.886814
0.849316
1.123180
1.887574
0.652085
0.285083
1.255250
0.564926
1.887310
0.147500
0.437588
1.091573
0.214035
0.146834
0.272449
1.089152
1.886447
0.989981
0.140943
0.478053
1.097862
1.884361
0.140657
0.584652
0.985400
0.617127
0.140521
0.252338
1.886577
1.717526
0.233037
0.967953
1.511460
0.350469
1.640681
1.376817
1.089779
0.675268
0.485338
0.496376
1.089983
1.515759
1.083870
0.141936
0.148125
1.240721
1.358081
1.875620
0.393383
1.876365
1.065079
0.828749
1.458195
0.145154
1.035136
0.536839
0.523914
0.187962
0.444724
1.287914
1.887549
0.230996
1.611414
0.644588
1.046208
0.202738
1.886858
0.664175
1.886225
0.758795
1.887113
1.523565
1.107798
1.367025
1.887311
0.179246
0.375138
0.144356
0.149734
0.450703
0.644159
0.885491
1.862509
0.142177
1.237887
0.491554
0.140596
1.886786
0.686738
1.887262
0.548718
1.213905
0.140390
1.640107
0.141787
1.887555
0.781948
1.887340
1.617772
1.884561
1.618991
1.089887
1.583767
1.221815
1.886932
0.893960
1.886757
1.379566
0.862026
1.576902
0.181868
0.295582
1.099597
1.734990
0.141006
1.279817
1.636151
0.569044
1.887328
1.085644
1.886027
0.207643
1.250731
1.244500
0.490096
0.782043
1.087624
1.887500
0.158648
1.885236
1.089930
1.759218
1.638713
1.044272
1.657668
1.267215
0.184100
1.887529
1.425890
1.886182
1.473327
0.172510
1.886420
1.089770
1.511203
1.887447
0.490163
1.252897
0.987541
1.609649
0.173795
1.770148
1.184975
1.515763
0.201922
1.887218
0.458907
1.364581
1.090961
0.520594
0.632651
0.916923
1.599910
1.191430
1.085130
1.664526
0.566041
0.384391
0.403624
0.589525
1.386571
0.546847
0.394408
1.519050
1.639322
1.354012
0.323035
0.306994
1.352614
0.549653
0.942505
1.886803
0.147994
0.408446
1.887525
0.545920
1.242203
1.887447
1.887575
0.256449
1.887405
1.105889
0.141511
1.067187
0.473594
1.515975
1.343879
0.166224
0.872497
0.211712
0.382171
1.444210
0.151510
1.256515
1.089952
1.887376
0.987348
0.169121
0.356243
0.555512
0.713222
0.950747
0.142450
0.145518
1.598987
0.181818
0.256236
1.661925
1.647654
0.532509
0.329061
0.533814
1.238663
1.583308
0.853493
0.399596
1.515538
0.304804
1.514608
1.668006
1.089563
0.947267
0.533060
0.150830
0.249055
0.923274
1.521849
0.146047
1.755894
1.852846
1.091411
1.381091
0.696993
1.089986
0.876210
0.301174
1.887197
1.668006
0.148890
1.581496
1.367192
0.348451
0.855151
1.090163
0.706272
1.090097
0.634824
0.666499
0.347061
0.664274
1.092983
0.285209
1.746279
1.886650
1.887527
0.804853
0.407005
0.936842
1.887471
0.515725
1.589310
1.873405
1.323580
1.307318
1.864049
0.971578
0.332235
0.291936
1.440431
0.885156
1.247005
0.537986
1.276040
1.617789
1.297198
0.476726
1.759654
1.474637
0.281837
0.603045
1.884052
1.423028
0.355746
0.615557
1.718069
0.508467
1.097265
0.497701
1.255210
0.590176
0.169712
0.847128
0.924398
0.440200
1.099111
0.140955
0.250942
0.972902
0.421010
0.140497
1.887536
0.432670
1.092072
1.483275
1.882679
1.887160
1.350471
1.094244
1.397869
0.698476
0.604224
0.302570
0.207089
1.236785
1.229974
1.617622
0.270669
0.597437
0.683656
1.884652
0.851796
1.887378
0.773949
0.234158
0.810979
1.352334
1.220188
1.327787
0.946613
1.818579
1.887223
1.641938
1.753167
1.013693
1.887473
0.627880
1.616135
0.304614
1.887054
1.131274
1.887403
0.840045
1.580411
1.387231
0.402134
1.883921
0.449394
0.405366
0.839828
0.502132
1.092067
1.438607
1.876557
0.630584
0.142104
1.076580
0.809703
0.349926
0.140699
1.882788
0.615497
0.148380
1.318133
1.088648
1.515706
0.393247
1.129869
1.515699
0.799628
0.607298
0.974685
1.167578
1.075566
1.605505
1.887219
1.887422
1.247458
0.459063
0.857809
0.361276
0.204995
0.146858
1.088458
1.828525
1.090117
1.090359
0.331912
0.847503
0.498971
0.259881
1.516529
1.887175
0.491681
0.998137
1.887221
0.604632
1.121493
1.887485
1.487183
0.513815
1.388676
1.095301
1.090050
1.886304
0.356331
0.677577
0.357301
0.624048
0.484886
0.847118
1.267435
0.156240
0.567834
0.409767
1.085817
0.162461
1.102507
1.094214
0.761786
0.783859
1.770694
1.878831
1.168089
0.968954
0.554005
1.822167
1.089849
0.437766
0.854223
1.885421
0.870535
0.511195
1.873374
0.582344
0.699527
1.423332
0.185957
0.793196
1.089814
1.785174
0.525409
0.140578
0.485380
0.140426
0.553578
0.702921
0.144044
0.187596
0.603588
1.648710
1.469505
0.532505
0.944123
0.813773
1.093771
1.886656
1.512755
0.938748
0.651694
1.885535
1.520991
0.225666
1.886047
1.081791
1.089803
0.582600
0.149827
0.308700
0.467430
0.140483
1.717719
1.639106
0.364546
0.932484
1.515567
0.308363
1.710455
1.089849
1.242641
0.937251
1.083236
0.478865
0.951658
0.141760
0.659772
0.479623
0.421916
0.140514
0.258274
0.742060
0.647301
0.479353
1.887526
0.901876
1.639981
1.430991
1.858863
0.466741
1.883283
0.600109
0.167412
0.400427
1.886618
1.583656
1.127706
0.922670
0.974420
0.605138
0.932314
1.089659
1.089781
1.887094
0.701752
0.298179
1.210447
1.760985
0.809656
0.141740
1.089818
0.847270
1.758513
1.886886
1.607467
0.162970
1.415685
0.860988
1.089789
1.887393
0.145438
1.887322
0.159486
0.848241
1.686753
0.341794
0.928786
0.617454
0.397415
0.557190
1.089995
0.597467
0.566762
1.263969
0.267466
1.599516
1.513377
1.239559
0.320549
0.969689
1.851404
1.887398
1.260306
0.948086
1.274734
0.556749
1.887092
1.886440
0.226847
0.249755
1.884660
1.089832
0.952618
0.556780
0.502986
1.528337
0.664766
0.149004
0.520788
1.170698
1.887348
0.199981
0.870117
0.663886
0.155878
0.468183
0.189788
0.165023
1.717511
0.965000
0.147358
1.436245
0.936637
1.644523
1.861895
1.241646
0.549613
1.355147
0.936239
0.847562
1.005711
0.543731
0.852487
0.798731
1.090370
1.441323
1.241578
0.964826
0.155189
0.866910
0.963731
0.597173
1.083211
0.332519
1.089607
1.581292
1.882869
1.581879
1.618325
0.818396
1.886545
1.886818
0.319933
0.161239
0.333048
1.884860
1.396612
1.089941
0.988163
1.660010
1.861519
0.142643
1.577572
0.560514
1.059802
0.148277
1.887348
1.406594
1.129062
0.510204
1.378739
1.448448
1.092383
1.277368
1.572005
1.090175
1.717780
0.650726
0.251889
0.219305
1.516537
1.318716
1.883614
0.381489
1.860367
1.328579
1.882410
1.240341
1.755866
1.619370
1.238840
1.091481
0.141533
0.261833
0.160069
1.618003
1.887501
1.886948
1.886046
0.140654
1.239113
0.533505
0.849867
1.240817
0.625133
0.677775
1.092361
1.631154
0.173760
0.633162
0.597330
1.872388
1.769536
1.090178
0.987553
0.855258
1.514311
1.674390
0.566171
1.609902
1.241783
1.887559
0.358033
0.146479
1.633764
1.089866
0.154624
0.141181
0.975067
0.579883
0.754972
0.141361
0.984267
1.092411
1.716859
1.239394
1.236806
0.979269
0.182478
0.816432
0.248101
1.089825
1.103025
0.812969
0.898923
1.887419
1.617791
0.403021
1.717422
0.780258
0.141216
0.622143
0.378123
1.639044
1.887126
0.181983
0.381920
0.738974
0.187317
1.089752
0.740437
1.481179
1.886265
0.596690
1.362451
1.886863
1.751989
0.754327
1.122022
0.526724
0.297546
0.261199
0.199105
0.915471
0.677242
0.972957
1.771604
1.865227
1.634641
0.198802
0.781354
0.680504
0.440732
0.502084
0.634955
0.145191
1.887499
0.642726
1.349472
0.650487
1.246124
0.820099
1.790100
1.465256
0.158533
1.616662
1.887463
1.306778
0.821265
0.981329
0.871759
1.639047
0.794959
0.381662
0.590533
1.887557
1.885349
1.027748
1.855201
1.397677
0.644155
1.089882
1.885478
1.089618
0.587420
0.940156
0.140393
0.639904
0.277881
1.887272
1.877890
0.193866
1.089790
1.887527
0.515556
0.330204
0.188615
1.230875
0.727715
0.362091
1.239682
1.878896
0.637384
1.089337
1.266206
0.265965
0.141951
0.545331
0.518747
0.203429
0.374213
0.818699
1.715104
1.114390
1.887538
0.489405
0.662051
1.242526
0.396931
0.654895
0.157145
1.645273
0.208985
0.171218
0.851429
0.387018
1.323311
1.716607
1.505996
1.077869
1.089095
1.639156
0.466980
0.580701
1.287827
1.887524
0.582774
0.737750
0.383043
1.095643
1.717666
0.936927
0.448112
0.140880
0.228879
1.846709
1.887409
1.880268
0.316234
1.240494
1.065804
1.102419
1.764014
0.820275
1.886341
0.325094
1.656845
1.090820
1.368999
1.887532
0.765530
0.863808
1.091165
1.559271
1.718764
1.376194
1.243310
0.869381
0.493210
1.817295
0.200117
1.081018
0.452119
1.780154
1.089742
0.163114
0.486221
0.572605
0.800883
1.885516
1.475325
1.806738
1.237961
0.659857
0.656135
1.887405
1.853405
1.006419
0.141179
1.869437
0.992815
0.608993
0.209800
0.711311
1.390899
1.886451
0.927974
0.408821
0.986760
1.139538
1.873109
0.663740
1.880910
1.718055
1.250612
0.507956
0.492355
1.791719
1.802041
1.404375
0.390402
1.758826
1.370277
1.128963
0.412963
1.879565
1.245662
0.933042
0.250665
0.143735
0.848146
0.942594
1.054301
1.712337
0.812439
1.845538
1.231053
0.150559
1.240719
1.887401
0.494569
0.303895
0.643895
1.244021
0.141582
1.512004
0.957212
1.072746
1.090860
0.807961
1.648375
1.413996
1.089772
0.657340
0.185418
1.887499
1.334410
0.481929
1.240888
1.511927
0.159548
0.986518
0.555428
0.535308
0.896011
1.131495
1.098710
0.141872
1.853066
0.639609
1.887518
0.832167
1.398098
1.238429
1.114447
1.518062
1.088349
0.321048
1.617367
1.384288
1.105781
0.573714
0.399441
1.089719
0.146364
0.938244
1.089775
1.648032
1.366749
1.684183
0.816085
1.277783
0.194307
1.089882
0.930639
0.288853
0.145703
1.089698
0.944590
1.154927
0.427348
0.715858
0.236976
1.887504
0.695318
0.521342
0.380450
0.695232
0.156925
0.859103
0.362508
1.235524
0.382664
0.304614
1.184574
0.811746
0.178445
1.515645
1.118475
0.687855
0.181017
1.088937
0.370385
0.884334
0.224290
1.716511
1.253530
0.159044
0.265994
0.209638
0.141114
0.374737
0.496210
1.245582
1.878383
0.259165
1.887156
0.331127
0.283024
0.882725
0.141183
1.090283
1.084425
1.088578
0.383788
0.579079
1.613383
0.395081
0.403591
0.231913
1.887504
1.403635
1.047763
0.507608
1.008782
1.091996
1.244912
1.827349
1.090394
0.164322
0.575955
1.718214
1.238628
1.660004
1.624410
1.451537
0.147551
0.443936
1.743976
1.665106
1.654294
1.240607
1.418279
0.804000
0.682760
0.862094
1.185516
0.282242
1.516671
1.273884
0.783800
1.513236
0.845227
0.267654
1.126975
0.859015
0.143899
1.886699
1.100110
1.100785
1.874530
1.886505
0.637828
1.534987
1.215647
0.190474
0.164344
0.620947
1.081136
0.455082
1.515074
1.887553
0.839423
1.515596
0.218710
1.090935
0.819194
1.887439
1.760584
1.886250
1.254951
1.126837
1.041921
1.089789
1.120335
1.069129
0.902335
1.403041
1.885765
1.446104
1.638696
0.588702
1.082508
0.239491
1.618627
1.008717
1.887270
1.762099
1.718051
0.409330
0.558945
1.887287
0.927035
0.974392
1.639042
1.887509
1.886585
0.226514
0.473829
0.320253
1.887172
1.292701
0.921753
1.887554
1.887471
1.640349
1.111445
0.155564
1.737862
0.956458
1.087062
1.886680
1.886228
0.229639
0.148254
1.885386
1.715456
1.818597
1.239887
0.156240
1.514077
1.575889
0.606369
0.968651
1.650732
1.494846
1.251893
0.155269
0.142101
0.140972
1.341203
0.843044
1.034761
1.090188
1.717897
1.239555
0.157050
0.881577
1.674898
0.466559
1.257186
0.164518
1.413275
1.103147
0.776706
1.879372
0.143008
1.809960
0.206419
0.665982
1.336272
0.683190
0.170124
1.516393
1.519969
0.568253
1.262328
1.618534
0.171134
1.886464
1.752384
0.569765
1.129656
0.160011
1.237938
0.580836
0.399580
0.983612
1.089750
1.086107
1.749682
0.544432
0.657859
1.407617
1.326486
1.349642
1.722574
0.836451
1.089101
0.679681
0.254133
1.049388
1.084340
1.330266
0.140454
0.513665
1.603455
0.610643
0.174381
1.505093
1.886811
1.886940
1.366366
0.465030
1.304217
1.249120
1.664306
1.639375
1.188514
0.986179
0.602615
0.340488
0.215249
1.089149
0.416901
0.939908
1.886779
0.970954
1.884320
0.924067
0.288546
0.546798
0.500118
1.573655
1.878833
1.120496
1.639473
1.380978
0.790374
0.725980
0.144009
1.106323
0.903742
1.717926
1.089977
1.514441
0.996165
1.089818
0.140397
1.507242
1.887563
0.148548
1.878566
0.359759
0.727101
0.310530
0.425552
1.282825
0.600092
0.809747
1.233381
1.667962
0.273471
1.880097
1.887564
1.412255
0.616138
0.474715
0.299215
1.237449
0.141928
1.109996
0.140574
1.570262
1.392411
1.615999
0.712029
0.528661
0.140391
1.887331
1.476632
1.861547
0.642986
1.874942
1.090031
0.337497
0.902593
1.624085
0.681392
1.618589
1.637303
0.367921
0.164576
0.205723
0.256669
0.173376
0.671611
0.592613
0.535490
0.213666
1.791525
0.145323
1.004157
1.705203
1.233129
1.091235
1.756401
1.330027
1.091036
1.239965
0.602750
0.870848
1.886733
0.529512
1.089778
0.142028
1.639031
1.719214
1.089880
1.233936
1.080232
1.887519
1.887565
1.241073
0.846378
1.851538
1.089784
0.390205
0.657441
1.505648
1.887497
1.620133
1.515871
1.236577
0.583396
0.295429
1.224588
0.142328
1.410223
1.357635
0.570876
0.140419
0.968739
1.089720
0.571502
0.838161
0.974794
0.370912
0.429682
0.805199
1.647401
1.089790
0.461700
0.760677
1.886516
0.142838
1.871190
1.246476
1.089762
0.327070
0.363823
1.089859
1.287951
1.138626
0.839897
1.196589
1.887571
0.858410
1.844902
1.576002
1.673643
0.178699
1.885879
0.939131
1.886271
1.396792
0.955101
0.630036
1.877771
0.917677
1.887245
0.412940
0.348583
1.884248
0.219356
1.241510
0.486267
1.250142
0.169751
1.885434
1.133670
1.514268
1.504351
1.638847
1.617293
0.144325
1.869061
0.238539
0.690414
1.089818
0.474274
1.887487
0.420038
1.887472
1.210508
0.638468
1.641180
0.584051
0.821903
0.564359
1.884501
1.373685
1.088591
1.340306
1.089827
0.538058
0.283944
1.880814
1.618062
0.209306
0.181545
0.166887
1.887396
0.544831
1.584046
0.744731
0.191838
0.492101
1.887570
0.141272
1.239179
1.108275
1.014570
0.740064
1.239076
1.700163
0.872125
0.541939
1.408790
0.754506
0.191040
0.546001
0.627807
0.585174
0.770491
0.582854
0.823321
0.502484
0.911761
0.799088
1.090291
0.274822
1.754511
0.913418
0.954120
0.281023
1.887332
1.887163
1.249622
0.488273
0.393181
0.614979
1.885225
0.255065
0.231182
1.856423
1.302636
1.163999
0.689398
1.035881
0.450147
0.169750
0.268205
1.249100
0.862304
0.919250
0.300506
1.355408
1.887160
1.887459
1.881828
0.145506
1.089777
0.157552
0.624626
1.730732
1.886205
0.547442
0.595395
1.639050
0.523690
0.696679
1.631096
1.752944
1.409501
1.349862
1.218188
0.649210
0.804865
1.089795
1.095220
1.717867
1.823862
1.887326
0.870367
0.148957
0.609741
1.648678
1.086002
1.046728
1.887088
0.869885
0.904103
1.238131
1.885639
1.757963
0.934806
0.378124
1.089782
1.617476
0.457366
0.415808
1.246768
1.384677
0.142639
1.089774
0.420264
0.613217
0.840232
1.887286
0.976411
0.269036
0.867970
0.525882
1.880836
1.235609
1.886529
0.841434
1.089732
0.314620
0.930332
1.026832
0.997718
1.882143
1.862761
0.962512
1.642720
1.086214
1.110335
0.907460
0.265070
1.243396
1.756052
0.854928
0.778196
1.398636
0.770036
1.112881
1.617966
1.089930
1.310487
1.407699
0.565001
0.223553
1.241123
1.089786
0.448236
1.884208
0.804404
1.790205
1.090096
0.621852
0.149334
1.638972
1.615122
1.285371
1.515274
1.095102
1.443238
1.881802
0.150006
0.170521
0.954676
1.887000
0.868734
0.141296
1.492433
0.507711
1.530902
1.870368
1.256848
0.779000
1.090095
1.886033
0.858625
1.090055
0.140503
1.089357
0.392970
1.092804
1.089705
1.341031
0.492716
1.639105
1.639103
1.887376
0.932486
0.140374
0.235520
1.887484
1.887059
0.461060
0.140645
0.863988
0.571633
0.336691
0.148688
1.639347
0.962333
1.364940
0.352170
1.388011
0.165198
1.886832
0.732422
1.091187
0.310523
0.314305
1.092702
1.730689
0.565044
1.887249
1.089774
1.877566
0.872517
0.890321
0.153030
0.298244
0.251704
1.240822
1.840127
0.327331
1.887555
1.886886
1.743086
1.887182
0.292692
1.597002
1.714647
0.662961
0.189130
1.887295
1.167969
1.301235
1.639085
0.400137
0.806855
1.886925
1.886392
1.887102
0.814367
0.498506
0.205116
1.846250
0.870434
0.840372
1.887476
0.939981
1.094506
0.517094
0.652742
0.933658
0.862181
1.397339
0.183229
0.873724
0.600064
1.288797
1.328660
1.498525
1.392728
0.863530
1.877192
1.887500
0.359175
0.464382
1.115314
1.264946
0.232924
0.694440
0.399382
0.530030
0.560879
1.089829
1.219507
1.886941
0.870050
1.887510
0.671949
1.099194
1.886772
1.739808
0.179895
1.657298
1.427129
0.141983
1.887341
1.225463
0.384203
0.447085
1.089772
0.436832
0.372067
1.400173
0.938521
0.527371
0.143891
0.375893
0.140844
0.231127
0.535011
0.270700
1.881535
1.442753
1.887567
0.589453
0.620765
1.745209
0.805933
1.743828
1.842155
0.869905
1.512124
0.375440
0.178547
1.618513
1.089427
1.884897
0.836744
1.277660
1.237110
1.887490
0.553457
0.620438
1.647628
1.038369
0.271342
0.386411
1.619355
1.650825
1.675832
1.718337
0.672810
1.887517
1.026030
1.580931
1.876504
0.867581
1.143650
1.707209
1.116825
0.600619
0.315273
0.167843
0.140652
1.089790
0.612594
1.887056
0.248394
0.214680
0.511388
0.898134
1.090106
1.615933
1.031396
0.440737
0.639637
1.887460
1.881394
1.887356
0.684204
1.779760
1.259352
0.603641
0.547947
0.269574
0.822083
0.809297
0.314615
0.974550
0.149415
0.144682
0.291702
0.779356
1.338421
1.635073
1.098029
0.974523
1.887504
1.089290
0.453022
1.838913
1.887444
0.173962
1.141556
0.977805
1.887026
0.465980
0.953873
1.062975
0.485053
0.140896
0.495656
0.612643
0.901582
0.971193
0.158813
1.091609
0.147609
0.737396
0.140696
1.089762
1.259167
0.853296
0.212933
0.144687
0.140517
0.157192
1.087244
0.754017
1.631787
1.388753
1.515875
1.596636
1.515603
1.110749
1.089876
0.269625
1.236736
1.089573
0.772537
1.090149
0.398323
1.341464
1.328773
0.521924
0.678527
0.571452
1.843177
0.140694
1.887416
1.379594
1.001230
1.579273
1.090037
0.963241
0.505011
0.963523
1.237404
1.100771
1.821321
0.953179
1.744183
0.701826
1.086902
1.089915
1.612136
0.746727
0.219344
1.887483
0.339156
0.158010
0.322155
1.884094
0.845317
1.884076
1.579612
0.969628
1.887458
1.061714
1.308740
1.089774
0.143453
0.622030
0.686100
1.090132
0.220527
1.122298
0.740477
0.144414
1.886965
0.142328
0.639811
0.381596
0.585868
1.637866
0.891457
1.170292
1.018525
1.090070
0.608614
0.889340
1.240280
0.379101
0.768593
1.240487
0.140409
0.920703
0.348760
0.149822
0.960567
0.535578
1.515645
1.402477
1.638962
1.046025
0.145640
0.152793
0.599575
1.449281
0.419488
1.088629
1.402585
1.515582
1.886454
0.824614
1.087542
1.860201
1.517630
0.175565
1.232006
0.519904
0.641185
0.533088
1.559444
1.643166
0.794685
1.638753
0.141466
0.206011
0.165560
0.347992
1.515563
0.647632
1.880108
0.541131
1.240627
0.462103
1.089782
0.603311
0.958266
0.859269
0.966023
0.158689
1.820513
0.538454
0.210678
1.278547
0.217150
0.168763
1.684091
0.540820
0.338052
0.215452
0.855369
1.887269
1.096018
0.260597
1.333034
0.220475
0.145031
1.084564
1.841520
0.287228
0.657239
1.618026
1.880772
1.639062
0.364729
0.701430
1.793251
0.252240
1.642540
1.887553
0.897946
0.942377
1.292650
1.885690
0.937592
0.140429
0.235321
1.887061
0.524472
0.448859
1.363447
0.338513
1.887458
0.321268
1.420636
1.023442
0.771750
0.153641
0.143951
0.880397
1.238163
0.863337
0.920066
1.090122
1.875338
1.349142
0.196939
1.886416
1.884230
1.639084
1.845344
0.816466
1.862249
1.510284
1.426612
0.465334
1.718477
1.373954
1.792770
1.241185
0.794992
0.333046
1.179780
0.781761
1.387816
0.215175
1.815700
0.791872
1.885015
1.397565
1.089833
1.387710
1.088531
1.439429
1.762204
1.161802
0.234453
1.086020
1.089818
0.146455
1.886143
0.852722
1.885824
0.145481
1.235659
0.142746
0.155577
0.265752
1.887525
1.859797
1.886432
1.868337
0.140525
0.725209
1.109538
1.132694
1.221199
0.564608
1.887499
1.619496
0.413966
1.089919
1.875885
0.613456
0.453046
0.141015
1.137324
1.649792
1.090027
1.887328
0.243413
0.761650
1.115725
1.240174
1.251720
0.396212
0.668430
1.090574
0.140495
0.818894
0.165492
0.548461
0.982408
1.294511
1.224368
0.892721
1.640172
1.675781
1.802417
0.160752
1.779673
0.371606
0.535621
1.380477
0.580127
0.445615
0.142875
0.975696
1.886979
0.257747
0.595793
1.887415
0.145037
0.482924
0.894182
1.337781
0.452472
1.887443
1.237215
0.306783
0.845097
0.140393
0.714708
1.089687
1.460992
0.670210
0.144890
1.820299
0.140577
0.250628
0.549243
1.437087
0.502810
1.717814
0.830400
1.089855
0.142341
0.143764
1.785090
1.311675
1.217784
1.887067
1.751899
0.142483
1.884892
0.679188
1.237140
1.090029
0.806777
1.878419
0.900483
0.656964
1.571765
0.207252
1.368753
0.943085
1.310900
1.798027
1.139984
1.885853
1.887526
1.089484
0.625705
0.973008
0.281555
1.887372
1.887536
1.239700
1.886838
1.717759
1.063255
1.886712
1.639082
0.515368
0.702097
0.973279
1.461559
1.886664
0.146132
0.210998
1.085478
0.497400
1.818568
1.887527
1.639085
1.431990
0.584483
1.887142
1.719005
0.346320
1.868022
1.373187
1.275050
1.363247
0.339123
0.140456
1.565560
1.887164
1.234505
0.485475
0.487396
0.389986
0.569988
1.517868
1.887193
1.459713
0.462504
1.639057
0.635390
1.515987
0.475505
0.506129
0.897305
0.313257
0.583311
0.151196
0.164925
1.793044
0.521641
0.184101
0.777916
0.211486
0.894605
0.341829
0.188359
0.942123
0.929806
1.421104
1.241011
1.089783
0.939751
0.899605
1.727693
0.714660
1.887288
1.325445
0.288362
1.887438
0.912431
1.140591
1.881505
0.472273
1.186181
0.154940
0.876199
0.593903
1.885331
1.435013
0.976691
0.580929
0.705098
1.887475
0.824594
0.157197
1.189934
0.628883
1.887036
1.744146
0.142875
1.091668
1.067560
0.187220
1.344193
0.153241
1.245454
1.650967
1.884699
1.847418
1.515587
1.716734
1.866231
1.618102
0.194567
0.562041
1.886835
1.617792
0.222758
1.082222
1.089595
0.279665
1.626719
0.144659
1.113195
0.336238
1.885095
1.102130
1.296391
0.377034
1.239419
1.717195
1.152246
0.774050
0.155922
1.817351
1.617353
0.190946
0.410758
0.766491
1.238285
0.840339
0.877952
0.269060
1.887112
1.089182
0.863558
0.678139
0.419424
0.183759
1.887302
1.205511
1.244973
1.887429
1.372073
0.658566
1.513944
0.140651
1.885090
0.632499
0.853243
0.175142
1.875912
0.732882
0.767596
1.668269
1.885836
1.887070
0.141381
1.792854
1.021469
1.885369
0.338537
0.158723
1.887559
1.066565
0.454890
0.834136
1.886744
1.881702
0.827053
1.003630
1.089576
0.154732
0.831501
1.274554
0.640240
0.473955
1.881802
1.278574
1.514228
1.865754
0.833584
0.532741
1.346156
0.851307
0.140697
0.564499
1.884457
0.388059
0.662752
0.143190
0.758437
1.887509
1.887276
1.223178
1.089629
0.193907
0.381881
0.840434
0.258829
0.597119
1.886188
0.957552
1.878402
0.767619
1.011433
0.425188
1.318312
1.057966
0.838380
0.141417
1.090147
0.140395
0.592344
0.141353
1.504213
0.339997
0.451959
1.875809
1.887557
0.677733
1.887369
0.142771
1.198080
0.963949
1.885951
0.140833
1.528322
1.561813
1.639087
0.185684
1.862005
1.516035
0.441265
0.528964
1.640902
0.961727
0.141623
0.979772
0.718684
1.441572
1.764300
1.242787
1.854366
0.311345
0.565841
1.059340
1.025566
1.232850
0.148409
0.345420
0.209330
0.141567
0.560460
1.884550
0.364009
1.886953
1.886475
0.143068
0.510527
1.751567
1.391683
0.972313
0.161979
1.151923
1.886252
0.237127
0.486749
1.716420
0.611161
1.089763
0.154130
1.112995
0.141538
1.104082
0.587587
0.165542
1.887494
1.490402
1.406230
1.887224
1.883274
1.092235
0.927400
0.228717
1.638740
0.609934
1.618041
1.089786
1.089772
0.567104
0.456800
1.379382
1.089778
0.148890
0.356793
1.512317
0.498001
0.146597
0.640531
1.467937
1.619839
1.306725
1.719056
1.437159
0.140428
1.090591
0.413772
1.089774
1.406649
0.140486
0.813148
1.887546
1.515381
0.264234
1.089703
0.772383
1.252696
1.617177
0.730021
1.868772
1.090453
0.839994
1.038332
1.047603
0.931475
0.151291
1.887549
1.887549
0.638071
1.886579
0.937507
0.278948
1.882990
1.239423
0.753356
0.486876
0.892336
0.146560
1.250924
0.594979
0.992460
1.771683
0.989420
0.661391
1.887497
1.885075
0.657805
0.142758
0.368410
0.238972
0.843358
1.098215
0.448284
1.073586
0.152217
0.959139
0.373885
1.878370
0.570519
0.153291
1.515563
0.526340
1.296965
0.142354
0.651266
0.239164
1.884503
0.920006
0.623251
0.144669
1.885483
1.034806
1.621375
1.154442
0.964517
0.191119
1.719622
0.470172
1.046811
0.911844
0.882177
1.225797
0.699662
0.183378
1.886987
0.308528
1.363816
0.413174
1.092445
0.593055
0.531682
1.815556
1.887468
1.887427
0.306262
1.626828
0.362179
0.853620
1.886196
1.885308
0.156498
1.240192
0.744580
0.957440
0.150535
0.267511
1.242238
0.315274
0.833296
1.884192
0.923156
1.399573
1.887374
0.375821
1.515566
0.751965
1.885347
1.887352
1.887571
1.274908
1.658318
0.155160
1.633579
0.268564
0.586457
0.153913
1.116730
1.242882
1.615445
0.888680
1.883672
1.639214
0.673279
0.473838
1.883580
1.210778
1.887430
0.394626
1.088147
1.717864
1.843567
1.220511
1.885059
1.153448
0.307052
0.209582
1.722885
1.215102
1.885989
1.615892
1.313457
0.400558
1.613344
0.481174
1.885164
1.298951
0.210486
1.515610
1.701740
0.568895
0.653521
1.349843
1.886309
1.613485
0.894956
0.278699
1.396560
0.269819
0.832110
0.529999
0.284936
0.286532
0.498417
1.095796
1.370427
1.093173
1.089786
1.849003
0.604709
1.717398
0.473625
1.089781
1.887158
1.089879
0.735226
0.228850
1.617641
1.179824
1.760912
0.974152
1.370894
0.180513
0.908953
1.887395
0.638031
0.768349
0.955112
1.412349
1.090546
0.224251
1.885382
0.144176
0.794828
0.672717
1.886103
1.101945
1.885380
0.602015
1.359129
1.147297
1.517451
0.964473
1.885926
1.384528
1.402847
1.096767
1.332990
0.629736
1.245445
1.518678
0.197877
1.089618
0.187975
1.887467
1.239749
0.841832
0.181491
1.091041
0.894566
1.585940
1.395580
1.293206
0.141613
1.131711
0.140708
0.454035
1.617164
0.960408
0.958269
1.579264
1.885065
1.867347
1.333226
1.089719
0.166201
0.298147
0.568573
0.584185
0.420015
1.520299
0.419285
0.196380
0.433876
1.878187
1.886436
0.158176
1.887393
0.768091
1.096070
1.639097
1.638726
1.886160
1.639082
1.371916
0.356562
0.936203
1.344646
0.141837
1.089835
0.600630
0.170235
1.089899
0.286503
0.934769
1.756401
1.088775
1.886265
0.661766
1.886115
1.886107
1.843305
0.166298
1.748038
0.719113
0.258381
0.777322
0.604369
1.153650
0.902399
1.008231
0.323614
1.887187
1.569426
1.037657
0.159638
0.899887
0.141157
1.575798
0.145970
0.374809
0.647031
1.617814
0.141703
1.859667
0.895523
1.100783
0.684530
0.756746
1.887309
1.089777
1.110613
1.111260
0.483533
0.422901
0.776154
1.860377
0.178860
0.903767
0.941658
1.584153
0.970809
1.515656
0.880480
0.140526
1.887166
1.887432
0.140435
0.364519
1.572763
0.625487
0.896459
0.966306
0.143364
1.302999
1.616246
0.435097
1.295457
0.152307
0.877935
0.600033
0.242734
0.220031
1.646205
1.709723
1.240456
1.005887
0.148408
0.871009
1.714925
0.143812
0.982431
1.613612
1.887349
0.906419
1.411870
1.884439
0.971002
0.677660
0.141782
0.213312
0.882418
1.237955
1.019386
0.419415
1.396351
1.886609
1.341794
0.733509
0.839212
0.946613
1.887259
0.364132
1.887360
0.866069
0.175236
0.141010
1.090019
1.885805
0.859746
0.145441
0.460737
1.645909
0.676132
1.870989
1.485682
0.142421
1.345103
0.976575
1.573558
0.169126
0.569255
0.957870
0.424397
0.162125
1.887250
0.901901
0.577832
1.049127
1.887397
0.157561
1.649525
0.610852
0.141081
1.740293
0.712461
1.887539
1.089776
0.193949
0.566755
0.357238
0.539511
0.222688
1.309705
1.886491
1.614915
1.856089
1.886961
0.959588
0.769018
1.093586
1.618084
0.313764
0.363576
1.089826
1.887228
0.608090
1.612622
0.382554
0.788180
0.611370
1.887070
1.639087
1.089577
0.741486
1.239649
0.146563
1.240944
0.961897
0.846182
0.350715
1.887497
0.192632
1.886181
0.928604
1.884211
1.887483
1.071180
1.425590
1.887251
1.418453
1.815680
1.635331
0.260402
1.248383
0.147913
1.887053
0.203473
0.456980
0.485914
1.867527
0.464088
1.707862
1.886721
1.097931
1.118123
1.240668
1.301202
0.426113
1.887301
1.886683
1.240252
1.618008
0.827916
0.187271
0.683598
1.240840
0.494866
1.886944
0.228178
1.887345
0.489523
0.591319
0.594520
1.240324
1.239645
1.505671
0.140536
0.943199
1.225952
0.836518
0.151268
0.908984
1.887464
0.391092
1.244045
1.883154
0.976355
0.453880
1.409653
1.088964
1.100699
0.207968
0.602340
0.234317
1.515502
1.019772
1.847804
0.640936
1.228846
0.554214
1.240221
0.208866
0.974654
0.564312
0.924770
0.597349
0.415368
0.855656
1.460704
0.919125
0.970207
0.374347
0.742278
0.557837
0.805481
1.717805
0.667490
1.090358
0.325413
0.157551
0.379290
1.106797
0.216215
0.304464
1.089773
0.938045
0.148841
0.892085
0.632069
1.140326
1.404951
0.168658
0.449084
1.777682
1.726033
0.966266
0.785037
1.887474
0.194592
0.798100
1.877033
0.218426
1.101497
0.227892
0.141922
1.051783
1.098068
0.813893
1.752245
1.152534
1.887239
1.653997
1.090163
0.624632
1.717321
0.145968
1.679290
0.428932
0.144309
1.346568
0.982144
0.142280
1.244512
1.732843
1.134173
1.618507
0.146133
1.460307
1.717612
0.752402
1.513290
1.717897
1.887375
1.268131
1.290427
1.887128
0.865401
1.616738
1.098726
0.370562
1.887577
1.587564
0.623482
1.789111
0.150145
1.879809
0.543385
0.418503
1.089762
0.797759
0.634898
1.643543
0.216701
1.127228
0.626063
0.316131
0.760768
0.608249
1.797292
1.751328
0.151634
0.730248
0.928344
1.886687
1.382686
0.567433
0.975507
1.887575
0.412832
1.406343
0.163603
0.635954
0.630087
1.241028
0.507554
0.387264
1.887544
1.887567
1.887322
0.683161
0.145715
1.788325
1.886469
0.155698
0.841899
0.585575
1.092746
0.956123
1.750632
1.089700
0.506744
0.890570
1.639065
1.886838
1.481349
0.968096
0.588671
1.517299
1.129091
1.089779
1.323717
0.903703
1.865744
1.887395
1.089277
0.588565
1.868554
1.658926
0.155839
1.376827
1.587821
1.817872
0.951921
0.930983
1.660062
1.501471
1.408832
0.712783
1.887374
1.719594
1.226168
1.351707
1.054039
1.006996
1.886858
0.752145
0.555485
0.663949
1.639089
0.364414
0.469326
1.108807
1.556892
1.635889
1.886461
1.714769
0.667301
0.822711
1.116850
1.887343
1.257324
1.515542
0.280222
1.600917
1.084471
1.658044
0.295649
1.887040
0.239936
0.142868
0.914659
1.886415
0.478266
0.296997
0.298345
0.986055
0.245773
0.508461
0.840928
0.898406
1.239999
1.238137
1.089767
0.352072
1.538524
1.399350
0.547569
1.285708
1.348899
0.590035
1.689610
1.887007
1.325969
0.142419
0.512090
0.595046
1.885879
0.148653
0.172459
0.544976
0.685821
1.236577
1.092974
0.241057
0.420640
1.742618
0.252194
0.852056
0.897695
1.268647
1.089772
0.807346
1.545181
0.658995
0.140655
1.171622
1.587126
1.197823
1.481553
1.239226
0.572186
1.234027
0.164948
0.568639
0.494367
0.619822
1.398827
1.035322
1.887479
1.478945
0.410220
0.145777
0.143160
1.639052
1.240685
1.147539
1.887277
1.233992
1.227341
0.427045
1.600238
1.241804
0.997592
1.255221
0.680876
1.349114
1.757017
1.237912
1.639606
1.875257
1.624533
1.589179
0.643826
0.462899
1.299799
1.882938
1.260376
1.090089
1.089734
0.191908
0.719016
1.512720
0.836759
0.327303
0.815285
0.613175
1.622372
0.572936
0.793799
0.929584
1.639537
1.611450
0.945111
0.791521
1.515527
1.886345
1.097900
1.217228
1.282497
0.530091
0.886872
1.887333
0.891678
1.659424
0.479818
1.536537
1.089749
1.099269
1.766577
0.543908
1.884851
1.587793
1.887382
0.877697
1.639083
1.282130
0.142286
0.140570
0.620035
1.715331
1.240249
0.347863
1.547625
1.761760
0.567313
1.418429
1.841459
1.061385
1.257634
1.638155
1.105684
1.338468
1.887395
1.089475
1.054057
1.089794
1.639369
0.294650
0.549763
0.204887
1.887492
1.515825
0.634064
1.882187
1.089895
0.140688
1.887066
0.972090
1.041791
1.887450
1.627884
1.572943
1.272617
0.706177
0.170048
0.958676
1.411690
0.213085
0.553294
1.794454
1.518512
0.689782
1.885579
1.529769
1.746239
0.591863
1.091699
0.797462
1.875680
1.887471
1.097696
1.080317
0.140756
0.692354
1.619020
1.245742
0.466277
0.860397
0.795826
0.940529
1.091588
1.615976
0.224571
0.188956
1.810886
1.091206
0.853540
0.745575
0.975302
0.851741
1.274122
0.329684
0.714869
0.286404
0.436377
0.590628
1.883365
1.886165
0.285844
0.841580
1.634536
1.649997
0.214667
1.513627
0.842681
1.237712
1.094899
1.728174
0.493698
0.975951
1.103678
0.141614
0.657158
0.293807
1.686321
0.559436
0.827887
1.887498
0.322478
1.241081
0.140987
0.762208
1.089778
0.635549
0.142903
0.186744
0.395165
1.516407
1.097417
1.860991
0.933135
1.647571
1.089777
1.872284
1.471464
1.092185
0.777158
1.415424
0.716432
0.434508
0.620874
1.257388
1.058642
0.456118
1.648085
0.153806
0.477196
1.064889
1.454769
1.877315
0.311265
0.513665
0.892987
1.252082
1.887288
1.093047
0.928367
1.089815
0.778487
0.923379
1.886985
0.581019
1.886705
1.700045
0.931211
0.968898
0.144171
1.887569
1.887159
1.698576
1.887429
1.886738
0.186730
0.178660
1.240324
0.272086
0.456054
0.541303
1.110293
1.239155
1.887412
0.267941
0.140500
1.887109
0.290021
0.908252
0.186416
0.152469
1.887064
1.240125
1.527990
0.525016
0.767576
0.147670
0.146600
1.102870
0.618826
1.593724
1.514762
0.546862
1.248503
1.089064
1.673870
0.529596
0.155422
0.140997
0.987832
0.817696
1.874900
1.887568
1.885872
1.618299
1.249110
1.885793
0.213813
1.514694
0.313924
0.603802
0.237080
1.616729
1.126603
1.089756
0.782437
1.616194
1.231789
0.287068
1.887471
1.212315
1.279082
0.973492
0.925976
0.146306
1.386783
1.241793
0.626413
0.894862
0.140440
0.141746
0.140703
1.444962
1.758196
0.619400
0.141941
1.122980
0.622549
1.869042
0.280755
1.505899
0.189003
0.831229
0.275355
1.162708
0.367839
0.450768
0.156490
1.408238
0.336463
1.757456
1.095615
1.237328
1.236371
1.159631
1.850460
0.564119
0.229870
0.759861
0.347373
0.932457
1.395643
0.218432
1.095336
0.821910
1.094229
1.887523
0.968861
0.268036
0.372255
0.629867
1.384180
1.068405
0.950860
0.140743
1.268736
1.841918
0.467981
0.455678
0.577672
1.887472
0.382475
0.203187
0.599739
1.052888
1.887468
0.677821
1.089527
0.306577
0.575586
1.089847
1.535617
0.378695
0.188671
0.529341
0.141829
0.194541
1.301887
0.880884
1.236599
1.878565
0.231167
0.335720
0.140450
0.195548
1.887505
1.266769
1.795224
0.648100
1.257761
1.653378
0.753858
1.853495
0.143009
0.427927
1.213103
0.941739
0.572193
1.579191
0.612542
0.957590
1.328982
1.093424
1.887116
0.961082
0.364265
1.887253
0.433584
1.628708
1.239178
1.884222
1.593302
0.940807
0.689893
0.908119
0.782869
1.446177
0.205555
1.886747
0.969305
1.089768
1.639099
1.673431
0.142249
0.141452
0.850152
1.240697
1.747628
1.516881
0.924407
0.458797
0.407335
1.108136
1.752334
0.461523
0.546032
0.254801
1.368143
0.490142
1.515954
0.141260
1.089787
0.206391
0.460970
0.980814
1.106983
0.882012
0.440904
0.662218
1.238235
0.455786
1.887064
1.617788
0.140680
0.145836
0.952044
0.212698
1.088937
1.308968
0.163635
1.089803
0.140899
0.654956
0.857880
1.089957
1.090296
0.142751
1.618760
0.846632
0.166577
1.639315
0.570175
0.190099
0.597715
0.560015
0.140581
0.150090
1.721498
1.400692
0.244097
1.515625
0.148093
1.887249
1.887129
0.499731
1.513618
0.147640
0.401536
0.480564
0.453737
1.885141
1.124253
0.682454
0.533445
0.546212
0.980760
1.884298
1.591318
0.850220
0.568568
0.156055
0.246722
0.852100
0.224804
1.883554
0.311259
0.575289
0.305791
1.765185
1.771917
1.090626
0.830114
0.548435
1.803635
1.643940
1.675366
1.250118
0.976532
0.656517
0.555477
0.189226
1.886259
1.450166
0.334194
1.090282
0.848019
0.752432
0.646271
0.154953
0.986304
0.954408
0.151906
1.089927
1.886809
0.850721
0.189793
1.885090
1.887514
0.208836
0.581418
0.889418
0.763407
0.235083
1.620486
0.383065
1.887521
0.453820
1.090121
1.538242
1.088753
0.140407
1.629468
0.412995
1.713540
0.866376
0.453405
0.796055
1.582694
0.282852
0.453957
1.775044
0.847127
0.158740
0.766507
1.886472
1.756150
0.632446
0.647920
1.618472
1.101518
1.530371
0.489727
1.747700
0.632704
1.094036
1.247917
0.299825
0.146862
1.271337
1.865692
1.114971
0.151221
0.448232
1.879587
1.022732
0.378272
0.147061
0.564914
1.100718
1.887203
0.666466
0.452229
1.885426
0.928368
1.251017
1.871215
0.312943
0.233432
1.094376
1.387424
1.847128
1.344549
0.588902
1.100468
0.839083
0.528223
1.587598
0.148388
1.618544
0.371639
1.246783
1.291621
0.510863
0.829810
1.089810
1.339018
1.616894
1.089594
0.927557
1.038810
1.439116
0.515381
0.957006
1.880676
0.509350
1.089784
0.147724
0.148626
0.179830
1.401211
1.034421
0.956961
0.913962
0.920166
1.512072
0.186978
1.886710
1.483133
1.699164
0.830551
1.372931
1.192635
1.887539
1.244814
1.617252
1.883656
1.226979
0.538735
0.339276
0.955539
0.203849
0.146975
0.604484
1.515539
0.225774
1.368700
1.087535
0.834477
0.848789
1.515893
0.529908
0.755751
1.239022
0.608903
1.417849
1.887169
1.887580
1.425833
0.146002
1.887403
0.355037
0.269335
1.884591
1.639090
1.630744
0.966534
1.266219
1.887352
0.259459
0.791780
0.196338
0.813643
1.643620
1.239375
1.085512
0.882666
1.883548
0.142154
0.473240
1.358084
1.089798
1.887476
0.498044
1.887284
0.818848
0.972063
1.239940
1.748322
1.639086
1.089781
1.887126
0.986463
1.090090
0.545987
0.951619
1.028644
1.653919
0.423135
1.639218
1.251742
0.288409
0.701141
1.338586
1.091876
1.294514
0.465480
1.381011
0.508326
1.102844
0.387682
0.923719
0.640942
0.156787
0.449344
0.713991
1.882565
0.554680
1.887030
0.649773
1.887047
0.163419
0.725277
0.143239
0.270971
1.854090
1.416663
0.473547
0.293922
1.696696
1.639329
1.088429
0.191201
0.346314
0.399332
1.884610
0.844122
1.886791
0.894460
0.928552
1.639085
0.637638
0.698868
0.140811
1.021259
0.394328
1.131211
1.464550
1.235945
0.709341
1.089725
1.880620
0.917273
0.295331
1.289498
0.824202
1.880889
1.713926
0.447678
0.287236
1.062658
0.214551
0.141714
0.148105
1.349631
1.616807
1.761024
0.660560
0.150812
0.870433
0.470484
0.935638
1.052706
0.227479
1.402599
1.250381
0.898914
1.887532
1.361436
0.172718
1.638816
0.144041
1.219496
0.903965
1.581852
0.924890
1.089784
0.668078
0.659129
0.141402
1.089785
0.845683
0.984037
0.143344
1.793362
1.886635
1.089826
1.092127
1.401308
0.143925
1.089999
1.856191
1.887573
0.345200
0.865350
1.240501
1.554714
0.142109
0.793875
0.262923
1.787144
1.515034
1.618089
0.750424
1.231304
0.712722
1.887416
0.215164
1.515505
0.954450
1.887558
0.626871
0.252397
1.709645
0.480206
0.271487
1.239015
0.140418
0.140449
0.210413
0.433870
0.234480
1.887480
0.448300
0.465513
0.859912
1.884821
0.788871
0.565727
0.784085
1.499034
1.335816
0.959194
1.639156
0.257437
0.141238
1.342627
0.982040
1.090407
0.145097
1.514415
0.811460
0.661858
0.600291
0.750074
1.873106
0.340920
1.082011
0.737098
0.141483
1.887090
1.400301
0.432307
0.276916
0.165071
0.402613
1.886518
0.177935
1.717711
0.367872
1.312821
0.659929
1.720553
1.089859
0.963457
0.446666
1.766864
0.283940
1.090965
0.898127
0.202555
1.878186
1.377247
0.430056
0.407025
1.515753
0.155493
1.887559
0.694116
1.644771
1.887512
1.240355
0.141066
1.702155
1.864089
1.089780
0.312506
0.433902
0.265101
0.178961
1.243593
1.247942
0.141810
1.618525
1.094838
0.685133
0.176642
1.856206
1.759738
0.832135
0.382422
1.639132
1.641019
1.089929
0.475647
0.146528
1.741991
0.571277
1.774785
1.089791
0.141610
0.182658
0.569334
1.086478
0.168338
0.879856
1.573074
1.381868
1.887425
0.307879
1.885909
1.887342
1.125718
1.249933
0.447704
0.491562
1.649127
1.887541
1.575242
1.886188
1.720615
0.883371
1.471744
0.838092
1.887006
0.576372
0.570284
1.612383
1.709651
0.976776
0.492968
1.717378
0.246641
1.237046
0.209700
1.880413
1.887432
1.515491
0.677680
0.163430
0.280475
1.524530
1.090040
1.722159
0.398741
1.090929
1.887569
0.921611
0.297968
0.140393
1.402058
1.091062
0.222140
0.816954
1.887506
1.881174
1.638731
1.617130
1.139337
0.671234
0.775210
0.140532
1.840487
0.169138
0.671103
0.140435
1.476306
1.089408
0.161961
1.054141
1.619339
1.718007
0.742458
0.973965
0.140596
0.596610
0.629720
0.140507
0.627092
1.578958
0.788616
0.627933
0.263226
1.640558
0.799856
0.836866
0.432913
1.484464
1.099024
0.869082
1.225197
0.928650
0.349050
0.206292
1.089741
0.147503
0.140391
1.641999
1.887159
1.872199
1.086744
0.842970
0.813471
0.751488
1.515207
0.386190
1.874353
1.887547
0.706049
0.521934
1.069732
1.722641
0.700016
1.089625
0.978984
1.091711
1.084352
1.356431
1.886292
0.442057
0.969672
0.847003
0.259330
0.972602
1.000105
0.757482
1.364153
0.195570
0.197929
0.527980
1.615577
1.089760
1.092942
1.193421
1.420323
1.873277
0.278352
1.871213
1.240539
1.093975
0.140958
1.242503
0.266382
1.269720
0.994074
0.388605
0.546617
0.829793
0.591159
1.258365
0.638242
0.602330
1.887493
1.093112
0.431545
0.970301
1.089306
0.347884
1.089682
1.886064
1.241107
0.347093
1.885123
0.147983
0.386541
1.827590
1.091925
1.185854
1.089778
0.156225
0.230262
1.092540
0.375114
1.884119
1.089502
0.568022
0.181407
0.779678
0.477840
0.405428
0.642932
1.001348
1.872660
1.887519
1.639835
0.140659
0.856215
1.237170
1.415906
1.863245
0.717702
1.086906
0.447997
1.516937
0.758839
0.927418
0.564097
1.582162
1.090876
0.424834
0.140505
0.233509
1.452105
0.574867
1.515629
1.887218
1.111103
0.266296
0.335061
1.084142
0.888686
0.146958
0.141002
1.886243
1.244111
1.730607
0.586673
1.091034
1.011363
0.368421
1.241424
0.384901
0.700106
0.174154
0.142939
0.408226
1.071919
0.161507
0.160429
0.588423
1.098716
0.974910
0.803257
1.082730
0.927613
0.329843
0.969260
1.184214
0.749839
0.192226
0.194672
1.244094
1.435779
0.752424
1.724264
0.994764
1.215981
1.581713
0.520109
1.512955
1.441519
1.639277
0.179468
0.607597
1.254619
0.542251
0.991126
1.638941
0.956592
1.089625
1.732357
0.789646
0.294497
0.570879
1.617658
0.208249
0.691619
0.685737
0.697236
1.885046
1.886951
1.271571
0.285314
0.173280
0.673160
0.839807
0.863585
1.024856
1.089766
0.142611
0.435633
0.970567
0.440413
0.167508
0.158246
1.425552
0.946490
1.298135
0.578474
1.575691
1.091249
1.088715
1.887402
0.822348
0.140686
1.886748
1.066542
1.770611
0.224571
1.513142
0.905702
1.877511
0.661728
0.905846
1.240377
0.947896
0.310248
1.845075
1.151460
0.149333
1.080096
1.886846
0.141647
1.339699
0.745771
1.168055
1.090175
1.240133
1.513949
1.168010
0.387691
1.324347
1.887529
0.150344
0.976609
0.489367
1.507239
1.753666
0.322206
0.141043
0.141615
1.089895
0.542282
0.294511
1.056617
0.402293
1.196722
1.775592
0.504067
0.644650
1.854634
0.140874
1.020700
1.886237
1.255098
1.093558
1.667840
1.103964
0.250355
0.791874
1.089784
0.987045
0.148573
0.140650
0.164493
1.887486
1.089801
0.663157
1.234988
1.096109
1.038840
0.163660
0.764369
1.359591
1.266365
1.092046
0.143177
1.886470
0.438781
0.333955
1.884532
1.093855
1.884601
0.947576
1.592885
0.934437
1.217615
0.311623
1.243913
0.732911
1.756850
0.983924
0.143790
0.154656
0.886226
0.146338
1.801893
0.384175
1.048330
0.159999
1.088444
1.443269
1.618452
0.171533
0.413017
1.887337
1.400802
1.564810
1.156713
1.098460
0.474323
1.092126
1.886317
0.140490
0.754550
1.090846
1.246461
0.199982
0.140576
1.091524
0.606980
1.093772
0.973691
0.251394
0.193588
0.876604
1.113756
0.949085
0.571155
1.881894
0.221989
0.828567
0.486052
1.514876
1.236247
0.178336
1.642378
1.741801
1.713888
1.500165
1.887204
1.887193
0.379253
0.553605
0.284207
1.089728
1.286435
1.086866
1.887387
1.618063
0.647970
1.237577
0.790464
1.887414
1.534880
1.886953
1.615317
1.723986
1.887537
0.560798
1.844904
1.887480
1.143682
0.663903
1.105766
1.379355
0.766834
1.315067
0.196261
1.887344
0.470021
1.090013
1.324512
1.089782
0.867426
0.516131
1.887180
0.327096
1.883152
0.946755
0.711505
1.239440
0.268818
1.514938
0.356716
0.140543
0.999831
1.382662
1.077556
0.735791
1.344083
0.213683
0.708532
0.154131
1.672444
1.377403
0.940197
0.621317
0.533190
1.871248
0.140388
1.395465
1.676089
0.539101
0.357400
0.358702
1.705047
1.748721
1.719500
0.563866
0.856336
0.195147
1.864366
1.515580
1.887224
0.599200
1.261490
1.074986
1.239308
1.250265
1.737278
0.149194
0.576378
1.639071
1.090327
0.867376
1.886445
1.097485
0.587049
0.304549
1.367553
1.886503
0.180349
0.213034
0.537725
1.887135
1.137523
0.172546
1.639019
0.517330
0.582699
1.878638
1.875434
1.089504
0.979239
1.639921
1.246413
1.007175
0.837509
1.881129
0.504287
1.089776
1.880453
0.151558
1.098551
1.515678
1.885430
0.412587
0.990017
0.580442
1.311264
1.090201
1.089810
1.618042
0.150712
0.184193
1.640179
1.089241
1.832494
0.738289
0.330038
1.716376
1.356043
0.588688
0.543689
0.714519
1.143790
1.243453
0.325615
1.085576
1.089790
1.515144
1.238425
1.730146
1.761455
1.453628
0.951669
0.967224
0.508765
1.887533
1.515538
1.881396
1.090184
0.140718
0.145008
0.929358
0.894857
1.693789
0.865000
1.469253
1.313113
0.550748
1.089965
0.900602
0.549233
1.237448
0.153523
1.088613
1.400598
1.059467
0.880800
1.469984
1.581857
1.886599
0.942372
0.284279
1.237695
1.420133
1.887559
0.140432
0.149354
0.306200
0.435919
1.357740
1.616833
0.587229
0.632881
1.034804
1.262374
0.140501
0.438686
1.575046
0.306235
0.531365
1.035875
0.148351
1.514785
0.835870
0.848436
0.928075
1.522002
0.142178
1.099538
1.089710
0.593924
1.092982
1.881541
0.155509
1.089772
1.237775
1.386175
1.252730
1.232217
1.681565
0.413653
0.280469
1.394071
0.173035
0.312061
0.537130
0.711544
1.884610
0.709616
1.883004
1.887438
0.288685
0.829037
1.854218
1.638963
0.508436
1.714713
1.664694
1.516095
0.562759
0.981144
0.242977
1.511204
1.345754
1.776302
1.287188
1.887551
0.143626
1.835678
0.173878
0.219133
0.881476
0.866990
0.713010
0.224261
0.140411
1.369542
1.692700
0.519424
1.154523
1.069585
0.920092
0.142522
1.748636
1.089896
1.514744
0.223241
1.813965
1.235675
0.197489
0.942630
1.089752
0.545979
0.690347
1.090509
0.152275
1.093822
1.089829
0.561548
1.570236
0.824999
1.634039
1.353039
0.868172
1.641217
1.886968
1.887435
0.578285
1.365646
1.089612
0.271871
0.263244
1.887410
1.851150
1.707054
1.031385
0.140440
1.090039
1.089745
1.836120
1.432053
1.089746
1.721962
0.849622
0.471025
1.050037
1.618057
0.721692
0.562644
1.330487
1.856282
0.992234
1.759038
1.243747
1.477624
0.366187
1.092430
1.887504
1.880496
1.090316
0.395788
0.140494
0.171830
1.640707
1.093109
1.515611
1.621590
1.264804
1.247576
0.144423
1.358124
0.550200
1.108223
1.618189
0.227977
1.616170
0.924180
1.459974
1.090143
1.782545
1.242913
1.243265
1.887531
1.462045
1.886384
0.463956
1.752516
0.519408
1.240187
1.461948
0.853605
1.101029
1.887327
0.420994
0.140936
1.407053
1.087852
0.751863
1.887028
1.085549
0.438152
0.657652
1.426861
0.151729
1.644857
0.848441
1.589331
0.749532
1.513616
0.365655
0.692042
0.741317
1.887134
1.887416
0.567821
0.283730
0.765145
1.061075
0.587447
1.387780
0.720773
1.886947
1.879517
0.592098
1.414711
1.282862
0.502288
0.180604
1.884548
1.515744
0.961231
1.864201
1.849725
1.333791
1.611839
1.327585
0.921777
1.639086
1.595999
0.415991
0.550210
0.473823
1.616251
0.624710
1.089770
1.887549
1.322328
1.617611
1.618289
0.505319
1.861022
1.743989
0.639369
1.089099
1.217108
0.636682
1.030941
0.586459
0.820164
1.884210
1.858262
0.509720
1.748680
0.920956
1.876571
0.154210
1.885378
1.645013
0.572820
0.465658
0.183193
1.876230
1.865769
0.171312
0.153105
0.162003
1.089777
0.605910
0.518186
1.886593
1.254600
1.663146
1.103803
0.528157
0.432903
0.806769
1.058670
0.658954
1.088422
1.091230
0.143981
0.839137
0.642130
0.465803
1.617184
1.089627
0.145325
1.622098
0.820451
0.836049
1.089868
1.887472
0.140671
1.203232
1.091292
1.887077
0.400764
0.315297
1.399650
0.141057
0.523555
0.941450
0.840825
1.886310
1.513735
1.222092
1.606869
0.580901
1.881839
1.267440
0.383776
1.558510
0.861581
0.144866
0.224574
1.023901
1.880778
1.601490
0.958726
1.887219
0.524690
0.558253
1.887252
1.089724
1.053463
1.511871
0.883590
1.376099
1.223855
0.533112
1.682432
1.230278
1.886132
0.155263
0.324548
0.160547
1.887157
1.641479
0.275904
0.329702
1.089770
0.638506
0.400603
0.143330
0.265596
1.089616
0.569340
0.792678
1.105745
0.950579
1.158865
1.552343
1.024177
1.405214
1.874515
1.880839
1.887444
0.213346
0.366393
1.582946
0.341045
1.253302
0.754147
1.884844
0.672964
0.585773
0.550477
1.090444
0.984468
0.167334
0.972290
1.243880
0.144108
1.638282
1.886763
0.933564
1.887499
0.303378
0.145635
0.284237
1.100617
1.089784
0.621786
0.200105
0.140405
1.731486
0.578097
1.241157
0.667554
0.764447
1.887565
1.090861
1.887358
0.581856
0.931033
1.420229
1.052480
1.003918
0.522274
0.140590
0.432210
0.970404
1.612204
0.607655
1.251147
1.874305
0.967275
1.886001
1.477584
1.008788
0.324427
1.886350
0.770346
1.597449
1.334650
0.229122
0.288915
1.879178
1.887530
1.075578
1.089832
1.718167
1.771356
1.190524
0.246530
1.432784
1.651742
0.144821
1.887317
1.887536
1.094097
0.968236
0.442445
0.678733
0.963761
0.158036
1.885773
1.886977
1.516550
0.918253
0.979523
0.851509
1.278949
1.442802
0.239615
1.814706
1.872596
1.253650
1.641645
0.142528
1.093407
0.859580
0.173769
1.622988
0.410484
1.476244
0.560078
0.374282
0.589637
0.201973
0.159886
0.169773
1.866551
1.095602
1.384685
1.514356
1.618426
0.504732
1.510444
1.887332
0.998360
0.176240
0.195747
1.887481
0.272858
0.182923
1.097633
0.142540
0.740980
1.090368
0.148339
0.142437
1.887056
0.886043
0.175949
0.939366
0.435673
0.425508
0.140484
1.469499
0.345485
1.717891
1.090787
1.613782
0.302752
0.212624
1.520106
0.508708
0.926174
1.110547
1.089772
0.850205
0.847399
1.883005
1.026688
1.089770
1.078297
0.572788
0.631444
1.809247
0.190559
0.914222
1.617947
0.151149
0.593218
0.597510
1.862368
0.166000
0.959189
1.886801
0.197382
1.858371
0.399816
1.886864
1.639121
0.493784
0.184945
1.699758
0.792301
0.590278
0.294791
1.886783
1.239851
1.090104
0.372109
1.125200
1.887383
0.923021
1.641241
1.386497
0.608501
0.540055
0.876747
0.595375
0.928841
0.553038
1.089773
0.262664
0.143107
1.190830
1.882089
0.352612
1.348405
0.140958
0.207928
0.803559
1.885768
1.851398
0.764345
1.393964
0.871951
0.153711
0.244910
0.945208
0.630883
1.265855
0.168864
1.343599
1.046774
1.885784
0.712667
0.315620
1.887146
1.796001
0.779226
0.147591
1.091513
0.907754
1.462545
1.882421
0.900328
1.217568
1.617399
0.890650
0.616589
0.950768
1.238636
1.092433
0.717214
1.491929
1.515616
0.140821
1.887545
0.512022
1.515573
1.159544
0.295787
1.886431
1.094178
1.502720
0.987453
0.578929
1.369542
1.616937
1.080572
0.140595
1.885509
0.140393
1.792769
1.678702
0.855031
0.240334
0.446557
1.269980
1.887555
1.607884
1.089737
0.673239
0.820227
1.887319
1.807069
0.146293
0.944335
0.143319
1.878559
1.827307
1.763256
1.238131
1.851777
1.639098
1.887544
0.893630
0.329073
1.680033
0.481401
0.284874
0.471660
0.291631
0.749538
0.600853
0.457886
1.235724
0.820995
0.161745
0.965039
1.419701
0.829577
1.121867
1.618209
0.186085
1.886158
1.091297
1.887122
1.887379
0.519815
0.502800
0.143618
0.191047
1.394039
1.875393
0.467077
1.237388
0.176238
1.150299
0.380751
0.491089
1.412760
1.644392
1.145403
1.857649
0.807434
0.149093
1.240174
1.642743
1.089776
1.740752
0.778769
0.512980
0.259906
0.748317
0.255883
1.653967
1.274685
0.341537
1.579224
0.667399
1.272285
0.146588
1.092040
1.886902
1.515506
0.178631
1.239582
0.156554
1.586815
0.865178
0.608931
0.214662
0.308984
1.640875
1.692753
1.882686
0.145188
0.523563
0.151666
1.615955
1.308765
1.875587
1.886940
0.285746
0.301899
1.063259
0.140776
0.986667
1.073704
1.505718
1.883538
0.461747
1.887505
0.869384
1.874913
0.267087
1.239019
0.996910
0.865726
0.913635
1.089749
1.042022
1.887441
1.886750
1.887473
0.271491
1.240682
1.090456
1.006660
1.463422
0.155783
1.636462
1.261010
0.270603
1.887542
0.141929
1.410173
1.089472
1.488817
0.431571
0.939993
1.720262
0.324819
0.194063
1.886679
1.585479
1.363791
0.143498
0.983491
0.965531
0.355887
1.887356
1.458609
1.887288
1.813543
0.290677
0.150487
0.882992
0.739089
0.765524
0.538067
1.242635
0.289574
1.828667
0.379698
0.529642
0.201362
1.887564
1.089278
0.950356
1.090294
0.359972
1.887566
0.497777
0.819252
1.516974
0.301255
0.693877
0.669285
1.388473
0.152164
0.141668
1.202815
0.964652
0.202615
0.442076
1.487413
1.760572
1.090050
1.134257
1.090725
0.175389
1.873728
0.939999
1.089633
0.916841
1.617780
0.157428
0.649586
1.626031
1.770849
0.476429
0.171872
0.140512
1.268050
0.618249
0.294381
1.885782
1.319001
0.584047
0.567938
1.604661
0.275042
0.282701
1.101784
0.174448
1.515419
0.965505
1.885935
1.089776
1.250577
1.089777
1.086905
1.887347
1.376510
1.639079
0.972759
0.687983
0.183427
0.418640
1.089785
0.424990
1.746068
1.460626
1.088381
1.887394
1.872183
0.279372
0.575608
0.833732
1.089178
0.552714
1.620884
0.148345
1.781239
0.576656
1.505981
1.088828
1.237738
0.937332
0.143371
1.760895
1.245589
0.836506
1.033368
0.387047
0.186583
0.555318
0.508596
1.095372
0.142068
0.825654
1.820125
0.143791
0.140400
0.912540
1.361783
0.617616
0.554071
0.550345
0.972261
1.887454
0.293602
0.873543
1.887241
0.461895
1.655018
0.676368
1.626707
0.517140
0.669967
1.003369
1.733698
0.266738
1.240807
0.813215
0.471457
0.140418
1.241038
1.885377
1.886785
0.520826
1.887446
1.515557
0.163577
1.882870
0.449346
1.718731
0.968124
0.145696
1.886626
1.102271
1.089793
1.021276
1.165090
0.521697
0.783224
0.959800
0.970529
0.554057
1.887513
1.154687
1.762163
1.579586
1.420220
0.184610
1.515584
0.903843
0.698584
0.618692
1.468733
1.090123
0.146950
1.886251
1.823043
0.628927
1.101108
0.852321
0.613012
1.338563
0.595986
0.930669
1.802489
1.237776
1.666246
0.574405
0.153501
0.166901
0.161762
0.440256
1.089783
0.605698
0.786380
0.372011
1.426836
1.609781
1.517413
1.881333
0.520591
1.237378
1.334592
1.633817
1.738427
0.649112
1.881961
1.885571
0.750466
1.765455
1.883864
1.885000
1.107489
1.805074
1.136499
1.181207
1.887478
1.219387
1.748696
0.804646
1.089777
0.344237
1.094384
0.141145
1.130267
0.155853
1.089758
0.706454
0.888792
0.322982
0.765937
0.641710
1.855553
1.751790
1.516430
0.849751
0.636811
0.876415
1.515181
0.592801
0.152502
1.480844
1.874512
1.715904
1.088353
1.435093
1.752746
0.632890
0.152572
1.382729
1.887513
1.746960
1.041957
1.637754
0.330659
0.841469
0.659169
1.696430
1.387044
0.606936
0.143690
0.519110
0.521391
1.522105
0.155278
1.537031
1.474469
1.051827
1.887525
0.481677
0.440923
1.877469
0.777562
1.089782
1.887573
0.148352
1.887518
1.756456
1.886673
1.241997
0.140729
1.744879
1.316702
0.856782
0.140517
0.491296
0.443207
1.086506
0.811702
1.515418
1.097086
1.510464
0.141891
0.552066
1.620052
1.325624
0.147155
0.608899
0.642828
1.307389
0.267284
0.347531
1.397473
1.802527
0.411642
0.173736
0.449280
1.887082
0.151935
0.589214
0.572022
0.437831
0.674085
0.532893
1.618721
1.241995
1.887472
1.696690
0.815053
1.243443
0.863409
0.973160
0.631634
0.552481
1.885383
1.235015
0.302728
1.241289
0.197080
0.937002
0.718705
1.089853
1.807243
0.141537
1.886015
0.575549
0.450699
1.103791
0.245000
0.620166
0.753186
1.783289
1.284766
0.735127
0.702327
1.253113
1.515513
1.089231
0.988422
0.628167
0.935461
1.887565
0.611594
1.091254
1.252936
0.188980
0.603690
0.697957
0.853212
1.108417
0.625392
1.203151
1.617567
0.202543
1.639085
0.146212
0.188406
1.110774
1.613446
1.089609
0.349211
1.401939
1.882056
1.412505
0.478504
0.495193
0.185273
1.806416
1.887256
0.195483
1.260333
0.502078
0.254362
1.286402
0.558104
1.530797
0.837523
0.630038
0.562353
1.089034
1.327500
0.838344
1.617177
1.227429
0.535774
0.928994
0.853104
1.875073
0.926380
1.600486
1.351599
0.460710
1.885935
1.565169
0.848680
0.146900
1.080377
0.841159
0.599329
1.886297
1.887012
0.197985
1.887332
1.646956
0.150466
0.208698
1.887578
0.875244
0.566363
0.142860
1.887283
1.089782
1.235588
0.162343
1.490438
0.140507
1.772401
0.155583
0.857810
1.263459
0.928084
0.860514
0.806268
1.214211
1.239825
1.887312
0.355249
0.142290
1.369942
1.562799
1.514396
1.468872
1.086724
1.090738
0.141388
0.149307
0.999134
0.366590
1.887212
1.093984
0.657340
0.853812
0.380379
1.881261
0.455336
1.091347
1.001442
0.847083
0.407913
1.432584
0.152856
1.090698
1.049959
1.089838
1.131133
0.140929
0.837127
1.247614
1.406162
0.655986
1.089764
0.999970
1.321523
1.886385
0.144695
0.868807
1.639088
0.437421
0.220037
1.112677
0.256799
0.868010
1.506035
1.379224
0.894077
0.917408
1.851978
0.284817
0.742311
0.745693
0.918873
1.088765
1.887457
1.887401
0.222568
1.717895
1.283934
0.206312
1.331080
1.378538
1.886959
1.887097
0.388832
0.724051
0.923466
1.419106
1.887500
0.472600
1.870159
1.887203
1.887167
1.718730
0.888004
0.282665
0.930454
1.886970
1.256562
1.089747
0.896817
1.154823
0.645380
1.135657
0.543304
1.464797
0.215066
0.171291
0.522116
1.407578
1.335544
0.515004
0.575555
1.881121
0.574050
1.515577
1.246098
1.498273
1.884026
1.585349
1.242155
0.417448
0.431403
0.659736
1.237517
1.719664
0.152131
1.089791
1.886739
0.140458
1.705356
0.144962
0.678613
0.140467
1.032155
1.767391
0.213590
0.703849
0.891014
0.142831
1.887361
1.876828
1.585202
1.398710
1.640544
0.211293
0.688293
0.431849
1.140298
1.605007
1.079392
0.143070
1.599823
1.884358
0.156981
0.592645
1.887118
1.750248
1.417568
0.919815
1.672532
1.887203
0.140529
1.090954
1.089766
1.237435
1.886738
1.090478
1.881454
1.717429
0.986977
0.512991
0.141029
0.347413
1.870054
1.635661
1.164254
0.579018
1.093423
1.881350
0.599841
1.215357
1.887284
0.971094
1.089718
0.248444
1.784032
0.804646
0.140396
0.877520
0.143217
0.143977
1.887486
1.097630
1.617933
0.266418
1.089784
1.618984
1.886895
1.143423
0.189900
0.951708
1.105607
1.880996
0.239333
0.824779
0.810540
0.937776
0.342605
1.766045
1.879636
0.695214
0.140772
0.922759
1.380580
1.887495
0.997519
1.883050
0.142138
1.886892
1.887099
1.721402
1.883323
1.397800
0.831154
1.615487
1.571472
1.356173
0.141463
0.829442
1.719680
0.215491
1.461098
0.776320
1.887514
1.887099
1.863759
0.903712
1.885839
0.663065
0.585444
0.719841
1.887333
1.400352
0.874614
1.515670
0.851846
1.241209
1.528693
0.395823
0.874293
0.247509
1.089853
0.644940
0.939832
1.648534
0.990858
1.305465
1.240710
1.090113
1.089465
0.464526
0.329706
0.663207
1.414863
1.307137
1.725374
0.174282
1.086158
1.636437
0.143730
1.037376
1.391603
0.188261
1.776715
0.966533
0.613405
1.095033
0.610492
1.564273
0.411313
1.885713
0.560040
0.209141
1.404056
0.496332
1.089782
1.792634
1.098355
1.887215
0.315924
1.000417
1.748936
0.140560
0.609602
0.858611
1.880051
0.140481
0.839620
1.486687
0.479246
1.002519
1.238359
1.270131
1.887403
0.816314
1.089776
1.857897
1.435761
0.969590
1.090116
1.887524
0.954389
0.143181
1.761875
1.658193
1.858109
1.250920
0.140557
0.660648
1.317118
0.238189
0.908588
0.271142
0.165642
1.087773
1.697839
0.569834
0.556792
1.617023
1.886528
1.879208
1.887404
1.089719
0.170702
0.144234
0.289576
1.795225
1.638816
1.544153
1.691675
0.140450
1.753138
1.887000
0.796744
0.923263
0.808323
1.088978
0.695319
0.848477
1.588820
1.402150
0.773798
0.483506
1.887461
0.147647
1.869679
1.639213
1.314370
1.887492
1.639089
0.875983
1.768111
0.854294
1.617743
0.705188
0.150554
1.233861
1.396244
1.521335
0.735511
0.140499
1.371778
1.887378
0.577509
0.490752
1.886539
0.180264
1.631041
0.159846
0.412196
1.351440
1.392405
1.652010
1.090030
0.141164
1.093610
1.886822
1.236159
1.886631
1.465490
1.240041
1.088873
0.460307
0.147111
0.883608
0.541589
1.821992
0.312882
0.151084
0.192584
1.871122
1.688872
0.140407
1.033058
0.147389
1.886809
1.150497
0.188874
1.135759
0.567519
0.140453
1.032754
1.882194
0.590692
1.397247
1.408823
1.887423
1.197073
0.523811
1.809257
0.588306
1.780828
1.523569
1.665749
1.887565
1.886560
1.748250
0.891545
0.140458
1.255487
0.514873
0.348208
1.379868
1.238204
0.274189
0.508012
0.807997
0.560901
0.401902
0.238969
0.859559
0.225183
0.620037
0.451379
0.141024
0.780769
1.106079
1.532394
0.140437
1.364468
1.887255
1.887223
1.881432
0.648447
0.494643
1.108165
0.933037
1.243707
1.062215
1.652102
0.880303
1.075024
1.460710
1.604894
0.589620
0.980806
0.261317
1.063205
1.266808
1.136407
0.644312
1.887503
0.242129
0.203165
1.050594
0.587817
0.864149
1.619565
1.785230
1.720650
0.624159
1.639076
1.240642
1.639684
0.302377
1.095403
1.068715
0.182047
1.616783
1.470203
1.515351
1.881916
0.618368
1.315755
0.586632
0.523161
0.978600
0.319005
1.241421
1.465728
0.567926
0.217744
0.212274
0.696092
1.886568
0.856116
1.769792
1.645239
0.466075
0.294244
0.209210
0.865195
1.872611
1.496794
1.887535
1.887536
0.338407
1.088313
0.483965
1.089774
0.165148
1.887303
0.972047
1.637071
0.477948
0.591228
0.310916
0.684588
0.644876
1.608063
0.196849
1.473804
1.621538
0.440151
0.876574
1.541409
1.097201
1.257448
1.618315
1.887071
0.636500
0.573463
0.146011
0.621193
1.429361
0.217065
0.204291
1.733037
1.887488
1.557868
0.669490
1.887488
1.754084
1.089799
0.347927
0.859909
0.369773
1.354717
0.151096
0.556674
1.885247
1.887526
0.300931
0.671457
1.883623
0.438249
0.363678
0.449409
0.344383
1.639186
1.362391
0.743296
1.516158
0.154795
0.378631
0.466787
0.539795
0.918191
0.643631
0.466847
0.461985
1.089712
0.276413
0.195129
1.515591
0.457595
0.394872
0.387976
1.089116
1.850399
0.551233
0.414505
0.886852
1.615930
1.572410
0.960967
1.885357
0.521151
0.148869
1.615898
0.708989
1.573867
0.637858
0.457124
0.160881
1.863381
1.390141
1.887496
1.247307
0.961025
1.421208
1.617150
1.804804
1.066359
1.618766
0.677282
1.480626
0.665049
0.490022
1.246306
0.159452
0.526997
0.414078
0.261307
0.143758
1.887509
0.493459
0.701638
0.894764
0.590556
1.887515
1.286555
1.515652
1.388257
0.206365
0.373975
1.092699
1.090582
1.083838
0.538285
1.886210
0.909898
0.471216
1.019780
0.468422
0.794148
1.451029
1.754358
0.762250
1.478715
1.774473
1.452589
1.402336
0.441429
0.855289
1.821097
0.147934
1.020923
0.874939
0.466058
0.893732
0.163467
0.878298
1.409129
1.887478
0.833410
0.905643
0.506631
1.229783
1.264595
0.141116
0.647586
1.380391
1.638029
1.635509
0.966178
1.493140
1.735451
1.577022
0.924616
0.270268
1.887242
1.581803
1.416463
0.167886
1.089784
1.090554
1.887475
0.939553
1.700034
0.843579
1.886435
0.171619
0.474296
0.163790
0.713466
1.869900
1.089787
1.741904
1.338065
1.091769
0.164093
0.705697
1.293161
0.148938
0.213468
1.091250
1.778190
1.410915
0.276220
0.143455
1.103247
1.886881
0.677840
1.887562
0.980309
0.844435
1.521114
0.461595
0.867976
0.526957
0.627387
1.641694
1.879375
1.602112
1.576530
0.170680
0.149698
0.706125
1.694042
1.639064
0.155218
1.096535
0.905203
1.090299
0.861741
1.641728
0.153448
1.350032
0.448235
0.789393
1.866656
0.593696
1.089751
0.661216
1.617277
0.347222
0.140488
0.376287
1.887395
0.709284
1.514762
1.811809
0.928052
1.780277
0.311801
1.225444
0.143383
0.501107
0.256947
1.886938
1.565964
1.367725
1.281054
0.142308
0.325617
1.886119
0.557895
1.602804
1.359742
1.886717
1.000396
0.140857
0.491755
1.005264
1.799811
1.513912
0.822069
1.885821
1.333421
0.143578
1.791922
1.538219
1.089860
0.818263
0.571665
0.610813
0.858814
1.698967
0.142760
0.583395
0.423339
1.421144
1.089793
0.808302
1.243946
1.495633
1.512935
0.148468
0.140425
0.153932
1.121243
0.203277
0.676646
1.493411
0.615858
1.608948
0.663121
0.792514
1.698757
0.426212
1.089790
1.670727
1.093126
1.336151
1.594546
1.105655
0.565165
1.887412
1.856958
1.238779
1.056448
0.225073
1.090053
0.504532
0.827307
1.089614
1.237548
0.190822
0.299202
1.804056
1.887563
1.622075
0.142388
0.200188
1.272401
1.376932
1.626842
0.211036
0.564463
1.089943
1.881159
0.227345
0.285650
1.887183
0.153018
0.553632
1.101467
1.636610
1.877682
1.484018
1.201497
1.572981
0.144752
0.938348
0.903385
0.840868
1.402299
0.560531
0.847704
0.954350
1.089883
0.177535
1.256513
1.779615
0.708660
1.241227
1.480868
1.687526
0.296908
1.263650
1.885081
1.231742
1.232069
1.617964
0.245986
0.930486
1.246455
1.068287
0.919757
0.598535
1.222891
0.826159
1.088792
0.938534
1.640896
0.852041
1.264429
1.473980
1.096133
0.185723
1.113189
1.582319
0.332943
1.384098
0.140920
0.141314
1.559930
1.184072
1.790966
1.376181
0.321203
1.302898
0.849374
1.368335
0.456048
0.163152
0.277306
1.237029
0.619760
0.448634
0.956404
1.240476
0.642458
0.612152
0.580030
1.378843
1.089745
0.179167
1.886906
1.240892
1.465751
0.839477
1.406740
0.979918
0.343738
0.466369
0.901552
1.887052
1.887524
0.600819
0.730200
1.129935
1.639057
1.563339
1.305397
1.089748
0.150197
1.012022
0.994605
1.638370
0.666328
1.294379
1.880756
1.398293
1.639055
0.683064
1.721667
1.883526
0.145246
1.091080
1.372361
0.468325
0.141503
1.643080
0.422135
1.566039
0.903646
0.452817
0.873284
0.256894
0.801951
1.515833
1.455953
0.874793
1.636767
1.119040
1.876026
1.033614
1.639116
0.551966
1.887453
0.141011
1.346004
0.420293
1.418489
1.522691
1.027494
0.447817
0.745460
1.245169
1.513715
0.853654
1.089614
0.657820
1.887213
1.885809
1.401002
1.236506
1.718070
0.925851
0.412712
1.880725
1.443858
1.614718
1.720141
1.014545
0.471570
0.279677
1.859727
0.744423
0.276183
1.615036
0.648001
1.342033
0.140583
0.807903
1.883828
0.387242
0.140645
1.646024
1.651346
0.763059
0.321660
1.273053
0.506911
1.318481
0.580023
0.140850
0.873930
0.630927
1.094714
0.192588
0.583132
0.897355
1.583866
0.189203
0.178369
0.629347
1.240090
1.515595
1.690249
0.442124
0.540226
0.891283
0.331952
0.762512
1.470432
0.319062
1.314675
1.751133
1.242476
0.141290
1.089828
1.397686
0.360360
0.944884
0.140614
1.618599
0.745666
0.172341
0.936362
0.341567
1.570068
1.395540
1.290201
1.728375
0.819345
0.831995
0.292094
0.336742
1.089965
0.403973
1.887573
0.231935
1.886496
0.873440
0.216637
0.802226
0.224775
1.001914
0.993663
1.088513
0.432448
1.564929
1.207605
1.713284
0.768664
0.966272
0.278921
1.083076
1.884592
0.699068
0.859843
1.515683
1.619186
1.848363
1.887115
1.132027
1.636654
0.480112
1.887388
1.887507
0.229576
0.843283
1.327035
1.090133
0.398044
0.972469
1.581348
0.473781
1.887388
1.308828
1.515584
0.577838
0.166123
0.294197
1.399687
1.096129
0.181515
1.627125
0.142981
0.821547
1.884101
0.967420
0.347328
0.157150
0.751781
1.887548
0.422115
1.070507
0.148712
0.274397
0.165558
0.307473
0.644680
0.731675
1.234928
1.881042
0.957962
1.240639
1.887022
0.664304
1.238977
0.140752
0.572503
0.368213
1.241126
0.708354
0.979842
1.151419
1.836278
1.887360
1.883536
1.887306
1.468904
1.355927
0.295909
1.395990
0.545285
0.555558
1.096194
1.576185
1.242495
1.883809
0.788851
0.481172
1.354832
1.246877
0.955116
1.094223
0.765336
1.717145
1.399172
0.990755
1.359380
1.400541
0.213218
1.885941
0.565581
0.276329
1.433534
0.151456
0.142787
1.037570
1.887281
1.884583
0.336672
0.478452
1.775334
0.147095
0.648842
1.766061
0.388463
0.140838
1.887511
1.848477
0.150240
0.537267
1.635847
0.171353
0.177543
1.883133
1.671391
0.926008
0.339912
0.938820
1.240791
0.837129
0.630415
0.151587
1.639188
1.887539
1.887285
1.666840
0.142692
0.148998
0.788938
0.909905
0.343424
1.620858
0.964472
1.884529
1.512572
1.814273
1.372065
0.960019
1.672811
1.591067
0.338330
1.863092
1.089782
1.887459
1.698644
0.946125
0.815562
0.162630
1.045741
0.141348
1.124646
0.226471
1.755589
1.089785
1.108300
0.828229
0.361360
0.791362
0.350138
1.486960
0.521371
0.752434
0.206039
0.681215
1.248225
1.761820
1.887571
1.083727
0.354959
0.150882
1.091227
1.089654
0.140888
0.780599
1.613164
1.234897
0.952491
1.071536
0.365515
0.536183
0.860522
1.617908
0.825594
0.973733
1.885880
0.290420
0.645751
1.626130
1.790482
1.034538
1.767596
1.864438
1.649465
0.868902
0.968717
0.512466
0.140396
1.364480
1.721082
1.424114
1.886401
0.174721
1.318565
1.887549
1.363899
1.886856
0.655584
1.099939
0.861110
0.146353
1.758720
1.242857
0.882361
1.881057
0.204864
1.124490
1.498152
0.604194
0.386559
1.791644
1.757728
0.682288
0.514894
1.025346
0.313509
0.411991
1.089785
1.515405
1.108858
1.887512
0.140460
0.141685
0.902850
0.970568
1.662121
0.566136
0.575351
0.206825
0.591521
0.998498
1.239632
0.169020
0.516843
1.228958
1.722430
1.628788
0.236838
0.426082
0.145730
1.615674
1.091494
0.181252
1.240395
1.284175
0.579532
0.209190
1.885662
1.431043
0.990845
1.089610
1.300098
0.140780
0.158590
1.128828
1.084572
0.208434
0.711943
1.633632
1.887431
0.548564
0.148610
1.023726
1.467514
0.154528
0.140412
1.245264
1.089839
1.426622
1.162841
1.458513
1.432722
0.154191
1.506238
0.192862
1.122281
1.495407
1.887387
0.320942
0.553676
0.788333
0.426331
0.978241
1.511671
0.415677
1.361970
1.887167
0.949507
1.432202
1.008107
1.089775
0.649145
0.477141
1.107449
1.615472
1.228671
0.185777
1.886842
0.153093
0.153903
0.573243
0.827179
1.592601
0.722291
1.886718
0.561715
1.619525
1.515420
1.237247
0.544902
1.245248
1.255243
1.884721
1.431567
0.810279
1.619095
1.671984
1.515715
0.785864
0.861083
1.723382
0.703634
1.704325
0.545430
1.102803
1.811706
1.780927
1.884179
1.887512
0.593001
1.876275
1.756224
1.887497
0.541254
0.815812
0.523623
0.481383
1.089779
1.883297
1.886947
0.410075
0.218904
0.493176
1.091049
1.087447
0.434469
1.650230
0.153820
0.141035
0.270731
1.842525
1.094665
1.639044
0.170362
1.090639
0.221336
0.818231
1.835873
0.574355
1.118298
1.176834
0.542425
0.140538
0.161878
1.005910
0.446993
1.219936
0.383528
1.883525
1.621567
0.659621
0.614756
1.094337
1.240787
0.957090
1.089740
0.257055
1.887082
1.617401
0.826503
1.718354
1.252235
1.089941
1.887233
0.957278
0.893071
1.395154
0.608174
0.668844
0.409833
0.162497
1.887468
1.887163
1.728438
0.673689
1.139690
1.887409
0.707249
1.243782
1.887569
1.658363
0.946960
0.442676
0.971038
1.621518
1.088812
1.839162
1.658290
1.886794
0.541401
1.639060
0.292630
1.731153
0.325307
1.113294
1.240762
0.796279
0.177857
1.439782
0.556269
1.875868
0.995696
0.731839
0.618192
1.090339
0.147375
1.885772
0.483867
0.891300
0.847071
1.259328
1.039311
0.719616
0.297489
1.886460
0.243828
1.806150
0.823975
0.265013
1.743623
1.518387
1.089791
0.387849
0.199215
1.887423
1.131778
0.805182
0.474445
1.348970
1.880749
0.154372
1.417993
0.974364
0.926748
0.408641
0.314224
1.885922
1.635185
1.106522
1.514191
0.865659
1.886013
0.554372
0.140992
1.886387
1.887540
1.887550
1.260965
0.986221
1.885711
1.886032
1.887012
1.148994
0.145319
0.206107
0.743038
1.240020
1.887544
1.882892
1.887263
0.140437
1.089691
0.308026
1.887246
0.958602
0.974052
1.886281
1.280222
1.299993
1.660769
0.274228
0.197611
1.615173
0.195870
1.083733
1.089543
0.140384
1.089789
1.885821
0.402426
1.862761
1.784692
0.144093
1.107396
0.286397
1.183847
0.143425
1.886965
0.984730
0.718683
0.439168
1.886627
0.658927
0.145748
0.895298
0.615747
1.515634
1.253124
1.412786
0.559273
1.505181
0.140601
0.484775
0.182812
1.871428
0.871857
0.292808
0.340624
0.820459
0.929079
1.884635
0.931946
1.887387
1.106855
0.245375
1.241041
0.962803
0.299885
1.103551
0.253993
1.751139
1.567466
1.618216
1.887559
0.911657
0.158824
0.435587
0.422792
0.830023
1.885221
1.089883
1.114738
0.532205
0.977979
1.286720
0.646989
1.245937
1.025022
0.720717
0.578451
0.152145
1.372762
1.676206
1.884937
0.933219
1.382942
1.886884
0.971893
0.882144
1.708899
0.172777
0.534877
1.243076
1.869069
1.645955
1.855570
1.883454
1.063454
1.777539
0.142295
1.883145
1.714452
0.628523
1.254442
1.674565
0.142158
0.976785
0.231020
1.089816
0.274656
0.845135
1.616171
0.927983
0.241770
1.887094
0.238428
1.017791
0.157166
0.648799
1.269872
0.152399
1.515512
0.882818
0.931685
1.786073
1.236299
0.723752
1.318959
0.494830
1.716016
0.255771
1.515255
1.575607
0.968921
0.140398
0.185086
0.650768
1.667912
1.887426
1.883336
1.887233
1.886863
1.222715
0.515030
0.900968
0.525926
1.509583
1.402592
1.102839
1.789759
0.241687
1.314783
1.881794
0.448150
0.141501
0.422843
0.991710
1.398152
0.142740
0.176681
0.141517
1.763225
0.322649
0.573255
0.412654
0.828546
1.858885
1.544873
1.884632
1.263400
1.628172
0.745404
1.858930
0.593012
1.617263
0.199254
1.089131
0.235486
0.184719
1.876679
0.285966
0.570178
1.886412
1.700971
1.358570
0.140616
0.670651
1.341500
0.321048
1.885590
1.887293
1.617822
1.618305
0.496741
0.741113
1.781878
0.603171
1.090742
0.980491
0.188509
1.124825
0.308264
0.347030
0.424450
1.618195
0.210509
1.094876
0.321209
1.887504
0.386377
0.158364
0.775192
0.142777
0.745078
1.885894
0.927222
0.757301
1.633744
1.887567
1.875945
0.156745
1.089818
1.686879
1.128365
1.886606
1.754395
0.351832
0.587191
1.118896
0.256719
0.587164
0.226466
1.111353
0.170229
1.089438
0.830847
1.089352
0.598975
1.887522
1.235817
0.186739
0.580574
0.157611
0.847263
1.762371
0.684852
0.140583
0.152599
0.192238
0.812301
1.357766
1.089930
1.717832
1.887440
1.515633
0.692305
0.173916
1.606832
0.949176
0.189540
0.955935
0.740105
0.464933
1.299241
0.142092
0.141357
1.874737
0.155790
1.359187
0.604326
0.466753
1.887479
0.996976
0.150318
1.244818
0.693253
1.089771
1.716192
0.340580
0.420475
1.619649
0.971192
1.076528
0.594576
1.885582
1.043421
0.167945
1.089839
0.815360
0.145215
1.887496
1.113407
1.639083
0.626117
0.942426
1.618076
0.979664
0.944128
0.140618
0.388948
0.844180
1.866144
0.595631
1.886055
1.089854
1.365540
1.887551
1.412319
1.093907
0.972233
1.276474
0.961944
1.736413
0.900004
1.365909
0.140435
0.140381
0.222507
1.331109
1.864774
1.821851
1.397910
0.580669
1.551275
1.762503
1.100774
0.739989
1.638867
1.091951
0.147627
1.885774
1.089782
1.428062
1.089269
1.887519
1.234027
0.230075
1.253168
0.690615
0.408206
1.092472
1.089818
1.089807
0.143275
0.193575
1.617725
0.421036
0.515607
0.145116
1.720930
1.887490
1.464989
0.141885
1.506606
1.242133
0.309475
0.906895
1.882799
0.950094
1.526896
1.887356
0.597553
1.614450
0.813291
1.005986
1.885946
0.514682
1.079754
1.515598
1.850482
1.434020
1.882181
0.543920
1.049258
1.218740
1.488765
0.976622
0.166083
1.086949
0.690607
1.886755
1.240596
0.549940
0.283440
1.589344
1.306415
1.089767
0.147231
1.885197
0.598006
1.141977
1.866245
1.635375
0.330852
0.642218
1.081346
1.550539
1.417399
0.318240
1.886716
0.167805
1.681775
1.244411
0.559281
0.730891
0.310454
1.771570
0.299564
1.686134
1.887530
1.239273
0.143716
0.318420
1.884124
0.958847
1.617573
0.141567
0.366480
0.574664
1.008067
0.964529
1.880328
1.081078
0.856072
1.240318
0.141574
1.241020
0.181041
1.886534
1.303090
0.820246
1.376531
1.090086
1.127984
1.874201
1.880439
0.981129
0.643553
1.515320
0.426821
1.079302
1.639333
0.140405
1.618477
0.527138
1.879369
1.102292
1.248661
1.877625
1.243501
1.409453
1.880151
0.386451
0.422371
0.144479
0.597237
0.487833
0.952287
0.527360
0.726621
1.580613
0.148223
1.416095
0.489249
1.287301
1.887433
0.142373
1.571370
1.080533
1.235317
1.886686
1.668691
0.519380
1.887150
1.346879
0.154572
1.240386
0.376754
0.702465
0.536109
0.922683
0.155612
0.899150
0.596043
0.971055
0.411503
0.849443
0.857839
0.867741
0.348974
0.978256
0.577060
0.370114
0.544334
0.419636
1.851706
1.092861
0.964313
1.740904
0.958179
0.783273
1.887496
0.621891
1.309082
1.368193
1.053638
0.194860
0.162337
0.140592
0.141071
0.874457
1.026728
1.517318
1.859747
0.710233
0.743069
0.501340
1.420563
0.870525
0.355381
1.084337
1.140855
0.592409
1.887532
1.395926
1.092134
1.245560
0.143200
0.612212
0.604692
0.486089
1.022339
0.450795
0.821942
0.422266
1.816665
0.319853
0.523668
1.701571
1.350792
1.884456
1.096382
1.092580
0.809351
0.915083
1.883179
0.538052
1.489503
1.375210
0.935157
0.143826
0.140572
0.911941
0.305504
1.089921
0.169754
0.157090
1.515164
1.288996
1.186821
1.620912
0.613395
1.806745
0.447129
0.530896
1.887524
0.636821
0.255030
1.360072
0.985587
1.887472
1.887007
0.404735
1.639085
1.172343
1.883980
0.145829
0.917044
0.632004
0.164837
0.568750
1.237870
1.088733
1.090050
1.887432
0.714672
0.142166
0.149713
0.268582
0.578107
1.886498
0.521693
1.090306
1.885613
0.931247
0.142303
0.836078
1.887507
0.179776
1.364693
1.250849
0.567972
0.656711
1.374408
0.158181
0.730597
0.406758
0.142784
0.180054
0.569036
0.845031
0.140804
0.523294
1.882727
1.884469
1.238854
0.523880
1.887550
0.497671
0.549691
1.887270
0.525836
0.201670
0.364745
1.738199
1.333136
0.840668
1.639077
0.469397
1.067708
0.527592
0.610319
1.638859
0.786428
1.883786
0.298931
0.578393
0.510805
1.545471
0.668669
0.278111
0.148867
1.476283
0.917901
0.271548
0.229465
0.149019
0.852389
1.091346
1.092205
0.317169
0.172799
0.525782
0.140481
0.660625
1.762930
1.370073
1.093025
0.146269
0.145329
0.417329
0.309422
1.089798
1.844108
0.141976
0.462905
1.240076
1.089982
1.452028
1.622617
1.719916
1.873264
0.727216
1.689629
0.576867
1.515533
1.887476
0.976395
0.703116
1.362174
1.618277
0.455900
0.521896
1.887213
0.741876
1.501792
1.410610
0.818040
0.753475
0.708443
0.206198
0.141924
0.367265
0.143230
0.529298
0.330913
1.886974
0.154747
0.411368
1.441906
1.515634
0.250325
1.089621
0.230478
1.089805
0.522813
1.455817
1.639077
1.395621
0.912852
1.885511
0.878021
1.673230
0.838025
1.125906
0.400940
0.398409
0.152540
0.900912
0.845087
0.288780
0.277295
0.870036
1.334526
1.883627
0.681481
1.087021
0.883882
0.162785
1.806861
0.528489
0.694392
1.089804
0.670550
1.081864
1.607730
1.089922
1.232584
0.197643
0.563973
1.881826
1.224633
1.229795
1.885901
1.883566
1.615364
0.948757
1.887103
1.621411
0.341129
1.848103
0.861640
1.829275
0.157720
0.873433
1.092098
0.319686
0.880643
1.887563
0.425973
0.737774
0.949014
0.172497
1.460092
0.346003
0.235435
1.415453
0.141290
1.882097
1.090151
1.858325
1.849969
1.028579
1.515753
0.466677
1.004949
0.658152
1.887415
0.593286
1.514915
0.541708
1.515553
0.902631
1.250858
0.181604
1.250923
1.887506
0.183723
0.608232
0.552715
0.558628
1.617030
1.089732
0.165014
0.222184
1.887548
1.434713
0.549801
0.414592
0.619310
1.887215
1.073468
0.976322
1.887551
1.242752
0.558003
1.639103
0.148430
1.239341
1.887474
0.843838
1.244255
0.822393
0.219449
1.827738
1.850157
1.089756
1.499152
1.887498
1.717885
1.576582
1.761132
0.907881
1.788530
0.985549
1.398874
1.887499
1.580916
0.424035
1.344949
0.145298
1.349897
1.882617
0.379108
0.472841
1.617671
0.569864
0.547753
0.827030
1.856394
1.887299
1.535465
0.233735
0.511476
0.545642
0.871238
1.717861
0.908207
1.515656
0.463640
0.480405
0.643186
0.929831
1.243923
0.596690
1.887483
1.038526
0.732708
1.219171
0.254967
1.342339
1.720278
1.657857
1.206279
0.717750
1.317548
0.140383
1.111012
1.154303
1.397197
1.690325
0.655433
1.862370
1.068239
0.981661
1.271879
0.570372
1.027738
1.887085
1.868711
0.499839
0.494848
0.788243
1.867589
0.807170
0.618399
0.970045
1.089909
1.719021
1.089793
1.085396
1.089733
0.190162
0.960348
1.203317
1.335517
0.146333
1.846442
1.245492
1.618129
0.305383
0.667581
1.328174
1.886516
1.507503
0.587250
1.585873
0.211872
1.220734
0.521494
1.089727
0.921317
1.599361
1.089830
0.285439
1.887408
1.774915
1.886296
0.150639
1.089837
1.097750
0.348217
0.355490
0.302354
0.385893
1.886337
0.168711
1.282341
0.141538
0.399716
1.615755
0.906548
0.570839
1.756926
1.094958
1.871538
1.863054
0.230987
1.818885
1.091694
1.112078
0.140521
1.230098
0.863584
0.357678
1.096239
0.578342
1.881477
0.206770
1.088401
0.966322
0.163331
0.153489
1.136837
0.894178
1.879078
0.167524
1.089771
0.151424
0.700082
0.973799
1.089794
0.625953
1.885602
0.283924
0.984523
0.147040
1.573263
0.497983
1.689897
1.253665
1.092686
1.089775
1.886933
1.153007
1.414496
0.772001
1.887513
0.144058
0.866915
0.551201
1.089030
0.542320
0.444951
0.275276
1.240524
1.887390
1.515495
0.331717
1.870896
0.497632
1.240021
0.406873
1.424797
0.421263
1.736631
1.639054
1.090031
0.719346
1.090013
0.151723
0.153389
1.435544
0.140450
0.384931
1.886857
1.886048
0.192174
0.993222
1.090240
1.284217
1.391158
0.526156
0.154902
1.634613
0.822916
0.140394
0.320769
0.607030
0.163577
0.157203
0.150627
0.233669
0.552526
0.291277
0.456894
1.784475
1.302166
1.090244
0.959481
1.887546
1.249825
1.887269
0.151398
0.140431
0.669432
0.177898
0.845350
1.617561
1.620850
1.774464
0.554519
0.626927
1.029129
0.428910
1.094407
0.618598
0.973276
0.698269
0.318952
1.741781
1.857910
0.271027
0.973382
1.885773
0.393859
0.668676
1.675204
0.545671
1.089648
1.617226
0.744739
0.434249
0.185053
1.513054
0.829018
1.883319
1.887393
0.465836
1.102258
1.087057
0.140816
1.887193
1.617206
1.092747
1.884775
1.618797
1.882386
0.344447
1.703912
0.243263
1.881464
0.140950
1.639055
0.222920
0.977852
1.245861
1.291572
0.632102
0.480178
1.887411
0.307919
0.925317
1.075155
0.198420
1.887534
1.111964
1.887482
1.486147
0.339021
0.364577
1.881956
1.503217
0.487936
1.089282
0.632706
1.541142
1.695566
1.887545
0.617845
0.204234
1.089918
1.206537
0.331205
1.595729
0.185313
1.887440
1.604944
1.887557
1.884629
1.230748
1.009409
1.091180
0.819346
1.089759
0.154684
0.309230
0.482790
1.254821
0.283903
0.775781
0.959299
1.437009
1.174058
0.698994
1.693134
1.885482
0.247291
0.596039
0.971859
0.321589
1.445128
1.617322
1.867663
1.260007
1.081164
1.090040
1.515633
1.626832
1.089758
0.830019
1.804943
1.266902
1.884513
0.958585
0.876913
0.657326
0.287698
1.247005
0.791987
0.494806
1.460113
0.205055
0.873440
1.887272
0.681803
1.375983
0.409952
1.887404
1.718596
0.508665
1.886251
0.305537
0.476222
0.282933
0.338559
1.089462
0.878008
0.552156
0.585964
0.862750
0.202978
0.636456
1.618351
0.958978
0.978322
1.626311
0.140655
1.515434
1.887537
1.089774
1.860350
1.084825
1.653859
0.797206
0.141017
1.827258
0.669642
1.243642
1.887400
1.887306
1.885273
1.825051
1.886330
1.887254
0.716604
1.090180
0.937701
0.945000
1.886981
1.516740
0.744879
1.601315
0.468995
1.089757
0.627749
1.637846
0.953994
0.860850
0.567863
0.882834
1.869104
1.390967
1.374939
1.065635
0.965131
0.909557
1.887208
1.090001
1.416903
0.578559
0.167251
1.166461
1.091869
0.185911
1.090984
1.089813
1.091491
1.614121
1.514930
0.186500
1.887366
1.335338
1.240844
1.515085
1.631786
1.089572
0.195724
1.887546
1.618505
0.959070
1.075933
1.715600
1.716218
1.072956
0.140799
0.453387
0.160969
1.619425
1.089579
1.515850
1.231747
1.804853
1.249501
0.730703
1.616769
0.170501
0.562458
1.886447
1.448045
1.887233
0.840166
0.748251
0.388951
0.683762
0.351893
0.543694
1.515711
1.886833
1.177213
1.378862
0.140878
1.877218
1.886689
1.886450
0.938316
1.266535
1.637647
1.395133
0.492074
1.240983
0.148633
1.640300
1.090583
0.601580
0.943193
0.416105
1.434614
1.304400
1.887545
1.403432
1.461899
0.807017
1.876121
1.248863
0.212125
1.883151
1.779996
1.019621
0.695674
0.809574
0.495031
1.089816
1.646889
0.236131
1.184342
0.955698
1.675417
0.955321
0.536618
1.869930
1.090215
1.885873
0.929719
0.464879
1.122467
1.099411
1.887266
0.951385
0.166981
0.858143
0.763754
0.966213
0.532698
0.947255
1.886029
1.355949
1.508393
1.089711
0.450054
0.164052
1.218318
0.525851
0.580075
0.142033
0.513440
0.685377
1.102198
0.631381
1.639141
1.104778
1.155720
0.227221
1.151902
0.636349
1.639256
1.388776
1.887520
1.041002
0.688132
0.661988
1.256437
1.240314
1.618040
0.492341
1.361797
1.640390
1.887453
1.887208
1.597113
0.142926
0.921244
1.758031
0.536582
1.865325
1.330910
1.484526
1.740701
1.587752
1.884480
0.144550
0.979055
0.930556
1.271967
0.249932
1.275652
0.794597
1.877294
1.884263
1.638999
1.088682
1.887470
1.582541
1.102423
1.602532
0.714082
1.887268
1.287565
0.140631
0.947999
1.240068
0.594859
1.094499
0.599088
0.607442
1.229002
1.102679
0.280638
0.531824
1.887294
1.088554
1.644876
1.097750
0.483876
1.798201
0.142630
1.877289
1.886853
0.817057
1.107813
0.922024
1.623281
0.458080
0.140456
1.250400
1.100590
0.545719
1.492158
0.713423
1.173764
1.240943
0.144705
0.873730
0.622297
1.851615
1.887151
1.224750
0.863837
1.443570
0.821121
0.312306
0.976403
1.887340
1.738135
0.256595
1.887489
0.145185
1.084126
1.090633
1.655586
0.515597
1.395498
1.254119
0.937536
1.389288
1.618925
0.895087
1.671602
1.716161
0.981527
0.528716
1.491105
1.089375
1.108614
0.273915
1.193745
1.353098
0.575389
0.583232
1.617505
1.884874
0.242702
1.089797
0.925433
1.883490
1.322860
1.240558
1.091820
0.144245
1.652508
1.027887
0.716807
0.337659
0.726496
0.847432
1.884819
0.963630
1.881426
0.288414
1.203800
1.810496
0.140516
0.346457
1.617920
0.157323
1.203459
0.723094
0.535513
0.490087
1.617695
0.876829
0.942108
1.241051
1.639084
0.588660
1.241893
1.639740
0.410994
0.397657
1.095670
1.886697
0.582122
1.886673
1.717423
1.516740
0.243659
0.585674
1.618900
1.252874
0.510093
1.861780
0.461740
0.753566
1.756692
1.887241
1.137005
0.255926
0.995851
0.217080
0.160460
1.765158
0.146267
0.161323
1.872475
1.820205
1.618456
0.149601
0.167252
1.068751
0.596423
0.630524
0.214641
1.514257
0.957875
0.140478
1.089746
1.887540
1.887529
1.880641
1.885354
0.556087
0.916363
1.862372
1.230259
0.962366
1.845185
0.208657
1.766766
0.544526
1.192523
0.317817
1.268403
1.887497
0.693958
1.693879
1.295695
1.639087
1.887196
1.887531
1.217495
1.887526
1.883622
1.245938
1.424976
1.647750
0.144031
0.496800
1.112811
1.838869
1.774222
0.789349
1.489711
0.178127
1.110085
0.930031
0.650292
1.837619
1.320233
1.716650
1.630157
1.089774
0.172175
1.885747
1.887183
0.597784
0.232510
0.915585
1.012665
1.884680
1.713977
1.089755
1.246197
1.886558
1.089821
1.633595
1.773116
1.886123
1.087773
0.212643
1.346203
0.740354
1.885672
1.502765
1.293706
1.506520
1.639008
0.456495
1.125072
1.090888
0.160340
1.887078
1.883067
1.887181
1.883174
0.964643
1.887434
0.753575
0.557365
0.156672
1.324899
1.616625
1.797053
1.348690
1.385463
0.281840
1.885676
0.518831
1.124384
0.686474
1.717820
0.823721
0.269364
0.147515
0.154957
1.242257
0.914122
0.963890
1.455037
0.600420
1.190165
1.359174
1.088166
0.248456
1.069600
0.563085
1.856115
1.879274
1.822108
0.685191
1.629186
0.419777
0.285555
0.582886
0.920286
1.836640
0.143093
1.072947
0.152657
0.557686
1.090930
0.779197
1.515590
1.089779
1.301956
1.236216
1.228064
1.641056
0.783753
0.211344
1.753427
0.495128
1.089964
0.338203
0.857943
0.855778
1.855512
1.090572
0.415901
1.887526
0.536310
0.547908
1.886081
1.520257
1.782268
1.240132
1.115442
0.374760
0.257234
1.248258
0.773399
0.468069
0.158372
1.604285
1.868032
1.086628
0.832513
0.465760
1.145082
0.141761
1.246596
1.745474
1.357865
0.777982
0.661418
1.860026
0.812538
1.887528
0.488810
0.803294
0.867774
1.089806
0.842835
0.589848
1.465488
1.001686
1.886818
1.514605
1.239584
0.616427
1.884731
0.140410
0.456572
1.290937
1.881864
0.368254
1.237057
1.223853
0.302872
1.539995
1.339845
0.314397
0.721248
1.887322
1.276364
1.720833
0.850055
0.182172
1.031616
0.443734
0.789181
0.158575
0.597645
0.943576
1.886448
0.154705
1.089594
1.400456
0.964942
0.649808
1.240968
1.515423
1.576721
1.717833
0.299735
1.617094
0.971701
1.689975
0.560725
0.149244
0.871178
1.328489
1.201774
1.621529
1.388250
1.450510
1.639128
1.615780
0.206265
0.940039
0.953917
1.877789
0.840898
1.089799
0.394889
1.313561
1.428011
1.446512
1.147778
0.293440
0.568380
0.952958
0.661245
0.586651
1.303643
1.236505
0.143183
1.885782
1.241844
0.443300
0.923644
0.558223
0.423965
0.193658
0.547158
1.677238
0.858009
1.293001
1.885433
0.161433
0.143845
1.396853
1.240251
0.634317
1.372184
0.475924
0.429632
1.512009
1.885061
0.142734
1.398244
0.646656
1.241844
0.832313
1.884771
1.246257
0.544759
1.074335
0.365521
1.240790
0.567581
1.218433
1.617243
1.424462
1.886026
1.622080
0.264693
1.619637
0.618606
0.140640
1.887509
0.189653
0.361254
1.582063
0.228372
1.880291
1.871586
1.089772
0.274235
1.885910
0.165579
1.254184
0.156440
0.544780
1.337576
0.649825
1.887449
1.804906
1.515233
1.187347
0.171216
1.117751
0.213203
1.636191
1.233253
0.650039
1.886718
1.413401
1.572856
0.215446
1.123958
0.344041
1.089529
1.089914
1.433721
1.887297
0.850700
1.885180
1.239098
0.656788
0.942906
0.467055
1.887263
0.788043
0.141185
1.877518
1.088951
0.807679
0.757933
0.172242
1.231509
0.785239
1.361124
1.400735
0.221434
1.617373
1.089767
0.713567
0.147569
1.887387
1.342942
1.645202
0.437101
0.361588
0.175396
1.877308
1.644059
0.740302
1.887546
0.475544
0.178159
0.140825
0.141631
0.775818
1.674876
0.475705
0.173980
0.624855
0.606990
0.153408
1.872836
0.717368
0.354794
1.640830
1.627774
1.118830
1.337036
1.886470
1.881087
1.110198
1.523221
1.321403
1.580857
0.836560
1.613436
1.091977
