0.781687
0.730047
1.511894
0.189542
0.517047
1.760477
0.262558
1.525176
1.026268
0.640688
0.330224
1.797513
1.381429
0.134246
0.957937
1.018177
1.856690
0.301002
1.039620
1.628384
1.604912
1.135336
1.857681
0.860708
0.688671
1.366699
0.220309
1.437792
1.516375
1.329467
0.956959
1.242803
1.039082
0.643179
1.080662
1.019658
1.658814
1.608839
0.309500
0.764645
1.628842
0.553676
1.020595
1.405115
0.980139
0.502458
0.143797
1.209082
0.286077
1.488641
0.684271
1.762569
1.390824
1.122605
0.833603
0.670764
0.114713
0.196007
1.237427
0.897474
1.781157
0.403003
0.454369
0.506739
1.487424
0.158484
0.261993
0.578935
1.244509
0.166120
0.237525
1.761561
1.518664
0.101185
0.125432
0.493270
1.036087
1.248369
0.475056
1.624910
0.692065
1.031804
0.628745
1.746095
0.225203
1.023844
1.239613
1.789465
1.323006
0.112839
1.285426
0.439441
1.133443
1.721873
0.237763
0.109078
1.514995
0.978621
0.241995
0.427252
1.135832
0.712805
1.282863
0.360569
1.856983
0.598817
1.829512
1.719996
1.423498
1.346469
1.244992
0.526613
0.152120
1.720074
0.654858
1.102337
1.338624
1.386422
0.298654
1.816031
0.594299
1.376238
1.720019
0.707984
1.025711
1.062640
0.131528
0.716820
0.331628
0.166363
1.566723
1.236858
0.719895
1.386576
1.629761
1.316530
1.389371
0.609474
0.730416
1.141611
0.858494
0.472401
0.134960
1.097921
1.148614
0.901298
1.363230
0.227835
1.763333
0.362427
1.366226
0.538705
0.928816
1.854739
0.393833
0.990317
0.651416
1.720003
0.371371
0.099931
1.575981
0.305789
1.847597
1.503488
1.720550
0.106845
1.720564
1.803490
1.404711
0.541133
0.673644
1.058732
1.424929
0.566053
0.145933
0.895282
0.180991
1.851232
1.394647
1.599706
1.719943
1.725485
1.408676
1.320175
1.719949
0.840063
0.552428
1.375512
1.377696
0.713614
1.502634
0.700085
1.023118
1.205918
1.857528
1.777313
1.238105
1.719767
0.109704
1.830618
0.127892
1.803319
0.462916
1.283839
0.266631
0.236436
1.035849
1.183460
1.329460
0.570712
0.532184
1.727089
1.852939
0.461962
1.153345
1.020018
0.372488
0.157140
0.614995
0.713591
1.576566
0.839577
1.433253
0.723488
1.390060
0.375575
0.240619
1.518199
1.719969
1.644871
0.243412
1.719917
0.553076
0.543910
1.092730
0.457372
1.028315
0.216755
0.660121
0.245733
1.511689
1.591040
1.037210
1.674897
1.133358
1.129868
0.185214
0.724499
0.768391
0.351087
1.848422
0.358908
1.362583
0.837225
0.431338
0.660657
1.020696
1.450583
0.489705
1.333534
0.116215
0.678011
1.246400
1.251790
1.132960
0.704119
1.371200
1.020946
1.720291
1.588788
1.631154
1.143291
0.789381
1.620595
0.121726
0.850751
0.472507
1.220029
0.371729
1.244470
0.322584
0.289382
0.578289
1.795742
1.443848
1.598312
0.152017
0.968105
0.730347
1.017249
1.560668
1.424854
0.504795
0.206142
0.578264
0.876158
0.898560
0.739192
1.571485
0.569188
1.443336
1.133308
1.719989
1.523588
0.099606
0.654017
0.874795
0.247655
1.454116
0.899434
1.136776
1.333166
0.215792
1.435737
1.576840
1.719919
0.344547
0.893851
1.019449
0.557060
0.103206
1.719928
0.144889
0.137681
0.802240
0.423373
1.588875
0.523858
1.567109
0.205130
1.816220
1.625962
0.271122
1.158955
0.999940
1.850142
0.632961
1.719987
0.626441
1.234870
0.647847
0.562113
1.624253
1.720004
0.624013
0.297631
1.123127
1.720051
0.390815
0.908800
0.647701
1.044727
0.088117
0.534331
0.777079
1.137650
1.583061
1.847405
0.902465
0.698997
0.416686
0.892287
0.089886
1.074867
0.114793
1.844746
1.019681
0.236684
0.138900
0.272110
1.760590
0.894450
0.254449
0.202091
1.702441
0.658735
0.730135
1.541763
1.533798
0.096901
1.032615
0.665757
1.794317
1.251545
0.110776
1.626500
1.855276
1.433361
0.338388
1.015563
0.535665
0.431191
0.330706
1.346799
1.506551
1.600878
0.459535
1.343381
0.537894
1.395619
0.564664
1.326989
1.184347
1.133372
1.307989
1.042771
1.578037
0.882172
1.391750
0.700707
0.205542
1.858468
1.856403
0.432820
0.313776
0.951755
1.719900
0.162148
0.114161
1.611115
1.715203
1.468247
1.113537
1.022051
1.150351
0.554503
1.857908
0.586339
1.388925
0.451481
1.167736
1.221381
0.855221
1.167791
0.422809
1.571465
0.160662
0.896056
0.855861
0.736247
1.339927
1.573032
0.129948
1.247037
1.599318
0.378988
0.153594
0.776342
0.550833
0.732145
1.786347
1.789629
0.539849
1.635222
1.410659
0.145729
0.141355
1.583412
1.355502
1.576090
1.244754
1.855992
0.142694
0.206060
0.181978
0.642522
1.021780
1.118280
1.390355
1.625240
1.121586
0.121481
0.199012
0.904359
0.668307
1.573133
1.624048
0.338778
1.244433
1.470377
1.718701
0.622124
0.473889
0.117106
0.659480
0.898288
0.480458
1.134892
1.644780
1.717302
1.721334
1.092583
0.914211
1.391274
0.920212
0.357324
0.766619
0.732721
1.133151
0.301780
1.720646
1.025440
0.785238
1.720439
0.665040
1.575173
0.682810
0.532346
1.574382
0.919105
0.652489
1.328483
1.804760
1.624244
1.845822
1.018595
1.836511
1.038335
0.339458
0.635941
0.885667
1.005530
1.245213
0.893786
1.854559
1.843060
0.274618
1.624936
1.396507
1.731575
0.479352
1.857794
0.262240
1.288686
0.488860
0.118149
0.651062
1.717843
0.310760
1.287191
1.141978
1.248213
1.009351
0.864812
0.916874
1.788661
1.159550
0.331593
0.905178
0.144137
1.623603
1.127557
0.916605
1.234427
1.321849
1.131264
0.522878
0.647993
0.846754
0.895660
0.718238
0.929502
0.370544
0.094295
1.415906
1.152676
1.639127
0.814134
1.857404
1.021102
1.376969
0.093089
0.241453
1.422138
1.257930
1.294376
1.684818
1.523956
1.719985
1.491385
1.719984
1.539143
1.135576
0.448106
1.857247
1.657461
0.611213
1.854642
0.106722
1.848628
1.645268
0.360947
1.810822
0.822971
1.148385
1.858995
0.646712
0.324614
1.255553
0.540337
1.841533
0.142157
0.423190
1.125117
0.254339
0.153445
0.312635
1.030270
1.770803
0.952046
0.110426
0.454206
1.134639
1.722861
0.094073
0.561811
0.953649
0.595521
0.097236
0.267667
1.775617
1.600837
0.248358
0.915732
1.403998
0.360727
1.574345
1.357898
1.026694
0.660989
0.469910
0.480377
1.089200
1.444432
1.018652
0.122561
0.135941
1.246209
1.347396
1.719988
0.402941
1.720038
1.028938
0.764776
1.392748
0.131417
0.998262
0.509264
0.506483
0.205153
0.437577
1.292834
1.858293
0.260006
1.501261
0.642174
0.999506
0.234135
1.795187
0.649573
1.762386
0.711042
1.821011
1.441830
1.137007
1.349099
1.843901
0.201209
0.374249
0.125065
0.144502
0.430635
0.627230
0.876467
1.719402
0.116604
1.245600
0.472355
0.100605
1.785330
0.676908
1.843004
0.535900
1.211704
0.090285
1.573161
0.111533
1.858564
0.730469
1.850576
1.518222
1.729577
1.519495
1.081830
1.490009
1.180902
1.797183
0.820317
1.780720
1.363889
0.838631
1.474843
0.203156
0.328409
1.135086
1.623449
0.109541
1.290853
1.525809
0.555655
1.843639
1.019228
1.754363
0.232306
1.284020
1.321370
0.475664
0.729156
1.019634
1.856657
0.164439
1.730458
1.069586
1.624264
1.524019
0.997938
1.575946
1.363506
0.218789
1.857601
1.388460
1.755894
1.393341
0.197847
1.781731
1.031121
1.414913
1.855195
0.479095
1.279423
0.946317
1.507493
0.194600
1.625764
1.178039
1.436396
0.211329
1.830559
0.434814
1.370323
1.066607
0.510264
0.629213
0.883325
1.503054
1.156409
1.018402
1.576967
0.550802
0.393711
0.402418
0.560083
1.371334
0.545075
0.407371
1.449925
1.574842
1.356442
0.344201
0.331456
1.353573
0.541820
0.910082
1.787979
0.140152
0.406169
1.857446
0.540596
1.245522
1.854774
1.859025
0.291700
1.851156
1.134618
0.120571
1.014500
0.443619
1.437187
1.342167
0.163217
0.866515
0.237225
0.378550
1.392858
0.146652
1.329334
1.049159
1.849598
0.931671
0.179207
0.366663
0.537393
0.689125
0.909851
0.085841
0.130161
1.500213
0.203305
0.289027
1.576644
1.576227
0.531413
0.352738
0.518605
1.243379
1.489995
0.767855
0.395541
1.423744
0.316175
1.413933
1.576327
1.021370
0.910399
0.514354
0.144024
0.285164
0.888849
1.439314
0.130256
1.624238
1.689075
1.124273
1.367784
0.684892
1.055227
0.817085
0.331769
1.824962
1.577391
0.150790
1.493228
1.355766
0.353149
0.847080
1.058049
0.685268
1.099060
0.637152
0.666266
0.361740
0.666668
1.132072
0.300283
1.623748
1.784132
1.857860
0.742657
0.399795
0.902426
1.855087
0.512134
1.495545
1.719626
1.345445
1.316674
1.719973
0.914396
0.351118
0.299359
1.391668
0.859592
1.246401
0.539864
1.361320
1.514014
1.307402
0.445475
1.624234
1.399074
0.308413
0.570134
1.721153
1.389701
0.373546
0.586149
1.604114
0.500441
1.123555
0.500550
1.288420
0.561118
0.172966
0.816214
0.895485
0.435227
1.134806
0.106442
0.259892
0.926854
0.420473
0.097537
1.857819
0.421673
1.128363
1.400638
1.720470
1.831938
1.340388
1.129586
1.375890
0.685892
0.570148
0.322676
0.228569
1.244778
1.218825
1.516580
0.303032
0.573454
0.669882
1.727629
0.803674
1.850060
0.728996
0.267118
0.740203
1.349641
1.232620
1.331696
0.903237
1.679300
1.832854
1.571307
1.624240
0.970868
1.855514
0.609482
1.509159
0.322829
1.813329
1.162656
1.853246
0.790885
1.483865
1.369834
0.390951
1.723367
0.426289
0.406818
0.801940
0.467630
1.128633
1.393251
1.719963
0.631554
0.116738
1.014836
0.747474
0.375605
0.099076
1.726282
0.585992
0.145409
1.320112
1.019954
1.437316
0.393742
1.142281
1.429199
0.730716
0.600342
0.958578
1.157337
1.015248
1.507158
1.834154
1.850884
1.316911
0.454046
0.804372
0.379469
0.229622
0.124420
1.019386
1.658769
1.108297
1.098921
0.350004
0.787267
0.491163
0.279420
1.447699
1.821117
0.477187
0.970937
1.839308
0.566559
1.146691
1.855604
1.402731
0.491734
1.373763
1.134933
1.092020
1.762259
0.365358
0.660481
0.379822
0.613959
0.447678
0.806834
1.280549
0.157942
0.551116
0.402621
1.019030
0.176149
1.135875
1.133406
0.716239
0.725089
1.625008
1.720031
1.166090
0.937545
0.546458
1.681855
1.058196
0.442965
0.780725
1.743018
0.851433
0.507334
1.719709
0.558801
0.682648
1.391160
0.196632
0.735484
1.045489
1.627605
0.512133
0.102659
0.489637
0.092902
0.547033
0.680274
0.116102
0.213666
0.570901
1.575429
1.398061
0.539826
0.902833
0.748634
1.129918
1.778660
1.414953
0.894242
0.647978
1.747965
1.445202
0.266764
1.754311
1.017704
1.034731
0.558593
0.145456
0.334390
0.443651
0.091539
1.623446
1.552619
0.375421
0.887268
1.415229
0.336787
1.587214
1.094054
1.255794
0.904250
1.018113
0.453163
0.915254
0.115185
0.659402
0.461682
0.404167
0.098322
0.291750
0.719423
0.642798
0.464095
1.857312
0.892299
1.575582
1.390906
1.711950
0.450789
1.721022
0.562440
0.167106
0.394599
1.782123
1.490828
1.151911
0.884166
0.928558
0.581553
0.903300
1.025313
1.036702
1.819000
0.682314
0.313428
1.221642
1.624325
0.744046
0.113636
1.041497
0.774035
1.624237
1.791250
1.508719
0.197837
1.386969
0.780831
1.042405
1.850033
0.138041
1.847988
0.172561
0.786282
1.577441
0.347795
0.897159
0.601524
0.402991
0.543507
1.108162
0.591547
0.550721
1.313810
0.295774
1.496446
1.414052
1.245281
0.350372
0.920269
1.710668
1.849834
1.278695
0.907495
1.315998
0.547808
1.820360
1.765763
0.248621
0.293112
1.724985
1.074677
0.899126
0.538357
0.495713
1.455765
0.661754
0.129066
0.517659
1.155210
1.845932
0.229994
0.828666
0.668633
0.160804
0.444275
0.223886
0.177461
1.609148
0.936697
0.129234
1.394131
0.903759
1.572448
1.716732
1.269682
0.530647
1.356360
0.909989
0.792525
0.973825
0.530038
0.777322
0.733071
1.112410
1.391021
1.244684
0.910878
0.141780
0.834311
0.904049
0.567220
1.017855
0.353903
1.030858
1.491313
1.720696
1.486656
1.518765
0.767395
1.776386
1.785063
0.324555
0.181560
0.344803
1.731729
1.371844
1.094309
0.965741
1.576257
1.713708
0.117566
1.484295
0.554117
1.006783
0.151490
1.847821
1.383066
1.142960
0.493168
1.363491
1.395974
1.130755
1.318145
1.477446
1.102379
1.591009
0.651207
0.278205
0.238912
1.439938
1.373549
1.725465
0.386794
1.708522
1.333842
1.720897
1.244280
1.624238
1.519919
1.241822
1.126088
0.118029
0.296214
0.159914
1.517762
1.856754
1.793585
1.754485
0.098854
1.244729
0.537949
0.801108
1.287975
0.621392
0.664916
1.130248
1.524375
0.202169
0.639078
0.572095
1.719608
1.626132
1.119355
0.971107
0.845835
1.414028
1.576574
0.546008
1.511915
1.246400
1.858558
0.378766
0.148784
1.527043
1.038268
0.169446
0.119565
0.937271
0.568586
0.709369
0.108760
0.948053
1.132245
1.588785
1.238648
1.243795
0.957094
0.191281
0.741044
0.285923
1.041714
1.137514
0.744166
0.887804
1.853330
1.511505
0.401517
1.596095
0.726303
0.103251
0.597343
0.386112
1.523564
1.834517
0.209342
0.398569
0.705719
0.199836
1.033120
0.713209
1.401026
1.763412
0.577883
1.358466
1.786399
1.624230
0.722940
1.151839
0.517868
0.340936
0.280028
0.215202
0.890839
0.664827
0.931541
1.625371
1.718671
1.526730
0.229481
0.728467
0.669208
0.434426
0.478772
0.642914
0.126161
1.856237
0.637607
1.346955
0.653163
1.246589
0.741314
1.626973
1.393154
0.162208
1.508806
1.854779
1.321305
0.768866
0.964911
0.852342
1.540126
0.737696
0.390555
0.568987
1.858447
1.739437
0.999467
1.716569
1.375828
0.650420
1.045902
1.733262
1.021819
0.565408
0.888587
0.092188
0.640968
0.302495
1.843745
1.719915
0.223015
1.043688
1.857784
0.504616
0.335557
0.204086
1.198878
0.700998
0.370343
1.244442
1.720129
0.640662
1.020026
1.275754
0.293403
0.122183
0.539217
0.505210
0.227552
0.386831
0.754793
1.599523
1.136225
1.858074
0.475442
0.664020
1.246472
0.409161
0.648230
0.177460
1.574638
0.247957
0.191069
0.809021
0.392887
1.350083
1.585905
1.407621
1.015883
1.020499
1.556066
0.448403
0.558487
1.304799
1.857312
0.560857
0.706130
0.389790
1.134891
1.622524
0.894717
0.442773
0.104496
0.257576
1.717855
1.851066
1.720045
0.349878
1.243752
1.009064
1.132818
1.624843
0.749041
1.766321
0.351212
1.576253
1.101580
1.356195
1.858008
0.719014
0.822833
1.127091
1.471583
1.618369
1.359513
1.250487
0.851103
0.482355
1.710616
0.219237
1.017207
0.440266
1.641096
1.027551
0.180563
0.445920
0.560110
0.737916
1.734442
1.399022
1.643298
1.245890
0.661916
0.649086
1.852732
1.689860
0.962055
0.116280
1.717076
0.952231
0.592607
0.246176
0.688670
1.373248
1.768523
0.901821
0.405057
0.973910
1.146877
1.719989
0.662620
1.720237
1.596384
1.280545
0.493490
0.449125
1.629131
1.646870
1.384116
0.379510
1.624393
1.358208
1.143856
0.413906
1.719998
1.298178
0.894223
0.272491
0.124812
0.807119
0.902609
1.006165
1.580948
0.754172
1.670503
1.243460
0.147226
1.245092
1.851630
0.473183
0.328828
0.638395
1.286899
0.109404
1.408616
0.920062
1.016978
1.123645
0.741672
1.575028
1.380840
1.025978
0.658406
0.206368
1.856380
1.345622
0.482840
1.245598
1.410803
0.157667
0.947786
0.534243
0.529141
0.882005
1.155812
1.134465
0.109836
1.693712
0.640285
1.857070
0.797673
1.378367
1.245135
1.140239
1.443619
1.019244
0.359468
1.516269
1.375906
1.133924
0.553780
0.386426
1.027001
0.129043
0.897462
1.031235
1.575557
1.354105
1.577526
0.746903
1.291207
0.213960
1.035575
0.914195
0.302230
0.132852
1.022820
0.884557
1.168834
0.413985
0.687102
0.253628
1.856353
0.685786
0.515334
0.397319
0.671600
0.161626
0.826717
0.377256
1.243170
0.385399
0.325821
1.192379
0.743104
0.204515
1.438913
1.147658
0.663493
0.223685
1.019848
0.383034
0.874162
0.250458
1.586091
1.251396
0.158774
0.284868
0.241018
0.088721
0.378604
0.479939
1.247171
1.719991
0.305098
1.823416
0.344387
0.317502
0.820569
0.107993
1.107537
1.017965
1.019443
0.380203
0.551503
1.508879
0.392748
0.385818
0.281478
1.857081
1.382814
1.001299
0.500846
0.968396
1.130830
1.327361
1.708245
1.125228
0.167571
0.556715
1.599612
1.245216
1.577002
1.520615
1.392342
0.136336
0.443451
1.624671
1.575947
1.576147
1.245403
1.384810
0.744858
0.689777
0.883384
1.157995
0.302812
1.439286
1.311906
0.729175
1.413738
0.820947
0.316560
1.141575
0.816479
0.118099
1.783270
1.134084
1.136013
1.719952
1.779189
0.623675
1.464805
1.240672
0.216991
0.181971
0.604105
1.017491
0.432479
1.417742
1.858279
0.789507
1.437250
0.249886
1.126078
0.747767
1.852416
1.625802
1.765089
1.256064
1.142700
0.991565
1.036674
1.138016
1.014860
0.875804
1.383832
1.748159
1.392055
1.523766
0.566209
1.018862
0.278348
1.520479
0.962878
1.838386
1.624601
1.601175
0.413071
0.544746
1.836959
0.892947
0.920317
1.557677
1.857002
1.774786
0.247901
0.442942
0.346250
1.830434
1.298453
0.894127
1.858546
1.854949
1.569983
1.139668
0.157561
1.617489
0.906449
1.018843
1.782022
1.767636
0.238571
0.155593
1.737015
1.579405
1.647470
1.241392
0.144755
1.416946
1.477033
0.598078
0.914802
1.576031
1.403547
1.249985
0.163579
0.113029
0.105082
1.353316
0.817130
0.995441
1.104759
1.592099
1.242690
0.156866
0.824862
1.580173
0.447705
1.259633
0.165767
1.385465
1.134327
0.723148
1.719970
0.116612
1.638839
0.242884
0.653834
1.334893
0.668696
0.178571
1.442080
1.442897
0.551228
1.290773
1.520447
0.188623
1.771635
1.624268
0.551969
1.155471
0.164326
1.244984
0.565461
0.383838
0.953618
1.026277
1.127176
1.624161
0.533993
0.662949
1.385403
1.331700
1.337165
1.607904
0.771008
1.019684
0.675842
0.276203
0.998013
1.017766
1.330771
0.089924
0.511629
1.496626
0.589442
0.204261
1.403191
1.785679
1.823868
1.352026
0.448829
1.317686
1.289366
1.578726
1.567635
1.179036
0.956072
0.586919
0.357359
0.241396
1.019625
0.410273
0.912414
1.783086
0.917743
1.722984
0.884175
0.312832
0.530612
0.480050
1.470770
1.719942
1.143353
1.572058
1.365692
0.733500
0.704063
0.112375
1.137902
0.871902
1.593395
1.121194
1.416700
0.963281
1.043406
0.101780
1.404753
1.858631
0.137401
1.720041
0.360174
0.690146
0.337673
0.416419
1.292099
0.575705
0.746158
1.229334
1.576603
0.293247
1.720035
1.858715
1.381509
0.627106
0.453411
0.327700
1.244893
0.111979
1.137087
0.111684
1.482681
1.374155
1.509575
0.689830
0.515545
0.091962
1.845649
1.395302
1.719877
0.633511
1.719890
1.099592
0.339569
0.882619
1.522546
0.664200
1.518861
1.523840
0.377426
0.188525
0.229898
0.291476
0.191967
0.660940
0.589790
0.528399
0.258290
1.629298
0.124322
0.961082
1.577371
1.214479
1.129522
1.624401
1.353081
1.124811
1.247741
0.592531
0.822412
1.781524
0.523078
1.029091
0.109176
1.562889
1.611045
1.063306
1.245046
1.017355
1.857525
1.858752
1.288201
0.808630
1.674356
1.035174
0.381264
0.659470
1.405519
1.856428
1.519438
1.435129
1.228818
0.564999
0.317957
1.198507
0.119918
1.387111
1.363513
0.551103
0.092779
0.921855
1.019880
0.555326
0.762859
0.929158
0.393813
0.417213
0.734245
1.574487
1.036925
0.433601
0.716700
1.783683
0.131832
1.719846
1.247069
1.026508
0.349569
0.371032
1.063403
1.302151
1.141413
0.821752
1.207165
1.858889
0.827819
1.716102
1.480947
1.579324
0.194058
1.761404
0.887589
1.767765
1.379717
0.917801
0.627761
1.719963
0.890487
1.840582
0.414576
0.362215
1.730738
0.248683
1.245300
0.467490
1.254736
0.175856
1.738559
1.164249
1.413910
1.406659
1.549516
1.515840
0.120805
1.717971
0.266421
0.673345
1.047379
0.457986
1.856171
0.418872
1.855922
1.182318
0.632418
1.571461
0.556901
0.742268
0.556360
1.723845
1.364551
1.021077
1.382274
1.048440
0.528507
0.309780
1.720103
1.520334
0.248714
0.200189
0.171093
1.848272
0.536572
1.491594
0.717268
0.205535
0.477876
1.858872
0.103327
1.234655
1.136739
0.991463
0.711226
1.241867
1.577933
0.822613
0.545031
1.386164
0.717811
0.196570
0.545877
0.631058
0.559890
0.719697
0.561364
0.748185
0.481758
0.877495
0.745257
1.111041
0.304638
1.625390
0.884419
0.899951
0.301234
1.846289
1.824485
1.286717
0.489503
0.400476
0.587884
1.763226
0.284398
0.263234
1.719808
1.320947
1.197176
0.681576
1.010071
0.424774
0.173534
0.290813
1.327306
0.818033
0.884908
0.333886
1.345037
1.822934
1.854102
1.721154
0.130496
1.037751
0.158025
0.613800
1.620472
1.777133
0.547690
0.568670
1.560001
0.524241
0.669092
1.526477
1.624150
1.384678
1.354333
1.212662
0.643049
0.737614
1.045491
1.130315
1.606212
1.660781
1.844841
0.810691
0.148685
0.608798
1.574574
1.019110
1.004514
1.808755
0.840575
0.877751
1.233248
1.758489
1.624337
0.882226
0.386859
1.032874
1.510115
0.447416
0.402708
1.246598
1.369400
0.118052
1.032485
0.400921
0.591617
0.802358
1.840178
0.932700
0.298014
0.805867
0.498424
1.720130
1.236642
1.776145
0.806327
1.021750
0.342384
0.897058
0.990438
0.957263
1.721087
1.714544
0.909662
1.573903
1.029916
1.139893
0.880781
0.294082
1.314778
1.624258
0.859466
0.726146
1.380742
0.726323
1.142543
1.514050
1.041700
1.317932
1.385995
0.549628
0.275427
1.245029
1.037267
0.425904
1.732130
0.740333
1.659381
1.105907
0.610978
0.139109
1.564836
1.507563
1.300251
1.422651
1.034832
1.392764
1.720171
0.141223
0.170789
0.911043
1.804589
0.845623
0.112274
1.400712
0.491736
1.455236
1.719825
1.263107
0.729439
1.117446
1.751432
0.828737
1.095721
0.096349
1.019557
0.402009
1.131072
1.023397
1.347786
0.490859
1.557333
1.563423
1.851293
0.887598
0.090405
0.266583
1.855578
1.812988
0.441730
0.103500
0.839198
0.554050
0.345477
0.144844
1.571198
0.912161
1.354944
0.369301
1.375869
0.183474
1.787192
0.712537
1.122209
0.303254
0.351626
1.129567
1.609958
0.550788
1.837007
1.031598
1.719973
0.877716
0.865672
0.168027
0.328849
0.280021
1.245435
1.698539
0.338378
1.858437
1.786863
1.623365
1.831849
0.310032
1.505829
1.578800
0.664725
0.209018
1.841322
1.149724
1.305583
1.531176
0.399265
0.742795
1.815621
1.766659
1.826383
0.739842
0.493620
0.230253
1.670844
0.795290
0.763598
1.856242
0.891382
1.131885
0.499481
0.652528
0.900885
0.833372
1.376771
0.202035
0.850520
0.582021
1.350608
1.340827
1.403560
1.377209
0.856429
1.719944
1.856749
0.383302
0.445303
1.144393
1.342438
0.268149
0.683083
0.399116
0.519318
0.549831
1.065152
1.205554
1.798035
0.867623
1.857414
0.668726
1.134042
1.783471
1.624237
0.201527
1.574701
1.391948
0.108527
1.846248
1.238725
0.396526
0.445008
1.026185
0.428452
0.373855
1.380175
0.901512
0.531020
0.115877
0.391605
0.109143
0.287507
0.538216
0.313114
1.720314
1.394813
1.858835
0.575320
0.612659
1.623957
0.743283
1.623046
1.682806
0.817504
1.412397
0.393678
0.203676
1.518598
1.020951
1.727332
0.815994
1.348505
1.220858
1.856050
0.539382
0.592597
1.575233
0.992770
0.324953
0.389392
1.521982
1.575141
1.577302
1.592221
0.658491
1.857200
0.988332
1.482343
1.720027
0.798442
1.172263
1.577523
1.124064
0.601089
0.322825
0.183836
0.094200
1.039438
0.606647
1.801693
0.275488
0.247778
0.510287
0.876737
1.077346
1.506199
0.988368
0.425277
0.642132
1.855326
1.720110
1.846064
0.670784
1.635641
1.267235
0.581788
0.539846
0.312820
0.759932
0.745412
0.352217
0.920677
0.149027
0.145574
0.320077
0.730674
1.332946
1.527700
1.129228
0.936514
1.856775
1.019883
0.430199
1.714130
1.853881
0.185668
1.155899
0.925807
1.801694
0.453436
0.921815
1.009191
0.453642
0.102442
0.477447
0.602312
0.855197
0.942989
0.161530
1.112592
0.132591
0.705379
0.099656
1.023051
1.302685
0.830153
0.241776
0.125440
0.110007
0.152079
1.018771
0.725518
1.524841
1.387370
1.440520
1.503111
1.426983
1.137887
1.070298
0.307459
1.227290
1.021159
0.725736
1.120975
0.385791
1.336015
1.332612
0.513285
0.662332
0.552636
1.678160
0.099981
1.853862
1.368259
0.973951
1.491690
1.115675
0.893291
0.502860
0.911701
1.227057
1.133315
1.651194
0.889380
1.624196
0.683841
1.018944
1.109725
1.503757
0.712229
0.260376
1.855815
0.358306
0.162560
0.346478
1.721040
0.779856
1.722628
1.483765
0.917904
1.853981
1.010054
1.360585
1.036216
0.123865
0.596881
0.671323
1.104435
0.243152
1.139097
0.716113
0.124652
1.793830
0.116642
0.644079
0.385164
0.560039
1.544713
0.878922
1.156476
0.994083
1.110916
0.571964
0.887655
1.244730
0.389674
0.726614
1.281905
0.096675
0.895460
0.369181
0.136987
0.907634
0.530806
1.442717
1.381462
1.526407
1.004444
0.131047
0.153279
0.578324
1.392786
0.405523
1.019786
1.383499
1.431006
1.771948
0.748390
1.019452
1.702367
1.449519
0.184933
1.244571
0.514509
0.634181
0.525493
1.465867
1.576024
0.737329
1.525556
0.105050
0.230429
0.172570
0.364911
1.419360
0.633323
1.720126
0.524736
1.244372
0.449629
1.036496
0.572522
0.934169
0.838109
0.929053
0.160436
1.648404
0.543614
0.239890
1.294963
0.260495
0.168677
1.576779
0.520615
0.348445
0.246660
0.845597
1.839948
1.130185
0.300024
1.328545
0.273300
0.129713
1.018637
1.672114
0.306223
0.660819
1.516084
1.720131
1.560104
0.378207
0.683388
1.630058
0.270704
1.571657
1.858349
0.880408
0.910513
1.314696
1.754810
0.893857
0.090611
0.253632
1.832122
0.526802
0.432346
1.360614
0.366060
1.854602
0.329211
1.391847
0.976846
0.725033
0.157349
0.133278
0.811561
1.207928
0.841315
0.889489
1.102498
1.719797
1.345288
0.234643
1.774966
1.722300
1.528357
1.717712
0.738355
1.719933
1.411180
1.391301
0.432404
1.623931
1.357857
1.630026
1.247259
0.733442
0.355348
1.191756
0.732195
1.370900
0.255032
1.656492
0.734263
1.728113
1.383598
1.036965
1.372117
1.019836
1.395018
1.631321
1.182482
0.257426
1.020140
1.055174
0.127761
1.778518
0.801192
1.741390
0.151459
1.244569
0.120994
0.172571
0.289789
1.857461
1.719285
1.771542
1.719854
0.098486
0.698491
1.136936
1.161096
1.235456
0.544537
1.857123
1.521719
0.413268
1.082467
1.719994
0.594609
0.423925
0.111389
1.141026
1.573784
1.066281
1.844536
0.279667
0.718463
1.140761
1.244004
1.262093
0.382212
0.660538
1.096323
0.102451
0.764898
0.182321
0.546337
0.938353
1.300735
1.216697
0.847259
1.567771
1.576715
1.634273
0.189882
1.628586
0.374723
0.522553
1.370622
0.560323
0.444184
0.115574
0.917686
1.798204
0.297218
0.559555
1.851547
0.146609
0.455406
0.854570
1.351254
0.438149
1.854004
1.243551
0.342610
0.818495
0.087639
0.692009
1.022639
1.396455
0.671299
0.135102
1.652807
0.100334
0.271193
0.545111
1.392899
0.509322
1.591849
0.777196
1.048548
0.114848
0.121448
1.633412
1.339268
1.207379
1.832369
1.624048
0.117093
1.736235
0.671227
1.245252
1.116747
0.739810
1.720245
0.866540
0.649528
1.477207
0.248975
1.390891
0.899122
1.335498
1.643308
1.145734
1.746043
1.857459
1.021747
0.635246
0.922943
0.320119
1.849921
1.858018
1.245285
1.783716
1.587494
1.010478
1.781789
1.560301
0.504378
0.683442
0.936632
1.397281
1.788724
0.155244
0.236393
1.017955
0.486057
1.643331
1.857663
1.529218
1.390815
0.557341
1.817416
1.617000
0.373294
1.719088
1.375582
1.291669
1.353767
0.364921
0.096835
1.475597
1.838418
1.225273
0.456987
0.475376
0.381662
0.552187
1.447512
1.837214
1.396747
0.439700
1.563106
0.635193
1.439238
0.466419
0.491248
0.858489
0.345099
0.567480
0.160198
0.203571
1.629580
0.507036
0.195599
0.724441
0.243133
0.857151
0.354993
0.223450
0.896472
0.891221
1.384718
1.244687
1.035861
0.890728
0.848150
1.623214
0.696676
1.840358
1.345817
0.341255
1.853233
0.873858
1.144658
1.720083
0.440958
1.157834
0.168556
0.800542
0.576536
1.733401
1.392543
0.939951
0.565879
0.683495
1.855390
0.753204
0.148439
1.213427
0.600941
1.807966
1.622838
0.113757
1.120962
1.004942
0.207041
1.350891
0.152115
1.246175
1.575838
1.727170
1.719678
1.432726
1.584511
1.717812
1.515308
0.234357
0.539177
1.790171
1.514946
0.252203
1.028351
1.021586
0.316310
1.524616
0.130280
1.142491
0.363353
1.730966
1.138639
1.314619
0.398637
1.244626
1.584717
1.153415
0.728072
0.157359
1.664096
1.511109
0.207512
0.414845
0.722530
1.244596
0.769399
0.864666
0.276007
1.813430
1.019785
0.810473
0.667948
0.402757
0.205430
1.842455
1.167426
1.247565
1.852982
1.359481
0.660607
1.414716
0.105406
1.735376
0.637552
0.824584
0.191609
1.720080
0.711218
0.711004
1.575914
1.752756
1.819099
0.107490
1.644235
0.990348
1.733329
0.369188
0.179505
1.858651
1.010164
0.449793
0.774215
1.779236
1.720632
0.777843
0.959072
1.027249
0.149252
0.779303
1.307994
0.628879
0.446843
1.720796
1.330739
1.417212
1.712494
0.759330
0.512327
1.357001
0.810051
0.097434
0.555759
1.723970
0.396524
0.654866
0.119219
0.706697
1.857145
1.837663
1.243795
1.020006
0.213214
0.387413
0.781446
0.305248
0.567652
1.756547
0.910509
1.720188
0.729067
1.016098
0.417079
1.325335
1.009641
0.794045
0.103062
1.043903
0.090910
0.558295
0.105047
1.408056
0.363502
0.429249
1.719923
1.858504
0.669176
1.853704
0.107809
1.161808
0.930964
1.754122
0.098028
1.450001
1.472903
1.529377
0.218365
1.719771
1.442721
0.439538
0.511639
1.570971
0.908625
0.119684
0.949101
0.683475
1.390498
1.630419
1.245278
1.703537
0.335023
0.551132
1.009600
0.999133
1.244157
0.146343
0.348693
0.241166
0.109901
0.547381
1.723816
0.368421
1.800277
1.767759
0.118028
0.479565
1.624239
1.373487
0.938199
0.159546
1.155610
1.769159
0.265071
0.474460
1.582692
0.600286
1.020946
0.149790
1.138199
0.112671
1.135760
0.564509
0.167771
1.856347
1.401783
1.381762
1.829330
1.721794
1.132717
0.885004
0.245366
1.527706
0.598241
1.518588
1.034005
1.037742
0.550954
0.446463
1.365637
1.027715
0.135684
0.366292
1.412066
0.484491
0.141812
0.639891
1.397023
1.521890
1.310019
1.601970
1.393084
0.092607
1.078253
0.420493
1.030748
1.383611
0.094260
0.739443
1.858104
1.423157
0.296945
1.022099
0.724665
1.248448
1.514575
0.700239
1.719585
1.116240
0.822626
0.990307
1.009363
0.889534
0.144300
1.858208
1.858485
0.650878
1.777112
0.890611
0.305908
1.720804
1.242291
0.715299
0.460629
0.843510
0.135549
1.251065
0.561486
0.960042
1.626929
0.952179
0.660335
1.856178
1.744926
0.663395
0.123546
0.382318
0.272343
0.812620
1.136536
0.433088
1.013692
0.143942
0.899959
0.390378
1.719989
0.556802
0.165850
1.432011
0.519950
1.316656
0.111438
0.648994
0.282997
1.726406
0.871362
0.610703
0.122572
1.748538
0.996021
1.527683
1.143608
0.918895
0.215722
1.600616
0.455531
0.998470
0.869876
0.859064
1.243994
0.695656
0.211034
1.812060
0.339845
1.351251
0.415658
1.129428
0.563807
0.527835
1.666909
1.854915
1.852357
0.327925
1.527645
0.367048
0.794184
1.785070
1.754885
0.157967
1.245964
0.709251
0.901286
0.149980
0.298560
1.250506
0.327799
0.792142
1.722901
0.880497
1.381171
1.851685
0.377771
1.431406
0.722129
1.738123
1.849169
1.858887
1.284610
1.576533
0.178129
1.526044
0.292966
0.567245
0.155071
1.133361
1.245297
1.508194
0.875968
1.720537
1.572335
0.668886
0.483450
1.724076
1.222239
1.852385
0.392998
1.019513
1.601016
1.687098
1.213743
1.734440
1.143022
0.305620
0.252915
1.604680
1.199370
1.747393
1.506252
1.321353
0.404065
1.506831
0.457737
1.755408
1.309344
0.223986
1.436525
1.580974
0.553515
0.660381
1.348373
1.774890
1.503075
0.896233
0.296612
1.381661
0.290429
0.787973
0.536243
0.305777
0.300482
0.488038
1.132599
1.354829
1.054086
1.046944
1.673148
0.576845
1.588389
0.456919
1.056141
1.816219
1.078023
0.695135
0.261626
1.516414
1.187909
1.624237
0.946550
1.355709
0.200893
0.876042
1.849594
0.645427
0.720184
0.916514
1.386034
1.119379
0.241146
1.735180
0.122925
0.742243
0.657992
1.758441
1.137329
1.758165
0.600080
1.349861
1.152285
1.442536
0.916827
1.766439
1.377781
1.379550
1.134526
1.334354
0.639928
1.246101
1.443594
0.232852
1.024486
0.215780
1.854580
1.248024
0.762998
0.211491
1.099222
0.843695
1.489124
1.377082
1.323781
0.109214
1.143635
0.098213
0.455898
1.512719
0.911065
0.906981
1.485790
1.751361
1.716622
1.366238
1.024465
0.185210
0.314437
0.553459
0.557635
0.426337
1.442887
0.420736
0.219147
0.436471
1.719967
1.775642
0.163475
1.850233
0.729774
1.133695
1.562885
1.539893
1.776402
1.537472
1.358820
0.373211
0.896283
1.341174
0.114582
1.044826
0.580691
0.176492
1.071399
0.314980
0.894289
1.624280
1.019427
1.770769
0.658399
1.764068
1.770115
1.673729
0.196124
1.624219
0.696492
0.284724
0.732293
0.586028
1.171246
0.867434
0.969255
0.338619
1.832653
1.466951
0.974737
0.165044
0.861080
0.108612
1.485680
0.126364
0.393998
0.655247
1.515409
0.112571
1.706101
0.862046
1.134783
0.667194
0.721041
1.839913
1.029368
1.136816
1.137324
0.456310
0.408575
0.723763
1.711793
0.179293
0.871432
0.896408
1.493840
0.946469
1.431903
0.792676
0.098625
1.829453
1.853000
0.096064
0.377773
1.474508
0.633559
0.884363
0.913536
0.117985
1.315139
1.507669
0.422113
1.321583
0.152022
0.867636
0.579146
0.269489
0.240862
1.573717
1.578975
1.245134
0.977858
0.136256
0.810750
1.596597
0.133322
0.951826
1.510909
1.849248
0.894415
1.388795
1.723579
0.925618
0.664622
0.110290
0.231767
0.859163
1.244512
0.988526
0.427403
1.376898
1.784525
1.334890
0.702153
0.777349
0.906406
1.836816
0.372540
1.848471
0.798550
0.211850
0.109397
1.103735
1.749490
0.805817
0.123397
0.444478
1.575643
0.669121
1.719832
1.401743
0.111053
1.345013
0.928652
1.476557
0.179207
0.549590
0.915084
0.416629
0.168037
1.839105
0.876001
0.551666
1.007111
1.850418
0.160332
1.574774
0.594394
0.101760
1.624239
0.696760
1.858335
1.026295
0.221094
0.553434
0.364997
0.523258
0.244028
1.331593
1.772174
1.507008
1.695731
1.796880
0.915236
0.728289
1.132645
1.520635
0.343801
0.372831
1.098864
1.833575
0.599537
1.504742
0.387209
0.731959
0.586997
1.817909
1.562531
1.022192
0.708688
1.244812
0.141238
1.255260
0.919605
0.794016
0.364695
1.856829
0.219133
1.774641
0.885724
1.726546
1.856200
1.013826
1.389613
1.834451
1.385076
1.659337
1.531307
0.291560
1.248261
0.129557
1.805966
0.235552
0.440441
0.467848
1.714525
0.463010
1.578039
1.779331
1.135856
1.145844
1.244640
1.352313
0.415701
1.848904
1.780925
1.243922
1.518626
0.751361
0.225436
0.671702
1.244492
0.482443
1.794364
0.260576
1.845003
0.462639
0.563911
0.577076
1.247151
1.242529
1.403257
0.103117
0.897982
1.237423
0.784961
0.146977
0.873797
1.854333
0.388807
1.272095
1.721107
0.937228
0.437347
1.388144
1.022055
1.138453
0.225106
0.608008
0.260790
1.415715
1.005211
1.711949
0.655927
1.240637
0.537736
1.243881
0.217871
0.931280
0.554125
0.902254
0.579814
0.408886
0.780678
1.398037
0.885620
0.934135
0.390836
0.699304
0.537468
0.745237
1.585616
0.659697
1.098212
0.353490
0.151823
0.383660
1.144132
0.253011
0.341837
1.025625
0.908762
0.142373
0.812597
0.627373
1.144661
1.381743
0.156772
0.419350
1.628318
1.623551
0.921720
0.730195
1.855744
0.205199
0.740348
1.720012
0.243958
1.136774
0.257208
0.087204
1.009741
1.134342
0.741656
1.624729
1.180414
1.831291
1.575788
1.076083
0.600483
1.600132
0.140213
1.577001
0.416506
0.125036
1.339210
0.946117
0.107464
1.246224
1.624239
1.146079
1.522425
0.130921
1.397932
1.599669
0.716409
1.417974
1.606944
1.852853
1.336904
1.323842
1.828399
0.836998
1.511065
1.133571
0.391775
1.859056
1.501345
0.613308
1.671372
0.150229
1.719973
0.539156
0.406824
1.020261
0.735600
0.635071
1.575508
0.243052
1.151491
0.628956
0.334078
0.720578
0.592341
1.646762
1.624237
0.136019
0.707816
0.888492
1.778373
1.364901
0.550518
0.932717
1.859013
0.399857
1.385250
0.175247
0.641255
0.624499
1.244608
0.489143
0.385642
1.858323
1.858811
1.844649
0.679289
0.127515
1.641221
1.794034
0.151221
0.785781
0.569954
1.130482
0.923147
1.624428
1.020914
0.508932
0.859651
1.566043
1.790777
1.394801
0.939811
0.560617
1.449062
1.147007
1.036279
1.336124
0.883360
1.719878
1.850380
1.020308
0.562950
1.719336
1.576512
0.151829
1.363485
1.492897
1.645963
0.909536
0.901003
1.576821
1.408357
1.384963
0.688933
1.847431
1.611923
1.241976
1.357839
1.021627
0.976411
1.814148
0.717901
0.547112
0.658570
1.553887
0.382970
0.440934
1.144729
1.466596
1.527553
1.769685
1.582327
0.664717
0.756139
1.128532
1.849270
1.291324
1.425655
0.311692
1.496214
1.019034
1.575531
0.327566
1.810863
0.273391
0.122304
0.889923
1.771041
0.444378
0.318373
0.334385
0.953936
0.267241
0.500685
0.793172
0.838086
1.241980
1.244118
1.037434
0.368664
1.466668
1.380874
0.532190
1.297424
1.352765
0.564373
1.576933
1.804796
1.324749
0.118492
0.483736
0.565468
1.770835
0.138345
0.204650
0.537966
0.677236
1.240580
1.132024
0.270522
0.414637
1.622240
0.284945
0.840069
0.875425
1.279662
1.027156
0.746442
1.463981
0.657430
0.094186
1.208320
1.494863
1.179370
1.401079
1.243267
0.553820
1.244105
0.175013
0.554031
0.473381
0.612374
1.377784
0.988063
1.855417
1.400803
0.401857
0.127747
0.124003
1.523850
1.245164
1.156106
1.835945
1.233885
1.235810
0.415525
1.505707
1.286356
0.964866
1.276432
0.666159
1.338786
1.624769
1.243929
1.567377
1.719708
1.527593
1.501032
0.632901
0.444231
1.320260
1.720612
1.259981
1.040426
1.025161
0.205631
0.684386
1.413159
0.790046
0.339954
0.750812
0.584617
1.526912
0.556033
0.733055
0.889232
1.566887
1.504808
0.920024
0.739629
1.421523
1.772260
1.135355
1.240892
1.300612
0.525928
0.879301
1.845059
0.876797
1.576453
0.459247
1.467940
1.021959
1.132375
1.624773
0.538147
1.725293
1.493520
1.848998
0.870775
1.562065
1.297704
0.124931
0.113264
0.598737
1.585764
1.255095
0.357485
1.457374
1.634706
0.550972
1.387034
1.705306
1.015498
1.284056
1.524808
1.139736
1.349248
1.851470
1.020676
1.004021
1.030748
1.573611
0.310040
0.529780
0.240590
1.856618
1.429028
0.632706
1.726242
1.089514
0.101650
1.808333
0.925351
1.004213
1.853811
1.522794
1.487017
1.294184
0.688829
0.194420
0.903113
1.385572
0.243468
0.545604
1.637572
1.444278
0.677307
1.751184
1.460132
1.623987
0.566531
1.129560
0.732543
1.719949
1.855589
1.136168
1.016174
0.102021
0.670860
1.519278
1.249296
0.443320
0.828697
0.732700
0.885903
1.128765
1.506728
0.250053
0.209776
1.633076
1.126736
0.817867
0.706140
0.935901
0.773641
1.361480
0.354342
0.687387
0.314300
0.423020
0.559743
1.720640
1.766616
0.316511
0.790241
1.522270
1.576221
0.234689
1.414213
0.815035
1.239761
1.124392
1.606509
0.476181
0.917361
1.135490
0.113079
0.656531
0.316517
1.577460
0.552868
0.755097
1.856208
0.344646
1.245295
0.109826
0.725530
1.034558
0.626247
0.112823
0.204449
0.403144
1.436668
1.134032
1.714416
0.895005
1.572141
1.039540
1.719987
1.396923
1.083096
0.724571
1.386331
0.692289
0.413527
0.603629
1.338907
1.004811
0.452839
1.575711
0.147453
0.461047
1.011745
1.387746
1.720015
0.329068
0.499642
0.890200
1.252723
1.841310
1.134047
0.880857
1.062481
0.731943
0.874783
1.812030
0.567784
1.779541
1.577627
0.896971
0.910644
0.130245
1.858859
1.816837
1.578607
1.852839
1.779160
0.188917
0.206835
1.242307
0.299117
0.446958
0.521352
1.129520
1.245677
1.851384
0.308582
0.103081
1.815205
0.301037
0.890611
0.210584
0.162920
1.823572
1.246756
1.462187
0.493963
0.726571
0.139349
0.139392
1.139340
0.599447
1.500329
1.416587
0.548853
1.248740
1.020428
1.577372
0.508964
0.182503
0.112925
0.954514
0.743331
1.719713
1.858818
1.752684
1.520175
1.332617
1.752396
0.257861
1.416670
0.330216
0.593555
0.292960
1.509062
1.148217
1.022735
0.727543
1.513077
1.236475
0.297339
1.854939
1.171965
1.303222
0.947012
0.874037
0.126064
1.372130
1.261614
0.630230
0.864220
0.097983
0.113438
0.107397
1.387163
1.624313
0.597370
0.116247
1.138361
0.609060
1.719749
0.303342
1.409382
0.213839
0.777082
0.278817
1.154808
0.378630
0.433658
0.157145
1.385452
0.350157
1.624808
1.133419
1.228725
1.239833
1.147198
1.719747
0.552123
0.256766
0.715055
0.362132
0.885762
1.380646
0.241544
1.134064
0.770725
1.134258
1.857331
0.922352
0.289936
0.386016
0.628135
1.371508
1.012430
0.909636
0.106294
1.277170
1.666960
0.441584
0.449155
0.560394
1.854657
0.389471
0.216165
0.571859
1.003927
1.855236
0.668372
1.021596
0.310477
0.556976
1.058685
1.452431
0.387239
0.202612
0.534286
0.103923
0.211588
1.378467
0.862432
1.242365
1.720135
0.248552
0.354267
0.090283
0.230772
1.856674
1.288599
1.635159
0.649777
1.334267
1.576669
0.711760
1.719298
0.116248
0.413289
1.200022
0.894027
0.551409
1.488245
0.602788
0.897209
1.330550
1.134096
1.811209
0.919769
0.383671
1.834000
0.417132
1.526649
1.244957
1.723031
1.504059
0.905162
0.669415
0.869496
0.729789
1.395473
0.229948
1.797844
0.936460
1.024182
1.567786
1.579080
0.105909
0.113265
0.836645
1.267553
1.624271
1.448717
0.892574
0.442416
0.412322
1.138652
1.624217
0.444081
0.529767
0.274499
1.354596
0.460307
1.438520
0.112667
1.041363
0.238417
0.443384
0.933749
1.136963
0.821519
0.423484
0.657264
1.228426
0.462741
1.824925
1.511945
0.085974
0.130893
0.900312
0.258564
1.019895
1.326160
0.173215
1.045204
0.102246
0.640811
0.798657
1.120452
1.117039
0.109506
1.516511
0.776341
0.176067
1.564845
0.554114
0.221430
0.568848
0.548643
0.098184
0.149705
1.623320
1.375232
0.313877
1.433656
0.136487
1.838098
1.816934
0.483362
1.412143
0.135184
0.394430
0.467276
0.430754
1.750200
1.153556
0.674618
0.539313
0.536779
0.936997
1.724896
1.495137
0.792660
0.552847
0.165202
0.284110
0.841733
0.243701
1.726906
0.327159
0.558277
0.317212
1.628088
1.627967
1.118532
0.764442
0.527363
1.631253
1.576085
1.576576
1.278772
0.939829
0.647473
0.542490
0.233067
1.770259
1.392447
0.364755
1.115046
0.815891
0.725141
0.645680
0.149724
0.952874
0.904290
0.146730
1.061691
1.782999
0.794995
0.227831
1.743650
1.857045
0.251190
0.559730
0.873747
0.715152
0.268475
1.526552
0.392480
1.857333
0.449811
1.124092
1.453104
1.028080
0.092472
1.525411
0.415781
1.580332
0.867951
0.451630
0.737649
1.499376
0.301253
0.440854
1.625808
0.813546
0.176901
0.722370
1.772961
1.624235
0.642748
0.652822
1.518721
1.136478
1.452062
0.448687
1.624269
0.637928
1.133173
1.247283
0.328220
0.143567
1.288251
1.717601
1.136097
0.142721
0.427938
1.719986
0.990752
0.381927
0.138961
0.548371
1.133719
1.828311
0.670262
0.436961
1.735706
0.885047
1.260023
1.719979
0.353710
0.257596
1.134150
1.376032
1.683187
1.333507
0.563013
1.137853
0.801292
0.526225
1.494177
0.134333
1.516964
0.385643
1.247676
1.317344
0.485131
0.762884
1.065370
1.332293
1.510666
1.021374
0.885096
0.995165
1.388421
0.512566
0.904516
1.720000
0.487100
1.038314
0.147173
0.132565
0.191196
1.379777
0.996295
0.919095
0.891798
0.881052
1.411079
0.206769
1.781912
1.403080
1.579851
0.776125
1.360559
1.201562
1.858057
1.250543
1.514088
1.721184
1.209385
0.525018
0.360554
0.921903
0.231276
0.127388
0.580435
1.414255
0.259840
1.355639
1.019385
0.798248
0.799031
1.426229
0.517563
0.717228
1.248527
0.580150
1.383698
1.818328
1.859137
1.382197
0.127610
1.852709
0.363564
0.283102
1.724275
1.570983
1.523859
0.918513
1.273320
1.846252
0.307619
0.734316
0.217598
0.746357
1.576414
1.240587
1.022659
0.815827
1.723152
0.117061
0.453034
1.346841
1.043441
1.855090
0.488515
1.839715
0.746796
0.948801
1.247346
1.624255
1.539904
1.028661
1.827986
0.946832
1.052053
0.534020
0.919818
1.006699
1.576236
0.420665
1.561330
1.248585
0.315804
0.688006
1.336028
1.129202
1.308836
0.428675
1.367480
0.485031
1.139993
0.398883
0.886897
0.630251
0.172511
0.431156
0.703282
1.720255
0.537646
1.806252
0.650074
1.806529
0.186337
0.698888
0.112955
0.288452
1.709081
1.390712
0.452707
0.323646
1.578142
1.561954
1.021900
0.196929
0.347318
0.394685
1.729542
0.787440
1.784832
0.876100
0.913047
1.563358
0.633170
0.688212
0.102272
0.978784
0.393925
1.145599
1.396429
1.221183
0.691767
1.029334
1.720054
0.894862
0.314954
1.306477
0.778015
1.720350
1.579762
0.431299
0.299603
1.006747
0.246691
0.107003
0.144513
1.383371
1.509914
1.624239
0.654362
0.135906
0.841592
0.454024
0.892357
0.993917
0.252934
1.380682
1.248374
0.827629
1.857691
1.357731
0.203631
1.524268
0.127399
1.211735
0.873602
1.491324
0.884749
1.034252
0.667821
0.653192
0.104754
1.036556
0.773343
0.955194
0.118490
1.629496
1.776438
1.049946
1.127873
1.385540
0.139134
1.102223
1.716699
1.858963
0.351810
0.875913
1.244392
1.470532
0.133244
0.740001
0.271302
1.645238
1.422868
1.515576
0.713201
1.200171
0.689363
1.852140
0.231947
1.422452
0.910751
1.858511
0.640057
0.307722
1.581143
0.450734
0.295719
1.243350
0.090354
0.096065
0.231547
0.433586
0.247659
1.855808
0.427169
0.454479
0.825413
1.730353
0.727205
0.547728
0.730335
1.405089
1.336717
0.912652
1.572347
0.273870
0.102688
1.362936
0.952285
1.106406
0.131849
1.416424
0.738934
0.658656
0.577584
0.710317
1.719996
0.352822
1.018862
0.699644
0.107373
1.809538
1.379063
0.412439
0.307046
0.180702
0.399273
1.780309
0.186860
1.600740
0.382879
1.321241
0.657373
1.624239
1.044912
0.913752
0.429963
1.628065
0.310804
1.054760
0.875264
0.250645
1.719990
1.388822
0.425495
0.418283
1.434333
0.160301
1.858605
0.672734
1.574641
1.856951
1.244405
0.104275
1.577177
1.716505
1.031475
0.338508
0.421412
0.286390
0.204935
1.245866
1.247055
0.107809
1.518939
1.132200
0.670000
0.189884
1.694910
1.624257
0.775201
0.387513
1.560291
1.567166
1.069398
0.455184
0.132935
1.624254
0.555384
1.631304
1.037170
0.112221
0.213988
0.554254
1.018481
0.182718
0.833460
1.476338
1.374582
1.853478
0.329516
1.747181
1.844291
1.140309
1.253057
0.432249
0.467358
1.576684
1.857924
1.484751
1.762447
1.621648
0.849322
1.400530
0.760403
1.799852
0.552110
0.556819
1.506411
1.580160
0.939338
0.474693
1.597891
0.276463
1.223316
0.249316
1.720003
1.854031
1.424447
0.668001
0.186401
0.295180
1.460709
1.068395
1.624210
0.396644
1.127297
1.858853
0.880246
0.343147
0.091321
1.387990
1.124392
0.257251
0.758611
1.856659
1.720109
1.537577
1.513378
1.146966
0.662882
0.724937
0.090945
1.694326
0.191693
0.667167
0.100240
1.399595
1.019839
0.175873
1.008241
1.519020
1.598955
0.698906
0.940658
0.104449
0.568831
0.608097
0.108256
0.631582
1.489281
0.730815
0.633619
0.270191
1.562273
0.725194
0.770048
0.417218
1.400978
1.110084
0.835181
1.189812
0.890148
0.371545
0.239000
1.024050
0.145093
0.092947
1.572223
1.818763
1.719512
1.019128
0.754335
0.755910
0.716477
1.419953
0.396049
1.719812
1.858350
0.686453
0.516782
1.013290
1.600884
0.674258
1.021450
0.938869
1.132075
1.017894
1.348007
1.764730
0.442766
0.937541
0.779692
0.301667
0.933192
0.981864
0.710347
1.350977
0.211948
0.224021
0.516828
1.506547
1.030715
1.128390
1.217140
1.390477
1.719906
0.294393
1.719920
1.244202
1.131155
0.101892
1.253697
0.286365
1.284874
0.956361
0.388924
0.536505
0.764896
0.566678
1.260043
0.635889
0.589066
1.856202
1.122346
0.427409
0.925398
1.024141
0.345833
1.025555
1.763365
1.244982
0.366618
1.744037
0.133935
0.393299
1.717557
1.129075
1.158000
1.030762
0.168843
0.274222
1.128196
0.387934
1.721518
1.022764
0.555342
0.197204
0.730202
0.466549
0.403598
0.628500
0.952432
1.719887
1.857491
1.565737
0.099739
0.820485
1.216157
1.386440
1.719929
0.688540
1.018867
0.430604
1.446023
0.723907
0.894704
0.551116
1.488762
1.130852
0.422650
0.100901
0.255091
1.396873
0.560083
1.436445
1.831809
1.145461
0.289378
0.358681
1.027377
0.861737
0.126549
0.112227
1.766107
1.257258
1.624240
0.563438
1.127244
0.982584
0.374207
1.283691
0.387751
0.686012
0.194821
0.115037
0.403566
1.013996
0.175330
0.144535
0.564832
1.134375
0.933324
0.748856
1.026021
0.888933
0.344433
0.930161
1.154198
0.707606
0.207867
0.205707
1.292807
1.392521
0.712470
1.614520
1.027117
1.195504
1.483308
0.502349
1.408206
1.393751
1.565005
0.198497
0.605372
1.346047
0.536692
0.953180
1.523600
0.912343
1.022118
1.624239
0.732120
0.323599
0.550822
1.515264
0.245573
0.683023
0.673795
0.687714
1.751903
1.794176
1.289494
0.336071
0.195385
0.667479
0.776995
0.801912
0.993669
1.028680
0.112296
0.429823
0.935721
0.439541
0.200496
0.165364
1.385662
0.902604
1.310615
0.559713
1.477087
1.060758
1.020013
1.853561
0.762962
0.099600
1.783845
1.013521
1.627080
0.244404
1.411355
0.864055
1.719885
0.652272
0.902784
1.243916
0.895351
0.344637
1.711030
1.152096
0.137168
1.017058
1.792160
0.111897
1.332768
0.710824
1.186151
1.096929
1.244111
1.414742
1.144679
0.388996
1.328708
1.857621
0.136567
0.920944
0.483350
1.411400
1.624239
0.331350
0.098058
0.127224
1.096647
0.536128
0.332525
1.007645
0.400168
1.171874
1.632062
0.476686
0.645016
1.701330
0.100255
0.991419
1.767556
1.258367
1.131994
1.577896
1.134939
0.295710
0.727774
1.035842
0.951592
0.134266
0.096285
0.179940
1.855842
1.031244
0.665159
1.243675
1.132795
1.000485
0.173121
0.723773
1.355524
1.281313
1.130242
0.114068
1.771951
0.424233
0.363151
1.754710
1.131481
1.725697
0.905321
1.503966
0.894270
1.219263
0.351377
1.246816
0.708459
1.624267
0.933313
0.117637
0.144403
0.851142
0.129235
1.631919
0.398167
1.008186
0.158443
1.020251
1.395918
1.517340
0.171659
0.428338
1.844863
1.383134
1.464029
1.158035
1.133830
0.467725
1.132454
1.764834
0.092103
0.721805
1.114443
1.247219
0.206569
0.095235
1.130521
0.578665
1.114145
0.935369
0.270439
0.211249
0.888514
1.142342
0.882299
0.552088
1.720100
0.241612
0.750169
0.455329
1.418100
1.226760
0.204844
1.571196
1.624225
1.588687
1.396149
1.828730
1.826430
0.394316
0.547395
0.307164
1.019765
1.292329
1.019475
1.849216
1.521107
0.638232
1.244451
0.734795
1.851748
1.459272
1.795262
1.507820
1.601501
1.857863
0.552956
1.719282
1.855328
1.137388
0.657851
1.138442
1.360966
0.715829
1.360390
0.227820
1.845270
0.453591
1.118987
1.338348
1.040392
0.833695
0.499049
1.832644
0.358061
1.725987
0.916707
0.690047
1.242528
0.302869
1.419390
0.365216
0.095809
0.966915
1.366358
1.016063
0.694902
1.336069
0.248646
0.674212
0.161536
1.576242
1.367502
0.899334
0.621900
0.520586
1.719530
0.091119
1.375404
1.576898
0.532665
0.380356
0.366217
1.594123
1.624214
1.604331
0.546031
0.788395
0.223001
1.719950
1.423783
1.841761
0.577464
1.266350
1.015491
1.243566
1.306026
1.624121
0.142007
0.565635
1.537423
1.123038
0.831486
1.772444
1.121596
0.563688
0.328224
1.370087
1.780471
0.192203
0.230184
0.538208
1.823472
1.152769
0.168309
1.527194
0.517256
0.564056
1.719942
1.720132
1.031744
0.970348
1.569041
1.277917
0.970057
0.776771
1.720095
0.481302
1.029623
1.720694
0.149361
1.133376
1.437704
1.759442
0.396023
0.926941
0.558635
1.321657
1.058010
1.045988
1.515965
0.149823
0.206645
1.571210
1.019694
1.642514
0.705445
0.355481
1.595959
1.348666
0.559181
0.530821
0.679011
1.174659
1.245280
0.355866
1.018469
1.038846
1.421256
1.233950
1.617876
1.627175
1.392025
0.905653
0.921309
0.483032
1.857888
1.421075
1.722090
1.118403
0.099045
0.129769
0.904518
0.865688
1.578230
0.824699
1.398348
1.320539
0.543474
1.063789
0.887638
0.541641
1.236232
0.161186
1.019584
1.383428
1.009521
0.824075
1.398597
1.492213
1.774967
0.903011
0.328148
1.228570
1.387639
1.858706
0.089851
0.149907
0.339291
0.430663
1.342906
1.515004
0.564301
0.631137
0.993380
1.264939
0.092435
0.416090
1.479528
0.339323
0.508570
0.997911
0.129659
1.415655
0.775427
0.794759
0.899326
1.446642
0.121283
1.133917
1.022697
0.568046
1.129036
1.720143
0.163200
1.023368
1.237019
1.371473
1.248873
1.230987
1.576458
0.428997
0.289789
1.375857
0.190607
0.330598
0.539852
0.687516
1.723488
0.687658
1.726150
1.854980
0.311189
0.750117
1.697498
1.523576
0.499088
1.581461
1.576641
1.446429
0.554023
0.948651
0.265638
1.412650
1.338465
1.626376
1.353240
1.858387
0.119663
1.686991
0.185236
0.234152
0.798981
0.836919
0.703381
0.264872
0.093915
1.358976
1.577310
0.497782
1.164655
1.009815
0.881697
0.111265
1.624215
1.086372
1.417398
0.272086
1.644322
1.242220
0.242999
0.897771
1.028137
0.534612
0.667399
1.116720
0.153334
1.133786
1.043761
0.550757
1.477809
0.760216
1.528428
1.351527
0.802559
1.571886
1.802534
1.853264
0.559345
1.353526
1.027121
0.279862
0.311274
1.851718
1.719792
1.579272
0.995021
0.097048
1.057512
1.021107
1.712218
1.390588
1.025419
1.620424
0.783942
0.470887
1.003377
1.516074
0.695441
0.548059
1.354630
1.712410
0.955523
1.624256
1.245798
1.399412
0.370664
1.131541
1.856841
1.720059
1.083379
0.391237
0.101449
0.193835
1.571487
1.129467
1.437306
1.518777
1.288517
1.336616
0.136964
1.350176
0.550967
1.135517
1.514061
0.252109
1.509059
0.890076
1.398934
1.109742
1.629981
1.246069
1.245642
1.857625
1.399678
1.771019
0.444063
1.624274
0.502600
1.244837
1.398585
0.836623
1.132650
1.847197
0.406589
0.101500
1.385153
1.019460
0.711596
1.804868
1.018533
0.419494
0.652038
1.389846
0.146544
1.573642
0.831249
1.492657
0.717075
1.413479
0.387820
0.673708
0.704535
1.827642
1.851672
0.550210
0.313106
0.714334
1.012880
0.565905
1.372846
0.694481
1.788740
1.723067
0.556738
1.388811
1.333075
0.480044
0.223909
1.732159
1.426156
0.906897
1.718923
1.675758
1.335793
1.508160
1.359018
0.905330
1.557890
1.502369
0.401778
0.534809
0.447712
1.514607
0.637017
1.029845
1.858196
1.332509
1.511792
1.517647
0.491745
1.705829
1.622465
0.642350
1.019747
1.184716
0.626479
0.986038
0.565536
0.754614
1.736069
1.719882
0.500359
1.624243
0.899808
1.719924
0.148364
1.755656
1.576322
0.557612
0.439335
0.196657
1.720034
1.714504
0.199649
0.139341
0.169817
1.031749
0.579297
0.513379
1.776624
1.256752
1.576609
1.135042
0.519386
0.414923
0.738080
1.002026
0.668429
1.019568
1.041405
0.122577
0.795368
0.642226
0.457141
1.514026
1.019740
0.135408
1.523201
0.733042
0.775510
1.045074
1.854866
0.106562
1.190680
1.045609
1.807200
0.399925
0.324211
1.379359
0.103770
0.505492
0.899003
0.772660
1.762306
1.414135
1.243389
1.510830
0.557578
1.720655
1.288171
0.377492
1.472129
0.841993
0.139140
0.272764
0.987556
1.721378
1.498085
0.914095
1.832185
0.511419
0.539299
1.835353
1.022773
1.002305
1.410750
0.871148
1.380054
1.209318
0.524096
1.577328
1.219219
1.778344
0.165254
0.341503
0.168251
1.819014
1.572481
0.291047
0.363136
1.029590
0.636066
0.396369
0.120463
0.308682
1.019872
0.556020
0.732045
1.138594
0.907653
1.164880
1.465435
0.979942
1.379778
1.719221
1.719997
1.852881
0.242982
0.385056
1.485304
0.362149
1.251219
0.711052
1.727679
0.670236
0.562784
0.537002
1.115912
0.944716
0.187083
0.920628
1.248376
0.124307
1.523833
1.797954
0.896312
1.856330
0.326006
0.133060
0.314519
1.127499
1.038426
0.609321
0.226884
0.090017
1.624430
0.554377
1.250278
0.658372
0.719073
1.858733
1.124561
1.849328
0.560652
0.893562
1.388812
1.005426
0.987392
0.527954
0.089619
0.419590
0.944251
1.503995
0.602351
1.342107
1.719946
0.934082
1.755569
1.402821
0.979787
0.331908
1.761262
0.723314
1.493866
1.339924
0.249711
0.310665
1.719995
1.857691
1.015684
1.070732
1.592635
1.624853
1.160707
0.297312
1.390038
1.574956
0.144899
1.844987
1.857789
1.134410
0.926693
0.425700
0.660334
0.925172
0.168191
1.736619
1.801041
1.447389
0.875038
0.938616
0.836278
1.292161
1.393471
0.268072
1.641197
1.719678
1.249823
1.574692
0.117693
1.073821
0.822646
0.182952
1.524365
0.402181
1.395680
0.541870
0.374125
0.569853
0.229548
0.181395
0.169740
1.718689
1.132745
1.380947
1.421012
1.517291
0.513151
1.406228
1.846563
0.958819
0.218138
0.232808
1.855329
0.293351
0.193084
1.132719
0.114204
0.705996
1.115438
0.136760
0.114608
1.812926
0.866067
0.188026
0.907693
0.426464
0.429892
0.099838
1.398664
0.356442
1.600224
1.065620
1.505817
0.324050
0.256423
1.438022
0.500177
0.893858
1.138780
1.034533
0.792400
0.825491
1.720438
0.980094
1.033681
1.016578
0.557096
0.617361
1.644616
0.211710
0.879403
1.518227
0.147972
0.565453
0.573487
1.719980
0.189560
0.906500
1.783280
0.208853
1.719605
0.409116
1.794664
1.556121
0.477311
0.193988
1.598273
0.731963
0.564770
0.321875
1.783084
1.246762
1.119315
0.383645
1.147176
1.848914
0.902969
1.572609
1.373277
0.581524
0.523233
0.753553
0.577486
0.908158
0.538591
1.026172
0.284829
0.119255
1.159096
1.720393
0.378911
1.341033
0.102864
0.234488
0.744286
1.754034
1.695991
0.715898
1.377056
0.800373
0.154507
0.273291
0.895951
0.646401
1.269809
0.177119
1.333820
1.007771
1.748186
0.677928
0.333526
1.814921
1.639937
0.727547
0.144045
1.051141
0.859869
1.393998
1.723618
0.873406
1.188980
1.508812
0.845419
0.590191
0.916667
1.226604
1.128523
0.707597
1.404851
1.433390
0.102322
1.858042
0.499555
1.422605
1.150260
0.324460
1.781703
1.132086
1.410185
0.930497
0.555220
1.354488
1.508012
1.017300
0.097277
1.758366
0.091319
1.630545
1.576397
0.842560
0.280608
0.418417
1.324218
1.858445
1.501160
1.021075
0.668047
0.749795
1.843644
1.647164
0.144216
0.897338
0.125906
1.719979
1.659350
1.624598
1.227593
1.684548
1.570079
1.858109
0.862428
0.346872
1.576489
0.469646
0.313707
0.434316
0.324559
0.713077
0.581059
0.452999
1.241179
0.744276
0.172552
0.925245
1.387575
0.803946
1.152671
1.514162
0.201501
1.760524
1.127116
1.816238
1.849434
0.508561
0.505118
0.134840
0.225304
1.376192
1.719745
0.440771
1.227959
0.221333
1.162990
0.384581
0.475673
1.389254
1.576023
1.155164
1.719933
0.741329
0.141201
1.244415
1.572172
1.032343
1.623366
0.728710
0.484931
0.296889
0.717813
0.287023
1.576503
1.363503
0.346336
1.492732
0.660157
1.291433
0.141756
1.127016
1.790261
1.430135
0.191468
1.242825
0.165227
1.487260
0.834559
0.588582
0.249795
0.347602
1.570903
1.577057
1.725418
0.139443
0.526061
0.146637
1.507571
1.352016
1.719914
1.792414
0.310280
0.336000
1.035223
0.108633
0.961595
1.011840
1.406301
1.722605
0.442616
1.856772
0.793473
1.719841
0.300572
1.240788
0.971696
0.806653
0.877620
1.024422
1.003939
1.854051
1.782283
1.855002
0.314446
1.244910
1.118350
0.982740
1.396323
0.158685
1.524813
1.267926
0.295386
1.858243
0.113369
1.386708
1.020670
1.400834
0.433974
0.887623
1.612501
0.347761
0.205466
1.780032
1.490626
1.353120
0.132254
0.943699
0.918638
0.361393
1.850468
1.397023
1.844537
1.644536
0.304056
0.147244
0.860598
0.705951
0.724476
0.536801
1.291563
0.326729
1.658463
0.389719
0.517662
0.243876
1.858693
1.027873
0.904335
1.115045
0.380310
1.858791
0.471019
0.764752
1.442985
0.329019
0.678090
0.658467
1.374137
0.141935
0.120751
1.214748
0.907602
0.220724
0.424504
1.402576
1.624697
1.085736
1.145618
1.128292
0.197997
1.719637
0.897624
1.023977
0.863487
1.512613
0.160396
0.628241
1.519751
1.626872
0.474134
0.179230
0.101169
1.304268
0.613723
0.326206
1.763492
1.330862
0.564474
0.548573
1.503653
0.298604
0.323593
1.137178
0.212835
1.422302
0.918758
1.756587
1.035001
1.249128
1.027364
1.019045
1.847013
1.371603
1.537653
0.919719
0.684885
0.209129
0.414016
1.056744
0.429599
1.624216
1.396019
1.020832
1.850288
1.719998
0.328612
0.553278
0.788921
1.131531
0.543524
1.518525
0.142898
1.628582
0.558918
1.411743
1.020266
1.237494
0.886573
0.126883
1.624626
1.294821
0.794791
0.984361
0.391655
0.208792
0.544969
0.513673
1.132199
0.128749
0.744975
1.678473
0.119086
0.095523
0.879653
1.348502
0.607981
0.541336
0.537732
0.941472
1.854112
0.314828
0.872374
1.833182
0.466800
1.576277
0.662836
1.520822
0.495832
0.658802
0.964832
1.612924
0.284211
1.248611
0.742799
0.461476
0.092302
1.245058
1.740885
1.788404
0.511080
1.855723
1.432016
0.169935
1.720398
0.425099
1.606362
0.920497
0.142632
1.774429
1.137142
1.037740
0.984693
1.150392
0.494312
0.726494
0.916436
0.919844
0.543044
1.856737
1.156206
1.624480
1.485202
1.388548
0.190869
1.425395
0.869249
0.679420
0.606278
1.399969
1.115897
0.133769
1.762644
1.648816
0.626042
1.134775
0.830298
0.620306
1.337415
0.572524
0.907254
1.639364
1.238130
1.576153
0.552348
0.156862
0.159136
0.169778
0.410950
1.037299
0.570316
0.732253
0.388704
1.392977
1.500942
1.440164
1.720134
0.525449
1.245542
1.334455
1.540591
1.624169
0.649247
1.720204
1.736847
0.715441
1.626015
1.729503
1.739298
1.139268
1.649046
1.143126
1.161064
1.856343
1.230036
1.624349
0.738908
1.034291
0.365675
1.131951
0.086616
1.160787
0.168833
1.027991
0.693229
0.870472
0.339932
0.724112
0.648642
1.683331
1.624201
1.448714
0.778347
0.618484
0.857844
1.416880
0.572363
0.139398
1.395693
1.719811
1.588093
1.022916
1.393154
1.624665
0.634692
0.150647
1.366327
1.856961
1.624262
1.033415
1.529258
0.349515
0.816062
0.658452
1.578615
1.382660
0.576066
0.139571
0.495906
0.504751
1.457404
0.139396
1.449914
1.394997
1.004682
1.857726
0.470796
0.415111
1.721428
0.726588
1.040263
1.858955
0.132487
1.857234
1.624241
1.779112
1.247570
0.104640
1.623406
1.372857
0.824709
0.098199
0.472573
0.433280
1.019444
0.743780
1.422808
1.134536
1.412069
0.108626
0.545877
1.525276
1.328197
0.136978
0.572196
0.655735
1.330935
0.293069
0.359351
1.381315
1.635706
0.410224
0.183423
0.455113
1.812173
0.150987
0.573812
0.546599
0.433161
0.672508
0.522348
1.519299
1.246359
1.855255
1.577188
0.748973
1.245702
0.833412
0.919169
0.628323
0.541713
1.764486
1.241505
0.331560
1.254430
0.208714
0.905443
0.694736
1.038439
1.635590
0.111550
1.756391
0.550231
0.449081
1.134984
0.281097
0.627391
0.714773
1.625440
1.291103
0.693211
0.673211
1.247977
1.419379
1.026644
0.939711
0.637092
0.888960
1.858726
0.598575
1.129872
1.251532
0.222907
0.571306
0.677196
0.818105
1.135286
0.614961
1.205627
1.514385
0.216846
1.569245
0.135655
0.218571
1.137065
1.504908
1.024052
0.344110
1.379975
1.720270
1.384058
0.456414
0.487104
0.203667
1.636270
1.837388
0.227960
1.292591
0.493327
0.279411
1.295782
0.538661
1.457142
0.785979
0.624709
0.550416
1.021551
1.336753
0.785121
1.514335
1.230208
0.523687
0.884393
0.790010
1.720250
0.888064
1.495448
1.364718
0.444150
1.751867
1.470550
0.770050
0.138225
1.018134
0.773229
0.586678
1.779580
1.800406
0.227602
1.843039
1.572005
0.149863
0.233221
1.859087
0.835632
0.549886
0.112312
1.842433
1.027926
1.239611
0.161907
1.399845
0.103212
1.631620
0.153109
0.808286
1.294386
0.882552
0.820596
0.740260
1.201260
1.245536
1.841319
0.377465
0.118790
1.357855
1.471026
1.419177
1.398243
1.018689
1.126308
0.113694
0.140459
0.963778
0.383447
1.831008
1.132912
0.651858
0.799468
0.390610
1.720174
0.432178
1.130300
0.968597
0.774908
0.409513
1.391601
0.163788
1.124518
1.002131
1.060878
1.148395
0.115504
0.781569
1.248004
1.385004
0.645684
1.027424
0.965393
1.350504
1.778040
0.129992
0.839969
1.567181
0.430432
0.250013
1.136437
0.287178
0.785316
1.407328
1.372813
0.870507
0.891984
1.717309
0.307467
0.715428
0.712147
0.895106
1.019698
1.855454
1.851261
0.241261
1.607851
1.292277
0.232069
1.333177
1.364542
1.799398
1.813274
0.398432
0.706223
0.874379
1.386809
1.856552
0.467002
1.719040
1.831992
1.821831
1.599938
0.846725
0.312845
0.871929
1.806043
1.266623
1.020010
0.872084
1.144179
0.630117
1.149894
0.543409
1.398552
0.217317
0.216347
0.512835
1.391608
1.332310
0.500129
0.555071
1.722768
0.551634
1.424251
1.247912
1.404663
1.721120
1.493146
1.244998
0.426791
0.408402
0.648098
1.244463
1.602138
0.141757
1.056546
1.782452
0.099289
1.577256
0.124403
0.663901
0.094772
0.993151
1.625735
0.237251
0.677894
0.853557
0.118492
1.850622
1.720014
1.500320
1.384584
1.566956
0.248071
0.668807
0.421261
1.172649
1.501366
1.016931
0.116724
1.497989
1.737455
0.164545
0.567173
1.830010
1.624202
1.390978
0.875694
1.577404
1.830484
0.099180
1.125434
1.022805
1.233811
1.784096
1.034172
1.720385
1.588593
0.941229
0.494406
0.109404
0.365366
1.719836
1.525089
1.175544
0.556248
1.131023
1.720058
0.585196
1.241271
1.838748
0.952974
1.022014
0.262516
1.635236
0.740494
0.091806
0.833428
0.125293
0.129013
1.855627
1.135676
1.517926
0.294395
1.030303
1.515871
1.790771
1.157986
0.207582
0.901707
1.135537
1.720350
0.280510
0.760935
0.734619
0.902906
0.362471
1.627151
1.719996
0.681231
0.105665
0.881371
1.362313
1.856823
0.976847
1.720433
0.114843
1.794927
1.811857
1.602901
1.723794
1.379304
0.791218
1.503881
1.467631
1.361026
0.105828
0.772038
1.599324
0.247656
1.396133
0.726385
1.857066
1.829609
1.719780
0.894073
1.751536
0.660038
0.563418
0.689956
1.843858
1.380053
0.818365
1.436829
0.822536
1.244819
1.448832
0.388158
0.886177
0.284347
1.064504
0.657665
0.898552
1.576494
0.964369
1.324632
1.245331
1.121077
1.020085
0.453431
0.344732
0.656698
1.387380
1.357695
1.611377
0.180789
1.018995
1.527557
0.132805
1.002665
1.370779
0.182698
1.625649
0.910456
0.603749
1.130452
0.578819
1.474893
0.407793
1.751205
0.552762
0.245839
1.374725
0.481008
1.034910
1.632339
1.131906
1.840492
0.354617
0.974799
1.623891
0.098339
0.582511
0.887099
1.720263
0.095838
0.795418
1.401575
0.449591
0.973747
1.234103
1.365239
1.851430
0.764788
1.031899
1.718933
1.393983
0.915832
1.115175
1.857687
0.903072
0.140451
1.624412
1.577057
1.707791
1.253960
0.105766
0.653416
1.322212
0.261823
0.877174
0.298893
0.187179
1.019096
1.576753
0.552213
0.541512
1.513222
1.779617
1.720024
1.850375
1.023595
0.198207
0.128406
0.313974
1.637990
1.523652
1.468885
1.579098
0.093630
1.624379
1.798232
0.741824
0.904199
0.758673
1.019872
0.666593
0.788827
1.500512
1.382019
0.734334
0.470728
1.855361
0.135740
1.719627
1.575309
1.330355
1.856197
1.571378
0.835007
1.625935
0.808309
1.516790
0.683690
0.154141
1.234464
1.388813
1.445966
0.702494
0.101874
1.377212
1.847290
0.556586
0.469640
1.774334
0.229027
1.523375
0.162172
0.395302
1.347382
1.374345
1.575105
1.113927
0.105861
1.132237
1.784178
1.244699
1.781219
1.398645
1.247842
1.020339
0.439257
0.129970
0.821358
0.543505
1.655079
0.336857
0.153662
0.220226
1.719306
1.577372
0.091820
0.985528
0.162949
1.800652
1.177954
0.193798
1.171213
0.548040
0.093496
1.005755
1.727753
0.564724
1.378783
1.384830
1.852575
1.209149
0.512519
1.652606
0.569679
1.625498
1.453731
1.576399
1.858773
1.781331
1.624117
0.868395
0.091059
1.272557
0.501172
0.358593
1.362444
1.231197
0.284176
0.514912
0.741349
0.554904
0.409105
0.255700
0.805017
0.223582
0.609836
0.446359
0.087419
0.728678
1.141906
1.462725
0.089039
1.350531
1.842687
1.828653
1.720087
0.647472
0.483267
1.136651
0.889757
1.252788
1.007432
1.574817
0.848433
1.016664
1.397010
1.502595
0.560453
0.928005
0.297538
1.007338
1.284019
1.162526
0.634268
1.857160
0.250941
0.229681
1.002582
0.565626
0.840040
1.525919
1.667406
1.598572
0.617306
1.562174
1.272231
1.572788
0.328109
1.135012
1.011173
0.205794
1.512289
1.399385
1.419541
1.720120
0.583971
1.324381
0.564411
0.511569
0.941109
0.342342
1.244916
1.392299
0.557666
0.250737
0.239159
0.676247
1.780709
0.814242
1.631913
1.574229
0.445231
0.299506
0.237455
0.818401
1.719707
1.400618
1.858054
1.857993
0.350282
1.019306
0.480977
1.026898
0.167215
1.842318
0.933548
1.523579
0.461722
0.572478
0.318851
0.669328
0.649472
1.502972
0.200802
1.399312
1.524144
0.419767
0.845964
1.463368
1.121239
1.282748
1.521104
1.824674
0.627899
0.562704
0.134999
0.585299
1.391184
0.230642
0.225231
1.612298
1.855976
1.462898
0.659874
1.856095
1.627927
1.039430
0.367278
0.785296
0.377641
1.345449
0.157398
0.544604
1.737082
1.857486
0.329576
0.657698
1.720672
0.432669
0.368079
0.438998
0.369881
1.561877
1.350587
0.710369
1.445949
0.161055
0.382749
0.435206
0.532468
0.899685
0.652393
0.451974
0.461435
1.022760
0.308305
0.209180
1.430433
0.438099
0.402218
0.388438
1.021644
1.690506
0.534256
0.420221
0.864381
1.511843
1.477916
0.914728
1.739717
0.515630
0.140373
1.504548
0.685753
1.487981
0.621887
0.449613
0.162528
1.717045
1.372403
1.856298
1.297368
0.908787
1.381648
1.513653
1.670881
1.011670
1.522160
0.664884
1.402386
0.661327
0.467817
1.246793
0.192671
0.522459
0.415752
0.277770
0.133744
1.856767
0.477756
0.678094
0.880482
0.557138
1.857134
1.303908
1.437349
1.373518
0.228155
0.388448
1.126228
1.124782
1.018418
0.517535
1.771446
0.876022
0.457995
0.989032
0.464885
0.730552
1.390888
1.624238
0.716626
1.401481
1.625026
1.385876
1.382361
0.433969
0.797972
1.678589
0.134564
0.987583
0.876411
0.460024
0.852093
0.182878
0.785734
1.382555
1.855581
0.771489
0.873343
0.500146
1.218621
1.294546
0.104634
0.653395
1.379189
1.525771
1.543453
0.922924
1.404199
1.622504
1.490239
0.885272
0.304180
1.837751
1.488309
1.389492
0.186034
1.036129
1.045658
1.855456
0.908377
1.578505
0.779204
1.767780
0.180522
0.472442
0.174771
0.683716
1.719418
1.035277
1.623926
1.332432
1.130364
0.177597
0.684954
1.299521
0.158350
0.246008
1.083320
1.625757
1.386056
0.282819
0.121939
1.137342
1.787210
0.667523
1.858649
0.937153
0.778396
1.449310
0.446266
0.826966
0.517345
0.625623
1.570832
1.719976
1.496788
1.486670
0.177174
0.151852
0.676864
1.585360
1.523586
0.152347
1.124287
0.876750
1.057537
0.802910
1.572624
0.147655
1.340638
0.424045
0.733843
1.713740
0.572412
1.025716
0.662179
1.510096
0.379805
0.101210
0.400602
1.850624
0.677968
1.410755
1.635669
0.878668
1.625275
0.325812
1.234174
0.118639
0.477292
0.296023
1.821766
1.475136
1.355251
1.295367
0.119523
0.338628
1.760883
0.541721
1.496891
1.348781
1.779994
0.957929
0.109289
0.489149
0.992457
1.634251
1.412931
0.743146
1.759064
1.339538
0.122902
1.626466
1.450446
1.049274
0.752727
0.554576
0.593044
0.839782
1.594109
0.122854
0.561291
0.422755
1.386600
1.048074
0.740970
1.322918
1.407878
1.408263
0.144032
0.090514
0.150067
1.146550
0.226655
0.673567
1.401673
0.601849
1.508010
0.659138
0.732083
1.577374
0.399925
1.038143
1.576392
1.132390
1.335219
1.498743
1.136262
0.555256
1.852526
1.717453
1.243717
1.006900
0.235700
1.115977
0.482872
0.775049
1.019824
1.240563
0.199841
0.334224
1.639500
1.858691
1.521284
0.135201
0.219130
1.330813
1.361166
1.527557
0.249670
0.555993
1.084897
1.720031
0.256224
0.315961
1.824194
0.142861
0.539902
1.132267
1.527528
1.719987
1.403757
1.195602
1.475008
0.135712
0.898816
0.866101
0.805656
1.384158
0.544614
0.833832
0.911305
1.068743
0.196894
1.242648
1.626110
0.686148
1.282746
1.402797
1.577090
0.327491
1.281429
1.735561
1.239614
1.202197
1.513149
0.279839
0.891053
1.251073
1.015063
0.885351
0.570237
1.213455
0.756947
1.022226
0.904286
1.572861
0.830716
1.288666
1.400045
1.133545
0.208568
1.138826
1.494781
0.354252
1.374479
0.109539
0.106772
1.472806
1.185429
1.629104
1.361902
0.337813
1.305190
0.822970
1.357548
0.444793
0.156277
0.298594
1.244347
0.604932
0.443334
0.904514
1.244820
0.656760
0.604033
0.560714
1.362369
1.024179
0.202911
1.800409
1.251737
1.397758
0.832496
1.383729
0.931675
0.375001
0.440356
0.891055
1.814620
1.857273
0.579324
0.697130
1.142408
1.565836
1.472115
1.319018
1.027208
0.146220
0.977863
0.965452
1.527621
0.646300
1.316187
1.720006
1.379786
1.523850
0.667468
1.624228
1.729975
0.130355
1.117209
1.360062
0.437995
0.119832
1.573632
0.419759
1.463318
0.903176
0.435899
0.832560
0.302121
0.737706
1.436480
1.397176
0.846402
1.526755
1.152692
1.719892
0.991600
1.574645
0.536073
1.854778
0.105932
1.355124
0.404943
1.388149
1.462135
0.990104
0.435453
0.708797
1.247603
1.410607
0.850652
1.026230
0.650322
1.841835
1.770516
1.381299
1.153046
1.600610
0.869044
0.410818
1.720034
1.393199
1.503757
1.624237
0.985680
0.446298
0.300123
1.715835
0.698931
0.300970
1.509829
0.642310
1.337950
0.093587
0.737770
1.721797
0.389076
0.099330
1.574036
1.574313
0.714457
0.343057
1.293545
0.487626
1.358417
0.558216
0.097942
0.875096
0.639145
1.131985
0.221017
0.561763
0.878843
1.487948
0.226307
0.212807
0.629288
1.243973
1.436281
1.579159
0.423654
0.530447
0.891875
0.350615
0.714824
1.398322
0.344307
1.318111
1.624325
1.292398
0.107490
1.058019
1.380957
0.370013
0.898629
0.100633
1.518083
0.711408
0.175699
0.888388
0.357420
1.472027
1.378320
1.301133
1.624209
0.745289
0.794406
0.327118
0.350187
1.037455
0.406606
1.858963
0.259462
1.772888
0.833884
0.245188
0.734501
0.271420
0.961659
0.953590
1.026730
0.425015
1.469945
1.229478
1.580067
0.721669
0.922456
0.310017
1.018343
1.733006
0.681735
0.816143
1.431694
1.518262
1.683260
1.829668
1.147130
1.525527
0.469182
1.851766
1.857226
0.257299
0.765436
1.331153
1.073692
0.395966
0.922778
1.485311
0.473143
1.850160
1.323242
1.433646
0.563495
0.178138
0.320081
1.381006
1.113734
0.217673
1.527716
0.129800
0.743488
1.738282
0.931431
0.362796
0.176273
0.716236
1.858269
0.398998
1.012454
0.150929
0.304145
0.168146
0.337616
0.646288
0.703570
1.207864
1.720026
0.911372
1.244082
1.802568
0.662372
1.238109
0.107255
0.549068
0.377458
1.246280
0.687781
0.933798
1.172914
1.668103
1.849094
1.721409
1.840733
1.400298
1.346509
0.337458
1.379180
0.544104
0.539642
1.134539
1.488036
1.247023
1.738298
0.735187
0.466729
1.342635
1.305123
0.909746
1.132809
0.729808
1.584690
1.370778
0.955317
1.347561
1.380586
0.241440
1.770106
0.554277
0.294376
1.393260
0.157956
0.116623
0.990902
1.848722
1.727850
0.363355
0.478651
1.625771
0.152735
0.640965
1.625676
0.405432
0.105287
1.857055
1.667910
0.148902
0.531969
1.541120
0.181694
0.182528
1.720524
1.576340
0.889643
0.337377
0.900017
1.244403
0.776571
0.631791
0.168661
1.573469
1.858046
1.837996
1.577232
0.112555
0.135918
0.733050
0.809523
0.350338
1.525243
0.920789
1.722614
1.409068
1.660094
1.385849
0.935164
1.577273
1.496845
0.365623
1.713383
1.031061
1.855469
1.581792
0.910918
0.745798
0.171497
1.001780
0.119169
1.145578
0.258426
1.624249
1.041530
1.142145
0.757655
0.368681
0.730205
0.373401
1.403786
0.518680
0.715948
0.237496
0.663489
1.249827
1.624271
1.858910
1.019009
0.368093
0.149508
1.129291
1.020218
0.107271
0.726690
1.507178
1.210427
0.915855
1.014127
0.381058
0.536987
0.824912
1.515421
0.757747
0.945197
1.760706
0.303094
0.648011
1.521170
1.638329
0.994151
1.624424
1.719915
1.575712
0.817807
0.918119
0.495898
0.092155
1.353651
1.603200
1.390340
1.772782
0.194442
1.355379
1.858413
1.354389
1.793451
0.646733
1.133508
0.842025
0.137228
1.624252
1.251768
0.848778
1.720108
0.243161
1.127860
1.404439
0.582524
0.397660
1.630861
1.624373
0.674209
0.514022
0.983047
0.337358
0.403283
1.034236
1.421079
1.134267
1.856767
0.093433
0.104233
0.885012
0.931464
1.576140
0.549883
0.556169
0.229467
0.564539
0.956721
1.240984
0.194852
0.519738
1.236956
1.613274
1.526463
0.251627
0.433819
0.127557
1.510024
1.133051
0.194997
1.243970
1.292104
0.563840
0.220450
1.740649
1.394340
0.960332
1.041150
1.303978
0.105467
0.156246
1.138436
1.028519
0.247227
0.693083
1.525254
1.852722
0.555218
0.148095
0.998810
1.391444
0.158390
0.091429
1.246044
1.099410
1.387433
1.148093
1.392589
1.392841
0.161260
1.409499
0.231650
1.125953
1.405269
1.852980
0.327228
0.541962
0.726092
0.427116
0.937597
1.413349
0.423442
1.348905
1.829207
0.905354
1.392282
0.984426
1.023414
0.642595
0.464044
1.141721
1.505643
1.215006
0.190362
1.800763
0.139434
0.149637
0.558217
0.744753
1.500039
0.697840
1.784032
0.547487
1.519744
1.417722
1.244699
0.540236
1.314686
1.287762
1.726283
1.392280
0.752218
1.521548
1.576672
1.435864
0.731204
0.835715
1.615508
0.687108
1.580080
0.541798
1.134742
1.633766
1.625785
1.725487
1.856931
0.571645
1.720612
1.624452
1.856510
0.526789
0.745021
0.506998
0.475402
1.035789
1.729527
1.795697
0.403149
0.244390
0.466547
1.121914
1.019404
0.411642
1.574401
0.158751
0.108854
0.307672
1.670537
1.134452
1.524456
0.181545
1.124639
0.252314
0.746019
1.674160
0.555182
1.152514
1.157394
0.541461
0.096951
0.167920
0.965662
0.432697
1.199836
0.397012
1.720713
1.521958
0.656728
0.584318
1.125924
1.252906
0.903411
1.027346
0.308255
1.808743
1.509722
0.773390
1.611173
1.351508
1.044106
1.830821
0.917318
0.876421
1.379540
0.582802
0.669834
0.391534
0.195086
1.855247
1.824891
1.624270
0.667626
1.163507
1.850708
0.678443
1.247759
1.858820
1.577006
0.896464
0.430867
0.924882
1.522120
1.075944
1.664534
1.575440
1.783103
0.536701
1.523914
0.299031
1.624110
0.357982
1.124045
1.244124
0.733200
0.196432
1.393561
0.538897
1.719947
0.986996
0.701970
0.611228
1.107686
0.141599
1.752824
0.466372
0.852551
0.770807
1.266770
1.010139
0.690081
0.315319
1.772218
0.261206
1.660906
0.761532
0.293096
1.624007
1.443432
1.038112
0.391080
0.232012
1.851990
1.147892
0.745009
0.456848
1.361924
1.720066
0.162418
1.387985
0.929792
0.854794
0.400317
0.332593
1.750310
1.523535
1.134537
1.409995
0.844539
1.759594
0.542821
0.111400
1.769760
1.857911
1.858245
1.276802
0.958465
1.747170
1.774067
1.803175
1.154163
0.124350
0.235718
0.707124
1.245356
1.858096
1.720379
1.840526
0.097631
1.029266
0.328740
1.830402
0.906148
0.926879
1.760276
1.292905
1.309196
1.577068
0.291867
0.211932
1.506294
0.225703
1.020071
1.021217
0.093875
1.035924
1.751262
0.394883
1.714769
1.626493
0.129745
1.137411
0.296786
1.170387
0.124227
1.797735
0.966190
0.686721
0.421882
1.776802
0.658038
0.120356
0.874700
0.612559
1.425347
1.282990
1.387506
0.549667
1.401640
0.091347
0.472287
0.197777
1.719705
0.859300
0.350678
0.381227
0.732793
0.892264
1.745681
0.888661
1.850811
1.135707
0.269983
1.244262
0.931303
0.311258
1.125541
0.275506
1.624239
1.479891
1.521982
1.858521
0.884509
0.167397
0.430625
0.416676
0.789668
1.746094
1.039640
1.145403
0.529651
0.922554
1.300451
0.646159
1.298054
1.033865
0.698440
0.562237
0.168091
1.374258
1.576365
1.728431
0.897220
1.366594
1.796091
0.916506
0.843000
1.577938
0.192041
0.532471
1.278777
1.718807
1.575863
1.690618
1.721099
1.008734
1.625623
0.107777
1.720833
1.587769
0.626701
1.258246
1.576932
0.116111
0.933834
0.257970
1.044999
0.297281
0.787714
1.505551
0.893008
0.265634
1.812840
0.271243
0.986590
0.148044
0.642283
1.278325
0.159586
1.422696
0.854720
0.887042
1.627455
1.141261
0.697731
1.323386
0.472412
1.587949
0.273169
1.416171
1.488165
0.914977
0.094403
0.202702
0.658775
1.579334
1.853399
1.720989
1.841486
1.784272
1.209054
0.506521
0.858638
0.523347
1.411842
1.379034
1.134705
1.634056
0.278116
1.382385
1.720184
0.435180
0.111935
0.407657
0.962133
1.379616
0.116489
0.196859
0.114704
1.626947
0.352985
0.549497
0.396583
0.761381
1.719634
1.460222
1.732222
1.274127
1.524653
0.710856
1.715015
0.574369
1.509725
0.216155
1.021581
0.264086
0.211278
1.719927
0.315998
0.553022
1.776759
1.578608
1.349080
0.097777
0.662583
1.335210
0.362180
1.743836
1.844461
1.519770
1.516337
0.488562
0.706677
1.666576
0.600752
1.126958
0.945351
0.207054
1.139853
0.326929
0.358269
0.406094
1.518315
0.244222
1.133142
0.358326
1.857356
0.403176
0.155863
0.728367
0.128883
0.709102
1.761057
0.876494
0.716267
1.527689
1.858879
1.719959
0.151643
1.058171
1.580849
1.140280
1.786427
1.625849
0.363203
0.575572
1.139038
0.263159
0.557468
0.269480
1.144047
0.190400
1.022904
0.756732
1.053337
0.569829
1.857631
1.223963
0.178552
0.562728
0.151759
0.838984
1.627270
0.668956
0.102210
0.148544
0.207520
0.737155
1.347110
1.104395
1.596544
1.854053
1.437803
0.671174
0.195453
1.499252
0.901007
0.218869
0.903860
0.706608
0.450828
1.307233
0.116139
0.109493
1.720311
0.159579
1.350672
0.577600
0.445927
1.855607
0.977388
0.142073
1.293146
0.678469
1.025379
1.584893
0.354527
0.409964
1.517954
0.925060
1.016872
0.569493
1.738856
1.003082
0.180347
1.090235
0.743854
0.134690
1.856252
1.137080
1.527043
0.604967
0.915910
1.520388
0.938887
0.897082
0.095008
0.384216
0.778092
1.716607
0.568649
1.756947
1.067802
1.354439
1.858456
1.384676
1.132314
0.936074
1.330332
0.912043
1.607159
0.858839
1.349566
0.092673
0.092195
0.254838
1.332421
1.719543
1.669779
1.380107
0.552042
1.460217
1.624832
1.133611
0.706547
1.526017
1.133269
0.143256
1.747667
1.035407
1.390466
1.020403
1.857237
1.225516
0.229649
1.279661
0.673730
0.392040
1.079493
1.048063
1.099793
0.118953
0.263214
1.516536
0.430929
0.502771
0.128850
1.601147
1.855826
1.397185
0.119995
1.410055
1.245700
0.340790
0.887955
1.721084
0.900775
1.458110
1.850604
0.589876
1.505456
0.740215
0.951892
1.748580
0.489837
1.044238
1.438234
1.684731
1.391742
1.720245
0.538616
1.005289
1.242190
1.402553
0.922003
0.180794
1.019064
0.680988
1.781781
1.244736
0.532856
0.308136
1.499437
1.317387
1.023449
0.150661
1.735892
0.569720
1.189258
1.718308
1.525698
0.343914
0.651374
1.017468
1.466999
1.388232
0.344763
1.783078
0.186034
1.577543
1.245377
0.544634
0.704692
0.335104
1.624402
0.332754
1.576934
1.857850
1.243523
0.131326
0.323575
1.723614
0.915908
1.513578
0.103952
0.377941
0.557956
0.979878
0.921970
1.720005
1.018839
0.804310
1.244684
0.101711
1.243870
0.209531
1.771554
1.342016
0.765004
1.362691
1.098417
1.139508
1.719989
1.720295
0.947571
0.646832
1.422813
0.416421
1.019087
1.556731
0.097049
1.515862
0.503178
1.720110
1.135194
1.247232
1.719995
1.287893
1.388729
1.720705
0.403353
0.421669
0.128750
0.598193
0.459429
0.910622
0.533508
0.695527
1.491638
0.142301
1.387617
0.469652
1.294776
1.853953
0.123600
1.472769
1.016697
1.242146
1.807084
1.576517
0.507784
1.815781
1.335788
0.150486
1.245439
0.375612
0.678806
0.524806
0.898906
0.158154
0.880431
0.566309
0.936993
0.413786
0.811388
0.857301
0.852459
0.358003
0.959413
0.555895
0.356850
0.538741
0.405279
1.718054
1.130807
0.911959
1.614366
0.915056
0.730159
1.856174
0.603047
1.334470
1.369175
1.005976
0.216251
0.169073
0.100490
0.102134
0.816532
0.987986
1.435316
1.711850
0.684369
0.705440
0.480166
1.387827
0.794255
0.376292
1.017990
1.178412
0.569312
1.857652
1.379463
1.128592
1.245821
0.128615
0.619465
0.588830
0.476117
0.993545
0.442650
0.768038
0.416920
1.678293
0.329212
0.524264
1.577282
1.384058
1.723490
1.134909
1.129058
0.739636
0.893474
1.720755
0.539070
1.401461
1.358110
0.900533
0.119272
0.103728
0.879014
0.325410
1.109612
0.175841
0.154398
1.420125
1.301185
1.157392
1.519533
0.595845
1.639048
0.429576
0.520797
1.857538
0.627065
0.307849
1.351245
0.946891
1.855538
1.821496
0.408900
1.531488
1.150068
1.736483
0.143278
0.888093
0.638373
0.184161
0.557250
1.242881
1.019427
1.081682
1.853267
0.692680
0.112239
0.148421
0.307961
0.558135
1.776362
0.494919
1.116360
1.747050
0.887346
0.126726
0.795979
1.856802
0.190663
1.375207
1.251772
0.554346
0.647705
1.360942
0.148091
0.700113
0.408811
0.120034
0.204920
0.553828
0.778615
0.105361
0.517351
1.721121
1.722576
1.244257
0.512975
1.858385
0.461847
0.541741
1.836420
0.520078
0.230750
0.372767
1.623140
1.338840
0.806369
1.528495
0.461490
1.030890
0.525717
0.580288
1.523959
0.730731
1.722390
0.328158
0.560158
0.501005
1.454103
0.666701
0.285610
0.139190
1.400260
0.906204
0.298303
0.249083
0.152735
0.797986
1.126762
1.099768
0.350870
0.184910
0.509702
0.098234
0.648677
1.626655
1.390345
1.108522
0.132696
0.135007
0.411723
0.333140
1.040417
1.670478
0.111693
0.446441
1.246582
1.118200
1.388145
1.522194
1.609566
1.720247
0.698364
1.576795
0.554478
1.423069
1.855609
0.923452
0.680163
1.352462
1.517913
0.450085
0.496979
1.831897
0.703710
1.404647
1.387233
0.767872
0.717884
0.698350
0.229112
0.107024
0.387676
0.119283
0.515715
0.340779
1.803241
0.152620
0.393966
1.394837
1.428402
0.292003
1.022429
0.255280
1.035769
0.511042
1.396259
1.569820
1.376848
0.896590
1.738836
0.844393
1.576607
0.773503
1.140564
0.406074
0.399738
0.141032
0.872588
0.795350
0.313998
0.304324
0.836638
1.328876
1.723924
0.670484
1.019338
0.864592
0.160196
1.681593
0.503654
0.671087
1.038124
0.662616
1.017657
1.496586
1.105787
1.221761
0.220957
0.545322
1.720294
1.224139
1.211696
1.752138
1.720940
1.506002
0.905092
1.813147
1.519367
0.360488
1.679511
0.863427
1.655413
0.155079
0.825000
1.132465
0.356462
0.855025
1.858699
0.412196
0.690393
0.900834
0.183240
1.390084
0.365079
0.263981
1.389770
0.110503
1.721250
1.125947
1.710881
1.682027
0.999275
1.445549
0.462889
0.968316
0.652973
1.851411
0.569508
1.417794
0.533842
1.416927
0.873513
1.258564
0.199117
1.277563
1.856645
0.200175
0.595794
0.546208
0.542682
1.514178
1.046238
0.176762
0.237279
1.858358
1.391902
0.536320
0.405537
0.611140
1.831026
1.014111
0.940198
1.858395
1.245526
0.544325
1.556866
0.132479
1.242926
1.855396
0.814947
1.274303
0.759665
0.238896
1.700446
1.689686
1.021253
1.406615
1.856977
1.591609
1.479281
1.627017
0.895918
1.643499
0.946921
1.381522
1.857161
1.487057
0.423600
1.344673
0.131219
1.347895
1.720344
0.391798
0.468246
1.515405
0.554643
0.532936
0.777950
1.708283
1.842488
1.460362
0.274667
0.489888
0.543253
0.861806
1.602095
0.858316
1.433439
0.466269
0.471759
0.639464
0.892059
1.246335
0.574456
1.856537
1.003975
0.700917
1.202316
0.295906
1.336902
1.619867
1.576314
1.164015
0.681164
1.327084
0.089812
1.138705
1.183412
1.382580
1.578921
0.648460
1.713114
1.008693
0.936326
1.282832
0.554714
0.980295
1.810153
1.719343
0.492850
0.491800
0.732039
1.719934
0.747550
0.599602
0.922189
1.073024
1.621423
1.049345
1.019025
1.026872
0.245230
0.911143
1.204568
1.330823
0.124591
1.718402
1.248125
1.517644
0.328878
0.667858
1.325357
1.779605
1.406035
0.559310
1.499965
0.244743
1.211125
0.505935
1.020444
0.884456
1.503175
1.038250
0.318961
1.850307
1.626201
1.764798
0.147469
1.082370
1.132798
0.364274
0.359556
0.310872
0.393898
1.777549
0.201055
1.290855
0.114181
0.400684
1.509846
0.875700
0.552370
1.624351
1.134005
1.719634
1.719397
0.243749
1.686821
1.126878
1.141811
0.094719
1.212979
0.817781
0.391176
1.135522
0.559974
1.720085
0.260684
1.019589
0.925519
0.182573
0.151307
1.152696
0.847837
1.719964
0.169203
1.030190
0.142445
0.676660
0.937815
1.034416
0.609925
1.739704
0.299583
0.946790
0.142062
1.468730
0.484167
1.577579
1.252072
1.119740
1.025411
1.809083
1.175978
1.388111
0.725869
1.857116
0.130866
0.819443
0.532681
1.134449
0.535354
0.422347
0.303244
1.244589
1.849479
1.424184
0.366596
1.719318
0.479491
1.244970
0.398192
1.388745
0.431357
1.624160
1.523537
1.056117
0.696723
1.112309
0.149683
0.160979
1.383946
0.094478
0.381218
1.787215
1.759917
0.226342
0.958642
1.100225
1.315729
1.375794
0.519456
0.161789
1.523922
0.761642
0.091603
0.351124
0.586244
0.187065
0.164371
0.137875
0.282520
0.538454
0.317430
0.434574
1.627759
1.365397
1.127466
0.920540
1.858126
1.249857
1.841283
0.148932
0.100538
0.662697
0.198829
0.784250
1.511570
1.520383
1.624995
0.540193
0.641549
0.992022
0.423636
1.133699
0.610660
0.923884
0.682319
0.342649
1.623916
1.719887
0.295366
0.927934
1.749853
0.409204
0.665228
1.576676
0.527762
1.028258
1.512952
0.709272
0.429814
0.207034
1.410637
0.754944
1.720710
1.853661
0.452439
1.135541
1.030722
0.096986
1.831482
1.509390
1.130355
1.727719
1.518286
1.721005
0.366494
1.578608
0.286974
1.721777
0.109985
1.565050
0.268782
0.937904
1.329237
1.323398
0.646520
0.454104
1.851788
0.320881
0.889664
1.013906
0.223300
1.857686
1.144363
1.856370
1.399495
0.353928
0.386348
1.720210
1.406508
0.479444
1.028826
0.638108
1.464252
1.577370
1.858169
0.613764
0.212224
1.108945
1.219657
0.331622
1.499968
0.202198
1.852859
1.507535
1.858472
1.733959
1.236617
0.970735
1.110593
0.752220
1.030381
0.161720
0.323992
0.482887
1.289065
0.296534
0.727917
0.929366
1.390476
1.151711
0.686006
1.577412
1.740676
0.267790
0.577581
0.939144
0.357308
1.396094
1.515899
1.717974
1.267224
1.018110
1.044951
1.427496
1.527717
1.030011
0.760356
1.632407
1.293429
1.727672
0.925254
0.813533
0.649877
0.321860
1.247603
0.734469
0.495220
1.398566
0.239315
0.818691
1.839392
0.676387
1.360449
0.402618
1.850870
1.601360
0.477965
1.764744
0.339288
0.475075
0.321662
0.350526
1.021250
0.839790
0.542938
0.556822
0.822442
0.235773
0.641423
1.518097
0.919750
0.936625
1.526840
0.104575
1.420553
1.857995
1.028992
1.717977
1.017872
1.577253
0.733625
0.109425
1.671816
0.660665
1.245554
1.851162
1.840989
1.742375
1.649531
1.776639
1.833069
0.703627
1.107335
0.909774
0.902273
1.803688
1.432637
0.704067
1.500497
0.438820
1.023261
0.612609
1.527382
0.895795
0.813802
0.555061
0.850430
1.720078
1.374379
1.373809
1.012125
0.924155
0.871327
1.837235
1.110637
1.389860
0.558618
0.164497
1.184837
1.130452
0.224006
1.128964
1.046781
1.125603
1.511175
1.411423
0.212312
1.847951
1.333198
1.263877
1.412566
1.553531
1.022792
0.219094
1.858110
1.520795
0.917585
1.014469
1.582017
1.613703
1.014575
0.108523
0.459661
0.169052
1.517310
1.020273
1.435009
1.243948
1.642939
1.299696
0.699815
1.513114
0.189566
0.550869
1.776078
1.384040
1.830781
0.779517
0.714918
0.406869
0.656036
0.345598
0.544546
1.446735
1.785066
1.173617
1.364520
0.097490
1.719966
1.805496
1.777963
0.901584
1.327548
1.527717
1.378082
0.485914
1.293976
0.140777
1.573351
1.118815
0.588240
0.895137
0.412526
1.391627
1.330825
1.858212
1.387667
1.396922
0.742731
1.719971
1.247653
0.231133
1.720303
1.627434
0.975423
0.680385
0.739736
0.491718
1.072257
1.575608
0.250310
1.169713
0.905638
1.579548
0.910728
0.528733
1.719869
1.098404
1.755669
0.883759
0.462939
1.140505
1.135257
1.843095
0.907537
0.181331
0.865384
0.716533
0.913586
0.526188
0.914577
1.757840
1.352514
1.407903
1.020232
0.429169
0.166177
1.222803
0.507798
0.559665
0.111938
0.501912
0.670328
1.136048
0.622428
1.566252
1.136844
1.187037
0.270309
1.153337
0.632049
1.571054
1.372789
1.857419
1.000631
0.671277
0.650067
1.289838
1.248312
1.516365
0.478178
1.348163
1.574428
1.855539
1.838593
1.505214
0.118710
0.916692
1.625770
0.525250
1.719882
1.342656
1.403042
1.620045
1.499801
1.733463
0.129033
0.934660
0.887885
1.308326
0.269968
1.314034
0.740619
1.719914
1.730870
1.537462
1.019914
1.854796
1.491823
1.135317
1.507527
0.690642
1.845509
1.340224
0.101879
0.909737
1.246754
0.562487
1.131704
0.596279
0.590138
1.208385
1.137140
0.289310
0.512611
1.842559
1.020126
1.576101
1.132820
0.480075
1.669443
0.117055
1.719944
1.794799
0.738270
1.125664
0.888480
1.523450
0.440582
0.098155
1.291160
1.135891
0.540532
1.403532
0.693868
1.157309
1.244234
0.142269
0.829686
0.615368
1.705743
1.821242
1.240607
0.826772
1.393026
0.744771
0.331223
0.948076
1.845394
1.616739
0.284770
1.855831
0.139815
1.018417
1.124348
1.576831
0.517331
1.375477
1.266364
0.907688
1.370129
1.518757
0.893170
1.577110
1.597991
0.947961
0.502708
1.401380
1.020383
1.138915
0.314053
1.192039
1.346623
0.555001
0.560178
1.512555
1.727127
0.261640
1.039755
0.871494
1.721418
1.373402
1.247307
1.132346
0.129685
1.575685
0.994359
0.694648
0.353450
0.698771
0.826529
1.749210
0.922339
1.720890
0.320776
1.169342
1.658923
0.093284
0.370797
1.513248
0.157919
1.230909
0.705797
0.538099
0.483729
1.512114
0.831737
0.909596
1.244670
1.571443
0.569013
1.303640
1.575246
0.419362
0.400226
1.132188
1.779067
0.563487
1.779312
1.586821
1.433075
0.269711
0.560017
1.517291
1.338200
0.495753
1.718666
0.445869
0.724433
1.625410
1.833104
1.158865
0.279507
0.940150
0.253068
0.160333
1.626421
0.122687
0.167260
1.719563
1.676973
1.518450
0.148465
0.170363
1.013120
0.566473
0.634339
0.254659
1.414101
0.902091
0.092034
1.020293
1.857889
1.857552
1.720027
1.749791
0.533265
0.897219
1.718190
1.219493
0.927589
1.686105
0.240427
1.625531
0.521970
1.224855
0.353010
1.286346
1.856277
0.681013
1.583792
1.298465
1.570259
1.826184
1.857595
1.224277
1.857696
1.723987
1.246648
1.391601
1.573307
0.131081
0.477199
1.119305
1.701493
1.630942
0.732521
1.404734
0.196890
1.136474
0.895563
0.649422
1.673816
1.350924
1.579476
1.524509
1.024489
0.184773
1.745982
1.823579
0.580422
0.251400
0.872590
0.987959
1.724778
1.582802
1.025756
1.248260
1.774199
1.042600
1.524233
1.624659
1.764673
1.019907
0.228709
1.358504
0.705644
1.754253
1.410271
1.320267
1.408736
1.527709
0.435335
1.153158
1.124796
0.180047
1.811933
1.720402
1.824739
1.720583
0.924744
1.853058
0.708026
0.545886
0.163109
1.326338
1.513294
1.660089
1.371534
1.368279
0.279576
1.757248
0.519734
1.145751
0.670537
1.601673
0.779926
0.304775
0.148976
0.155536
1.253880
0.882171
0.905675
1.394413
0.581967
1.159059
1.344793
1.020210
0.286925
1.100869
0.543420
1.710530
1.720917
1.696774
0.676084
1.525199
0.428858
0.332829
0.555942
0.863620
1.710374
0.125462
1.016612
0.153908
0.547695
1.129948
0.725483
1.422733
1.028307
1.316944
1.244751
1.195925
1.573422
0.726806
0.234365
1.624424
0.471558
1.099376
0.349281
0.846930
0.796783
1.719694
1.111750
0.411270
1.857579
0.529603
0.529668
1.758281
1.440743
1.625486
1.244781
1.142570
0.378480
0.311723
1.289339
0.725803
0.442114
0.165417
1.507426
1.719949
1.018889
0.768273
0.446777
1.168047
0.112001
1.291790
1.624239
1.344660
0.728232
0.650591
1.719900
0.754496
1.857792
0.472012
0.745233
0.825363
1.074944
0.807281
0.571705
1.399774
0.971550
1.786774
1.419276
1.239475
0.610561
1.748649
0.094277
0.437527
1.297906
1.720223
0.392236
1.245890
1.197786
0.336678
1.457443
1.335030
0.346285
0.693908
1.843718
1.302260
1.611461
0.818557
0.196951
0.984777
0.418420
0.734932
0.162607
0.574098
0.890970
1.784793
0.139634
1.031598
1.378046
0.920379
0.643236
1.244623
1.426298
1.485738
1.592903
0.322308
1.513048
0.919917
1.576744
0.546518
0.137972
0.862269
1.332331
1.193632
1.521676
1.374280
1.394367
1.572183
1.512072
0.219993
0.914402
0.913712
1.720026
0.772675
1.043111
0.378293
1.333239
1.388662
1.396289
1.165974
0.324877
0.551382
0.910503
0.660294
0.566170
1.318751
1.244909
0.118848
1.770713
1.245212
0.424404
0.891535
0.540214
0.417071
0.198994
0.525976
1.576658
0.821846
1.326280
1.736306
0.174825
0.122497
1.381136
1.246515
0.644256
1.357285
0.448487
0.416644
1.415308
1.736307
0.115241
1.380981
0.653567
1.284443
0.780891
1.724339
1.245798
0.535215
1.014100
0.365870
1.256133
0.551806
1.230461
1.511489
1.390965
1.750770
1.519910
0.284662
1.517619
0.589832
0.103161
1.857499
0.213060
0.374269
1.481491
0.241972
1.720011
1.720005
1.039238
0.300510
1.771690
0.177942
1.274681
0.177125
0.531899
1.331556
0.658245
1.854657
1.661844
1.417513
1.186129
0.187785
1.136219
0.244864
1.527502
1.230514
0.652073
1.781008
1.387246
1.471550
0.250257
1.138346
0.358727
1.036409
1.070822
1.387800
1.843254
0.806918
1.750288
1.245662
0.645869
0.897849
0.445745
1.834421
0.731452
0.110609
1.719971
1.022856
0.737134
0.722234
0.178142
1.233994
0.729665
1.350097
1.381611
0.251736
1.516394
1.035430
0.698309
0.163877
1.849419
1.337141
1.573535
0.435712
0.355578
0.197680
1.720250
1.572075
0.709778
1.858264
0.459894
0.200217
0.107596
0.125600
0.729041
1.576948
0.469366
0.182442
0.618984
0.569812
0.178560
1.719804
0.686991
0.371480
1.568408
1.524740
1.137404
1.335433
1.771590
1.720034
1.139102
1.446787
1.327072
1.488110
0.793407
1.507999
1.132364
