1.043948e-01 7.710305e-02
7.202408e-02 6.844646e-02
6.591100e-02 6.474691e-02
6.281685e-02 6.313039e-02
6.083463e-02 6.005408e-02
5.949993e-02 6.119522e-02
5.866708e-02 5.816516e-02
5.802425e-02 5.872292e-02
5.751298e-02 5.772637e-02
5.706983e-02 5.668106e-02
5.664731e-02 5.615667e-02
5.626987e-02 5.578469e-02
5.596757e-02 5.756569e-02
5.574429e-02 5.540046e-02
5.554272e-02 5.673124e-02
5.535464e-02 5.497180e-02
5.519266e-02 5.550003e-02
5.505917e-02 5.538188e-02
5.493322e-02 5.455223e-02
5.481304e-02 5.441296e-02
5.469515e-02 5.427841e-02
5.458870e-02 5.574457e-02
5.449105e-02 5.435514e-02
5.439917e-02 5.408057e-02
5.430856e-02 5.389939e-02
5.420780e-02 5.383509e-02
5.412662e-02 5.487244e-02
5.404600e-02 5.362544e-02
5.395719e-02 5.455074e-02
5.387966e-02 5.346933e-02
5.379753e-02 5.404210e-02
5.371852e-02 5.332779e-02
5.364783e-02 5.337138e-02
5.357496e-02 5.435171e-02
5.350346e-02 5.343061e-02
5.342581e-02 5.319528e-02
5.335637e-02 5.309172e-02
5.328370e-02 5.295598e-02
5.321641e-02 5.288364e-02
5.314262e-02 5.274398e-02
5.307849e-02 5.292750e-02
5.300736e-02 5.421861e-02
5.294534e-02 5.257127e-02
5.287507e-02 5.259688e-02
5.280607e-02 5.253689e-02
5.273996e-02 5.236038e-02
5.268025e-02 5.566584e-02
5.260262e-02 5.241144e-02
5.253116e-02 5.265352e-02
5.247450e-02 5.235477e-02
5.241115e-02 5.267153e-02
5.234145e-02 5.278939e-02
5.228292e-02 5.205628e-02
5.221306e-02 5.193459e-02
5.215067e-02 5.258439e-02
5.208644e-02 5.173144e-02
5.201463e-02 5.227221e-02
5.195997e-02 5.160657e-02
5.187887e-02 5.152932e-02
5.182351e-02 5.184377e-02
5.175618e-02 5.145552e-02
5.169679e-02 5.143582e-02
5.164438e-02 5.168229e-02
5.157923e-02 5.124541e-02
5.153086e-02 5.120842e-02
5.147327e-02 5.124972e-02
5.142368e-02 5.131284e-02
5.136703e-02 5.113538e-02
5.132002e-02 5.119322e-02
5.127631e-02 5.287713e-02
5.122209e-02 5.136946e-02
5.118876e-02 5.249452e-02
5.114410e-02 5.095060e-02
5.109783e-02 5.123539e-02
5.105889e-02 5.082471e-02
5.102472e-02 5.074096e-02
5.097760e-02 5.126457e-02
5.094309e-02 5.103495e-02
5.090384e-02 5.122288e-02
5.086399e-02 5.059832e-02
5.083142e-02 5.057286e-02
5.079955e-02 5.056329e-02
5.075904e-02 5.056283e-02
5.072384e-02 5.068145e-02
5.069502e-02 5.186354e-02
5.065373e-02 5.124156e-02
5.063030e-02 5.035500e-02
5.058912e-02 5.044028e-02
5.056550e-02 5.076072e-02
5.053241e-02 5.026798e-02
5.050354e-02 5.174463e-02
5.047427e-02 5.073037e-02
5.045164e-02 5.039470e-02
5.042492e-02 5.030463e-02
5.039641e-02 5.025142e-02
5.036784e-02 5.094920e-02
5.035011e-02 5.014084e-02
5.032267e-02 5.016498e-02
5.030436e-02 5.017351e-02
5.027835e-02 5.369091e-02
5.007952e-02 5.015910e-02
5.006216e-02 5.020267e-02
5.004608e-02 4.984427e-02
5.003113e-02 4.986355e-02
5.001800e-02 5.196102e-02
5.000141e-02 5.126418e-02
4.999024e-02 5.027599e-02
4.997714e-02 4.980441e-02
4.996447e-02 4.984739e-02
4.994846e-02 4.999329e-02
4.993738e-02 4.985570e-02
4.992451e-02 5.053334e-02
4.991570e-02 5.035208e-02
4.990100e-02 4.976754e-02
4.988663e-02 4.972660e-02
4.987572e-02 4.973355e-02
4.986773e-02 4.986861e-02
4.985457e-02 5.004860e-02
4.983895e-02 5.197685e-02
4.983264e-02 4.965980e-02
4.981930e-02 4.969959e-02
4.981481e-02 4.991184e-02
4.979915e-02 4.985118e-02
4.979077e-02 4.981211e-02
4.977837e-02 5.148337e-02
4.976876e-02 5.001631e-02
4.976206e-02 4.990160e-02
4.975811e-02 4.959560e-02
4.974059e-02 4.958144e-02
4.973450e-02 5.000784e-02
4.972778e-02 4.959906e-02
4.971946e-02 4.983721e-02
4.970789e-02 4.970807e-02
4.970457e-02 4.961323e-02
4.969473e-02 4.965201e-02
4.968293e-02 4.962686e-02
4.967547e-02 5.026020e-02
4.967269e-02 4.979319e-02
4.965926e-02 4.950322e-02
4.964844e-02 4.955828e-02
4.964413e-02 4.959140e-02
4.963689e-02 4.953418e-02
4.963043e-02 4.998692e-02
4.962768e-02 4.963665e-02
4.962162e-02 4.961215e-02
4.961158e-02 4.977292e-02
4.960320e-02 4.948959e-02
4.959367e-02 4.977056e-02
4.958982e-02 4.954063e-02
4.958348e-02 4.954767e-02
4.957487e-02 4.946311e-02
4.957408e-02 4.943650e-02
4.956741e-02 4.971234e-02
4.956253e-02 5.034603e-02
4.955633e-02 5.023159e-02
4.954398e-02 4.944148e-02
4.954022e-02 4.983878e-02
4.954035e-02 4.982286e-02
4.953321e-02 4.948942e-02
4.952586e-02 4.946986e-02
4.952350e-02 4.940596e-02
4.951587e-02 4.959678e-02
4.951141e-02 4.949796e-02
4.950788e-02 4.990715e-02
4.950086e-02 4.985370e-02
4.949646e-02 4.939539e-02
4.921135e-02 4.921072e-02
4.921007e-02 4.919195e-02
4.920956e-02 4.931872e-02
4.920542e-02 4.922024e-02
4.920634e-02 4.921982e-02
4.920433e-02 4.928671e-02
4.920317e-02 4.937970e-02
4.920109e-02 4.927489e-02
4.920171e-02 4.919869e-02
4.919809e-02 4.926514e-02
4.919831e-02 4.921926e-02
4.919722e-02 4.932358e-02
4.919341e-02 4.917352e-02
4.919324e-02 4.919889e-02
4.919036e-02 5.012531e-02
4.918885e-02 4.981020e-02
4.918419e-02 4.932789e-02
4.918828e-02 5.012867e-02
4.918329e-02 4.977551e-02
4.918703e-02 5.010906e-02
4.918422e-02 4.917581e-02
4.918227e-02 5.044292e-02
4.917662e-02 4.942136e-02
4.917900e-02 4.922681e-02
4.917810e-02 4.921152e-02
4.917542e-02 4.922619e-02
4.917495e-02 4.919065e-02
4.917374e-02 4.939304e-02
4.917326e-02 4.922659e-02
4.916918e-02 4.923376e-02
4.916890e-02 4.932941e-02
4.916794e-02 4.932703e-02
4.916419e-02 4.919959e-02
4.916472e-02 4.929444e-02
4.916569e-02 4.917004e-02
4.916396e-02 4.920745e-02
4.916123e-02 5.006420e-02
4.916431e-02 4.915995e-02
4.915926e-02 4.919286e-02
4.915946e-02 4.928679e-02
4.915907e-02 4.930225e-02
4.915596e-02 4.925281e-02
4.915144e-02 4.946107e-02
4.915529e-02 4.925835e-02
4.915276e-02 4.937980e-02
4.915677e-02 4.933569e-02
4.915020e-02 5.070915e-02
4.914989e-02 4.920931e-02
4.914842e-02 4.924333e-02
4.914977e-02 4.934022e-02
4.914939e-02 4.917672e-02
4.914444e-02 4.931909e-02
4.914499e-02 4.921500e-02
4.914173e-02 4.914477e-02
4.914256e-02 4.917739e-02
4.913929e-02 4.933786e-02
4.914127e-02 5.000393e-02
4.914157e-02 4.912916e-02
4.914139e-02 4.924390e-02
4.913844e-02 4.927187e-02
4.913634e-02 4.940550e-02
4.913613e-02 4.917283e-02
4.913079e-02 4.928973e-02
4.913584e-02 4.987167e-02
4.912954e-02 4.930404e-02
4.912974e-02 4.927605e-02
4.913221e-02 4.963869e-02
4.913129e-02 4.914332e-02
4.912956e-02 4.917752e-02
4.912809e-02 4.920768e-02
4.912659e-02 4.921191e-02
4.912440e-02 4.970328e-02
4.912116e-02 4.914163e-02
4.912515e-02 4.921252e-02
4.912208e-02 4.930350e-02
4.911894e-02 4.935930e-02
4.912262e-02 4.918066e-02
4.912151e-02 4.913753e-02
4.911923e-02 4.914252e-02
4.911771e-02 4.915432e-02
4.911802e-02 4.917328e-02
4.911549e-02 4.943631e-02
4.911746e-02 4.937199e-02
4.911353e-02 4.949317e-02
4.911179e-02 4.912355e-02
4.911071e-02 4.922531e-02
4.911276e-02 4.914251e-02
4.910978e-02 4.916125e-02
4.910955e-02 4.916003e-02
4.910741e-02 4.943503e-02
4.910368e-02 4.918869e-02
4.910582e-02 4.914133e-02
4.910320e-02 4.931309e-02
4.910499e-02 4.964287e-02
4.910385e-02 4.925793e-02
4.910173e-02 4.966167e-02
4.910313e-02 4.910470e-02
4.910106e-02 4.912966e-02
4.910109e-02 4.912374e-02
4.909869e-02 4.945555e-02
4.909742e-02 4.915723e-02
4.909845e-02 4.949174e-02
4.910002e-02 4.912839e-02
4.909571e-02 4.920536e-02
4.909948e-02 4.911315e-02
4.909047e-02 4.911004e-02
4.909237e-02 4.919369e-02
4.909162e-02 4.915266e-02
4.909316e-02 4.960726e-02
4.908948e-02 4.911457e-02
4.909081e-02 4.921666e-02
4.908688e-02 4.909924e-02
4.908866e-02 4.915440e-02
4.908698e-02 4.913826e-02
4.908565e-02 4.926354e-02
4.908753e-02 4.919459e-02
4.908616e-02 4.913504e-02
4.908811e-02 4.915022e-02
4.908406e-02 4.926917e-02
4.908129e-02 4.912595e-02
4.908215e-02 4.919481e-02
4.908103e-02 4.908788e-02
4.907891e-02 4.911929e-02
4.907821e-02 4.910877e-02
4.907702e-02 4.936501e-02
4.907709e-02 4.911571e-02
4.907897e-02 4.912101e-02
4.907199e-02 4.928772e-02
4.907482e-02 4.932081e-02
4.907652e-02 4.939411e-02
4.907547e-02 4.909404e-02
4.907357e-02 4.909440e-02
4.907299e-02 4.921009e-02
4.907305e-02 4.929190e-02
4.907048e-02 4.909286e-02
4.906870e-02 4.911917e-02
4.907187e-02 4.918241e-02
4.906843e-02 4.954729e-02
4.906814e-02 4.915332e-02
4.906667e-02 4.921411e-02
4.906448e-02 4.918719e-02
4.906167e-02 4.918337e-02
4.906308e-02 4.914699e-02
4.906567e-02 4.907863e-02
4.906315e-02 4.942340e-02
4.906272e-02 4.930369e-02
4.906091e-02 4.923889e-02
4.906039e-02 4.928856e-02
4.906104e-02 4.915150e-02
4.906038e-02 4.910343e-02
4.905820e-02 4.910274e-02
4.905885e-02 4.938162e-02
4.905650e-02 4.913847e-02
4.905793e-02 4.907626e-02
4.905743e-02 4.920851e-02
4.905563e-02 4.912066e-02
4.905280e-02 4.917435e-02
4.905560e-02 4.910357e-02
4.905575e-02 4.910481e-02
4.905375e-02 4.913734e-02
4.905127e-02 4.929372e-02
4.904705e-02 4.921757e-02
4.905216e-02 4.930367e-02
4.905091e-02 4.957787e-02
4.904938e-02 4.908981e-02
4.904810e-02 4.913565e-02
4.905016e-02 4.907947e-02
4.904700e-02 4.916145e-02
4.904821e-02 4.956171e-02
4.904566e-02 4.910763e-02
4.904666e-02 4.940720e-02
4.904334e-02 4.923805e-02
4.904466e-02 4.909492e-02
4.904136e-02 4.908417e-02
4.904461e-02 4.932779e-02
4.904314e-02 4.912438e-02
4.904079e-02 4.908545e-02
4.904054e-02 4.923524e-02
4.904035e-02 4.916034e-02
4.903980e-02 4.927029e-02
4.903862e-02 4.907456e-02
4.903584e-02 4.945206e-02
4.903772e-02 4.929369e-02
4.903914e-02 4.918530e-02
4.903825e-02 4.973925e-02
4.903269e-02 4.945541e-02
4.903462e-02 4.912471e-02
4.903620e-02 4.906243e-02
4.903572e-02 4.907416e-02
4.903229e-02 4.914625e-02
4.903246e-02 4.906067e-02
4.903226e-02 4.911160e-02
4.903171e-02 4.906852e-02
4.902778e-02 4.923092e-02
4.903179e-02 4.910735e-02
4.902824e-02 4.908881e-02
4.902811e-02 4.907984e-02
4.902936e-02 4.906076e-02
4.902778e-02 4.933803e-02
4.902740e-02 4.909155e-02
4.902648e-02 4.914971e-02
4.902422e-02 4.912800e-02
4.902424e-02 4.914737e-02
4.902377e-02 4.910280e-02
4.902331e-02 4.930451e-02
4.902451e-02 4.913510e-02
4.902352e-02 4.906265e-02
4.902224e-02 4.918367e-02
4.902076e-02 4.915728e-02
4.902341e-02 4.906373e-02
4.902114e-02 4.915870e-02
4.902070e-02 4.922933e-02
4.902084e-02 4.906707e-02
4.901949e-02 4.908779e-02
4.901653e-02 4.908532e-02
4.901772e-02 4.906666e-02
4.901752e-02 4.932312e-02
4.901826e-02 4.906913e-02
4.901569e-02 4.924749e-02
4.901262e-02 4.903968e-02
4.901354e-02 4.933249e-02
4.901440e-02 4.942603e-02
4.901656e-02 4.915492e-02
4.901284e-02 4.915467e-02
4.901066e-02 4.909482e-02
4.900921e-02 4.906117e-02
4.901063e-02 4.906574e-02
4.901197e-02 4.907407e-02
4.900967e-02 4.910035e-02
4.900815e-02 4.906112e-02
4.900739e-02 4.915405e-02
4.900844e-02 4.908077e-02
4.900808e-02 4.913272e-02
4.900676e-02 4.931853e-02
4.900555e-02 4.905002e-02
4.900714e-02 4.908631e-02
4.900260e-02 4.913364e-02
4.900540e-02 4.926712e-02
4.900417e-02 4.906282e-02
4.900595e-02 4.906522e-02
4.900382e-02 4.907362e-02
4.900221e-02 4.911913e-02
4.900414e-02 4.907666e-02
4.900004e-02 4.909430e-02
4.899911e-02 4.927182e-02
4.900160e-02 4.930483e-02
4.900162e-02 4.912809e-02
4.899856e-02 4.907318e-02
4.899968e-02 4.906266e-02
4.899772e-02 4.915320e-02
4.899853e-02 4.934836e-02
4.899673e-02 4.908218e-02
4.899625e-02 4.914401e-02
4.899893e-02 4.903761e-02
4.899549e-02 4.905155e-02
4.899586e-02 4.906086e-02
4.899461e-02 4.907592e-02
4.899399e-02 4.905383e-02
4.899449e-02 4.916489e-02
4.898924e-02 4.907291e-02
4.899124e-02 4.908738e-02
4.899234e-02 4.927569e-02
4.899425e-02 4.916166e-02
4.899177e-02 4.915381e-02
4.899067e-02 4.904725e-02
4.898939e-02 4.906322e-02
4.899066e-02 4.919333e-02
4.898956e-02 4.904559e-02
4.898844e-02 4.915575e-02
4.899112e-02 4.905404e-02
4.898592e-02 4.926703e-02
4.898741e-02 4.917479e-02
4.898667e-02 4.902140e-02
4.898507e-02 4.955113e-02
4.898693e-02 4.904133e-02
4.898524e-02 4.938661e-02
4.898641e-02 4.903569e-02
4.898683e-02 4.902683e-02
4.898316e-02 4.903958e-02
4.898381e-02 4.906549e-02
4.898403e-02 4.986005e-02
4.898094e-02 4.906850e-02
4.898303e-02 4.903767e-02
4.898183e-02 4.905042e-02
4.898221e-02 4.939713e-02
4.897995e-02 4.902832e-02
4.898142e-02 4.939989e-02
4.897800e-02 4.904643e-02
4.897926e-02 4.902850e-02
4.897852e-02 4.910874e-02
4.897756e-02 4.922650e-02
4.897666e-02 4.916883e-02
4.897666e-02 4.920695e-02
4.897696e-02 4.946130e-02
4.897931e-02 4.906972e-02
4.897519e-02 4.975782e-02
4.897904e-02 4.902629e-02
4.897325e-02 4.925124e-02
4.897524e-02 4.905761e-02
4.897302e-02 4.902537e-02
4.897379e-02 4.909665e-02
4.897347e-02 4.912926e-02
4.897406e-02 4.943067e-02
4.897478e-02 4.901817e-02
4.897121e-02 4.905009e-02
4.897245e-02 4.904193e-02
4.897192e-02 4.902701e-02
4.896975e-02 4.916615e-02
4.897023e-02 4.902593e-02
4.896965e-02 4.901618e-02
4.896806e-02 4.957198e-02
4.896848e-02 4.926236e-02
4.896912e-02 4.903593e-02
4.896777e-02 4.906525e-02
4.896780e-02 4.907072e-02
4.896904e-02 4.906767e-02
4.896419e-02 4.911210e-02
4.896306e-02 4.902219e-02
4.896452e-02 4.904665e-02
4.896465e-02 4.904624e-02
4.896267e-02 4.927930e-02
4.896290e-02 4.922196e-02
4.896516e-02 4.904285e-02
4.896365e-02 4.914272e-02
4.896387e-02 4.900395e-02
4.896288e-02 4.901927e-02
4.896308e-02 4.913432e-02
4.896407e-02 4.904001e-02
4.895672e-02 4.902642e-02
4.896042e-02 4.904545e-02
4.896037e-02 4.904112e-02
4.895979e-02 4.911196e-02
4.896123e-02 4.913810e-02
4.895805e-02 4.900133e-02
4.895810e-02 4.953267e-02
4.896140e-02 4.903430e-02
4.896097e-02 4.900178e-02
4.895511e-02 4.902160e-02
4.895899e-02 4.906097e-02
4.895611e-02 4.944390e-02
4.895521e-02 4.900454e-02
4.895707e-02 4.914186e-02
4.895430e-02 4.906728e-02
4.895575e-02 4.928294e-02
4.895281e-02 4.915673e-02
4.895655e-02 4.904569e-02
4.895378e-02 4.906453e-02
4.895503e-02 4.902793e-02
4.895377e-02 4.913891e-02
4.895102e-02 4.922105e-02
4.895206e-02 4.903880e-02
4.895030e-02 4.902060e-02
4.895025e-02 4.901808e-02
4.895417e-02 4.901118e-02
4.894868e-02 4.909498e-02
4.894859e-02 4.908201e-02
4.895094e-02 4.916249e-02
4.894897e-02 4.900502e-02
4.894987e-02 4.903172e-02
4.894802e-02 4.919109e-02
4.894572e-02 4.899824e-02
4.894623e-02 4.938717e-02
4.894762e-02 4.902964e-02
4.894745e-02 4.908169e-02
4.894595e-02 4.904708e-02
4.894578e-02 4.913306e-02
4.894873e-02 4.922111e-02
4.894406e-02 4.901789e-02
4.894223e-02 4.902295e-02
4.894244e-02 4.904617e-02
4.894231e-02 4.903560e-02
4.894271e-02 4.903115e-02
4.894068e-02 4.899725e-02
4.894278e-02 4.900933e-02
4.894017e-02 4.908492e-02
4.893970e-02 4.903436e-02
4.894249e-02 4.927569e-02
4.893984e-02 4.900330e-02
4.894171e-02 4.913040e-02
4.893841e-02 4.922309e-02
4.893733e-02 4.907038e-02
4.893946e-02 4.920286e-02
4.893802e-02 4.901457e-02
4.893737e-02 4.901399e-02
4.893584e-02 4.900164e-02
4.893830e-02 4.934751e-02
4.893756e-02 4.924518e-02
4.893601e-02 4.932832e-02
4.893608e-02 4.918298e-02
4.893272e-02 4.906701e-02
4.893395e-02 4.914943e-02
4.893406e-02 4.947016e-02
4.893481e-02 4.927589e-02
4.893431e-02 4.908372e-02
4.893039e-02 4.901542e-02
4.893249e-02 4.903312e-02
4.893161e-02 4.907317e-02
4.893318e-02 4.918531e-02
4.893110e-02 4.904559e-02
4.893087e-02 4.913588e-02
4.893273e-02 4.902246e-02
4.892998e-02 4.902345e-02
4.892917e-02 4.904148e-02
4.892706e-02 4.905288e-02
4.892810e-02 4.915603e-02
4.893028e-02 4.913306e-02
4.892777e-02 4.900039e-02
4.892889e-02 4.905371e-02
4.892734e-02 4.938365e-02
4.892554e-02 4.910032e-02
4.892605e-02 4.899150e-02
4.892766e-02 4.903189e-02
4.892861e-02 4.905531e-02
4.892583e-02 4.900559e-02
4.892465e-02 4.898572e-02
4.892505e-02 4.906941e-02
4.892083e-02 4.900300e-02
4.892495e-02 4.919312e-02
4.892146e-02 4.908989e-02
4.892192e-02 4.918486e-02
4.892083e-02 4.900295e-02
4.892325e-02 4.900186e-02
4.892279e-02 4.911337e-02
4.892182e-02 4.898867e-02
4.892290e-02 4.900306e-02
4.892262e-02 4.900391e-02
4.891877e-02 4.902160e-02
4.891916e-02 4.902960e-02
4.891680e-02 4.914017e-02
4.891683e-02 4.918102e-02
4.891833e-02 4.899420e-02
4.891808e-02 4.899643e-02
4.891831e-02 4.902765e-02
4.891537e-02 4.913144e-02
4.891482e-02 4.899887e-02
4.891638e-02 4.908432e-02
4.891279e-02 4.898555e-02
4.891484e-02 4.897465e-02
4.891509e-02 4.908784e-02
4.891585e-02 4.914521e-02
4.891260e-02 4.901797e-02
4.891271e-02 4.920452e-02
4.891306e-02 4.897572e-02
4.891213e-02 4.905735e-02
4.891018e-02 4.910847e-02
4.891314e-02 4.906568e-02
4.891242e-02 4.916671e-02
4.890912e-02 4.908636e-02
4.891210e-02 4.896715e-02
4.890816e-02 4.909375e-02
4.890886e-02 4.899482e-02
4.890924e-02 4.896631e-02
4.890897e-02 4.903169e-02
4.891125e-02 4.897695e-02
4.890806e-02 4.902741e-02
4.891020e-02 4.919536e-02
4.890743e-02 4.903312e-02
4.890518e-02 4.905785e-02
4.890530e-02 4.937340e-02
4.890617e-02 4.902794e-02
4.890643e-02 4.944896e-02
4.890224e-02 4.898899e-02
4.890564e-02 4.907663e-02
4.890459e-02 4.898320e-02
4.890354e-02 4.897899e-02
4.890267e-02 4.897765e-02
4.890368e-02 4.897055e-02
4.890287e-02 4.900849e-02
4.890234e-02 4.903580e-02
4.890253e-02 4.898987e-02
4.890197e-02 4.897316e-02
4.889769e-02 4.907639e-02
4.890040e-02 4.933583e-02
4.889933e-02 4.899927e-02
4.889875e-02 4.902115e-02
4.889920e-02 4.897514e-02
4.889557e-02 4.898452e-02
4.890018e-02 4.897280e-02
4.889542e-02 4.897798e-02
4.889751e-02 4.896908e-02
4.889653e-02 4.901210e-02
4.889757e-02 4.954021e-02
4.889702e-02 4.904848e-02
4.889616e-02 4.898280e-02
4.889497e-02 4.938618e-02
4.889310e-02 4.897000e-02
4.889118e-02 4.898938e-02
4.889309e-02 4.915901e-02
4.889559e-02 4.897614e-02
4.889397e-02 4.903811e-02
4.889262e-02 4.899342e-02
4.889172e-02 4.907634e-02
4.889313e-02 4.895601e-02
4.889102e-02 4.895997e-02
4.888926e-02 4.896839e-02
4.888934e-02 4.913891e-02
4.889111e-02 4.894681e-02
4.889059e-02 4.903095e-02
4.888808e-02 4.927810e-02
4.889018e-02 4.896623e-02
4.888885e-02 4.897866e-02
4.888959e-02 4.899168e-02
4.888582e-02 4.896324e-02
4.888640e-02 4.897058e-02
4.888795e-02 4.902784e-02
4.888869e-02 4.905657e-02
4.888560e-02 4.895963e-02
4.888754e-02 4.898097e-02
4.888660e-02 4.909174e-02
4.888422e-02 4.899133e-02
4.888323e-02 4.900132e-02
4.888455e-02 4.898388e-02
4.888292e-02 4.896495e-02
4.888415e-02 4.898313e-02
4.888425e-02 4.902337e-02
4.888249e-02 4.897920e-02
4.888170e-02 4.898808e-02
4.888201e-02 4.897049e-02
4.888147e-02 4.895781e-02
4.888036e-02 4.901455e-02
4.888033e-02 4.894862e-02
4.888196e-02 4.894613e-02
4.887871e-02 4.901076e-02
4.887934e-02 4.904648e-02
4.887536e-02 4.906207e-02
4.887892e-02 4.934374e-02
4.887816e-02 4.905355e-02
4.887865e-02 4.898100e-02
4.887800e-02 4.898357e-02
4.887583e-02 4.901038e-02
4.887851e-02 4.901571e-02
4.887438e-02 4.903009e-02
4.887618e-02 4.901363e-02
4.887624e-02 4.894609e-02
4.887589e-02 4.899157e-02
4.887431e-02 4.895204e-02
4.887503e-02 4.904289e-02
4.887550e-02 4.897083e-02
4.887259e-02 4.896971e-02
4.887630e-02 4.896614e-02
4.887277e-02 4.898131e-02
4.887186e-02 4.900627e-02
4.887192e-02 4.910288e-02
4.887239e-02 4.895766e-02
4.887171e-02 4.901969e-02
4.887034e-02 4.922225e-02
4.887014e-02 4.894814e-02
4.886820e-02 4.904041e-02
4.886754e-02 4.897687e-02
4.886853e-02 4.908054e-02
4.886851e-02 4.903073e-02
4.886865e-02 4.901485e-02
4.886908e-02 4.894410e-02
4.886733e-02 4.895420e-02
4.886938e-02 4.897751e-02
4.886652e-02 4.892493e-02
4.886761e-02 4.895503e-02
4.886604e-02 4.921331e-02
4.886521e-02 4.893576e-02
4.886679e-02 4.896531e-02
4.886534e-02 4.898762e-02
4.886370e-02 4.898439e-02
4.886275e-02 4.893253e-02
4.886522e-02 4.894004e-02
4.886318e-02 4.896401e-02
4.886489e-02 4.897512e-02
4.886417e-02 4.917743e-02
4.886035e-02 4.894630e-02
4.886109e-02 4.899848e-02
4.886398e-02 4.896347e-02
4.886261e-02 4.898209e-02
4.885983e-02 4.909030e-02
4.886116e-02 4.900729e-02
4.885975e-02 4.893754e-02
4.885961e-02 4.896066e-02
4.886072e-02 4.907398e-02
4.885928e-02 4.899901e-02
4.885789e-02 4.897870e-02
4.886106e-02 4.912192e-02
4.885905e-02 4.893600e-02
4.885794e-02 4.895319e-02
4.885852e-02 4.895617e-02
4.885651e-02 4.894153e-02
4.885893e-02 4.907943e-02
4.885403e-02 4.900250e-02
4.885566e-02 4.900347e-02
4.885609e-02 4.895385e-02
4.885343e-02 4.942598e-02
4.885682e-02 4.904526e-02
4.885394e-02 4.897098e-02
4.885506e-02 4.894022e-02
4.885282e-02 4.894704e-02
4.885447e-02 4.894034e-02
4.885301e-02 4.904880e-02
4.885289e-02 4.896812e-02
4.885312e-02 4.917100e-02
4.885102e-02 4.893774e-02
4.885020e-02 4.893369e-02
4.884948e-02 4.914033e-02
4.884918e-02 4.906601e-02
4.885141e-02 4.894614e-02
4.884932e-02 4.893572e-02
4.884920e-02 4.893762e-02
4.884972e-02 4.892550e-02
4.884961e-02 4.898116e-02
4.884807e-02 4.908321e-02
4.884779e-02 4.901901e-02
4.884903e-02 4.899796e-02
4.884580e-02 4.896857e-02
4.884734e-02 4.898731e-02
4.884765e-02 4.903211e-02
4.884509e-02 4.897887e-02
4.884742e-02 4.898904e-02
4.884655e-02 4.903284e-02
4.884531e-02 4.898295e-02
4.884396e-02 4.895049e-02
4.884276e-02 4.894175e-02
4.884323e-02 4.920480e-02
4.884167e-02 4.897467e-02
4.884325e-02 4.893027e-02
4.884049e-02 4.913435e-02
4.884249e-02 4.903142e-02
4.883987e-02 4.897313e-02
4.884320e-02 4.904851e-02
4.883907e-02 4.895857e-02
4.884273e-02 4.892422e-02
4.884040e-02 4.897761e-02
4.884035e-02 4.892168e-02
4.883895e-02 4.935656e-02
4.884057e-02 4.893110e-02
4.883802e-02 4.893955e-02
4.883881e-02 4.903954e-02
4.884058e-02 4.896632e-02
4.883783e-02 4.908304e-02
4.883516e-02 4.901622e-02
4.883596e-02 4.894407e-02
4.883849e-02 4.894580e-02
4.883635e-02 4.893967e-02
4.883552e-02 4.896334e-02
4.883581e-02 4.893504e-02
4.883574e-02 4.907256e-02
4.883617e-02 4.897641e-02
4.883515e-02 4.909045e-02
4.883400e-02 4.892859e-02
4.883254e-02 4.893356e-02
4.883377e-02 4.903985e-02
4.883295e-02 4.893173e-02
4.883378e-02 4.895497e-02
4.883394e-02 4.903716e-02
4.883219e-02 4.895597e-02
4.883389e-02 4.891121e-02
4.883132e-02 4.895195e-02
4.883110e-02 4.892107e-02
4.882956e-02 4.901921e-02
4.883117e-02 4.899449e-02
4.883101e-02 4.904690e-02
4.883022e-02 4.908204e-02
4.882996e-02 4.893161e-02
4.882835e-02 4.892763e-02
4.882896e-02 4.894501e-02
4.883056e-02 4.893650e-02
4.882901e-02 4.926363e-02
4.882760e-02 4.893505e-02
4.882773e-02 4.899622e-02
4.882765e-02 4.900146e-02
4.882821e-02 4.903896e-02
4.882642e-02 4.894645e-02
4.882385e-02 4.892655e-02
4.882542e-02 4.894283e-02
4.882552e-02 4.896080e-02
4.882484e-02 4.893272e-02
4.882241e-02 4.894855e-02
4.882436e-02 4.893659e-02
4.882357e-02 4.895887e-02
4.882392e-02 4.904475e-02
4.882130e-02 4.890686e-02
4.882366e-02 4.902770e-02
4.882147e-02 4.889980e-02
4.881968e-02 4.903405e-02
4.882215e-02 4.891028e-02
4.882252e-02 4.896598e-02
4.882135e-02 4.897343e-02
4.882000e-02 4.895211e-02
4.881972e-02 4.902950e-02
4.881995e-02 4.926414e-02
4.882279e-02 4.900794e-02
4.882024e-02 4.901941e-02
4.882036e-02 4.895210e-02
4.881918e-02 4.898848e-02
4.881877e-02 4.891868e-02
4.881788e-02 4.893059e-02
4.881656e-02 4.893471e-02
4.881839e-02 4.891010e-02
4.881818e-02 4.898145e-02
4.881674e-02 4.897207e-02
4.881464e-02 4.895847e-02
4.881669e-02 4.898240e-02
4.881700e-02 4.894224e-02
4.881600e-02 4.891119e-02
4.881551e-02 4.891878e-02
4.881423e-02 4.908972e-02
4.881353e-02 4.891409e-02
4.881494e-02 4.890776e-02
4.881259e-02 4.899889e-02
4.881320e-02 4.894966e-02
4.881314e-02 4.897002e-02
4.881384e-02 4.895650e-02
4.881043e-02 4.910639e-02
4.881251e-02 4.891018e-02
4.880962e-02 4.894087e-02
4.881168e-02 4.896175e-02
4.881081e-02 4.890823e-02
4.880927e-02 4.892573e-02
4.881053e-02 4.889903e-02
4.881013e-02 4.892189e-02
4.880930e-02 4.891138e-02
4.880990e-02 4.893548e-02
4.880611e-02 4.892584e-02
4.880793e-02 4.894299e-02
4.880685e-02 4.894050e-02
4.880802e-02 4.908979e-02
4.880747e-02 4.890560e-02
4.880614e-02 4.894588e-02
4.880812e-02 4.892093e-02
4.880713e-02 4.901473e-02
4.880585e-02 4.937250e-02
4.880531e-02 4.899596e-02
4.880659e-02 4.893246e-02
4.880404e-02 4.892606e-02
4.880414e-02 4.891595e-02
4.880489e-02 4.888945e-02
4.880335e-02 4.918558e-02
4.880339e-02 4.889355e-02
4.880173e-02 4.894496e-02
4.880320e-02 4.894246e-02
4.880427e-02 4.895768e-02
4.880075e-02 4.890176e-02
4.880248e-02 4.891295e-02
4.880177e-02 4.890090e-02
4.880161e-02 4.892055e-02
4.880203e-02 4.889326e-02
4.880104e-02 4.896080e-02
4.880286e-02 4.900048e-02
4.880051e-02 4.889722e-02
4.879659e-02 4.892386e-02
4.880037e-02 4.899205e-02
4.879938e-02 4.895162e-02
4.879850e-02 4.901092e-02
4.879711e-02 4.890962e-02
4.879830e-02 4.893980e-02
4.879730e-02 4.910631e-02
4.879698e-02 4.892335e-02
4.879456e-02 4.890835e-02
4.879612e-02 4.893296e-02
4.879698e-02 4.890592e-02
4.879608e-02 4.890788e-02
4.879478e-02 4.893903e-02
4.879525e-02 4.891440e-02
4.879374e-02 4.892830e-02
4.879294e-02 4.921270e-02
4.879246e-02 4.896603e-02
4.879433e-02 4.889340e-02
4.879357e-02 4.917747e-02
4.879357e-02 4.894918e-02
4.879285e-02 4.893877e-02
4.879061e-02 4.889844e-02
4.879087e-02 4.890578e-02
4.879118e-02 4.893356e-02
4.879187e-02 4.891529e-02
4.879151e-02 4.902576e-02
4.878916e-02 4.890300e-02
4.879111e-02 4.891583e-02
4.879014e-02 4.890947e-02
4.878866e-02 4.894647e-02
4.878913e-02 4.897744e-02
4.878792e-02 4.890483e-02
4.878937e-02 4.888968e-02
4.878763e-02 4.890536e-02
4.879016e-02 4.889606e-02
4.878945e-02 4.889231e-02
4.878859e-02 4.890070e-02
4.878696e-02 4.894510e-02
4.878788e-02 4.893796e-02
4.878756e-02 4.892448e-02
4.878790e-02 4.888618e-02
4.878656e-02 4.899993e-02
4.878495e-02 4.903220e-02
4.878425e-02 4.889286e-02
4.878376e-02 4.888300e-02
4.878455e-02 4.887760e-02
4.878505e-02 4.895230e-02
4.878099e-02 4.890945e-02
4.878143e-02 4.889593e-02
4.878624e-02 4.887892e-02
4.878320e-02 4.888856e-02
4.878342e-02 4.886791e-02
4.878221e-02 4.892508e-02
4.878179e-02 4.889354e-02
4.878151e-02 4.891447e-02
4.878134e-02 4.893470e-02
4.878019e-02 4.890274e-02
4.878069e-02 4.889799e-02
4.878022e-02 4.901245e-02
4.878104e-02 4.903122e-02
4.878241e-02 4.891667e-02
4.877838e-02 4.888579e-02
4.877826e-02 4.909247e-02
4.878065e-02 4.892775e-02
4.877898e-02 4.897253e-02
4.878022e-02 4.891977e-02
4.877641e-02 4.891823e-02
4.877680e-02 4.894148e-02
4.877759e-02 4.888604e-02
4.877675e-02 4.892503e-02
4.877516e-02 4.895090e-02
4.877743e-02 4.904821e-02
4.877550e-02 4.887340e-02
4.877453e-02 4.902783e-02
4.877407e-02 4.889472e-02
4.877349e-02 4.890305e-02
4.877351e-02 4.890293e-02
4.877536e-02 4.890965e-02
4.877371e-02 4.888680e-02
4.877310e-02 4.889361e-02
4.877314e-02 4.888375e-02
4.877213e-02 4.889044e-02
4.877294e-02 4.903361e-02
4.877228e-02 4.894164e-02
4.877070e-02 4.894259e-02
4.877287e-02 4.895779e-02
4.877239e-02 4.888878e-02
4.877206e-02 4.904179e-02
4.877017e-02 4.890136e-02
4.877089e-02 4.901997e-02
4.877182e-02 4.888764e-02
4.876953e-02 4.893265e-02
4.876889e-02 4.906570e-02
4.876886e-02 4.888244e-02
4.876943e-02 4.892721e-02
4.876867e-02 4.888298e-02
4.876744e-02 4.903114e-02
4.876796e-02 4.890152e-02
4.876709e-02 4.887093e-02
4.876675e-02 4.888595e-02
4.876746e-02 4.890004e-02
4.876699e-02 4.888037e-02
4.876811e-02 4.896476e-02
4.876687e-02 4.887907e-02
4.876635e-02 4.891509e-02
4.876693e-02 4.888590e-02
4.876623e-02 4.912926e-02
4.876551e-02 4.895580e-02
4.876562e-02 4.888160e-02
4.876523e-02 4.893313e-02
4.876312e-02 4.894054e-02
4.876497e-02 4.891281e-02
4.876213e-02 4.912066e-02
4.876491e-02 4.890460e-02
4.876246e-02 4.890212e-02
4.876429e-02 4.886390e-02
4.876101e-02 4.897517e-02
4.876362e-02 4.886865e-02
4.876212e-02 4.891768e-02
4.876135e-02 4.892562e-02
4.876426e-02 4.888969e-02
4.876145e-02 4.889599e-02
4.876092e-02 4.893277e-02
4.875930e-02 4.900915e-02
4.876020e-02 4.887755e-02
4.875967e-02 4.888064e-02
4.875922e-02 4.887058e-02
4.875931e-02 4.887960e-02
4.875826e-02 4.887302e-02
4.876023e-02 4.899005e-02
4.875734e-02 4.893809e-02
4.875965e-02 4.897280e-02
4.875559e-02 4.887451e-02
4.875737e-02 4.893883e-02
4.875650e-02 4.886625e-02
4.875566e-02 4.892397e-02
4.875681e-02 4.893637e-02
4.875815e-02 4.889593e-02
4.875569e-02 4.886311e-02
4.875789e-02 4.892311e-02
4.875439e-02 4.887849e-02
4.875523e-02 4.888797e-02
4.875566e-02 4.910118e-02
4.875489e-02 4.890065e-02
4.875522e-02 4.885611e-02
4.875431e-02 4.890251e-02
4.875402e-02 4.887828e-02
4.875583e-02 4.889886e-02
4.875172e-02 4.893878e-02
4.875447e-02 4.885888e-02
4.875242e-02 4.887898e-02
4.875151e-02 4.886511e-02
4.875231e-02 4.885212e-02
4.875095e-02 4.914064e-02
4.875172e-02 4.890030e-02
4.875097e-02 4.889360e-02
4.875070e-02 4.893971e-02
4.874923e-02 4.885007e-02
4.875238e-02 4.891329e-02
4.875013e-02 4.892046e-02
4.875000e-02 4.885154e-02
4.874931e-02 4.887984e-02
4.874789e-02 4.893100e-02
4.875164e-02 4.923940e-02
4.874824e-02 4.890817e-02
4.874808e-02 4.922108e-02
4.874807e-02 4.885837e-02
4.874510e-02 4.888882e-02
4.874854e-02 4.900074e-02
4.874815e-02 4.891944e-02
4.874857e-02 4.885123e-02
4.874781e-02 4.891943e-02
4.874661e-02 4.897291e-02
4.874479e-02 4.895288e-02
4.874445e-02 4.887325e-02
4.874679e-02 4.888149e-02
4.874419e-02 4.894114e-02
4.874385e-02 4.885895e-02
4.874386e-02 4.888630e-02
4.874228e-02 4.940269e-02
4.874354e-02 4.887457e-02
4.874035e-02 4.885357e-02
4.874349e-02 4.888030e-02
4.874282e-02 4.890944e-02
4.874098e-02 4.889566e-02
4.874243e-02 4.888580e-02
4.874099e-02 4.901080e-02
4.874230e-02 4.890973e-02
4.874269e-02 4.891681e-02
4.874039e-02 4.883692e-02
4.873782e-02 4.885711e-02
4.874023e-02 4.890271e-02
4.874150e-02 4.914213e-02
4.874053e-02 4.886283e-02
4.874100e-02 4.897670e-02
4.873878e-02 4.908717e-02
4.873890e-02 4.888347e-02
4.873643e-02 4.888484e-02
4.873910e-02 4.885617e-02
4.874001e-02 4.888949e-02
4.873765e-02 4.887232e-02
4.873870e-02 4.884603e-02
4.873942e-02 4.895647e-02
4.873712e-02 4.886693e-02
4.873542e-02 4.896625e-02
4.873747e-02 4.903406e-02
4.873483e-02 4.898046e-02
4.873526e-02 4.905024e-02
4.873489e-02 4.885064e-02
4.873468e-02 4.893177e-02
4.873381e-02 4.886460e-02
4.873339e-02 4.889562e-02
4.873436e-02 4.887276e-02
4.873326e-02 4.902576e-02
4.873328e-02 4.884058e-02
4.873134e-02 4.884586e-02
4.873150e-02 4.888203e-02
4.873266e-02 4.895884e-02
4.873291e-02 4.886537e-02
4.873227e-02 4.912715e-02
4.873299e-02 4.907504e-02
4.873227e-02 4.886865e-02
4.873141e-02 4.906048e-02
4.873287e-02 4.906797e-02
4.873071e-02 4.884413e-02
4.872984e-02 4.892946e-02
4.872870e-02 4.884807e-02
4.873005e-02 4.889431e-02
4.872837e-02 4.884327e-02
4.872869e-02 4.887408e-02
4.872646e-02 4.893871e-02
4.872793e-02 4.884689e-02
4.872973e-02 4.883758e-02
4.872865e-02 4.882846e-02
4.872775e-02 4.894911e-02
4.872753e-02 4.889136e-02
4.872662e-02 4.885283e-02
4.872755e-02 4.886932e-02
4.872782e-02 4.884947e-02
4.872467e-02 4.887075e-02
4.872701e-02 4.890322e-02
4.872570e-02 4.884706e-02
4.872621e-02 4.883025e-02
4.872316e-02 4.888576e-02
4.872465e-02 4.903804e-02
4.872426e-02 4.895180e-02
4.872218e-02 4.886338e-02
4.872287e-02 4.888323e-02
4.872415e-02 4.887308e-02
4.872207e-02 4.888905e-02
4.872346e-02 4.907199e-02
4.872383e-02 4.885936e-02
4.872318e-02 4.893216e-02
4.872161e-02 4.884216e-02
4.872076e-02 4.890039e-02
4.871961e-02 4.893459e-02
4.868958e-02 4.888585e-02
4.869108e-02 4.889174e-02
4.869222e-02 4.886640e-02
4.869071e-02 4.883380e-02
4.869072e-02 4.887303e-02
4.869065e-02 4.880061e-02
4.869132e-02 4.881008e-02
4.869246e-02 4.890964e-02
4.868922e-02 4.883155e-02
4.869015e-02 4.884108e-02
4.868799e-02 4.883320e-02
4.868813e-02 4.906941e-02
4.868848e-02 4.898661e-02
4.868956e-02 4.880277e-02
4.868901e-02 4.896120e-02
4.868878e-02 4.884852e-02
4.868629e-02 4.884376e-02
4.868744e-02 4.882493e-02
4.868566e-02 4.882700e-02
4.868788e-02 4.893339e-02
4.868836e-02 4.897463e-02
4.868525e-02 4.888878e-02
4.868875e-02 4.885533e-02
4.868707e-02 4.882987e-02
4.868389e-02 4.898699e-02
4.868557e-02 4.885468e-02
4.868544e-02 4.901424e-02
4.868283e-02 4.879728e-02
4.868533e-02 4.880695e-02
4.868408e-02 4.883451e-02
4.868614e-02 4.882854e-02
4.868416e-02 4.881233e-02
4.868479e-02 4.883440e-02
4.868427e-02 4.883266e-02
4.868154e-02 4.882780e-02
4.868382e-02 4.882238e-02
4.868361e-02 4.882950e-02
4.868328e-02 4.882782e-02
4.868214e-02 4.903621e-02
4.868313e-02 4.883057e-02
4.867917e-02 4.879731e-02
4.868133e-02 4.882769e-02
4.868097e-02 4.899719e-02
4.868076e-02 4.879311e-02
4.867976e-02 4.891450e-02
4.868155e-02 4.893105e-02
4.868034e-02 4.882823e-02
4.867923e-02 4.893805e-02
4.868078e-02 4.886377e-02
4.867986e-02 4.880004e-02
4.868028e-02 4.882877e-02
4.867866e-02 4.883431e-02
4.867641e-02 4.880565e-02
4.867820e-02 4.881088e-02
4.867737e-02 4.881086e-02
4.867688e-02 4.884581e-02
4.867630e-02 4.880264e-02
4.867724e-02 4.882219e-02
4.867505e-02 4.882097e-02
4.867613e-02 4.881477e-02
4.867703e-02 4.878901e-02
4.867534e-02 4.879855e-02
4.867538e-02 4.885150e-02
4.867465e-02 4.886090e-02
4.867407e-02 4.906815e-02
4.867480e-02 4.879068e-02
4.867355e-02 4.880738e-02
4.867321e-02 4.891539e-02
4.867401e-02 4.892865e-02
4.867209e-02 4.880880e-02
4.867445e-02 4.903135e-02
4.867341e-02 4.885153e-02
4.867389e-02 4.881173e-02
4.867153e-02 4.882079e-02
4.867243e-02 4.884219e-02
4.867253e-02 4.880651e-02
4.867326e-02 4.882950e-02
4.867127e-02 4.888486e-02
4.867317e-02 4.886870e-02
4.867150e-02 4.888552e-02
4.867126e-02 4.881245e-02
4.867111e-02 4.881707e-02
4.867087e-02 4.885901e-02
4.866853e-02 4.887688e-02
4.866998e-02 4.887898e-02
4.866862e-02 4.881379e-02
4.867085e-02 4.892002e-02
4.866914e-02 4.880782e-02
4.866724e-02 4.882361e-02
4.866850e-02 4.884164e-02
4.866686e-02 4.884302e-02
4.867056e-02 4.880878e-02
4.866776e-02 4.881446e-02
4.866921e-02 4.924547e-02
4.866786e-02 4.908815e-02
4.866520e-02 4.884189e-02
4.866726e-02 4.879379e-02
4.866587e-02 4.893741e-02
4.866710e-02 4.879788e-02
4.866605e-02 4.880704e-02
4.866366e-02 4.882637e-02
4.866567e-02 4.892437e-02
4.866686e-02 4.879551e-02
4.866422e-02 4.879500e-02
4.866425e-02 4.881856e-02
4.866400e-02 4.883827e-02
4.866200e-02 4.883102e-02
4.866431e-02 4.884096e-02
4.866197e-02 4.885516e-02
4.866386e-02 4.879410e-02
4.866248e-02 4.890753e-02
4.866212e-02 4.891708e-02
4.866214e-02 4.884740e-02
4.866290e-02 4.880168e-02
4.866278e-02 4.885602e-02
4.866146e-02 4.885695e-02
4.866005e-02 4.880912e-02
4.866027e-02 4.878910e-02
4.865917e-02 4.886344e-02
4.865977e-02 4.879813e-02
4.865827e-02 4.880701e-02
4.866154e-02 4.883940e-02
4.865905e-02 4.878382e-02
4.865832e-02 4.905703e-02
4.865920e-02 4.896778e-02
4.865875e-02 4.882562e-02
4.865936e-02 4.879354e-02
4.865758e-02 4.888121e-02
4.865704e-02 4.883753e-02
4.865705e-02 4.885214e-02
4.865644e-02 4.879655e-02
4.865760e-02 4.887482e-02
4.865784e-02 4.882666e-02
4.865669e-02 4.893329e-02
4.865588e-02 4.881307e-02
4.865578e-02 4.878398e-02
4.865670e-02 4.880682e-02
4.865489e-02 4.887860e-02
4.865503e-02 4.878965e-02
4.865482e-02 4.884533e-02
4.865448e-02 4.878596e-02
4.865683e-02 4.880824e-02
4.865422e-02 4.879965e-02
4.865388e-02 4.882308e-02
4.865404e-02 4.895189e-02
4.865325e-02 4.879664e-02
4.865167e-02 4.880839e-02
4.865315e-02 4.882173e-02
4.865382e-02 4.881488e-02
4.865350e-02 4.883947e-02
4.865186e-02 4.884546e-02
4.865077e-02 4.888860e-02
4.865251e-02 4.879187e-02
4.865090e-02 4.892522e-02
4.865063e-02 4.878952e-02
4.865074e-02 4.895243e-02
4.865182e-02 4.876028e-02
4.865059e-02 4.882459e-02
4.865124e-02 4.878328e-02
4.864944e-02 4.876707e-02
4.864860e-02 4.878951e-02
4.864917e-02 4.882323e-02
4.864819e-02 4.885870e-02
4.865019e-02 4.881972e-02
4.865268e-02 4.879245e-02
4.864703e-02 4.885271e-02
4.864859e-02 4.878114e-02
4.864725e-02 4.878042e-02
4.864759e-02 4.880215e-02
4.864880e-02 4.878466e-02
4.864800e-02 4.878707e-02
4.864819e-02 4.879661e-02
4.864625e-02 4.881767e-02
4.864747e-02 4.887654e-02
4.864612e-02 4.878416e-02
4.864630e-02 4.887991e-02
4.864635e-02 4.880130e-02
4.864604e-02 4.887616e-02
4.864314e-02 4.880224e-02
4.864307e-02 4.879095e-02
4.864609e-02 4.883230e-02
4.864343e-02 4.879038e-02
4.864505e-02 4.883927e-02
4.864415e-02 4.896390e-02
4.864380e-02 4.879391e-02
4.864440e-02 4.883251e-02
4.864582e-02 4.879429e-02
4.864369e-02 4.878348e-02
4.864346e-02 4.877788e-02
4.864162e-02 4.882693e-02
4.864232e-02 4.877350e-02
4.864219e-02 4.880526e-02
4.864310e-02 4.882208e-02
4.864043e-02 4.896504e-02
4.864055e-02 4.878268e-02
4.864091e-02 4.891891e-02
4.863898e-02 4.882246e-02
4.863960e-02 4.882836e-02
4.864164e-02 4.884286e-02
4.863853e-02 4.877377e-02
4.863851e-02 4.882635e-02
4.863686e-02 4.881625e-02
4.863871e-02 4.879921e-02
4.864031e-02 4.879982e-02
4.863683e-02 4.877803e-02
4.863632e-02 4.878218e-02
4.863897e-02 4.877548e-02
4.863868e-02 4.878420e-02
4.863638e-02 4.878466e-02
4.863647e-02 4.893159e-02
4.863697e-02 4.881868e-02
4.863907e-02 4.882232e-02
4.863698e-02 4.878139e-02
4.863580e-02 4.876917e-02
4.863674e-02 4.878108e-02
4.863447e-02 4.879461e-02
4.863468e-02 4.875809e-02
4.863453e-02 4.879319e-02
4.863685e-02 4.888457e-02
4.863361e-02 4.887814e-02
4.863431e-02 4.876670e-02
4.863535e-02 4.898843e-02
4.863454e-02 4.880824e-02
4.863287e-02 4.880725e-02
4.863302e-02 4.878345e-02
4.863174e-02 4.878237e-02
4.863348e-02 4.876794e-02
4.863383e-02 4.877950e-02
4.863219e-02 4.876985e-02
4.863179e-02 4.886750e-02
4.863268e-02 4.887220e-02
4.863205e-02 4.879203e-02
4.863241e-02 4.877809e-02
4.863051e-02 4.888945e-02
4.863112e-02 4.878605e-02
4.863243e-02 4.877655e-02
4.862923e-02 4.880461e-02
4.863115e-02 4.878864e-02
4.862860e-02 4.881459e-02
4.862887e-02 4.879800e-02
4.862880e-02 4.876291e-02
4.862979e-02 4.879398e-02
4.862943e-02 4.881751e-02
4.862955e-02 4.875451e-02
4.862813e-02 4.879026e-02
4.862952e-02 4.878836e-02
4.862813e-02 4.887766e-02
4.862697e-02 4.898232e-02
4.862712e-02 4.878788e-02
4.862744e-02 4.876863e-02
4.862713e-02 4.882644e-02
4.862468e-02 4.877064e-02
4.862731e-02 4.880691e-02
4.862709e-02 4.875819e-02
4.862794e-02 4.878605e-02
4.862572e-02 4.879245e-02
4.862563e-02 4.876899e-02
4.862538e-02 4.878476e-02
4.862589e-02 4.878081e-02
4.862519e-02 4.877970e-02
4.862476e-02 4.886139e-02
4.862624e-02 4.876559e-02
4.862349e-02 4.876524e-02
4.862464e-02 4.880226e-02
4.862339e-02 4.875293e-02
4.862368e-02 4.880752e-02
4.862426e-02 4.876368e-02
4.862060e-02 4.884169e-02
4.862405e-02 4.876697e-02
4.862256e-02 4.884992e-02
4.862286e-02 4.879929e-02
4.862281e-02 4.884509e-02
4.862202e-02 4.876726e-02
4.862219e-02 4.876505e-02
4.862096e-02 4.884567e-02
4.862392e-02 4.881797e-02
4.861935e-02 4.880147e-02
4.862226e-02 4.880452e-02
4.862029e-02 4.876460e-02
4.861932e-02 4.876860e-02
4.862130e-02 4.882189e-02
4.862155e-02 4.883736e-02
4.862154e-02 4.879799e-02
4.861981e-02 4.875579e-02
4.862095e-02 4.875554e-02
4.862012e-02 4.876713e-02
4.861914e-02 4.879019e-02
4.861911e-02 4.893382e-02
4.861924e-02 4.879468e-02
4.861769e-02 4.888147e-02
4.861782e-02 4.877034e-02
4.861708e-02 4.885430e-02
4.861680e-02 4.877537e-02
4.861886e-02 4.880005e-02
4.861662e-02 4.878430e-02
4.861662e-02 4.882337e-02
4.861575e-02 4.876819e-02
4.861532e-02 4.874919e-02
4.861726e-02 4.877472e-02
4.861685e-02 4.889228e-02
4.861551e-02 4.877036e-02
4.861508e-02 4.875686e-02
4.861502e-02 4.878279e-02
4.861563e-02 4.877992e-02
4.861448e-02 4.890342e-02
4.861413e-02 4.876405e-02
4.861342e-02 4.876378e-02
4.861470e-02 4.877534e-02
4.861412e-02 4.875542e-02
4.861401e-02 4.876957e-02
4.861340e-02 4.876666e-02
4.861408e-02 4.878576e-02
4.861122e-02 4.877862e-02
4.861147e-02 4.876501e-02
4.861227e-02 4.875753e-02
4.861074e-02 4.875123e-02
4.861239e-02 4.877894e-02
4.861013e-02 4.878998e-02
4.861189e-02 4.879724e-02
4.861149e-02 4.877098e-02
4.861235e-02 4.876931e-02
4.861091e-02 4.877319e-02
4.861098e-02 4.877399e-02
4.860923e-02 4.874071e-02
4.861026e-02 4.877778e-02
4.860906e-02 4.874986e-02
4.860903e-02 4.881861e-02
4.861010e-02 4.886027e-02
4.860844e-02 4.876418e-02
4.860928e-02 4.880363e-02
4.860812e-02 4.875923e-02
4.860726e-02 4.876865e-02
4.860881e-02 4.875676e-02
4.860928e-02 4.880464e-02
4.860754e-02 4.875190e-02
4.860670e-02 4.878081e-02
4.860749e-02 4.878302e-02
4.860627e-02 4.881757e-02
4.860622e-02 4.876767e-02
4.860772e-02 4.876037e-02
4.860533e-02 4.873894e-02
4.860614e-02 4.878156e-02
4.860557e-02 4.874761e-02
4.860645e-02 4.884872e-02
4.860511e-02 4.881679e-02
4.860259e-02 4.882063e-02
4.860433e-02 4.876324e-02
4.860429e-02 4.877434e-02
4.860472e-02 4.876934e-02
4.860382e-02 4.875389e-02
4.860592e-02 4.876431e-02
4.860451e-02 4.876013e-02
4.860265e-02 4.878684e-02
4.860446e-02 4.877762e-02
4.860358e-02 4.883342e-02
4.860243e-02 4.878530e-02
4.860121e-02 4.876172e-02
4.860130e-02 4.876311e-02
4.860293e-02 4.879530e-02
4.860051e-02 4.879474e-02
4.860205e-02 4.879461e-02
4.860090e-02 4.875600e-02
4.860191e-02 4.875338e-02
4.860065e-02 4.875612e-02
4.860062e-02 4.878018e-02
4.859919e-02 4.875828e-02
4.859923e-02 4.877778e-02
4.859883e-02 4.877321e-02
4.860161e-02 4.889869e-02
4.859876e-02 4.890056e-02
4.859886e-02 4.874336e-02
4.860040e-02 4.876310e-02
4.859867e-02 4.887793e-02
4.859702e-02 4.877503e-02
4.859722e-02 4.876871e-02
4.859809e-02 4.877434e-02
4.859680e-02 4.879288e-02
4.859735e-02 4.875531e-02
4.859839e-02 4.874140e-02
4.859827e-02 4.880546e-02
4.859473e-02 4.880919e-02
4.859567e-02 4.877794e-02
4.859722e-02 4.881364e-02
4.859622e-02 4.876231e-02
4.859482e-02 4.876585e-02
4.859531e-02 4.873337e-02
4.859620e-02 4.883924e-02
4.859596e-02 4.878728e-02
4.859382e-02 4.873190e-02
4.859581e-02 4.874411e-02
4.859290e-02 4.878187e-02
4.859333e-02 4.875985e-02
4.859431e-02 4.876475e-02
4.859450e-02 4.875988e-02
4.859535e-02 4.875866e-02
4.859619e-02 4.887915e-02
4.859238e-02 4.876001e-02
4.859197e-02 4.874584e-02
4.859208e-02 4.879407e-02
4.859299e-02 4.885803e-02
4.859310e-02 4.874697e-02
4.859329e-02 4.878179e-02
4.859174e-02 4.877742e-02
4.859192e-02 4.876346e-02
4.859054e-02 4.905584e-02
4.859120e-02 4.875143e-02
4.859069e-02 4.876311e-02
4.859040e-02 4.875882e-02
4.859036e-02 4.890633e-02
4.859032e-02 4.875142e-02
4.858887e-02 4.875206e-02
4.859161e-02 4.879776e-02
4.858873e-02 4.890565e-02
4.858848e-02 4.875397e-02
4.858936e-02 4.884156e-02
4.858897e-02 4.901065e-02
4.858904e-02 4.882403e-02
4.858929e-02 4.876892e-02
4.858718e-02 4.884921e-02
4.858697e-02 4.876710e-02
4.858606e-02 4.873856e-02
4.858697e-02 4.894670e-02
4.858723e-02 4.874801e-02
4.858880e-02 4.872589e-02
4.858649e-02 4.881964e-02
4.858793e-02 4.873086e-02
4.858588e-02 4.877184e-02
4.858499e-02 4.878892e-02
4.858493e-02 4.872041e-02
