2.217903e-01 1.447917e-01
1.393999e-01 1.350259e-01
1.300427e-01 1.259196e-01
1.213043e-01 1.176182e-01
1.137733e-01 1.110184e-01
1.083141e-01 1.066345e-01
1.048958e-01 1.040084e-01
1.027839e-01 1.022679e-01
1.012253e-01 1.008413e-01
9.987739e-02 9.954654e-02
9.861781e-02 9.831013e-02
9.738119e-02 9.706613e-02
9.612827e-02 9.580555e-02
9.482978e-02 9.447332e-02
9.346307e-02 9.308032e-02
9.200720e-02 9.157758e-02
9.043908e-02 8.993601e-02
8.875226e-02 8.819792e-02
8.696186e-02 8.632262e-02
8.507225e-02 8.440208e-02
8.312325e-02 8.242320e-02
8.114036e-02 8.042416e-02
7.915465e-02 7.843009e-02
7.720471e-02 7.647711e-02
7.531974e-02 7.465381e-02
7.352824e-02 7.288272e-02
7.186826e-02 7.125318e-02
7.035650e-02 6.981731e-02
6.901118e-02 6.857532e-02
6.785094e-02 6.748226e-02
6.686185e-02 6.656150e-02
6.603160e-02 6.580921e-02
6.533074e-02 6.515021e-02
6.473859e-02 6.462123e-02
6.422558e-02 6.414366e-02
6.377419e-02 6.370850e-02
6.336665e-02 6.332382e-02
6.299277e-02 6.299088e-02
6.265037e-02 6.264359e-02
6.233344e-02 6.230630e-02
6.204230e-02 6.201671e-02
6.177299e-02 6.178168e-02
6.152019e-02 6.151596e-02
6.128030e-02 6.129967e-02
6.104907e-02 6.105733e-02
6.082379e-02 6.082876e-02
6.060625e-02 6.062030e-02
6.039644e-02 6.043917e-02
6.019559e-02 6.023844e-02
6.000543e-02 6.004799e-02
5.982664e-02 5.986366e-02
5.966043e-02 5.969490e-02
5.950643e-02 5.960367e-02
5.936460e-02 5.940820e-02
5.923290e-02 5.929807e-02
5.910984e-02 5.917696e-02
5.899613e-02 5.906959e-02
5.889009e-02 5.895783e-02
5.879008e-02 5.887220e-02
5.869551e-02 5.876940e-02
5.860464e-02 5.869633e-02
5.851851e-02 5.860248e-02
5.843638e-02 5.850734e-02
5.835540e-02 5.841917e-02
5.827890e-02 5.834526e-02
5.820382e-02 5.828324e-02
5.813209e-02 5.821115e-02
5.806138e-02 5.814943e-02
5.799315e-02 5.806846e-02
5.792618e-02 5.799499e-02
5.786150e-02 5.793777e-02
5.779812e-02 5.788101e-02
5.773561e-02 5.780783e-02
5.767457e-02 5.775252e-02
5.761490e-02 5.768957e-02
5.755596e-02 5.762906e-02
5.749745e-02 5.757630e-02
5.744017e-02 5.752918e-02
5.738337e-02 5.745821e-02
5.732684e-02 5.741895e-02
5.727112e-02 5.734441e-02
5.721600e-02 5.728888e-02
5.716128e-02 5.727694e-02
5.710632e-02 5.719393e-02
5.705258e-02 5.713148e-02
5.699953e-02 5.711135e-02
5.694655e-02 5.703640e-02
5.689499e-02 5.697325e-02
5.684250e-02 5.694737e-02
5.679243e-02 5.686335e-02
5.674155e-02 5.683119e-02
5.669311e-02 5.680910e-02
5.664528e-02 5.673463e-02
5.659813e-02 5.669672e-02
5.655186e-02 5.663939e-02
5.650617e-02 5.663178e-02
5.646204e-02 5.655761e-02
5.641896e-02 5.652200e-02
5.637600e-02 5.646509e-02
5.633568e-02 5.642594e-02
5.563183e-02 5.571267e-02
5.560328e-02 5.567217e-02
5.557424e-02 5.573107e-02
5.554621e-02 5.564959e-02
5.551781e-02 5.560435e-02
5.548961e-02 5.563160e-02
5.546248e-02 5.555795e-02
5.543437e-02 5.552094e-02
5.540685e-02 5.548340e-02
5.537914e-02 5.545961e-02
5.535240e-02 5.547083e-02
5.532537e-02 5.542912e-02
5.529765e-02 5.539199e-02
5.527094e-02 5.536445e-02
5.524479e-02 5.533557e-02
5.521794e-02 5.534855e-02
5.519193e-02 5.530857e-02
5.516474e-02 5.526154e-02
5.513847e-02 5.522958e-02
5.511215e-02 5.527317e-02
5.508569e-02 5.518042e-02
5.506004e-02 5.518983e-02
5.503389e-02 5.515428e-02
5.500797e-02 5.510755e-02
5.498223e-02 5.507707e-02
5.495626e-02 5.505928e-02
5.493034e-02 5.506289e-02
5.490493e-02 5.501513e-02
5.487898e-02 5.497195e-02
5.485343e-02 5.499248e-02
5.482759e-02 5.492923e-02
5.480260e-02 5.492542e-02
5.477683e-02 5.488774e-02
5.475125e-02 5.486450e-02
5.472602e-02 5.482229e-02
5.470052e-02 5.479527e-02
5.467592e-02 5.477845e-02
5.465041e-02 5.476926e-02
5.462611e-02 5.473402e-02
5.460078e-02 5.470932e-02
5.457563e-02 5.468204e-02
5.455121e-02 5.464117e-02
5.452693e-02 5.463028e-02
5.450152e-02 5.464327e-02
5.447823e-02 5.458152e-02
5.445350e-02 5.453713e-02
5.442942e-02 5.451516e-02
5.440493e-02 5.452111e-02
5.438144e-02 5.449341e-02
5.435708e-02 5.445300e-02
5.433357e-02 5.443765e-02
5.430993e-02 5.441174e-02
5.428596e-02 5.437121e-02
5.426227e-02 5.432654e-02
5.423861e-02 5.431516e-02
5.421489e-02 5.429060e-02
5.419143e-02 5.427519e-02
5.416794e-02 5.423864e-02
5.414548e-02 5.421052e-02
5.412169e-02 5.421062e-02
5.409696e-02 5.416022e-02
5.407424e-02 5.415707e-02
5.405061e-02 5.416408e-02
5.402709e-02 5.409818e-02
5.400390e-02 5.407577e-02
5.398045e-02 5.404354e-02
5.395731e-02 5.404564e-02
5.393444e-02 5.399623e-02
5.391117e-02 5.398593e-02
5.388787e-02 5.394696e-02
5.386470e-02 5.394091e-02
5.384133e-02 5.392155e-02
5.381808e-02 5.390114e-02
5.379470e-02 5.388424e-02
5.377281e-02 5.384922e-02
5.374955e-02 5.380278e-02
5.372644e-02 5.379224e-02
5.370374e-02 5.377138e-02
5.368094e-02 5.376355e-02
5.365834e-02 5.371571e-02
5.363543e-02 5.371273e-02
5.361316e-02 5.367882e-02
5.358973e-02 5.366840e-02
5.356805e-02 5.363092e-02
5.354544e-02 5.364365e-02
5.352255e-02 5.357909e-02
5.349994e-02 5.359225e-02
5.347682e-02 5.352753e-02
5.345349e-02 5.351258e-02
5.343146e-02 5.349824e-02
5.340879e-02 5.349968e-02
5.338563e-02 5.345434e-02
5.336320e-02 5.344014e-02
5.334102e-02 5.340345e-02
5.331814e-02 5.337587e-02
5.329607e-02 5.335217e-02
5.327355e-02 5.333839e-02
5.325086e-02 5.330789e-02
5.322874e-02 5.330601e-02
5.320609e-02 5.330525e-02
5.318416e-02 5.327050e-02
5.316167e-02 5.324239e-02
5.313939e-02 5.321492e-02
5.311726e-02 5.317687e-02
5.309535e-02 5.314635e-02
5.307288e-02 5.314348e-02
5.305038e-02 5.316423e-02
5.302791e-02 5.311361e-02
5.300613e-02 5.311192e-02
5.298346e-02 5.306354e-02
5.296124e-02 5.304948e-02
5.293960e-02 5.300501e-02
5.291719e-02 5.302236e-02
5.289488e-02 5.297589e-02
5.287320e-02 5.294230e-02
5.285078e-02 5.293323e-02
5.282871e-02 5.296162e-02
5.280709e-02 5.286512e-02
5.278533e-02 5.288315e-02
5.276329e-02 5.281621e-02
5.274139e-02 5.281194e-02
5.271936e-02 5.282475e-02
5.269747e-02 5.276203e-02
5.267509e-02 5.275951e-02
5.265356e-02 5.272287e-02
5.263159e-02 5.271554e-02
5.260984e-02 5.267804e-02
5.258743e-02 5.265780e-02
5.256554e-02 5.265261e-02
5.254413e-02 5.265301e-02
5.252267e-02 5.259363e-02
5.250000e-02 5.257725e-02
5.247800e-02 5.256401e-02
5.245653e-02 5.255959e-02
5.243481e-02 5.250419e-02
5.241249e-02 5.249529e-02
5.239142e-02 5.245741e-02
5.236974e-02 5.248064e-02
5.234727e-02 5.246328e-02
5.232553e-02 5.246597e-02
5.230414e-02 5.238955e-02
5.228231e-02 5.234424e-02
5.226100e-02 5.234715e-02
5.223891e-02 5.232642e-02
5.221705e-02 5.229048e-02
5.219514e-02 5.225530e-02
5.217407e-02 5.229389e-02
5.215243e-02 5.223212e-02
5.213125e-02 5.222881e-02
5.210970e-02 5.223693e-02
5.208801e-02 5.216738e-02
5.206659e-02 5.212148e-02
5.204554e-02 5.211638e-02
5.202440e-02 5.208906e-02
5.200291e-02 5.206267e-02
5.198219e-02 5.207579e-02
5.196109e-02 5.205351e-02
5.194003e-02 5.204933e-02
5.191891e-02 5.203323e-02
5.189820e-02 5.199252e-02
5.187751e-02 5.195589e-02
5.185751e-02 5.191301e-02
5.183645e-02 5.190808e-02
5.181605e-02 5.188988e-02
5.179550e-02 5.186769e-02
5.177491e-02 5.186773e-02
5.175464e-02 5.186199e-02
5.173421e-02 5.182822e-02
5.171400e-02 5.189338e-02
5.169430e-02 5.176350e-02
5.167386e-02 5.175942e-02
5.165435e-02 5.172129e-02
5.163409e-02 5.172182e-02
5.161425e-02 5.172498e-02
5.159396e-02 5.169598e-02
5.157510e-02 5.164342e-02
5.155502e-02 5.162057e-02
5.153601e-02 5.162805e-02
5.151627e-02 5.163023e-02
5.149680e-02 5.161175e-02
5.147714e-02 5.158831e-02
5.145838e-02 5.153858e-02
5.143888e-02 5.157610e-02
5.141988e-02 5.149413e-02
5.140091e-02 5.151573e-02
5.138250e-02 5.151910e-02
5.136307e-02 5.145647e-02
5.134379e-02 5.142699e-02
5.132560e-02 5.143642e-02
5.130729e-02 5.144975e-02
5.128913e-02 5.139282e-02
5.127078e-02 5.138975e-02
5.125209e-02 5.135553e-02
5.123432e-02 5.137290e-02
5.121609e-02 5.128950e-02
5.119854e-02 5.131979e-02
5.118087e-02 5.125764e-02
5.116332e-02 5.125629e-02
5.114645e-02 5.123085e-02
5.112915e-02 5.126286e-02
4.996323e-02 5.007120e-02
4.995689e-02 5.005137e-02
4.994996e-02 5.006281e-02
4.994388e-02 5.005019e-02
4.993776e-02 5.003230e-02
4.993134e-02 5.003022e-02
4.992528e-02 5.001861e-02
4.991917e-02 5.004918e-02
4.991290e-02 5.000952e-02
4.990775e-02 5.000881e-02
4.990183e-02 5.000947e-02
4.989605e-02 4.999892e-02
4.989061e-02 5.000729e-02
4.988456e-02 4.998389e-02
4.987936e-02 4.998299e-02
4.987414e-02 4.998671e-02
4.986919e-02 4.998595e-02
4.986361e-02 4.998476e-02
4.985794e-02 4.996618e-02
4.985318e-02 4.994758e-02
4.984774e-02 4.994949e-02
4.984229e-02 4.994185e-02
4.983749e-02 4.995680e-02
4.983229e-02 4.994159e-02
4.982770e-02 4.994863e-02
4.982259e-02 4.992313e-02
4.981792e-02 4.992077e-02
4.981251e-02 4.993426e-02
4.980809e-02 4.992402e-02
4.980288e-02 4.991042e-02
4.979849e-02 4.989965e-02
4.979389e-02 4.990843e-02
4.978934e-02 4.989647e-02
4.978482e-02 4.989628e-02
4.978021e-02 4.991362e-02
4.977587e-02 4.988136e-02
4.977203e-02 4.988173e-02
4.976704e-02 4.987219e-02
4.976306e-02 4.986551e-02
4.975859e-02 4.987395e-02
4.975434e-02 4.986004e-02
4.975042e-02 4.988755e-02
4.974665e-02 4.985534e-02
4.974180e-02 4.985255e-02
4.973859e-02 4.985776e-02
4.973420e-02 4.984742e-02
4.973034e-02 4.984591e-02
4.972626e-02 4.983235e-02
4.972227e-02 4.983268e-02
4.971902e-02 4.981910e-02
4.971522e-02 4.982609e-02
4.971125e-02 4.982876e-02
4.970785e-02 4.981210e-02
4.970358e-02 4.983014e-02
4.970026e-02 4.981567e-02
4.969636e-02 4.979936e-02
4.969323e-02 4.980609e-02
4.968903e-02 4.981310e-02
4.968579e-02 4.979320e-02
4.968228e-02 4.979397e-02
4.967886e-02 4.979987e-02
4.967533e-02 4.980329e-02
4.967212e-02 4.978114e-02
4.966899e-02 4.977753e-02
4.966511e-02 4.978960e-02
4.966257e-02 4.977167e-02
4.965900e-02 4.976383e-02
4.965589e-02 4.976492e-02
4.965270e-02 4.978045e-02
4.964962e-02 4.976261e-02
4.964613e-02 4.978047e-02
4.964287e-02 4.976505e-02
4.963969e-02 4.974884e-02
4.963685e-02 4.974314e-02
4.963339e-02 4.979000e-02
4.963051e-02 4.975788e-02
4.962784e-02 4.973901e-02
4.962492e-02 4.975189e-02
4.962147e-02 4.973149e-02
4.961862e-02 4.973497e-02
4.961627e-02 4.974186e-02
4.961331e-02 4.973324e-02
4.960981e-02 4.971881e-02
4.960704e-02 4.973450e-02
4.960463e-02 4.972281e-02
4.960140e-02 4.971138e-02
4.959929e-02 4.971416e-02
4.959674e-02 4.973020e-02
4.959390e-02 4.971431e-02
4.959108e-02 4.970719e-02
4.958839e-02 4.969734e-02
4.958584e-02 4.970465e-02
4.958303e-02 4.970191e-02
4.958083e-02 4.971351e-02
4.957833e-02 4.969686e-02
4.957593e-02 4.970506e-02
4.957336e-02 4.971682e-02
4.957080e-02 4.969917e-02
4.956887e-02 4.970433e-02
4.956600e-02 4.968462e-02
4.956393e-02 4.968497e-02
4.956127e-02 4.968985e-02
4.955896e-02 4.968427e-02
4.955650e-02 4.968277e-02
4.955394e-02 4.967336e-02
4.955190e-02 4.970908e-02
4.954987e-02 4.966707e-02
4.954705e-02 4.966469e-02
4.954529e-02 4.969451e-02
4.954306e-02 4.965978e-02
4.954102e-02 4.970393e-02
4.953894e-02 4.966835e-02
4.953715e-02 4.965640e-02
4.953494e-02 4.969234e-02
4.953256e-02 4.964594e-02
4.953048e-02 4.965902e-02
4.952877e-02 4.965621e-02
4.952619e-02 4.968043e-02
4.952424e-02 4.967625e-02
4.952231e-02 4.967841e-02
4.951999e-02 4.965809e-02
4.951807e-02 4.965288e-02
4.951624e-02 4.965627e-02
4.951401e-02 4.965473e-02
4.951187e-02 4.963059e-02
4.951003e-02 4.963233e-02
4.950830e-02 4.965616e-02
4.950593e-02 4.964911e-02
4.950401e-02 4.966679e-02
4.950264e-02 4.964056e-02
4.950046e-02 4.961644e-02
4.949882e-02 4.963168e-02
4.949671e-02 4.963696e-02
4.949514e-02 4.962413e-02
4.949341e-02 4.964967e-02
4.949128e-02 4.961878e-02
4.948963e-02 4.961508e-02
4.948790e-02 4.960815e-02
4.948620e-02 4.961803e-02
4.948411e-02 4.961880e-02
4.948251e-02 4.960304e-02
4.948059e-02 4.962296e-02
4.947873e-02 4.961157e-02
4.947681e-02 4.960323e-02
4.947584e-02 4.961292e-02
4.947418e-02 4.961828e-02
4.947242e-02 4.960902e-02
4.947101e-02 4.961356e-02
4.946889e-02 4.961581e-02
4.946719e-02 4.959801e-02
4.946584e-02 4.961981e-02
4.946432e-02 4.961755e-02
4.946290e-02 4.961634e-02
4.946109e-02 4.960431e-02
4.945954e-02 4.959411e-02
4.945803e-02 4.961137e-02
4.945634e-02 4.959710e-02
4.945505e-02 4.957626e-02
4.945297e-02 4.959398e-02
4.945174e-02 4.958822e-02
4.945026e-02 4.957572e-02
4.944881e-02 4.960560e-02
4.944775e-02 4.958455e-02
4.944607e-02 4.957645e-02
4.944445e-02 4.957988e-02
4.944309e-02 4.958757e-02
4.944166e-02 4.959529e-02
4.944016e-02 4.961172e-02
4.943909e-02 4.957439e-02
4.943735e-02 4.957336e-02
4.943618e-02 4.958927e-02
4.943486e-02 4.956009e-02
4.943320e-02 4.957656e-02
4.943192e-02 4.956787e-02
4.943066e-02 4.957452e-02
4.942924e-02 4.955435e-02
4.942817e-02 4.954818e-02
4.942671e-02 4.960857e-02
4.942565e-02 4.956613e-02
4.942452e-02 4.954915e-02
4.942287e-02 4.959744e-02
4.942181e-02 4.955618e-02
4.941988e-02 4.956100e-02
4.941925e-02 4.959121e-02
4.941776e-02 4.956909e-02
4.941650e-02 4.958268e-02
4.941529e-02 4.956281e-02
4.941451e-02 4.954990e-02
4.941349e-02 4.955493e-02
4.941204e-02 4.955754e-02
4.941085e-02 4.957411e-02
4.940994e-02 4.957064e-02
4.940827e-02 4.954426e-02
4.940722e-02 4.954249e-02
4.940631e-02 4.954751e-02
4.940513e-02 4.956907e-02
4.940370e-02 4.955580e-02
4.940262e-02 4.952841e-02
4.940168e-02 4.954435e-02
4.940086e-02 4.953366e-02
4.939947e-02 4.952570e-02
4.939813e-02 4.952691e-02
4.939712e-02 4.955568e-02
4.939568e-02 4.952326e-02
4.939478e-02 4.953831e-02
4.939404e-02 4.955222e-02
4.939234e-02 4.954231e-02
4.939147e-02 4.953503e-02
4.939033e-02 4.953959e-02
4.938949e-02 4.954920e-02
4.938847e-02 4.954351e-02
4.938752e-02 4.954088e-02
4.938657e-02 4.953899e-02
4.938519e-02 4.951383e-02
4.938465e-02 4.952374e-02
4.938352e-02 4.955622e-02
4.938263e-02 4.950449e-02
4.938151e-02 4.954306e-02
4.938037e-02 4.952292e-02
4.937918e-02 4.950993e-02
4.937826e-02 4.952410e-02
4.937800e-02 4.953398e-02
4.937658e-02 4.954590e-02
4.937598e-02 4.954136e-02
4.937460e-02 4.954677e-02
4.937367e-02 4.949915e-02
4.937306e-02 4.953469e-02
4.937184e-02 4.951975e-02
4.937104e-02 4.949522e-02
4.937041e-02 4.949397e-02
4.936962e-02 4.950965e-02
4.936859e-02 4.954428e-02
4.936750e-02 4.952277e-02
4.936667e-02 4.952938e-02
4.936580e-02 4.953241e-02
4.936539e-02 4.952153e-02
4.936359e-02 4.948935e-02
4.936344e-02 4.952669e-02
4.936243e-02 4.950140e-02
4.936163e-02 4.950787e-02
4.936062e-02 4.953265e-02
4.935985e-02 4.949386e-02
4.935914e-02 4.951024e-02
4.935766e-02 4.949016e-02
4.935753e-02 4.949645e-02
4.935645e-02 4.951201e-02
4.935544e-02 4.951758e-02
4.935489e-02 4.949663e-02
4.935364e-02 4.952282e-02
4.935337e-02 4.949159e-02
4.935256e-02 4.951893e-02
4.935184e-02 4.950184e-02
4.935107e-02 4.950855e-02
4.935043e-02 4.949324e-02
4.934958e-02 4.950276e-02
4.934884e-02 4.949769e-02
4.934816e-02 4.949070e-02
4.934698e-02 4.948898e-02
4.934660e-02 4.947199e-02
4.934574e-02 4.948954e-02
4.934447e-02 4.950758e-02
4.934359e-02 4.952592e-02
4.934330e-02 4.950409e-02
4.934252e-02 4.948244e-02
4.934182e-02 4.947115e-02
4.934122e-02 4.949297e-02
4.933998e-02 4.948601e-02
4.933927e-02 4.949791e-02
4.933858e-02 4.947165e-02
4.933807e-02 4.949669e-02
4.933748e-02 4.948036e-02
4.933688e-02 4.949680e-02
4.933670e-02 4.947308e-02
4.933563e-02 4.947396e-02
4.933474e-02 4.946349e-02
4.933394e-02 4.946042e-02
4.933377e-02 4.947077e-02
4.933261e-02 4.949613e-02
4.933231e-02 4.946137e-02
4.933095e-02 4.947984e-02
4.933055e-02 4.946833e-02
4.933037e-02 4.948634e-02
4.932922e-02 4.946044e-02
4.932920e-02 4.947955e-02
4.932821e-02 4.948059e-02
4.932766e-02 4.947116e-02
4.932680e-02 4.946731e-02
4.932602e-02 4.946538e-02
4.932533e-02 4.946497e-02
4.932515e-02 4.947478e-02
4.932467e-02 4.946073e-02
4.932353e-02 4.945827e-02
4.932315e-02 4.946723e-02
4.932221e-02 4.946395e-02
4.932212e-02 4.946105e-02
4.932137e-02 4.948232e-02
4.932062e-02 4.945337e-02
4.932030e-02 4.945618e-02
4.931954e-02 4.947846e-02
4.931884e-02 4.946114e-02
4.931801e-02 4.947315e-02
4.931789e-02 4.945091e-02
4.931722e-02 4.943810e-02
4.931674e-02 4.945446e-02
4.931581e-02 4.945340e-02
4.931578e-02 4.945546e-02
4.931504e-02 4.946242e-02
4.931424e-02 4.945148e-02
4.931386e-02 4.946469e-02
4.931322e-02 4.945219e-02
4.931292e-02 4.950220e-02
4.931225e-02 4.945249e-02
4.931165e-02 4.945281e-02
4.931108e-02 4.946237e-02
4.931058e-02 4.945133e-02
4.931008e-02 4.945729e-02
4.930930e-02 4.947605e-02
4.930901e-02 4.944713e-02
4.930831e-02 4.947120e-02
4.930795e-02 4.943198e-02
4.930748e-02 4.944560e-02
4.930658e-02 4.944783e-02
4.930647e-02 4.944720e-02
4.930622e-02 4.946486e-02
4.930495e-02 4.945306e-02
4.930478e-02 4.946182e-02
4.930461e-02 4.945044e-02
4.930384e-02 4.944183e-02
4.930300e-02 4.944176e-02
4.930302e-02 4.947640e-02
4.930240e-02 4.946667e-02
4.930179e-02 4.945074e-02
4.930127e-02 4.943672e-02
4.930085e-02 4.943179e-02
4.930039e-02 4.944290e-02
4.929976e-02 4.943529e-02
4.929913e-02 4.943438e-02
4.929849e-02 4.943776e-02
4.929806e-02 4.944182e-02
4.929776e-02 4.943694e-02
4.929728e-02 4.943863e-02
4.929644e-02 4.944282e-02
4.929635e-02 4.945260e-02
4.929530e-02 4.944861e-02
4.929554e-02 4.942766e-02
4.929449e-02 4.944844e-02
4.929442e-02 4.944906e-02
4.929397e-02 4.944647e-02
4.929335e-02 4.942688e-02
4.929297e-02 4.942864e-02
4.929298e-02 4.944229e-02
4.929242e-02 4.944307e-02
4.929170e-02 4.942472e-02
4.929126e-02 4.943396e-02
4.929092e-02 4.942326e-02
4.929044e-02 4.942390e-02
4.928993e-02 4.943680e-02
4.928947e-02 4.943039e-02
4.928922e-02 4.941514e-02
4.928894e-02 4.945005e-02
4.928824e-02 4.943525e-02
4.928753e-02 4.942559e-02
4.928754e-02 4.943070e-02
4.928678e-02 4.944337e-02
4.928679e-02 4.943371e-02
4.928637e-02 4.947123e-02
4.928584e-02 4.942333e-02
4.928527e-02 4.942114e-02
4.928466e-02 4.943954e-02
4.928426e-02 4.943201e-02
4.928390e-02 4.943976e-02
4.928382e-02 4.943386e-02
4.928363e-02 4.942571e-02
4.928302e-02 4.942940e-02
4.928226e-02 4.941631e-02
4.928192e-02 4.940867e-02
4.928173e-02 4.943040e-02
4.928105e-02 4.942049e-02
4.928055e-02 4.942175e-02
4.928051e-02 4.945412e-02
4.927992e-02 4.941552e-02
4.927978e-02 4.940522e-02
4.927932e-02 4.943588e-02
4.927867e-02 4.943002e-02
4.927791e-02 4.945688e-02
4.927812e-02 4.944384e-02
4.927781e-02 4.940653e-02
4.927715e-02 4.943321e-02
4.927666e-02 4.940987e-02
4.927630e-02 4.941443e-02
4.927613e-02 4.943433e-02
4.927548e-02 4.942579e-02
4.927487e-02 4.941006e-02
4.927462e-02 4.941631e-02
4.927420e-02 4.941541e-02
4.927373e-02 4.939636e-02
4.927348e-02 4.941957e-02
4.927321e-02 4.941761e-02
4.927273e-02 4.940595e-02
4.927244e-02 4.941649e-02
4.927193e-02 4.942935e-02
4.927228e-02 4.943230e-02
4.927139e-02 4.946431e-02
4.927126e-02 4.940493e-02
4.927060e-02 4.941648e-02
4.926990e-02 4.941836e-02
4.927005e-02 4.940550e-02
4.926990e-02 4.946311e-02
4.926939e-02 4.940215e-02
4.926895e-02 4.940680e-02
4.926855e-02 4.941124e-02
4.926815e-02 4.943256e-02
4.926764e-02 4.940028e-02
4.926765e-02 4.941232e-02
4.926711e-02 4.942698e-02
4.926667e-02 4.940077e-02
4.926585e-02 4.942451e-02
4.926555e-02 4.941394e-02
4.926579e-02 4.941197e-02
4.926550e-02 4.942148e-02
4.926522e-02 4.939715e-02
4.926476e-02 4.940409e-02
4.926411e-02 4.940930e-02
4.926403e-02 4.939734e-02
4.926345e-02 4.940436e-02
4.926310e-02 4.939967e-02
4.926281e-02 4.940072e-02
4.926271e-02 4.941591e-02
4.926219e-02 4.941064e-02
4.926203e-02 4.940430e-02
4.926173e-02 4.938807e-02
4.926148e-02 4.941431e-02
4.926100e-02 4.940699e-02
4.926081e-02 4.939470e-02
4.926011e-02 4.940685e-02
4.926047e-02 4.940566e-02
4.925951e-02 4.943287e-02
4.925931e-02 4.940200e-02
4.925948e-02 4.941539e-02
4.925891e-02 4.940746e-02
4.925862e-02 4.941554e-02
4.925806e-02 4.939984e-02
4.925790e-02 4.938418e-02
4.925745e-02 4.940304e-02
4.925707e-02 4.941033e-02
4.925714e-02 4.944500e-02
4.925604e-02 4.940500e-02
4.925666e-02 4.939982e-02
4.925588e-02 4.941560e-02
4.925516e-02 4.940873e-02
4.925516e-02 4.942121e-02
4.925480e-02 4.941280e-02
4.925461e-02 4.941060e-02
4.925462e-02 4.939213e-02
4.925390e-02 4.938895e-02
4.925384e-02 4.940916e-02
4.925311e-02 4.940195e-02
4.925273e-02 4.939365e-02
4.925313e-02 4.939812e-02
4.925254e-02 4.942037e-02
4.925173e-02 4.940333e-02
4.925208e-02 4.940205e-02
4.925158e-02 4.939066e-02
4.925121e-02 4.937699e-02
4.925075e-02 4.938335e-02
4.925054e-02 4.938890e-02
4.925025e-02 4.938943e-02
4.924993e-02 4.941231e-02
4.924981e-02 4.940779e-02
4.924916e-02 4.940800e-02
4.924900e-02 4.937601e-02
4.924869e-02 4.939947e-02
4.924860e-02 4.939123e-02
4.924850e-02 4.939314e-02
4.924848e-02 4.940821e-02
4.924759e-02 4.940017e-02
4.924751e-02 4.938199e-02
4.924672e-02 4.939278e-02
4.924663e-02 4.939173e-02
4.924688e-02 4.940513e-02
4.924648e-02 4.937697e-02
4.924595e-02 4.937496e-02
4.924541e-02 4.940776e-02
4.924543e-02 4.938353e-02
4.924480e-02 4.937822e-02
4.924467e-02 4.938387e-02
4.924441e-02 4.938463e-02
4.924455e-02 4.938755e-02
4.924370e-02 4.938563e-02
4.924352e-02 4.938968e-02
4.924354e-02 4.937787e-02
4.924321e-02 4.938216e-02
4.924283e-02 4.938376e-02
4.924244e-02 4.938208e-02
4.924207e-02 4.938516e-02
4.924203e-02 4.939396e-02
4.924155e-02 4.936993e-02
4.924160e-02 4.938445e-02
4.924108e-02 4.938333e-02
4.924079e-02 4.938597e-02
4.924006e-02 4.938429e-02
4.924012e-02 4.939808e-02
4.923980e-02 4.938982e-02
4.923964e-02 4.937029e-02
4.923943e-02 4.937766e-02
4.923903e-02 4.939040e-02
4.923910e-02 4.938561e-02
4.923886e-02 4.936733e-02
4.923802e-02 4.939507e-02
4.923808e-02 4.939997e-02
4.923787e-02 4.936769e-02
4.923768e-02 4.938690e-02
4.923707e-02 4.937009e-02
4.923680e-02 4.937196e-02
4.923645e-02 4.937664e-02
4.923657e-02 4.937241e-02
4.923614e-02 4.937335e-02
4.923598e-02 4.938406e-02
4.923558e-02 4.938657e-02
4.923537e-02 4.938130e-02
4.923527e-02 4.938882e-02
4.923486e-02 4.938036e-02
4.923464e-02 4.940571e-02
4.923419e-02 4.937930e-02
4.923430e-02 4.939205e-02
4.923361e-02 4.937369e-02
4.923361e-02 4.938786e-02
4.923325e-02 4.937042e-02
4.923332e-02 4.938360e-02
4.923297e-02 4.938373e-02
4.923230e-02 4.938259e-02
4.923253e-02 4.935228e-02
4.923254e-02 4.937511e-02
4.923208e-02 4.937744e-02
4.923142e-02 4.937811e-02
4.923145e-02 4.938127e-02
4.923121e-02 4.940901e-02
4.923080e-02 4.938544e-02
4.923038e-02 4.938571e-02
4.922986e-02 4.935856e-02
4.922983e-02 4.937320e-02
4.922970e-02 4.935526e-02
4.922968e-02 4.937755e-02
4.922892e-02 4.935422e-02
4.922899e-02 4.935841e-02
4.922849e-02 4.937332e-02
4.922862e-02 4.935874e-02
4.922823e-02 4.938365e-02
4.922796e-02 4.937845e-02
4.922787e-02 4.939244e-02
4.922777e-02 4.936028e-02
4.922752e-02 4.937526e-02
4.922703e-02 4.937598e-02
4.922720e-02 4.937765e-02
4.922656e-02 4.936485e-02
4.922656e-02 4.935765e-02
4.922595e-02 4.935922e-02
4.922589e-02 4.936485e-02
4.922572e-02 4.938637e-02
4.922598e-02 4.939733e-02
4.922527e-02 4.936422e-02
4.922527e-02 4.938257e-02
4.922496e-02 4.936107e-02
4.922441e-02 4.937706e-02
4.922462e-02 4.935921e-02
4.922385e-02 4.937215e-02
4.922385e-02 4.935250e-02
4.922317e-02 4.935273e-02
4.922357e-02 4.937768e-02
4.922289e-02 4.939697e-02
4.922276e-02 4.935543e-02
4.922264e-02 4.939309e-02
4.922251e-02 4.937841e-02
4.922192e-02 4.935929e-02
4.922170e-02 4.936128e-02
4.922199e-02 4.935464e-02
4.922166e-02 4.935115e-02
4.922115e-02 4.937680e-02
4.922088e-02 4.936995e-02
4.922064e-02 4.936684e-02
4.922070e-02 4.936477e-02
4.921993e-02 4.937578e-02
4.921998e-02 4.938699e-02
4.921984e-02 4.936142e-02
4.921953e-02 4.936327e-02
4.921932e-02 4.938228e-02
4.921878e-02 4.936274e-02
4.921891e-02 4.937737e-02
4.921877e-02 4.936855e-02
4.921815e-02 4.936759e-02
4.921791e-02 4.935178e-02
4.921764e-02 4.936923e-02
4.921774e-02 4.935457e-02
4.921727e-02 4.935892e-02
4.921734e-02 4.935599e-02
4.921741e-02 4.936282e-02
4.921702e-02 4.934991e-02
4.921639e-02 4.937055e-02
4.921631e-02 4.936643e-02
4.921585e-02 4.941006e-02
4.921594e-02 4.934679e-02
4.921557e-02 4.936937e-02
4.921560e-02 4.935593e-02
4.921512e-02 4.935733e-02
4.921518e-02 4.936089e-02
4.921475e-02 4.934577e-02
4.921451e-02 4.935721e-02
4.921427e-02 4.935886e-02
4.921411e-02 4.935742e-02
4.921364e-02 4.936174e-02
4.921393e-02 4.934642e-02
4.921369e-02 4.936632e-02
4.921290e-02 4.934922e-02
4.921276e-02 4.935486e-02
4.921276e-02 4.934731e-02
4.921272e-02 4.937586e-02
4.921248e-02 4.937997e-02
4.921228e-02 4.934628e-02
4.921179e-02 4.934849e-02
4.921194e-02 4.935675e-02
4.921143e-02 4.935135e-02
4.921128e-02 4.935822e-02
4.921078e-02 4.935833e-02
4.921086e-02 4.935780e-02
4.921032e-02 4.935486e-02
4.921047e-02 4.934016e-02
4.921012e-02 4.935632e-02
4.920999e-02 4.936651e-02
4.920987e-02 4.934423e-02
4.920975e-02 4.937716e-02
4.920917e-02 4.933935e-02
4.920917e-02 4.934019e-02
4.920887e-02 4.935105e-02
4.920878e-02 4.934456e-02
4.920842e-02 4.935040e-02
4.920830e-02 4.934867e-02
4.920830e-02 4.934245e-02
4.920778e-02 4.933853e-02
4.920782e-02 4.937024e-02
4.920764e-02 4.937063e-02
4.920730e-02 4.933723e-02
4.920692e-02 4.937074e-02
4.920675e-02 4.933917e-02
4.920663e-02 4.935283e-02
4.920638e-02 4.934382e-02
4.920639e-02 4.934530e-02
4.920587e-02 4.936950e-02
4.920560e-02 4.938005e-02
4.920568e-02 4.934467e-02
4.920527e-02 4.933940e-02
4.920524e-02 4.934347e-02
4.920478e-02 4.934173e-02
4.920461e-02 4.933827e-02
4.920473e-02 4.936586e-02
4.920448e-02 4.933686e-02
4.920439e-02 4.936178e-02
4.920425e-02 4.934841e-02
4.920365e-02 4.936344e-02
4.920319e-02 4.934470e-02
4.920298e-02 4.933782e-02
4.920299e-02 4.935272e-02
4.920320e-02 4.935993e-02
4.920246e-02 4.936702e-02
4.920250e-02 4.934348e-02
4.920248e-02 4.935280e-02
4.920241e-02 4.933385e-02
4.920171e-02 4.935025e-02
4.920179e-02 4.934082e-02
4.920175e-02 4.935793e-02
4.920107e-02 4.935519e-02
4.920118e-02 4.935117e-02
4.920121e-02 4.934075e-02
4.920068e-02 4.934179e-02
4.920024e-02 4.933708e-02
4.920043e-02 4.935662e-02
4.919986e-02 4.932777e-02
4.920008e-02 4.932988e-02
4.919973e-02 4.933563e-02
4.919976e-02 4.933615e-02
4.919927e-02 4.935248e-02
4.919864e-02 4.933831e-02
4.919873e-02 4.934294e-02
4.919854e-02 4.933411e-02
4.919833e-02 4.934058e-02
4.919834e-02 4.934226e-02
4.919834e-02 4.932514e-02
4.919795e-02 4.933872e-02
4.919744e-02 4.935120e-02
4.919791e-02 4.933024e-02
4.919736e-02 4.933889e-02
4.919671e-02 4.934359e-02
4.919717e-02 4.932684e-02
4.919671e-02 4.934415e-02
4.919630e-02 4.932887e-02
4.919622e-02 4.935025e-02
4.919637e-02 4.933352e-02
4.919614e-02 4.933872e-02
4.919539e-02 4.934861e-02
4.919509e-02 4.934705e-02
4.919510e-02 4.934935e-02
4.919503e-02 4.933168e-02
4.919448e-02 4.934254e-02
4.919440e-02 4.933832e-02
4.919447e-02 4.934588e-02
4.919480e-02 4.933253e-02
4.919432e-02 4.932346e-02
4.919328e-02 4.934936e-02
4.919381e-02 4.934683e-02
4.919338e-02 4.932957e-02
4.919351e-02 4.932950e-02
4.919314e-02 4.934010e-02
4.919288e-02 4.934613e-02
4.919250e-02 4.932810e-02
4.919247e-02 4.931760e-02
4.919249e-02 4.932143e-02
4.919249e-02 4.937201e-02
4.919218e-02 4.934381e-02
4.919199e-02 4.935285e-02
4.919200e-02 4.936163e-02
4.919134e-02 4.933924e-02
4.919137e-02 4.934402e-02
4.919108e-02 4.932172e-02
4.919073e-02 4.934067e-02
4.919076e-02 4.932483e-02
4.919099e-02 4.933444e-02
4.919026e-02 4.933733e-02
4.919014e-02 4.933631e-02
4.918982e-02 4.933978e-02
4.918946e-02 4.932535e-02
4.918935e-02 4.933961e-02
4.918931e-02 4.935938e-02
4.918937e-02 4.934495e-02
4.918925e-02 4.933272e-02
4.918863e-02 4.933442e-02
4.918874e-02 4.935831e-02
4.918823e-02 4.931437e-02
4.918824e-02 4.932169e-02
4.918782e-02 4.933797e-02
4.918743e-02 4.932164e-02
4.918751e-02 4.933316e-02
4.918733e-02 4.934432e-02
4.918711e-02 4.931780e-02
4.918734e-02 4.934307e-02
4.918671e-02 4.933381e-02
4.918641e-02 4.933421e-02
4.918681e-02 4.934612e-02
4.918670e-02 4.933611e-02
4.918620e-02 4.932945e-02
4.918605e-02 4.932234e-02
4.918582e-02 4.933165e-02
4.918579e-02 4.932328e-02
4.918534e-02 4.933624e-02
4.918514e-02 4.934686e-02
4.918519e-02 4.933117e-02
4.918500e-02 4.933509e-02
4.918452e-02 4.932299e-02
4.918452e-02 4.931438e-02
4.918435e-02 4.934565e-02
4.918377e-02 4.932662e-02
4.918404e-02 4.932205e-02
4.918369e-02 4.932264e-02
4.918379e-02 4.933976e-02
4.918350e-02 4.932021e-02
4.918310e-02 4.931994e-02
4.918328e-02 4.932656e-02
4.918304e-02 4.935058e-02
4.918227e-02 4.933955e-02
4.918232e-02 4.932097e-02
4.918214e-02 4.933199e-02
4.918239e-02 4.931520e-02
4.918210e-02 4.931521e-02
4.918178e-02 4.931912e-02
4.918139e-02 4.933521e-02
4.918140e-02 4.933248e-02
4.918133e-02 4.932776e-02
4.918098e-02 4.931788e-02
4.918097e-02 4.933094e-02
4.918080e-02 4.932316e-02
4.918065e-02 4.935714e-02
4.918064e-02 4.933072e-02
4.918048e-02 4.931734e-02
4.917997e-02 4.931576e-02
4.917953e-02 4.931968e-02
4.917941e-02 4.931774e-02
4.917910e-02 4.932476e-02
4.917934e-02 4.932347e-02
4.917926e-02 4.932720e-02
4.917854e-02 4.933231e-02
4.917861e-02 4.932925e-02
4.917856e-02 4.930774e-02
4.917847e-02 4.932310e-02
4.917799e-02 4.933169e-02
4.917767e-02 4.931981e-02
4.917770e-02 4.933125e-02
4.917766e-02 4.931214e-02
4.917692e-02 4.934302e-02
4.917674e-02 4.930877e-02
4.917709e-02 4.933124e-02
4.917651e-02 4.930757e-02
4.917686e-02 4.933436e-02
4.917637e-02 4.933260e-02
4.917619e-02 4.932064e-02
4.917614e-02 4.932041e-02
4.917559e-02 4.930201e-02
4.917541e-02 4.933574e-02
4.917485e-02 4.931932e-02
4.917498e-02 4.931832e-02
4.917484e-02 4.934460e-02
4.917486e-02 4.930273e-02
4.917493e-02 4.933136e-02
4.917457e-02 4.931297e-02
4.917421e-02 4.931516e-02
4.917452e-02 4.935654e-02
4.917394e-02 4.932984e-02
4.917407e-02 4.930915e-02
4.917372e-02 4.931389e-02
4.917313e-02 4.931544e-02
4.917330e-02 4.930945e-02
4.917345e-02 4.933377e-02
4.917274e-02 4.930937e-02
4.917295e-02 4.930636e-02
4.917261e-02 4.930675e-02
4.917247e-02 4.933001e-02
4.917222e-02 4.932603e-02
4.917258e-02 4.931275e-02
4.917186e-02 4.933616e-02
4.917202e-02 4.931491e-02
4.917177e-02 4.932172e-02
4.917140e-02 4.931539e-02
4.917088e-02 4.930728e-02
4.917106e-02 4.931852e-02
4.917109e-02 4.930775e-02
4.917078e-02 4.930615e-02
4.917034e-02 4.931748e-02
4.917014e-02 4.932169e-02
4.917056e-02 4.932017e-02
4.917012e-02 4.934256e-02
4.917009e-02 4.932355e-02
4.916961e-02 4.929816e-02
4.916922e-02 4.932957e-02
4.916966e-02 4.931885e-02
4.916907e-02 4.930138e-02
4.916910e-02 4.933817e-02
4.916903e-02 4.931090e-02
4.916870e-02 4.930206e-02
4.916831e-02 4.932477e-02
4.916823e-02 4.932016e-02
4.916792e-02 4.930775e-02
4.916746e-02 4.932354e-02
4.916771e-02 4.930371e-02
4.916748e-02 4.931921e-02
4.916737e-02 4.930015e-02
4.916750e-02 4.931112e-02
4.916723e-02 4.931564e-02
4.916704e-02 4.930118e-02
4.916645e-02 4.930873e-02
4.916658e-02 4.930958e-02
4.916646e-02 4.930417e-02
4.916634e-02 4.931606e-02
4.916579e-02 4.931075e-02
4.916582e-02 4.932044e-02
4.916556e-02 4.930557e-02
4.916538e-02 4.930649e-02
4.916521e-02 4.933663e-02
4.916572e-02 4.930814e-02
4.916529e-02 4.929995e-02
4.916506e-02 4.933808e-02
4.916479e-02 4.932431e-02
4.916489e-02 4.933291e-02
4.916426e-02 4.931785e-02
4.916408e-02 4.929806e-02
4.916432e-02 4.930788e-02
4.916365e-02 4.929736e-02
4.916344e-02 4.932695e-02
4.916343e-02 4.931733e-02
4.916307e-02 4.929826e-02
4.916295e-02 4.934286e-02
4.916310e-02 4.931154e-02
4.916285e-02 4.931199e-02
4.916285e-02 4.932536e-02
4.916269e-02 4.931780e-02
4.916226e-02 4.929771e-02
4.916198e-02 4.931984e-02
4.916226e-02 4.930449e-02
4.916206e-02 4.932970e-02
4.916193e-02 4.929292e-02
4.916129e-02 4.933976e-02
4.916139e-02 4.930236e-02
4.916086e-02 4.930468e-02
4.916080e-02 4.929890e-02
4.916082e-02 4.930969e-02
4.916067e-02 4.931881e-02
4.916057e-02 4.930534e-02
4.916018e-02 4.929246e-02
4.916016e-02 4.929039e-02
4.915985e-02 4.929422e-02
4.915970e-02 4.929126e-02
4.915963e-02 4.929970e-02
4.915946e-02 4.930854e-02
4.915921e-02 4.929096e-02
4.915908e-02 4.932139e-02
4.915870e-02 4.929537e-02
4.915868e-02 4.935049e-02
4.915880e-02 4.931595e-02
4.915839e-02 4.929823e-02
4.915822e-02 4.929514e-02
4.915824e-02 4.931240e-02
4.915794e-02 4.930921e-02
4.915794e-02 4.931279e-02
4.915742e-02 4.931121e-02
4.915753e-02 4.930628e-02
4.915719e-02 4.930175e-02
4.915724e-02 4.929827e-02
4.915700e-02 4.932596e-02
4.915692e-02 4.930460e-02
4.915700e-02 4.930563e-02
4.915668e-02 4.930949e-02
4.915580e-02 4.930128e-02
4.915607e-02 4.930691e-02
4.915604e-02 4.929223e-02
4.915555e-02 4.929169e-02
4.915524e-02 4.929921e-02
4.915540e-02 4.932553e-02
4.915543e-02 4.928842e-02
4.915503e-02 4.931593e-02
4.915476e-02 4.934329e-02
4.915473e-02 4.929690e-02
4.915469e-02 4.930261e-02
4.915464e-02 4.929248e-02
4.915443e-02 4.928407e-02
4.915400e-02 4.928905e-02
4.915374e-02 4.928976e-02
4.915378e-02 4.930888e-02
4.915338e-02 4.930472e-02
4.915370e-02 4.929282e-02
4.915321e-02 4.930778e-02
4.915272e-02 4.929736e-02
4.915305e-02 4.930074e-02
4.915322e-02 4.929472e-02
4.915241e-02 4.929538e-02
4.915257e-02 4.933016e-02
4.915226e-02 4.928464e-02
4.915234e-02 4.928768e-02
4.915187e-02 4.929217e-02
4.915216e-02 4.930822e-02
4.915170e-02 4.929164e-02
4.915145e-02 4.928763e-02
4.915114e-02 4.930100e-02
4.915140e-02 4.930324e-02
4.915123e-02 4.929232e-02
4.915072e-02 4.929657e-02
4.915052e-02 4.929381e-02
4.915032e-02 4.932432e-02
4.915053e-02 4.931878e-02
4.915007e-02 4.928387e-02
4.914986e-02 4.930544e-02
4.914984e-02 4.929476e-02
4.914972e-02 4.929218e-02
4.914951e-02 4.928445e-02
4.914955e-02 4.928690e-02
4.914940e-02 4.928422e-02
4.914895e-02 4.928194e-02
4.914864e-02 4.927867e-02
4.914937e-02 4.928143e-02
4.914864e-02 4.930063e-02
4.914820e-02 4.929243e-02
4.914789e-02 4.932415e-02
4.914788e-02 4.926957e-02
4.914803e-02 4.928504e-02
4.914756e-02 4.929365e-02
4.914762e-02 4.931115e-02
4.914724e-02 4.931658e-02
4.914723e-02 4.929956e-02
4.914737e-02 4.929601e-02
4.914709e-02 4.929658e-02
4.914672e-02 4.928377e-02
4.914661e-02 4.927896e-02
4.914667e-02 4.929942e-02
4.914659e-02 4.929062e-02
4.914583e-02 4.932880e-02
4.914566e-02 4.931286e-02
4.914569e-02 4.928499e-02
4.914568e-02 4.930951e-02
4.914575e-02 4.929059e-02
4.914551e-02 4.928627e-02
4.914522e-02 4.930026e-02
4.914516e-02 4.927869e-02
4.914487e-02 4.929910e-02
4.914494e-02 4.928164e-02
4.914476e-02 4.928519e-02
4.914439e-02 4.928268e-02
4.914408e-02 4.930679e-02
4.914374e-02 4.929482e-02
4.914415e-02 4.927972e-02
4.914377e-02 4.928268e-02
4.914354e-02 4.931411e-02
4.914346e-02 4.928731e-02
4.914313e-02 4.928646e-02
4.914372e-02 4.929084e-02
4.914283e-02 4.928348e-02
