0.773156
0.721970
1.543629
0.180717
0.475812
1.828193
0.228853
1.576273
1.043653
0.646068
0.298205
1.835982
1.389785
0.122593
0.939518
0.965336
1.943298
0.268033
1.059473
1.690839
1.755042
1.147323
1.996208
0.849437
0.671263
1.341519
0.194828
1.520333
1.518982
1.354001
0.966980
1.234521
1.063028
0.628128
1.081031
1.018152
1.777765
1.660090
0.272344
0.791683
1.715978
0.547749
1.012537
1.439501
0.972748
0.492218
0.130112
1.222730
0.222638
1.524021
0.664223
1.833358
1.414985
1.145308
0.814259
0.663479
0.107460
0.202302
1.231967
0.883050
1.891623
0.377869
0.428384
0.481573
1.545742
0.159012
0.234340
0.587204
1.273721
0.150603
0.224680
1.781466
1.643773
0.075994
0.110167
0.492366
1.009262
1.254560
0.446730
1.660008
0.677763
1.038255
0.613673
1.838847
0.212305
1.024734
1.235180
1.901122
1.321713
0.089464
1.296287
0.432588
1.158800
1.891992
0.202795
0.099776
1.554626
0.994173
0.212236
0.404459
1.142073
0.704699
1.313239
0.332745
1.941521
0.607145
1.876771
1.877844
1.460087
1.376274
1.263148
0.499629
0.138031
1.761261
0.631039
1.113847
1.341463
1.399094
0.274137
1.868362
0.595399
1.387990
1.759562
0.692078
1.054265
1.065674
0.124432
0.697108
0.282093
0.148795
1.613429
1.223533
0.707560
1.441772
1.682996
1.314946
1.404342
0.613321
0.722532
1.169285
0.839300
0.450639
0.117462
1.110703
1.172943
0.901538
1.328282
0.201002
1.824634
0.325901
1.352465
0.520023
0.937533
1.898758
0.377860
0.977903
0.644844
1.771715
0.329299
0.072891
1.598060
0.257495
1.884888
1.574767
1.745058
0.084197
1.799917
1.889285
1.485922
0.541721
0.674227
1.086936
1.545365
0.585572
0.125337
0.895703
0.162841
1.886336
1.398262
1.673596
1.843418
1.746230
1.481591
1.312697
1.802381
0.827895
0.545534
1.376873
1.403981
0.705197
1.544210
0.691677
1.040805
1.210377
1.936994
1.812140
1.225659
1.692204
0.098759
1.838294
0.117019
1.956894
0.444556
1.297366
0.247451
0.209691
1.040125
1.194908
1.295177
0.586814
0.522964
1.863734
1.883662
0.450064
1.178399
0.998947
0.332981
0.150538
0.614938
0.701403
1.595671
0.808687
1.466733
0.725108
1.395688
0.346257
0.209007
1.527182
1.770699
1.749399
0.210709
1.743534
0.548490
0.532904
1.093145
0.439079
1.042418
0.187647
0.658503
0.230842
1.503968
1.630505
1.089530
1.776000
1.136356
1.131533
0.169624
0.721600
0.777320
0.280900
1.876787
0.319846
1.370516
0.818137
0.411286
0.649562
1.019087
1.497400
0.489490
1.308394
0.104791
0.652034
1.269531
1.273699
1.148521
0.697859
1.392260
1.035642
1.792744
1.632133
1.779577
1.181336
0.788653
1.700676
0.100671
0.835690
0.460869
1.214247
0.343301
1.250364
0.291399
0.253634
0.585244
1.899586
1.483376
1.640751
0.150804
0.933080
0.720842
1.006285
1.574849
1.491489
0.477082
0.178768
0.589683
0.860045
0.890272
0.731129
1.611832
0.592648
1.521556
1.134056
1.739304
1.576679
0.070833
0.651827
0.854019
0.221986
1.484884
0.893886
1.158305
1.309030
0.183061
1.507693
1.618436
1.754984
0.306156
0.876024
1.005058
0.575028
0.083576
1.721896
0.144871
0.135815
0.807818
0.401057
1.716475
0.504989
1.588789
0.186744
1.834131
1.715191
0.223274
1.176498
1.004892
1.883441
0.635041
1.888007
0.626478
1.235475
0.644835
0.572194
1.654118
1.780156
0.629422
0.282852
1.120323
1.753439
0.342583
0.881935
0.645289
1.000511
0.045096
0.510833
0.772478
1.191260
1.620646
1.894007
0.892453
0.687415
0.398337
0.874924
0.048209
1.089749
0.094163
1.859543
0.991906
0.210647
0.125970
0.239521
1.799903
0.900286
0.222467
0.163368
1.851417
0.630675
0.738495
1.618056
1.625760
0.059396
1.057196
0.654525
1.914999
1.291400
0.092212
1.703012
1.896207
1.459633
0.287639
0.981521
0.512200
0.414997
0.286157
1.332064
1.486738
1.615204
0.440104
1.367915
0.529340
1.420494
0.583517
1.335356
1.202058
1.132801
1.311453
1.065155
1.608092
0.859281
1.407153
0.696193
0.190156
1.965236
1.942890
0.401827
0.275591
0.967265
1.776684
0.156082
0.095642
1.723146
1.731506
1.521307
1.109352
1.045902
1.173331
0.558422
1.933610
0.593269
1.395916
0.440814
1.195040
1.248281
0.840327
1.200382
0.418037
1.566880
0.153065
0.863194
0.830881
0.739418
1.319548
1.628464
0.112598
1.248227
1.706144
0.342894
0.140395
0.776232
0.550376
0.745768
1.913727
1.895902
0.521328
1.731425
1.441689
0.122122
0.140412
1.679263
1.406330
1.618550
1.263779
1.903257
0.126774
0.191249
0.165220
0.628446
1.012270
1.121384
1.445354
1.744633
1.110944
0.101981
0.182015
0.891327
0.654319
1.599531
1.731700
0.310992
1.252463
1.512199
1.822506
0.619303
0.447009
0.107254
0.654904
0.885000
0.456317
1.149824
1.730307
1.703718
1.808127
1.088900
0.920518
1.424384
0.908976
0.311653
0.781630
0.721663
1.140603
0.267629
1.970763
1.050009
0.785291
1.766612
0.650850
1.673822
0.665145
0.506348
1.642369
0.893904
0.641413
1.347918
1.915617
1.732419
1.858498
1.019647
1.942289
1.074385
0.322737
0.619275
0.886120
0.969975
1.250574
0.878270
1.910935
1.892694
0.251050
1.707366
1.410314
1.820822
0.488083
1.928992
0.220657
1.287478
0.473741
0.099061
0.632377
1.745148
0.258139
1.300617
1.168424
1.272196
0.958335
0.849115
0.911163
1.823465
1.189363
0.284311
0.878788
0.131179
1.653233
1.118695
0.918658
1.231864
1.297414
1.126464
0.508288
0.631649
0.837355
0.879262
0.705382
0.940901
0.309156
0.059195
1.507348
1.181893
1.720308
0.797634
1.938155
1.025721
1.429140
0.066181
0.199678
1.505798
1.260735
1.296143
1.792251
1.573775
1.760751
1.493180
1.712452
1.581762
1.147884
0.442924
1.945576
1.774690
0.609868
1.957645
0.082325
2.005111
1.772960
0.330965
1.970762
0.809697
1.187902
2.018160
0.635578
0.281323
1.270494
0.519487
1.867504
0.137645
0.403313
1.113051
0.214025
0.131062
0.262106
1.018706
1.808747
0.955000
0.085081
0.431418
1.139017
1.782087
0.059768
0.571451
0.965558
0.606501
0.050510
0.242072
1.845107
1.711870
0.231318
0.904267
1.406132
0.304662
1.705839
1.333812
1.067612
0.657852
0.444088
0.465218
1.074657
1.552164
0.989460
0.113961
0.117693
1.262044
1.346633
1.797129
0.376913
1.828106
0.981722
0.762441
1.400274
0.118159
0.961446
0.492369
0.490818
0.188172
0.418760
1.282032
1.960846
0.247007
1.519275
0.631521
0.952494
0.228002
1.892222
0.649282
1.806576
0.713666
1.841327
1.470555
1.151174
1.356174
1.868060
0.189583
0.323606
0.106615
0.136138
0.405575
0.623569
0.833436
1.811312
0.100764
1.271256
0.436787
0.064669
1.877593
0.669345
1.888232
0.522740
1.206616
0.046809
1.620187
0.094777
1.983173
0.727548
1.933669
1.610967
1.793621
1.591307
1.101548
1.492745
1.201993
1.881330
0.802095
1.850523
1.353834
0.838547
1.464546
0.180214
0.273581
1.144119
1.678544
0.092151
1.289400
1.671463
0.535104
1.871978
1.013207
1.804502
0.198407
1.307712
1.344457
0.431546
0.716074
1.021732
1.914539
0.143679
1.778077
1.097735
1.677569
1.621113
0.952300
1.580708
1.392000
0.201375
1.939052
1.395928
1.829092
1.406222
0.176326
1.934739
1.041466
1.514933
1.931683
0.463181
1.302885
0.942779
1.523803
0.180202
1.704758
1.210221
1.518141
0.187910
1.845575
0.419166
1.391351
1.082400
0.485270
0.626134
0.834330
1.538959
1.172459
0.977352
1.710567
0.534694
0.353934
0.362039
0.582865
1.366522
0.521319
0.360640
1.462924
1.661669
1.343782
0.280654
0.295534
1.363598
0.526921
0.881756
1.814095
0.122134
0.364230
1.925814
0.519800
1.265782
1.916912
2.007265
0.247660
1.879363
1.159504
0.092673
0.998759
0.424861
1.466043
1.316049
0.166821
0.843093
0.215838
0.338775
1.403984
0.139025
1.357202
1.094233
1.874271
0.934135
0.174431
0.337835
0.522633
0.678447
0.899215
0.028022
0.128593
1.547331
0.187605
0.242024
1.623227
1.670657
0.514011
0.303916
0.506231
1.223140
1.528467
0.786241
0.347221
1.486548
0.279191
1.452530
1.614210
1.023322
0.925253
0.484883
0.125776
0.251758
0.874804
1.466300
0.105847
1.659981
1.692551
1.107084
1.367051
0.669998
1.078828
0.793542
0.308085
1.847412
1.709185
0.132343
1.535904
1.355894
0.303016
0.834465
1.130841
0.668513
1.113567
0.633030
0.651437
0.313184
0.644784
1.138970
0.256051
1.711012
1.846100
1.967945
0.748248
0.380015
0.880210
1.888559
0.479437
1.493447
1.731766
1.351925
1.293630
1.890007
0.902695
0.316393
0.268553
1.412581
0.841542
1.269405
0.505775
1.383660
1.502797
1.288663
0.439029
1.651110
1.453094
0.253088
0.571788
1.759795
1.411161
0.317535
0.603239
1.688212
0.473930
1.125934
0.493909
1.309633
0.568856
0.154538
0.803819
0.878166
0.408624
1.144404
0.080975
0.229943
0.969710
0.385482
0.069033
1.936813
0.396939
1.122027
1.434971
1.769884
1.886496
1.314133
1.134773
1.383676
0.657575
0.586042
0.290918
0.207260
1.242535
1.209645
1.598262
0.261237
0.573460
0.651632
1.804043
0.791950
1.911924
0.720402
0.236161
0.747992
1.363258
1.231497
1.341673
0.886948
1.790144
1.915436
1.622908
1.639416
0.937412
1.907864
0.623103
1.563423
0.278412
1.841497
1.204584
1.911413
0.784357
1.501852
1.374779
0.332878
1.810794
0.405767
0.378745
0.797417
0.455937
1.132730
1.425759
1.703935
0.614643
0.108518
0.982676
0.759151
0.334787
0.075207
1.873790
0.589545
0.134227
1.305954
0.992527
1.467555
0.354170
1.170204
1.449911
0.734158
0.598259
0.959960
1.183122
0.972393
1.574833
1.928309
1.914649
1.342219
0.427726
0.813810
0.331020
0.204267
0.107984
0.983284
1.716700
1.091059
1.106472
0.317633
0.788630
0.475884
0.244437
1.502380
1.845751
0.466435
0.956395
1.896551
0.581078
1.168546
1.917907
1.501647
0.482327
1.357386
1.158100
1.089705
1.804819
0.304108
0.648300
0.360018
0.601978
0.427164
0.810476
1.278852
0.151710
0.536516
0.366135
0.987902
0.170866
1.151136
1.140972
0.710259
0.720546
1.673194
1.795143
1.190861
0.936731
0.534484
1.761080
1.061806
0.425287
0.779896
1.804815
0.824004
0.488778
1.755313
0.558385
0.663956
1.423694
0.170244
0.735733
1.067763
1.673131
0.510062
0.086216
0.465808
0.052811
0.544456
0.670903
0.106687
0.184908
0.576908
1.651751
1.471833
0.515533
0.896547
0.751326
1.140831
1.810164
1.477336
0.878316
0.631529
1.799163
1.475098
0.237887
1.865686
0.988772
1.102502
0.562114
0.142074
0.293108
0.405840
0.050371
1.822244
1.580946
0.330069
0.877128
1.477423
0.291723
1.687158
1.097734
1.287369
0.902493
1.012201
0.446982
0.885501
0.090045
0.647330
0.436457
0.354533
0.081386
0.244858
0.714508
0.631557
0.455561
1.949284
0.869600
1.653380
1.414557
1.707231
0.431082
1.788451
0.573010
0.150746
0.356419
1.854178
1.541335
1.179474
0.880013
0.959291
0.616446
0.893401
1.041148
1.062513
1.908779
0.671176
0.255077
1.215616
1.670222
0.748385
0.094840
1.069293
0.766223
1.657344
1.819269
1.570896
0.186217
1.391074
0.786590
1.060602
1.892773
0.118649
1.912427
0.157631
0.782554
1.633094
0.311540
0.904419
0.619077
0.364568
0.535528
1.101738
0.605975
0.546995
1.323877
0.251913
1.517296
1.461733
1.257390
0.307875
0.949630
1.732619
1.899081
1.290597
0.894894
1.332095
0.534635
1.932392
1.804380
0.205991
0.238815
1.740104
1.081675
0.903873
0.512285
0.471582
1.494831
0.662970
0.109656
0.487188
1.189339
1.865019
0.210349
0.812606
0.661282
0.149645
0.436131
0.206529
0.168494
1.706725
0.935781
0.137352
1.423261
0.896628
1.573806
1.744297
1.288391
0.505875
1.385635
0.902524
0.785268
0.932323
0.502890
0.780905
0.728128
1.106754
1.405893
1.245037
0.960542
0.125905
0.807436
0.911378
0.572814
0.983118
0.308220
1.037043
1.550449
1.756265
1.491100
1.546889
0.764866
1.801059
1.896617
0.290040
0.166322
0.293181
1.773912
1.341015
1.082526
0.928531
1.598639
1.759083
0.109297
1.505993
0.538630
0.949986
0.143191
1.885674
1.393249
1.176128
0.469620
1.353963
1.438260
1.126759
1.310000
1.506078
1.088202
1.632920
0.638994
0.228532
0.213023
1.456668
1.419767
1.838646
0.370474
1.736336
1.324651
1.799438
1.234172
1.700228
1.561433
1.236855
1.142156
0.103028
0.235582
0.143219
1.569145
1.930637
1.901001
1.827460
0.065893
1.269752
0.514175
0.787268
1.321538
0.604150
0.652179
1.126007
1.555020
0.176637
0.618625
0.580119
1.740641
1.727166
1.105724
0.946233
0.831603
1.453434
1.603362
0.540152
1.635626
1.276885
1.945067
0.352151
0.133726
1.651349
1.096543
0.141243
0.093070
0.934689
0.576043
0.705144
0.090690
0.942925
1.128868
1.631536
1.211813
1.252267
0.930378
0.178482
0.773159
0.216693
1.041219
1.159764
0.758791
0.869791
1.925121
1.521720
0.377042
1.631447
0.718685
0.083650
0.603989
0.375799
1.575763
1.900360
0.187259
0.349811
0.700238
0.183140
1.042211
0.701717
1.442032
1.796638
0.590973
1.346648
1.785694
1.665286
0.719168
1.184433
0.513033
0.289712
0.241348
0.201605
0.890207
0.643016
0.918981
1.669910
1.724110
1.581779
0.220533
0.734655
0.662370
0.431631
0.450242
0.629981
0.115672
1.909987
0.641001
1.361660
0.647558
1.260314
0.749226
1.670476
1.419333
0.163012
1.592116
1.907556
1.320989
0.767394
0.932731
0.834423
1.627220
0.726324
0.346045
0.567156
1.951545
1.807579
0.932973
1.745495
1.361244
0.632085
1.074154
1.771790
0.999770
0.563199
0.865790
0.049670
0.628006
0.257921
1.897749
1.699941
0.200123
1.060849
1.934920
0.486712
0.278176
0.201798
1.208451
0.699407
0.344217
1.250622
1.826304
0.641890
1.009566
1.273560
0.248554
0.112708
0.527250
0.468349
0.200071
0.346820
0.758209
1.701967
1.148265
1.939670
0.462899
0.642699
1.259750
0.381595
0.638121
0.150861
1.579065
0.199888
0.166230
0.794767
0.380535
1.358614
1.600965
1.460370
0.976788
1.013584
1.596153
0.453050
0.557557
1.270231
1.964443
0.572869
0.695400
0.353353
1.152824
1.737415
0.882752
0.443344
0.095532
0.222001
1.870424
1.958537
1.772610
0.308284
1.230451
0.953469
1.156432
1.650853
0.760327
1.807045
0.302929
1.597143
1.118558
1.351336
1.945709
0.720743
0.812725
1.121547
1.515593
1.712070
1.358645
1.283400
0.822595
0.460183
1.841298
0.209495
1.002679
0.395688
1.752109
1.018292
0.166509
0.442863
0.544631
0.736820
1.778935
1.449299
1.695515
1.282716
0.649645
0.635718
1.919402
1.721408
0.942111
0.094809
1.781401
0.956200
0.592270
0.203389
0.675322
1.373163
1.830900
0.928222
0.374054
0.952290
1.185256
1.817208
0.645532
1.757573
1.603111
1.289112
0.464369
0.451534
1.706202
1.747808
1.392367
0.340874
1.661354
1.343232
1.171703
0.367561
1.734737
1.315053
0.872051
0.248908
0.118770
0.790195
0.907557
0.960814
1.641703
0.749363
1.695838
1.239832
0.145929
1.247285
1.883003
0.439034
0.295951
0.634954
1.309924
0.086045
1.419764
0.909824
1.009216
1.121146
0.750970
1.653200
1.430434
1.021873
0.649571
0.201982
1.977128
1.334949
0.481480
1.273722
1.453188
0.147917
0.965485
0.512364
0.504293
0.873216
1.183758
1.145125
0.096125
1.702867
0.636143
1.961509
0.791715
1.363095
1.274414
1.175794
1.476837
1.012417
0.304331
1.635850
1.365836
1.149912
0.550256
0.328453
1.044571
0.114909
0.901362
1.044628
1.612042
1.337741
1.636505
0.749219
1.291699
0.201348
1.117992
0.904048
0.265203
0.115224
1.033018
0.870827
1.202952
0.414237
0.691617
0.228581
1.945463
0.683664
0.478647
0.351891
0.668098
0.147807
0.812631
0.344790
1.238914
0.350125
0.281849
1.197226
0.750193
0.175637
1.532631
1.177596
0.663012
0.199551
1.012767
0.333983
0.868931
0.210439
1.636932
1.305266
0.137257
0.259619
0.221515
0.051935
0.371482
0.444404
1.278075
1.728998
0.244465
1.858267
0.287434
0.270376
0.803440
0.090760
1.109278
0.994791
0.974440
0.338253
0.561318
1.532604
0.356518
0.338722
0.222587
1.936325
1.370953
0.990494
0.466930
1.001631
1.147694
1.365387
1.874395
1.111763
0.149871
0.561406
1.667369
1.271430
1.710459
1.535196
1.443997
0.122240
0.428708
1.733690
1.601607
1.589538
1.238599
1.380345
0.740290
0.700752
0.877702
1.184750
0.264748
1.501127
1.309993
0.719006
1.471720
0.798303
0.268349
1.166276
0.799944
0.110590
1.814573
1.151593
1.158746
1.800091
1.894987
0.606931
1.502364
1.231370
0.191502
0.152460
0.612751
0.967770
0.427010
1.439822
1.944252
0.776831
1.535850
0.203552
1.115928
0.749188
1.886968
1.758296
1.871871
1.279823
1.157887
0.945863
1.049796
1.156498
0.999645
0.890991
1.393253
1.757353
1.419011
1.564016
0.575957
0.986648
0.245554
1.577040
0.972236
1.852958
1.704550
1.612231
0.383392
0.531631
1.904235
0.916761
0.922771
1.614407
1.920295
1.897965
0.234546
0.430948
0.300253
1.924958
1.314656
0.903206
1.962127
1.916352
1.627695
1.159683
0.157215
1.649278
0.911201
1.003966
1.799245
1.822493
0.218573
0.137499
1.819754
1.627800
1.710912
1.220859
0.142876
1.457106
1.505174
0.609663
0.928194
1.646028
1.430580
1.284093
0.159863
0.092268
0.084158
1.363930
0.798850
0.976960
1.124701
1.601133
1.238292
0.157265
0.807552
1.758941
0.441037
1.262271
0.159766
1.393564
1.150932
0.713222
1.716431
0.104191
1.696619
0.205887
0.647523
1.316648
0.665132
0.175249
1.483684
1.500734
0.549352
1.261267
1.577572
0.168125
1.814824
1.679153
0.549764
1.189798
0.163246
1.264376
0.549819
0.341342
0.952427
1.026471
1.072755
1.628724
0.503026
0.655925
1.387301
1.287544
1.319416
1.618510
0.774240
1.006166
0.662382
0.234811
0.964040
0.967382
1.291740
0.046586
0.491608
1.482313
0.588396
0.175305
1.453990
1.839454
1.944273
1.347968
0.404004
1.296002
1.300305
1.702997
1.615493
1.192106
0.964295
0.591955
0.319418
0.214485
1.000411
0.381565
0.902707
1.818859
0.925763
1.750952
0.851946
0.299019
0.514334
0.463810
1.476638
1.733484
1.166199
1.638060
1.364280
0.726873
0.685896
0.106275
1.154572
0.850755
1.618242
1.107159
1.464625
0.938645
1.084552
0.072723
1.445219
1.953549
0.128348
1.781903
0.342655
0.682987
0.292511
0.391171
1.296724
0.584678
0.754842
1.207883
1.619680
0.253242
1.776760
1.959986
1.389766
0.606804
0.433340
0.274336
1.265797
0.101592
1.148766
0.088935
1.573583
1.396062
1.586843
0.680218
0.492360
0.043272
1.850821
1.431306
1.803782
0.646456
1.761435
1.093790
0.303593
0.900322
1.586045
0.659683
1.576042
1.581697
0.341134
0.181390
0.207156
0.236866
0.182963
0.651722
0.581255
0.487091
0.216178
1.682467
0.125426
0.932106
1.615683
1.202546
1.122910
1.689923
1.379902
1.111172
1.296605
0.585596
0.808727
1.879930
0.498442
1.045979
0.093842
1.632397
1.751900
1.090444
1.278764
0.953858
1.933052
1.972249
1.304322
0.805110
1.695163
1.065462
0.357369
0.651847
1.444673
1.909422
1.572430
1.485025
1.236159
0.576259
0.276689
1.184714
0.101275
1.398413
1.388258
0.553818
0.064516
0.934706
1.021641
0.546659
0.759533
0.922709
0.361866
0.394415
0.741893
1.630029
1.056650
0.421480
0.719133
1.982079
0.114433
1.776947
1.262480
1.043963
0.292690
0.327423
1.088952
1.297371
1.202142
0.803018
1.218578
1.972664
0.801975
1.816920
1.475160
1.710076
0.167440
1.893694
0.891581
1.831037
1.372101
0.895836
0.621282
1.786742
0.878133
1.888070
0.375764
0.311027
1.875200
0.214383
1.248555
0.454640
1.287288
0.167044
1.774352
1.198333
1.449755
1.472180
1.638779
1.592681
0.103825
1.679898
0.224978
0.661182
1.093060
0.430333
1.930440
0.391023
1.911121
1.201226
0.642781
1.652431
0.564544
0.754990
0.547614
1.763321
1.333511
1.017362
1.418076
1.068791
0.499224
0.257054
1.767211
1.631633
0.231102
0.188781
0.168991
1.904798
0.509123
1.509821
0.697558
0.181421
0.457909
1.978255
0.080086
1.223133
1.156227
0.988926
0.694092
1.240892
1.637686
0.802868
0.529014
1.399965
0.711581
0.183484
0.531457
0.617949
0.551509
0.721020
0.567638
0.781824
0.470689
0.859305
0.741509
1.110861
0.253869
1.802143
0.873148
0.881677
0.275792
1.945666
1.871126
1.303466
0.462820
0.385235
0.593631
1.924349
0.249374
0.231847
1.856489
1.300987
1.211881
0.666237
0.978237
0.420811
0.167530
0.250243
1.334716
0.818834
0.867566
0.290675
1.344510
1.833317
1.898099
1.800115
0.115360
1.073765
0.150034
0.612191
1.715273
1.888334
0.533628
0.569693
1.600580
0.513656
0.656321
1.574756
1.641886
1.415841
1.309962
1.216643
0.630862
0.734429
1.041413
1.133611
1.692253
1.736026
1.859957
0.801850
0.136410
0.617427
1.628177
0.983921
1.009915
1.832775
0.805513
0.866731
1.245984
1.856631
1.624624
0.904393
0.352400
1.060883
1.572516
0.422046
0.375336
1.275531
1.351376
0.091813
1.036060
0.366998
0.603876
0.790472
1.950403
0.935132
0.282978
0.797539
0.480512
1.805231
1.228025
1.827262
0.786171
1.015558
0.292129
0.897679
0.946918
0.949911
1.853463
1.667892
0.911964
1.627403
1.017431
1.172248
0.856411
0.222450
1.324774
1.667345
0.828612
0.717515
1.392841
0.717102
1.165842
1.558375
1.102893
1.302239
1.391858
0.531270
0.217985
1.254245
1.049397
0.407377
1.902387
0.755952
1.764538
1.089093
0.609682
0.123945
1.728204
1.537273
1.322393
1.471644
1.102417
1.421106
1.729226
0.130606
0.155113
0.915336
1.853394
0.808441
0.098854
1.432610
0.465302
1.515255
1.789645
1.259320
0.720713
1.113376
1.819730
0.817600
1.091307
0.059350
1.007162
0.380485
1.133703
1.015161
1.361571
0.479291
1.586123
1.568016
1.899185
0.888435
0.059969
0.214563
1.914171
1.852881
0.432480
0.075875
0.821606
0.544208
0.297484
0.147368
1.609105
0.901373
1.339095
0.328487
1.355284
0.171080
1.808832
0.704497
1.122754
0.297104
0.309080
1.128698
1.642414
0.538333
1.862299
1.029579
1.743884
0.867108
0.844923
0.134778
0.271248
0.240227
1.259273
1.728717
0.287438
1.948723
1.833476
1.649328
1.879593
0.263129
1.605803
1.616828
0.641562
0.209059
1.930831
1.198606
1.300905
1.587997
0.352660
0.748565
1.970755
1.816904
1.891254
0.737859
0.476838
0.201584
1.662511
0.786664
0.774633
1.926214
0.900659
1.134699
0.504505
0.640447
0.919642
0.809874
1.381051
0.171422
0.828343
0.589583
1.379936
1.342218
1.451350
1.365158
0.847536
1.729728
1.928969
0.345234
0.437456
1.174071
1.383196
0.251525
0.662528
0.356712
0.509098
0.532461
1.089573
1.202527
1.855997
0.834849
1.958431
0.645219
1.151666
1.833662
1.692704
0.192993
1.595026
1.415004
0.096689
1.863451
1.227398
0.359711
0.418247
1.041748
0.414342
0.352278
1.356008
0.899247
0.523488
0.102662
0.355868
0.085000
0.251498
0.510923
0.269139
1.766825
1.426449
1.963467
0.609475
0.614769
1.714533
0.729326
1.583737
1.744334
0.807073
1.444765
0.341721
0.179917
1.572967
1.035213
1.783379
0.792539
1.385012
1.221280
1.908359
0.533279
0.607681
1.671041
0.993031
0.285839
0.342466
1.597885
1.583495
1.646448
1.622326
0.652654
1.921088
0.948636
1.502284
1.803191
0.796798
1.205791
1.625308
1.146222
0.579210
0.273503
0.178588
0.052310
1.073626
0.601809
1.805278
0.224681
0.216891
0.486142
0.860023
1.098718
1.521100
0.979018
0.394084
0.625226
1.920459
1.744682
1.874375
0.655259
1.780346
1.288425
0.585778
0.523195
0.261186
0.753487
0.760030
0.310799
0.910514
0.135835
0.109332
0.269128
0.722136
1.295804
1.538702
1.139801
0.922533
1.907970
1.019095
0.414527
1.807735
1.894218
0.168310
1.194435
0.915033
1.862401
0.421087
0.929802
0.992574
0.443066
0.073004
0.456894
0.596441
0.850615
0.924877
0.153537
1.117706
0.117546
0.691264
0.073335
1.021343
1.324159
0.812359
0.197629
0.121968
0.083295
0.143119
0.977871
0.712390
1.588528
1.457064
1.485479
1.551636
1.466621
1.158719
1.105110
0.279131
1.206948
1.006045
0.721698
1.105809
0.370080
1.318010
1.331480
0.480990
0.647538
0.545987
1.799948
0.070960
1.922168
1.397883
0.969157
1.507320
1.112913
0.888738
0.474867
0.908104
1.200354
1.143581
1.712705
0.897471
1.690260
0.672233
0.981720
1.087122
1.521102
0.696103
0.229792
1.924679
0.324076
0.163601
0.306844
1.769972
0.778205
1.771368
1.527306
0.908987
1.896746
1.015345
1.401140
1.039443
0.109578
0.596923
0.661224
1.105551
0.213294
1.175523
0.693677
0.122377
1.779865
0.087237
0.636061
0.336277
0.577638
1.703436
0.832646
1.188067
0.962088
1.109858
0.594575
0.856901
1.264864
0.349957
0.698125
1.301663
0.067920
0.859933
0.323609
0.119110
0.900338
0.504675
1.581143
1.378336
1.565100
0.968350
0.115626
0.146473
0.598541
1.395752
0.399208
1.003798
1.407125
1.490583
1.818819
0.759490
1.038945
1.719766
1.522299
0.165774
1.253685
0.499722
0.631561
0.511192
1.518632
1.648563
0.742178
1.588626
0.082862
0.198053
0.175405
0.343062
1.408678
0.613302
1.838624
0.510189
1.226828
0.430511
1.068224
0.592525
0.951516
0.839771
0.919517
0.133708
1.705281
0.519881
0.202060
1.288622
0.198958
0.150376
1.586815
0.500661
0.313100
0.211988
0.844180
1.859452
1.144991
0.257509
1.295420
0.206850
0.121847
0.991582
1.732250
0.245475
0.635160
1.547578
1.804657
1.594576
0.332393
0.677496
1.691060
0.233398
1.598439
1.958946
0.884541
0.925095
1.340874
1.825780
0.898873
0.042936
0.223247
1.935020
0.526504
0.417122
1.366404
0.303318
1.900106
0.278446
1.468249
0.975514
0.725367
0.142230
0.114232
0.795098
1.180521
0.826173
0.884711
1.097114
1.733624
1.339913
0.191288
1.814087
1.778854
1.567059
1.827440
0.760440
1.902328
1.509732
1.404485
0.416216
1.774584
1.329669
1.691783
1.278217
0.731219
0.301013
1.208487
0.738066
1.368564
0.219370
1.690836
0.734669
1.788298
1.417041
1.050305
1.364135
0.990858
1.441443
1.753559
1.191975
0.254391
0.992218
1.062989
0.122675
1.910621
0.804849
1.756595
0.134691
1.272621
0.105552
0.149186
0.246867
1.933526
1.808512
1.813767
1.759099
0.062694
0.680385
1.154480
1.200938
1.223277
0.537174
1.955644
1.571049
0.386203
1.083457
1.818195
0.589115
0.391678
0.096982
1.179761
1.562545
1.115806
1.910518
0.234805
0.712964
1.177936
1.249642
1.299740
0.350952
0.651657
1.105988
0.070522
0.762440
0.165735
0.530324
0.979647
1.277498
1.219299
0.837116
1.571567
1.618529
1.698721
0.155382
1.741958
0.321996
0.503751
1.385954
0.562379
0.440315
0.112173
0.905170
1.817293
0.252159
0.560977
1.872790
0.128149
0.419676
0.837326
1.378183
0.404850
1.929138
1.248028
0.297571
0.821260
0.038114
0.673408
1.021909
1.414559
0.663023
0.124515
1.721497
0.066822
0.230412
0.531989
1.406545
0.479641
1.616499
0.785052
1.083194
0.097841
0.109253
1.748070
1.357942
1.200026
1.934301
1.640668
0.101271
1.830114
0.671413
1.270902
1.114195
0.746437
1.821007
0.845746
0.644311
1.508284
0.215872
1.447402
0.908159
1.341582
1.781815
1.183684
1.775294
1.950189
1.027856
0.618105
0.927829
0.245200
1.890640
1.957119
1.256963
1.827329
1.640693
0.968095
1.820700
1.603597
0.488156
0.678537
0.935221
1.413438
1.923019
0.141856
0.209497
0.991326
0.460050
1.682151
1.938500
1.562977
1.444142
0.559921
1.888687
1.700233
0.321770
1.696711
1.421320
1.287076
1.349039
0.328881
0.068724
1.528820
1.917417
1.231601
0.443962
0.451981
0.334376
0.569382
1.541710
1.957034
1.431251
0.420295
1.635735
0.616316
1.466691
0.424023
0.479331
0.840476
0.310592
0.572145
0.151928
0.177049
1.687387
0.499307
0.177456
0.718077
0.207014
0.820099
0.317189
0.204450
0.882469
0.890814
1.374978
1.231848
1.057654
0.876387
0.839413
1.755708
0.674191
1.855688
1.350342
0.271598
1.916085
0.841571
1.169588
1.751114
0.426855
1.202111
0.146602
0.807565
0.574393
1.750059
1.473800
0.958442
0.559165
0.683948
1.899313
0.744594
0.135210
1.221198
0.607428
1.903624
1.650657
0.097826
1.118658
0.968576
0.195152
1.361007
0.143683
1.270337
1.643503
1.793300
1.860334
1.495405
1.626540
1.736234
1.520599
0.194803
0.535398
1.806039
1.509253
0.216975
0.978096
1.009057
0.289910
1.647717
0.124304
1.173249
0.308982
1.786101
1.154169
1.309760
0.359879
1.252642
1.655178
1.175285
0.715398
0.141308
1.823103
1.521378
0.186422
0.378341
0.712250
1.252616
0.765961
0.853155
0.224567
1.863336
1.000165
0.787364
0.661822
0.368236
0.194503
1.878398
1.195354
1.268841
1.877549
1.356610
0.635377
1.521745
0.075588
1.788918
0.631091
0.802407
0.177515
1.881477
0.687520
0.692290
1.587178
1.796298
1.873414
0.073451
1.730471
0.948736
1.791171
0.320636
0.163924
1.973099
0.954321
0.419003
0.781046
1.814639
1.817958
0.761136
0.963540
1.027070
0.145942
0.760749
1.299074
0.625883
0.430253
1.814795
1.349157
1.482659
1.740509
0.776846
0.502054
1.377124
0.796191
0.065628
0.544714
1.768674
0.330500
0.633253
0.103119
0.704239
1.926993
1.859601
1.256160
1.003494
0.179045
0.361993
0.773516
0.264667
0.580335
1.822050
0.911439
1.840723
0.720595
0.973086
0.401616
1.322495
0.980205
0.788367
0.085704
1.095182
0.053478
0.564204
0.099491
1.457695
0.309479
0.412914
1.714503
1.969114
0.667873
1.977711
0.096232
1.208190
0.924997
1.770778
0.077218
1.484506
1.492062
1.546169
0.209813
1.814468
1.525029
0.400713
0.490883
1.591321
0.894521
0.105918
0.950187
0.687918
1.410849
1.757310
1.251445
1.718850
0.293872
0.550217
0.984272
0.962518
1.257452
0.133451
0.298637
0.201756
0.091174
0.540559
1.768718
0.321177
1.909466
1.791235
0.106187
0.481296
1.672065
1.337605
0.961896
0.159545
1.194398
1.809725
0.220942
0.456188
1.628142
0.605249
1.014189
0.140192
1.160637
0.107460
1.159112
0.574906
0.170500
1.908457
1.434944
1.368017
1.797758
1.789982
1.143634
0.867217
0.212236
1.542444
0.597847
1.575877
1.040097
1.046847
0.547989
0.412579
1.331275
1.030739
0.123968
0.328337
1.462007
0.463543
0.135827
0.643133
1.403000
1.618550
1.298760
1.625323
1.447318
0.050806
1.107908
0.377107
1.029989
1.368098
0.057249
0.741167
1.948662
1.488844
0.253285
1.047783
0.717151
1.251836
1.614202
0.688829
1.778038
1.097523
0.818029
1.002309
0.971673
0.849397
0.128819
1.953736
1.985790
0.628483
1.805060
0.886195
0.255728
1.816051
1.247790
0.706130
0.445053
0.822916
0.118884
1.270833
0.570229
0.965263
1.764984
0.963992
0.634778
1.882907
1.855714
0.644902
0.113947
0.336402
0.223455
0.796820
1.150314
0.401206
0.976855
0.133283
0.894008
0.351701
1.708243
0.551359
0.150081
1.513559
0.496517
1.324518
0.097684
0.612543
0.240990
1.769453
0.889739
0.624252
0.100303
1.873944
0.991986
1.619678
1.187427
0.916266
0.188152
1.670021
0.450871
1.009143
0.873945
0.840192
1.256681
0.677871
0.188235
1.909950
0.285627
1.329111
0.392252
1.128993
0.562694
0.534094
1.738513
1.901730
1.884465
0.289986
1.597100
0.322039
0.795133
1.949544
1.915240
0.154876
1.291122
0.702098
0.925225
0.132259
0.270415
1.287719
0.268746
0.792081
1.754182
0.880104
1.364160
1.916902
0.350488
1.507504
0.705041
1.774560
1.900782
1.967658
1.275533
1.651782
0.157905
1.549343
0.248764
0.563743
0.147656
1.150403
1.247164
1.535534
0.862705
1.804530
1.663189
0.661920
0.455302
1.819792
1.215773
1.943354
0.356129
1.008457
1.633636
1.717500
1.211457
1.850257
1.179016
0.274932
0.215050
1.687470
1.203364
1.814154
1.505773
1.307435
0.370581
1.559226
0.445301
1.852708
1.281299
0.216697
1.497559
1.676941
0.549592
0.640619
1.333755
1.870428
1.506545
0.898018
0.274855
1.425028
0.242146
0.792563
0.488902
0.272663
0.261939
0.475841
1.138927
1.331177
1.104012
1.050907
1.750674
0.592235
1.663809
0.425520
1.053045
1.828206
1.085748
0.705056
0.223953
1.610623
1.198660
1.628568
0.968388
1.358273
0.179865
0.856333
1.864877
0.631147
0.707785
0.907295
1.380734
1.121279
0.225978
1.797609
0.103130
0.742783
0.648537
1.824743
1.156163
1.900858
0.591537
1.326042
1.184251
1.462971
0.895307
1.839170
1.394094
1.409072
1.140177
1.322045
0.621700
1.274021
1.439699
0.201927
1.026755
0.185113
1.976222
1.273462
0.757490
0.182913
1.102590
0.820521
1.471092
1.383007
1.340646
0.096328
1.182839
0.072703
0.441517
1.584043
0.930659
0.922988
1.522336
1.881583
1.729519
1.402000
1.011528
0.183588
0.268532
0.551375
0.554570
0.398541
1.463273
0.397658
0.187891
0.393448
1.784119
1.812113
0.132507
1.965577
0.720274
1.140038
1.597662
1.619756
1.814041
1.560657
1.346277
0.313384
0.892355
1.330408
0.103502
1.072628
0.588508
0.162355
1.082639
0.293515
0.851352
1.657924
1.007281
1.945654
0.652605
1.818572
1.836069
1.718106
0.161521
1.744291
0.697443
0.236325
0.712711
0.595603
1.191617
0.859376
0.979123
0.264054
1.877217
1.450499
0.978259
0.145058
0.846049
0.092026
1.535654
0.127822
0.355996
0.648062
1.550873
0.093436
1.692707
0.846743
1.141595
0.659772
0.703319
1.923173
1.032031
1.148088
1.159069
0.465374
0.382255
0.722364
1.765344
0.177675
0.853018
0.897899
1.510265
0.955844
1.477265
0.790937
0.073491
1.880790
1.912521
0.060277
0.349667
1.545126
0.623987
0.898772
0.901764
0.111358
1.308720
1.513236
0.396158
1.316678
0.135229
0.870178
0.582980
0.234724
0.210621
1.576347
1.656563
1.253759
0.940590
0.125552
0.804780
1.676627
0.108430
0.960981
1.560510
1.893997
0.876611
1.401517
1.747863
0.925773
0.656514
0.084262
0.208971
0.842834
1.266234
1.012214
0.377541
1.390061
1.873036
1.322039
0.693269
0.767788
0.873734
1.861425
0.328929
1.886543
0.796803
0.184292
0.104136
1.108714
1.815249
0.788425
0.118414
0.430271
1.692100
0.667092
1.756805
1.446990
0.101748
1.357795
0.947208
1.507257
0.165905
0.537872
0.909150
0.403614
0.141929
1.969314
0.855585
0.561648
1.004065
1.892794
0.139927
1.607516
0.594901
0.085411
1.834270
0.675831
1.992354
1.044638
0.198148
0.555186
0.321461
0.476887
0.234150
1.348590
1.833235
1.531313
1.722442
1.822922
0.898804
0.725015
1.137405
1.632819
0.301084
0.337939
1.133309
1.854179
0.596949
1.523818
0.359895
0.726827
0.594046
1.865430
1.630526
1.031936
0.693374
1.250855
0.127839
1.287449
0.915765
0.791997
0.311607
1.935639
0.197213
1.912630
0.888196
1.794242
1.929236
0.976014
1.422283
1.875740
1.388146
1.699031
1.657774
0.254426
1.244199
0.120188
1.905012
0.184173
0.424358
0.455683
1.702121
0.443267
1.618165
1.844660
1.149965
1.174631
1.262390
1.384692
0.386402
1.922077
1.882492
1.273653
1.602155
0.755447
0.204033
0.665508
1.241431
0.485379
1.841857
0.237750
1.942018
0.435998
0.565160
0.581133
1.260786
1.244880
1.442049
0.078524
0.895192
1.219152
0.799254
0.140529
0.835581
1.914451
0.364036
1.293038
1.775524
0.942669
0.425784
1.401999
1.027816
1.170446
0.219698
0.596038
0.241814
1.467893
0.997812
1.776312
0.643070
1.238448
0.524411
1.224156
0.189230
0.936386
0.548398
0.909248
0.577838
0.368105
0.792807
1.452801
0.879041
0.932984
0.348320
0.695004
0.519566
0.745194
1.606589
0.658033
1.093233
0.281159
0.161161
0.330312
1.184249
0.226449
0.289621
1.017011
0.890951
0.138382
0.809921
0.620668
1.183104
1.387381
0.136585
0.394466
1.756205
1.685835
0.916175
0.721496
1.907347
0.185657
0.724245
1.788728
0.205533
1.150182
0.234509
0.044334
1.009335
1.149691
0.774729
1.794515
1.200047
1.841820
1.587333
1.096141
0.605930
1.750242
0.126380
1.632445
0.393226
0.125830
1.337749
0.934541
0.097027
1.271966
1.753386
1.185132
1.575297
0.117344
1.471125
1.633941
0.709274
1.505737
1.684257
1.946019
1.355116
1.321335
1.927808
0.825098
1.559069
1.153988
0.346294
1.994451
1.594692
0.627995
1.786820
0.137938
1.734447
0.525662
0.375438
1.014685
0.735090
0.635422
1.650454
0.217375
1.173335
0.616004
0.276471
0.711337
0.587166
1.721186
1.652371
0.124736
0.695163
0.890689
1.848448
1.359825
0.544136
0.942870
1.999068
0.381254
1.365462
0.164540
0.629762
0.609355
1.258603
0.471224
0.342288
1.954152
1.977948
1.867748
0.664700
0.134232
1.777615
1.939745
0.138561
0.779815
0.582799
1.132144
0.920371
1.710523
1.021215
0.473226
0.839019
1.649036
1.861670
1.408254
0.925165
0.568827
1.514930
1.174029
1.062446
1.338624
0.872818
1.854162
1.874177
1.013467
0.577703
1.770671
1.657373
0.143925
1.354016
1.534372
1.735545
0.912931
0.909315
1.659286
1.486165
1.371703
0.666342
1.866470
1.643091
1.243914
1.347555
1.046500
0.975004
1.929663
0.704669
0.526960
0.646683
1.541344
0.326544
0.422937
1.179960
1.498560
1.610012
1.857900
1.660509
0.650374
0.755259
1.147372
1.897605
1.300060
1.475438
0.284596
1.516139
0.987938
1.611089
0.274438
1.856971
0.219726
0.100743
0.856948
1.817685
0.420402
0.265025
0.262512
0.954860
0.228446
0.491560
0.793311
0.829487
1.246659
1.242519
1.027523
0.336962
1.507257
1.366072
0.523341
1.318030
1.354066
0.571866
1.593845
1.908599
1.330490
0.111752
0.472264
0.573277
1.871823
0.119056
0.192909
0.526535
0.669635
1.232274
1.135962
0.229299
0.394541
1.669909
0.254622
0.828423
0.852408
1.280978
1.033066
0.763403
1.506506
0.653071
0.052133
1.215470
1.553345
1.194564
1.492121
1.242331
0.545062
1.250907
0.160527
0.556154
0.441785
0.605683
1.389784
0.946772
1.917160
1.449211
0.367181
0.116832
0.122246
1.593887
1.260397
1.184431
1.853955
1.222324
1.226288
0.383825
1.569086
1.288849
0.958967
1.291406
0.661546
1.344742
1.674564
1.241248
1.561456
1.735628
1.670132
1.606498
0.625470
0.407140
1.298265
1.766666
1.280877
1.093608
1.029129
0.184244
0.677057
1.452415
0.790052
0.304342
0.760742
0.585960
1.696667
0.556897
0.742190
0.879019
1.596099
1.521711
0.884865
0.727035
1.464935
1.840730
1.144055
1.236857
1.284039
0.498261
0.851299
1.883598
0.844184
1.546468
0.424169
1.533602
1.022002
1.146904
1.683601
0.527968
1.782900
1.493789
1.885348
0.854553
1.638216
1.279174
0.108905
0.092655
0.602993
1.642288
1.293449
0.341179
1.464173
1.801393
0.526195
1.385049
1.744091
0.992208
1.291676
1.616288
1.161665
1.348318
1.888334
1.015732
0.955992
1.047496
1.610872
0.267044
0.512782
0.207476
1.933398
1.472772
0.614588
1.896652
1.113820
0.076216
1.858816
0.941638
1.008375
1.902554
1.532361
1.571093
1.262845
0.689533
0.162936
0.912725
1.388738
0.206132
0.535172
1.706542
1.495032
0.666088
1.803491
1.499640
1.689505
0.569225
1.118455
0.729314
1.784376
1.910659
1.158275
0.999242
0.079887
0.667317
1.535549
1.286743
0.452083
0.828107
0.727376
0.864242
1.116493
1.525036
0.217779
0.193714
1.667913
1.114826
0.803802
0.697764
0.964699
0.777107
1.410040
0.331265
0.680335
0.283290
0.390094
0.569790
1.791079
1.802433
0.260915
0.782195
1.557876
1.687899
0.187844
1.448095
0.782984
1.227775
1.108893
1.641472
0.477062
0.944917
1.148123
0.104588
0.652227
0.264350
1.673004
0.550465
0.743690
1.931076
0.294102
1.262150
0.092138
0.708181
1.043966
0.618766
0.099912
0.184822
0.370674
1.445600
1.150146
1.713006
0.900801
1.587685
1.039299
1.858903
1.448114
1.120902
0.719875
1.400672
0.679265
0.393308
0.610451
1.353511
0.961379
0.443123
1.662478
0.142429
0.460796
0.959199
1.364096
1.782156
0.274785
0.490333
0.866435
1.276100
1.957545
1.145294
0.856034
1.066803
0.725949
0.839038
1.882216
0.569449
1.803719
1.631984
0.870147
0.931925
0.115882
1.980541
1.820048
1.631305
1.880183
1.829499
0.181217
0.178828
1.260773
0.258137
0.430706
0.502610
1.176993
1.278261
1.880098
0.285107
0.072194
1.839239
0.278365
0.870884
0.212866
0.149790
1.888600
1.275059
1.551190
0.476509
0.718889
0.133587
0.134027
1.169501
0.597193
1.570799
1.443511
0.520393
1.275200
1.006490
1.678062
0.499016
0.153638
0.078743
0.944339
0.744477
1.718314
1.992461
1.778022
1.586507
1.363687
1.880942
0.210428
1.495646
0.294180
0.596362
0.246107
1.503095
1.176497
1.042619
0.720962
1.576866
1.223958
0.265742
1.977534
1.218148
1.278282
0.939203
0.859525
0.121761
1.373467
1.305304
0.624786
0.834171
0.064206
0.084249
0.068884
1.379469
1.654566
0.598948
0.098652
1.159217
0.608742
1.827050
0.249377
1.462928
0.170439
0.777453
0.255685
1.184171
0.343719
0.421746
0.145806
1.393619
0.311414
1.674975
1.136437
1.232750
1.225459
1.164787
1.835999
0.551311
0.222460
0.708820
0.335797
0.914033
1.406817
0.218553
1.150525
0.772157
1.142449
1.962332
0.916715
0.252442
0.323877
0.612584
1.376465
0.955825
0.903127
0.086992
1.286319
1.696842
0.423648
0.440959
0.557021
1.919638
0.344142
0.181489
0.573291
0.957405
1.885973
0.645117
1.002703
0.284908
0.553844
1.079863
1.495697
0.354071
0.196093
0.508903
0.079995
0.199993
1.428321
0.847756
1.240864
1.857535
0.230014
0.314688
0.048406
0.217129
1.931501
1.292982
1.698185
0.637883
1.381030
1.675101
0.697969
1.820210
0.100509
0.395666
1.213867
0.880968
0.544644
1.533963
0.599491
0.884336
1.319404
1.143000
1.799996
0.945438
0.341468
1.844707
0.386767
1.615572
1.277443
1.764791
1.604715
0.907535
0.668410
0.888933
0.724820
1.450251
0.220067
1.894996
0.933981
1.013018
1.635907
1.704945
0.082525
0.100724
0.821541
1.305259
1.701121
1.509985
0.897057
0.445150
0.375822
1.160015
1.612719
0.439802
0.506828
0.244280
1.348850
0.440560
1.493369
0.104780
1.046388
0.220744
0.419116
0.941739
1.151444
0.827506
0.422249
0.653263
1.252570
0.434332
1.929924
1.476656
0.028572
0.117595
0.919245
0.223346
1.000676
1.324236
0.163299
1.062665
0.081171
0.634842
0.793844
1.107064
1.114509
0.105265
1.519924
0.758357
0.175442
1.634677
0.546015
0.185472
0.585316
0.530459
0.062338
0.143824
1.740462
1.366928
0.275816
1.469353
0.126681
1.860556
1.848600
0.467767
1.486193
0.133301
0.356286
0.443436
0.425864
1.867299
1.177041
0.659120
0.525192
0.519612
0.951432
1.781855
1.517082
0.779892
0.550389
0.145494
0.251182
0.812533
0.212018
1.852414
0.298064
0.570633
0.274101
1.719465
1.754386
1.083279
0.765689
0.529553
1.710282
1.687905
1.591249
1.284287
0.929564
0.647495
0.518400
0.201221
1.833602
1.432657
0.327658
1.115355
0.815471
0.706908
0.634800
0.138800
0.937341
0.907939
0.140074
1.081022
1.806031
0.788859
0.188907
1.899903
1.940475
0.234129
0.554657
0.839499
0.697823
0.239479
1.637501
0.362530
1.927346
0.429990
1.105594
1.486261
1.001590
0.054417
1.605187
0.397950
1.634480
0.842428
0.417406
0.724128
1.560934
0.270409
0.433722
1.689151
0.805445
0.153202
0.713003
1.890220
1.677532
0.623130
0.644174
1.557522
1.159442
1.487277
0.430723
1.784167
0.627596
1.134721
1.264545
0.295993
0.117561
1.299676
1.742474
1.159577
0.143985
0.409785
1.710649
1.016437
0.338825
0.131760
0.550629
1.150042
1.887824
0.653390
0.411425
1.766424
0.874788
1.297028
1.801985
0.320146
0.227700
1.161858
1.412510
1.719833
1.332185
0.565801
1.166964
0.785134
0.493586
1.551012
0.126374
1.538406
0.348578
1.265822
1.322380
0.457404
0.757010
1.078522
1.320949
1.548790
1.006405
0.881752
0.968649
1.395334
0.473971
0.898572
1.765932
0.459180
1.051960
0.127175
0.130843
0.178715
1.373521
0.985838
0.913015
0.859794
0.873365
1.460505
0.204999
1.804808
1.460759
1.676635
0.779434
1.366083
1.208830
1.944931
1.267038
1.585239
1.767583
1.205060
0.529051
0.314174
0.943150
0.204714
0.108094
0.597170
1.416766
0.222643
1.344882
0.987872
0.793603
0.790379
1.447510
0.505144
0.710137
1.283899
0.595250
1.394038
1.847551
2.015252
1.412999
0.119298
1.911559
0.323799
0.243572
1.768354
1.639997
1.530830
0.909668
1.269202
1.941910
0.248680
0.735179
0.186317
0.747167
1.682060
1.249719
1.053433
0.828573
1.790330
0.100810
0.436994
1.326918
1.079043
1.951342
0.473891
1.905411
0.767789
0.939018
1.269059
1.802847
1.548929
1.052179
1.896194
0.939682
1.093957
0.518953
0.911004
1.026113
1.651648
0.415085
1.623161
1.262143
0.281826
0.666308
1.318591
1.123088
1.305040
0.418701
1.384965
0.473634
1.174384
0.362162
0.867618
0.629588
0.165275
0.401202
0.688666
1.803776
0.523043
1.829189
0.637948
1.865568
0.163410
0.688690
0.106698
0.258094
1.712731
1.409680
0.457189
0.289854
1.691665
1.517601
1.000836
0.182216
0.322356
0.372550
1.822501
0.789332
1.881678
0.880715
0.925845
1.625978
0.631269
0.690666
0.073430
0.986928
0.352963
1.165544
1.436614
1.215147
0.686312
1.043053
1.767674
0.885563
0.262338
1.298266
0.771479
1.833633
1.631898
0.398105
0.251829
0.981382
0.222718
0.101368
0.135810
1.424302
1.526982
1.607217
0.647332
0.131222
0.815592
0.429498
0.867208
1.004477
0.198064
1.354460
1.254653
0.824338
1.949762
1.352803
0.187536
1.583427
0.123021
1.215949
0.870205
1.512041
0.870928
1.059087
0.656521
0.644365
0.086915
1.065366
0.767483
0.979661
0.113524
1.685972
1.866234
1.074138
1.124023
1.378312
0.129536
1.097611
1.752239
1.991989
0.313246
0.849082
1.260331
1.530565
0.121333
0.740480
0.237218
1.805071
1.517039
1.517479
0.698575
1.204235
0.684921
1.927175
0.214540
1.471665
0.920207
1.956678
0.627648
0.274071
1.703280
0.438474
0.265437
1.240533
0.046126
0.054863
0.205764
0.411031
0.221766
1.895982
0.417257
0.422686
0.795000
1.786696
0.720243
0.541554
0.750536
1.463906
1.329941
0.908238
1.628035
0.231050
0.084621
1.413068
0.957616
1.092058
0.105225
1.472577
0.746059
0.639152
0.584952
0.714013
1.811768
0.314029
1.007754
0.674519
0.089272
1.861168
1.391750
0.376556
0.261539
0.184109
0.373058
1.884702
0.185691
1.681623
0.328265
1.296638
0.649026
1.768541
1.091792
0.912876
0.407730
1.788535
0.256867
1.098136
0.866199
0.208776
1.760216
1.446351
0.397525
0.377627
1.504475
0.140864
1.970315
0.659612
1.586641
1.927623
1.236751
0.077943
1.613989
1.749493
1.050462
0.274301
0.427112
0.232697
0.167120
1.268854
1.250104
0.089133
1.579121
1.132822
0.664899
0.171319
1.701965
1.629468
0.783318
0.326405
1.597735
1.554898
1.077578
0.446867
0.118426
1.707523
0.539414
1.756081
1.062278
0.102206
0.167009
0.542455
0.981259
0.161101
0.811277
1.490762
1.389021
1.903991
0.285093
1.843672
1.893414
1.188784
1.275274
0.402446
0.446651
1.705571
1.960515
1.552594
1.887954
1.768103
0.824598
1.497355
0.763319
1.827707
0.544286
0.550835
1.540454
1.657480
0.935872
0.468665
1.649004
0.237840
1.206000
0.222742
1.755942
1.918453
1.479750
0.655748
0.169599
0.256541
1.566115
1.088115
1.782841
0.349534
1.117281
1.958616
0.885218
0.282353
0.038229
1.446779
1.106454
0.215558
0.756448
1.954117
1.716002
1.689622
1.621327
1.188857
0.654656
0.710024
0.040672
1.784024
0.173243
0.641678
0.070907
1.439926
1.004591
0.160417
0.980568
1.554239
1.655898
0.688496
0.958621
0.084462
0.585698
0.623381
0.079319
0.610081
1.523190
0.728174
0.618962
0.250108
1.549885
0.725204
0.781501
0.391575
1.426584
1.121514
0.815109
1.205153
0.904929
0.315106
0.210178
1.009598
0.130441
0.058909
1.588978
1.878740
1.710698
1.003498
0.744696
0.744816
0.707452
1.505739
0.369022
1.691433
1.960052
0.687971
0.506883
0.987459
1.655055
0.674526
1.028152
0.949280
1.129052
1.044442
1.313616
1.843481
0.416038
0.940851
0.788149
0.239295
0.924388
0.963157
0.702236
1.339957
0.208293
0.201987
0.492997
1.513242
1.040256
1.122527
1.204373
1.430233
1.801253
0.264970
1.787442
1.234548
1.142438
0.069429
1.289642
0.249367
1.288713
0.949055
0.363084
0.529037
0.777535
0.576148
1.277537
0.628778
0.595641
1.950987
1.123256
0.414463
0.931079
1.020355
0.306042
1.042503
1.824380
1.264670
0.298809
1.854787
0.135750
0.355432
1.779032
1.139922
1.198619
1.039268
0.153077
0.247259
1.122390
0.324283
1.754874
1.018945
0.547508
0.172561
0.725802
0.442847
0.375461
0.630733
0.950054
1.837313
1.943400
1.602885
0.079695
0.801864
1.203096
1.374687
1.878777
0.672386
1.018469
0.412723
1.509337
0.721058
0.875696
0.533418
1.497326
1.121130
0.418504
0.069706
0.233961
1.451849
0.558449
1.511604
1.866013
1.190147
0.262619
0.297386
1.025747
0.828640
0.119608
0.095792
1.808209
1.283469
1.800906
0.557017
1.121474
0.987598
0.341820
1.331118
0.360668
0.681135
0.178258
0.098298
0.404328
0.984692
0.157941
0.153318
0.565183
1.151825
0.936551
0.747386
1.036376
0.862054
0.297568
0.921691
1.207647
0.700131
0.170010
0.206810
1.312975
1.407757
0.703045
1.655039
1.030577
1.215747
1.489945
0.484854
1.438060
1.427874
1.591450
0.181352
0.597229
1.381123
0.514598
0.943646
1.562081
0.909179
1.037446
1.736810
0.730975
0.263388
0.549796
1.554272
0.210925
0.668738
0.676417
0.686479
1.901042
1.935650
1.298965
0.291165
0.173270
0.663227
0.799987
0.796977
0.971474
1.046448
0.086985
0.416076
0.924690
0.420354
0.169718
0.162594
1.379559
0.890513
1.294609
0.577623
1.508742
1.107957
0.999166
1.922488
0.763064
0.070313
1.825023
0.991111
1.702444
0.228756
1.429506
0.829895
1.736555
0.634218
0.904678
1.240223
0.891509
0.313217
1.744424
1.176981
0.130214
0.955338
1.843487
0.104475
1.297156
0.694611
1.221299
1.102571
1.251143
1.514233
1.165467
0.335390
1.323352
1.924717
0.130897
0.917679
0.482011
1.509889
1.648435
0.294363
0.084647
0.113484
1.107341
0.519800
0.290800
1.022950
0.388505
1.195439
1.769585
0.448879
0.623562
1.727348
0.069751
0.951204
1.813439
1.275656
1.134970
1.713411
1.160028
0.248405
0.725888
1.050712
0.981320
0.119283
0.076922
0.158583
1.914602
1.068203
0.658740
1.245494
1.149373
0.974834
0.170110
0.707790
1.333169
1.283905
1.121360
0.092363
1.840285
0.407031
0.343843
1.953421
1.131392
1.802305
0.928957
1.587087
0.873801
1.221336
0.304688
1.273234
0.703164
1.742565
0.947927
0.113066
0.138844
0.831194
0.120473
1.674169
0.342249
1.001046
0.147780
1.000267
1.447152
1.501552
0.158202
0.416943
1.885433
1.396715
1.471597
1.188976
1.143526
0.451570
1.148237
1.845228
0.058439
0.703257
1.116227
1.274895
0.201687
0.063611
1.118050
0.590155
1.128208
0.929795
0.250405
0.177866
0.881332
1.182410
0.860721
0.539081
1.764014
0.222594
0.741140
0.449239
1.503386
1.216062
0.193794
1.570296
1.678454
1.712336
1.415236
1.853794
1.848880
0.362489
0.514817
0.265999
1.007816
1.277403
0.991291
1.883105
1.620364
0.635648
1.245681
0.714798
1.990316
1.508457
1.823553
1.521101
1.610249
1.942467
0.548321
1.868124
1.914221
1.180976
0.637223
1.158302
1.351871
0.723486
1.401124
0.177978
1.916572
0.435699
1.123528
1.375477
1.053360
0.815372
0.497875
1.883342
0.306584
1.853630
0.906481
0.664817
1.237916
0.254730
1.470150
0.347539
0.072323
0.967301
1.362006
0.988744
0.688654
1.319034
0.220834
0.686833
0.142579
1.594960
1.366325
0.898808
0.616386
0.499728
1.769542
0.054030
1.371935
1.653479
0.514765
0.358553
0.318052
1.700953
1.675889
1.639916
0.541658
0.778766
0.212928
1.844125
1.443753
1.908327
0.587537
1.284434
1.000071
1.242121
1.322519
1.758060
0.119695
0.573755
1.587963
1.107055
0.817651
1.809055
1.132061
0.559608
0.306102
1.397919
1.853414
0.184117
0.210025
0.522312
1.931407
1.185275
0.166669
1.543916
0.486637
0.570415
1.713890
1.857307
1.038117
0.958603
1.588405
1.308563
0.936638
0.769437
1.724679
0.463990
1.046116
1.819695
0.142273
1.152857
1.502347
1.943068
0.363126
0.928448
0.571860
1.278547
1.088454
1.074303
1.588395
0.137840
0.174734
1.571110
0.996729
1.707519
0.689560
0.311165
1.647657
1.332877
0.570041
0.511362
0.688433
1.201786
1.269579
0.299712
0.997217
1.049635
1.500334
1.214789
1.659145
1.728400
1.441013
0.890736
0.947563
0.472177
1.931647
1.462431
1.915248
1.123436
0.078598
0.136302
0.892467
0.848830
1.708562
0.800139
1.427070
1.308439
0.510663
1.091391
0.891770
0.521150
1.232096
0.141021
0.999762
1.388794
0.977962
0.791545
1.431911
1.535945
1.822350
0.873324
0.286001
1.210130
1.402263
2.000053
0.055352
0.134883
0.283442
0.404516
1.323600
1.587248
0.563753
0.620870
0.998085
1.269691
0.046929
0.405417
1.517589
0.284509
0.498061
0.965076
0.124585
1.445542
0.767415
0.794313
0.873657
1.473910
0.088923
1.125891
1.025931
0.574699
1.137202
1.780573
0.157643
1.047735
1.219584
1.382488
1.278598
1.234947
1.585923
0.380902
0.254442
1.345547
0.168231
0.303405
0.508451
0.689716
1.779361
0.673955
1.910734
1.931957
0.279393
0.754354
1.690737
1.624866
0.488123
1.616044
1.699453
1.549035
0.559741
0.947326
0.225255
1.495350
1.346410
1.638790
1.372999
1.955999
0.102255
1.762370
0.165676
0.208186
0.798882
0.818763
0.685862
0.231901
0.059599
1.393969
1.678815
0.478190
1.192344
0.960546
0.880446
0.106737
1.644556
1.095857
1.449344
0.251176
1.653934
1.238949
0.212049
0.901075
1.062441
0.500494
0.677466
1.112139
0.143818
1.142073
1.090085
0.547537
1.533394
0.771602
1.617838
1.332816
0.787831
1.596020
1.840943
1.869192
0.564760
1.355317
1.035989
0.239381
0.274794
1.899498
1.888092
1.656747
0.949132
0.056797
1.076270
1.057009
1.864869
1.406487
1.020013
1.709014
0.779108
0.458720
0.970457
1.585954
0.684846
0.542199
1.390048
1.734266
0.959056
1.687394
1.232813
1.448833
0.322611
1.153195
1.934607
1.751040
1.103410
0.367320
0.075898
0.155057
1.565632
1.125449
1.507116
1.516354
1.276796
1.377505
0.119802
1.361941
0.536457
1.151657
1.519859
0.224014
1.568709
0.862162
1.482658
1.102443
1.714299
1.247917
1.252695
1.923289
1.463647
1.820636
0.424639
1.717695
0.479874
1.261195
1.454193
0.825656
1.126939
1.943989
0.375961
0.075430
1.394762
0.992864
0.700249
1.814937
0.980145
0.401271
0.642729
1.398632
0.137704
1.571368
0.813810
1.516307
0.703120
1.485435
0.331955
0.657395
0.703173
1.884479
1.883707
0.516797
0.248528
0.697660
0.989237
0.566555
1.372593
0.680741
1.851740
1.884786
0.568552
1.435634
1.365633
0.477876
0.177811
1.828430
1.440927
0.910637
1.785776
1.704503
1.354064
1.588481
1.379598
0.916714
1.632840
1.559571
0.387314
0.518207
0.440414
1.644466
0.630312
1.050018
1.952531
1.323843
1.536150
1.551936
0.464447
1.686425
1.634596
0.639970
0.996810
1.208611
0.633781
0.980663
0.575310
0.757199
1.836888
1.798067
0.486493
1.768950
0.900530
1.768034
0.137092
1.854070
1.692207
0.548588
0.430208
0.192134
1.769264
1.720169
0.185114
0.122407
0.156599
1.052644
0.589262
0.481864
1.829410
1.270064
1.619770
1.172673
0.493073
0.383206
0.742817
0.966980
0.654679
0.987468
1.089749
0.111409
0.790432
0.639149
0.437674
1.562066
1.005145
0.132078
1.572411
0.733326
0.780914
1.054313
1.936808
0.074177
1.232303
1.080104
1.867306
0.383020
0.274114
1.383066
0.080814
0.480110
0.882140
0.775617
1.805836
1.486212
1.255504
1.673803
0.559298
1.816761
1.290449
0.355492
1.537904
0.830135
0.126206
0.240184
0.968445
1.887509
1.512716
0.921414
1.864008
0.505308
0.519059
1.940429
1.031927
0.984676
1.449084
0.837384
1.414623
1.214461
0.500635
1.664820
1.230568
1.917580
0.151304
0.295974
0.164432
1.857282
1.645631
0.271341
0.312932
1.040429
0.615296
0.359977
0.100375
0.247516
1.041325
0.558521
0.733298
1.162281
0.913971
1.198570
1.502489
0.979116
1.352884
1.715156
1.737385
1.935806
0.200723
0.340319
1.493995
0.327149
1.281623
0.715457
1.790702
0.663633
0.581883
0.512653
1.099940
0.938573
0.157572
0.908749
1.279523
0.110967
1.612782
1.953186
0.911161
1.918708
0.255770
0.112289
0.266751
1.151334
1.045273
0.610750
0.202806
0.044858
1.757289
0.557013
1.287653
0.656759
0.713004
1.984341
1.106414
1.887945
0.565904
0.884632
1.427738
0.961299
0.953509
0.513913
0.041399
0.397955
0.950523
1.512783
0.606812
1.377769
1.797855
0.903306
1.799565
1.493258
0.943577
0.285749
1.818957
0.720592
1.509012
1.334357
0.224724
0.270233
1.751164
1.944568
1.014596
1.065195
1.614231
1.678269
1.207366
0.246405
1.386295
1.593840
0.138497
1.904634
1.942608
1.149692
0.922301
0.387218
0.651162
0.925524
0.159861
1.820991
1.828852
1.547387
0.866800
0.932057
0.810563
1.262860
1.423529
0.231491
1.667716
1.720498
1.259778
1.628397
0.113048
1.101374
0.797192
0.173703
1.586486
0.351898
1.417652
0.519422
0.356375
0.570945
0.192828
0.160558
0.162474
1.780196
1.144254
1.422851
1.568179
1.585438
0.513099
1.429262
1.881285
0.960301
0.196530
0.201270
1.942618
0.276255
0.186403
1.144384
0.091381
0.689113
1.106697
0.122301
0.094240
1.855616
0.840666
0.182405
0.902561
0.387628
0.401477
0.063091
1.439695
0.302113
1.662451
1.103676
1.562480
0.274437
0.215923
1.412424
0.467499
0.861359
1.161052
1.054214
0.791149
0.817434
1.749401
0.957323
1.032417
0.982242
0.546577
0.608587
1.684847
0.189491
0.866992
1.549963
0.145973
0.575491
0.582192
1.925601
0.147961
0.894090
1.827786
0.207636
1.882139
0.361122
1.822542
1.580628
0.449509
0.184076
1.725686
0.724815
0.568604
0.268778
1.814178
1.287017
1.115326
0.337202
1.177970
1.879332
0.897932
1.570301
1.365248
0.597278
0.505878
0.773588
0.600940
0.913342
0.533611
1.043535
0.225750
0.110882
1.214993
1.843987
0.317123
1.330843
0.075035
0.214707
0.740587
1.875385
1.720606
0.713957
1.384932
0.802101
0.148531
0.226684
0.896107
0.614249
1.257861
0.155104
1.339496
0.968272
1.781534
0.676007
0.297940
1.898976
1.692994
0.723382
0.140944
1.102818
0.832517
1.423057
1.868966
0.872353
1.212956
1.498422
0.820116
0.598508
0.935615
1.219486
1.116994
0.682740
1.468292
1.492736
0.070885
1.951314
0.485489
1.452182
1.179435
0.254489
1.909837
1.132903
1.529385
0.947656
0.544897
1.362505
1.515566
0.976444
0.066644
1.916917
0.042581
1.695888
1.591331
0.823880
0.237628
0.389616
1.330067
1.960796
1.506078
1.050549
0.659858
0.755074
1.856026
1.718946
0.131467
0.901156
0.106680
1.733570
1.712698
1.669064
1.240206
1.699590
1.645439
1.955320
0.841874
0.285567
1.643177
0.449111
0.272285
0.422536
0.257755
0.704269
0.580604
0.455187
1.241416
0.769365
0.161414
0.931357
1.409917
0.787124
1.190966
1.516363
0.178386
1.797767
1.110124
1.906564
1.876930
0.485418
0.484807
0.121161
0.195551
1.376569
1.720515
0.431335
1.232381
0.171314
1.188498
0.350663
0.453764
1.420675
1.671328
1.185459
1.822212
0.744272
0.141917
1.229927
1.581139
1.030039
1.657900
0.720461
0.471863
0.247778
0.700662
0.252230
1.647233
1.404622
0.301378
1.541127
0.648599
1.266217
0.126212
1.131986
1.821501
1.501260
0.169382
1.238780
0.154526
1.482489
0.806538
0.607305
0.225462
0.309208
1.620144
1.583087
1.922841
0.116400
0.504476
0.134263
1.585862
1.376789
1.733585
1.817907
0.287159
0.288408
1.018079
0.086428
0.958253
0.953126
1.430382
1.818606
0.432471
1.916206
0.786258
1.711144
0.267377
1.238050
0.943986
0.801004
0.857642
1.026538
0.971006
1.956895
1.805134
1.930279
0.247961
1.259656
1.106854
0.988171
1.421651
0.139153
1.595877
1.270990
0.262767
1.966104
0.095089
1.393953
1.021090
1.440425
0.409095
0.918973
1.704289
0.314996
0.195496
1.800830
1.565172
1.330865
0.116653
0.932969
0.908247
0.323275
1.907467
1.432286
1.880782
1.664120
0.281067
0.140863
0.844982
0.683442
0.717505
0.503409
1.302585
0.289920
1.726717
0.369227
0.479309
0.199479
1.981046
1.054791
0.895132
1.099997
0.339744
1.962700
0.448449
0.749877
1.532545
0.293481
0.669874
0.639850
1.345567
0.138563
0.105791
1.210047
0.902721
0.204340
0.388996
1.468598
1.706488
1.103082
1.182818
1.125189
0.164663
1.759207
0.900666
1.042835
0.832870
1.490533
0.154793
0.634729
1.512650
1.754839
0.458102
0.177731
0.085968
1.291941
0.598633
0.282478
1.871183
1.312358
0.564798
0.545851
1.571931
0.255332
0.274748
1.159626
0.169633
1.451383
0.930661
1.851700
1.036384
1.265965
1.032771
1.008002
1.868449
1.385178
1.612218
0.912589
0.656526
0.182715
0.378342
1.073252
0.442179
1.724151
1.408598
1.009379
1.892571
1.818021
0.297555
0.553492
0.786595
1.120220
0.515829
1.538812
0.128442
1.710679
0.564397
1.500931
0.990036
1.226929
0.854242
0.114221
1.685070
1.333249
0.789081
0.957328
0.342665
0.186533
0.526789
0.473292
1.147877
0.125503
0.752231
1.779057
0.123649
0.072269
0.870798
1.333476
0.606301
0.530129
0.513953
0.946536
1.911687
0.263456
0.857460
1.894738
0.442180
1.669538
0.663276
1.532727
0.484821
0.646568
0.981983
1.617151
0.257246
1.287585
0.746507
0.443150
0.059662
1.264131
1.812488
1.875233
0.488761
1.948754
1.504194
0.138909
1.760922
0.414187
1.689897
0.923514
0.116032
1.836190
1.156565
1.072448
0.949591
1.191847
0.469858
0.713641
0.905637
0.929613
0.524612
1.912561
1.183142
1.679720
1.497043
1.439179
0.194917
1.465732
0.862220
0.666593
0.609212
1.500283
1.112234
0.137827
1.800918
1.719719
0.613790
1.150033
0.808018
0.614976
1.375964
0.598382
0.904336
1.715696
1.222419
1.616449
0.544497
0.136611
0.161849
0.170056
0.379805
1.049479
0.583915
0.730386
0.326590
1.428554
1.489696
1.458564
1.797158
0.476634
1.271884
1.326048
1.635748
1.688700
0.646809
1.836345
1.795746
0.697908
1.771142
1.899987
1.860312
1.163275
1.754371
1.172368
1.194475
1.937225
1.213443
1.794172
0.742641
1.054112
0.335857
1.147079
0.034631
1.196325
0.148567
1.050986
0.690592
0.864826
0.284829
0.718930
0.644239
1.712710
1.667635
1.475484
0.813360
0.613102
0.831556
1.462198
0.574606
0.139275
1.413770
1.661527
1.694535
1.005128
1.454894
1.750062
0.614958
0.140549
1.338614
1.986318
1.706404
0.987218
1.655036
0.271642
0.800479
0.661562
1.702481
1.405891
0.591365
0.134750
0.476054
0.494163
1.538628
0.140339
1.459560
1.415647
0.978432
1.935427
0.457772
0.419027
1.952594
0.726090
1.070616
1.990032
0.130402
1.933396
1.689930
1.842261
1.282150
0.075086
1.644682
1.403941
0.805898
0.061395
0.463432
0.395027
0.984533
0.760547
1.470372
1.144096
1.471606
0.092238
0.541149
1.602123
1.332366
0.124192
0.590905
0.645161
1.325488
0.248007
0.321811
1.402778
1.714775
0.396029
0.180241
0.434455
1.933383
0.137927
0.573020
0.522736
0.416675
0.677146
0.515148
1.585115
1.282969
1.905805
1.624418
0.758145
1.248259
0.821334
0.932828
0.611780
0.542240
1.907018
1.241725
0.278662
1.280874
0.187773
0.905232
0.691681
1.082526
1.652326
0.091689
1.852430
0.547651
0.435557
1.159033
0.245256
0.614947
0.707754
1.725807
1.304045
0.682117
0.680351
1.269658
1.466091
1.062833
0.954186
0.629231
0.884748
1.965772
0.598099
1.141860
1.277376
0.187737
0.578249
0.660248
0.802656
1.161893
0.615999
1.221916
1.566895
0.191853
1.636300
0.127225
0.180634
1.154858
1.500452
1.059788
0.318100
1.379229
1.777284
1.405526
0.427231
0.461663
0.190469
1.676805
1.869701
0.184302
1.303614
0.461879
0.226982
1.311014
0.524716
1.514392
0.787885
0.619144
0.536917
1.014127
1.335197
0.777705
1.617952
1.221968
0.511942
0.883239
0.775143
1.923094
0.869204
1.486661
1.411078
0.415333
1.768580
1.513854
0.775282
0.118538
1.026156
0.786461
0.574015
1.908819
1.823975
0.199333
1.871017
1.605414
0.141989
0.198788
1.990656
0.816336
0.552566
0.107090
1.891988
1.057910
1.229703
0.154864
1.427625
0.072590
1.757073
0.152196
0.804437
1.310814
0.873269
0.825252
0.745504
1.200137
1.266240
1.949165
0.326896
0.103119
1.348450
1.544823
1.472971
1.460720
0.973660
1.111189
0.112899
0.126204
0.970480
0.343207
1.967394
1.137193
0.638596
0.784358
0.352673
1.778133
0.427022
1.112270
1.005071
0.771929
0.380175
1.402818
0.145265
1.105920
0.958468
1.071344
1.181373
0.095153
0.773601
1.302490
1.411061
0.634248
1.044945
0.944433
1.339621
1.904254
0.106546
0.845706
1.636762
0.430241
0.213779
1.155096
0.253965
0.773519
1.440724
1.332488
0.851684
0.848841
1.731364
0.282700
0.704662
0.710407
0.887813
1.021917
1.922545
1.890652
0.216042
1.713545
1.307455
0.196612
1.322174
1.343358
1.831263
1.852839
0.363219
0.685128
0.865683
1.373652
1.984044
0.432538
1.683332
1.919776
1.842207
1.648072
0.827052
0.257579
0.847311
1.883364
1.294992
1.017424
0.862988
1.195827
0.620474
1.165721
0.517196
1.437978
0.208769
0.197620
0.499413
1.463735
1.312621
0.468127
0.570412
1.923277
0.547423
1.465893
1.279863
1.458617
1.756261
1.541245
1.258685
0.416875
0.368764
0.638369
1.270521
1.625001
0.133716
1.072278
1.853023
0.074078
1.618118
0.107418
0.650307
0.064138
0.979346
1.690931
0.201790
0.668869
0.840022
0.107792
1.924872
1.846150
1.644569
1.418459
1.584122
0.221233
0.670172
0.400834
1.199961
1.532705
0.969174
0.105535
1.549271
1.957937
0.158313
0.571685
1.893242
1.702872
1.410435
0.842524
1.666235
1.856071
0.073553
1.120788
1.021959
1.237452
1.799722
1.119630
1.783860
1.627760
0.957837
0.481370
0.076742
0.319045
1.785682
1.523031
1.180645
0.548015
1.133263
1.732230
0.595005
1.239751
1.852065
0.943077
1.029091
0.240386
1.738164
0.745678
0.041169
0.811026
0.110741
0.116923
1.900254
1.157515
1.563513
0.244309
1.038634
1.504552
1.829207
1.208741
0.188405
0.888796
1.155754
1.818690
0.233544
0.757454
0.740014
0.883018
0.314974
1.756820
1.745233
0.676683
0.074993
0.882866
1.365415
1.940441
0.994775
1.727626
0.109758
1.865990
1.811988
1.604438
1.840696
1.374471
0.793502
1.501902
1.478641
1.371491
0.095222
0.765491
1.599540
0.224610
1.427609
0.722979
1.942731
1.905943
1.798616
0.890960
1.803735
0.660620
0.557508
0.676842
1.867541
1.377025
0.806036
1.500237
0.812162
1.239077
1.438515
0.347534
0.861779
0.234256
1.069622
0.638135
0.884340
1.737767
0.991112
1.333564
1.258611
1.101065
1.019300
0.445983
0.296659
0.649675
1.387020
1.406848
1.628116
0.173183
0.989595
1.569439
0.108609
0.989046
1.364643
0.173439
1.684671
0.921315
0.599692
1.125716
0.593670
1.544033
0.390275
1.813734
0.560161
0.200735
1.438401
0.464165
1.053785
1.710073
1.117535
1.940661
0.300879
0.975567
1.650047
0.073593
0.591416
0.883707
1.864545
0.069094
0.789488
1.464758
0.438529
0.961398
1.237513
1.415266
1.891434
0.764471
1.044100
1.784106
1.437227
0.916249
1.099516
1.952574
0.868047
0.127445
1.661253
1.679077
1.718566
1.283948
0.081135
0.649211
1.310917
0.223866
0.863121
0.268142
0.165372
1.025832
1.614100
0.547618
0.535036
1.575649
1.910597
1.741409
1.920741
1.016753
0.169811
0.116002
0.269312
1.708900
1.595512
1.502452
1.694164
0.046847
1.698241
1.849745
0.747500
0.865353
0.754950
0.956595
0.671985
0.787615
1.570317
1.402586
0.718444
0.448997
1.928079
0.122155
1.738405
1.692381
1.322885
1.904466
1.641910
0.808433
1.776154
0.807553
1.591643
0.675205
0.154072
1.236169
1.458707
1.503808
0.689084
0.072090
1.386217
1.876839
0.551032
0.441995
1.826911
0.193130
1.530850
0.160386
0.361841
1.305532
1.392813
1.581306
1.099096
0.089953
1.128880
1.823194
1.258843
1.825516
1.483384
1.273223
1.009720
0.422960
0.123025
0.797095
0.520774
1.724234
0.272262
0.134420
0.195560
1.738739
1.669752
0.047495
0.956332
0.145731
1.890382
1.203513
0.195346
1.218347
0.530755
0.053774
0.997690
1.938751
0.580373
1.369155
1.404207
1.882259
1.206792
0.490504
1.733078
0.583542
1.679757
1.510342
1.612340
1.964139
1.914068
1.633527
0.841041
0.052048
1.254501
0.473648
0.311762
1.348007
1.222364
0.234996
0.471989
0.741464
0.556423
0.372789
0.199631
0.798746
0.203068
0.604641
0.430197
0.040294
0.720739
1.177232
1.512704
0.045496
1.310547
1.889981
1.866153
1.751355
0.635389
0.453718
1.164502
0.897346
1.283857
0.966718
1.626103
0.831618
0.971496
1.411806
1.536630
0.572452
0.986197
0.265179
1.028769
1.299967
1.200790
0.633404
1.945433
0.211760
0.192129
0.991460
0.571190
0.826931
1.586318
1.781312
1.610827
0.610060
1.683128
1.301382
1.624265
0.270305
1.144953
0.969921
0.186408
1.555442
1.452870
1.480347
1.810607
0.593837
1.322610
0.561301
0.494411
0.944956
0.303624
1.258817
1.396876
0.556257
0.218629
0.216501
0.670646
1.838907
0.785273
1.792791
1.596693
0.416709
0.258637
0.215671
0.795991
1.702549
1.452993
1.954527
1.937266
0.324775
0.975288
0.458530
1.039011
0.161310
1.869410
0.933822
1.600224
0.441183
0.589118
0.269951
0.659010
0.638400
1.528865
0.193172
1.442616
1.570695
0.393839
0.834439
1.530544
1.146459
1.273120
1.603371
1.900730
0.623890
0.567980
0.123951
0.600389
1.413695
0.215488
0.206155
1.635950
1.988866
1.525139
0.638185
1.926908
1.769875
1.051904
0.339335
0.774439
0.333931
1.341764
0.148200
0.529624
1.871408
1.933787
0.289774
0.643389
1.779245
0.416006
0.338451
0.429002
0.309518
1.562958
1.348380
0.689320
1.497523
0.156873
0.365672
0.427250
0.505894
0.876799
0.639194
0.423332
0.450035
1.012643
0.282494
0.194485
1.496719
0.404495
0.350129
0.351842
1.026223
1.699978
0.534395
0.377451
0.839106
1.569613
1.555643
0.906033
1.797487
0.500694
0.133040
1.525425
0.664148
1.587409
0.635366
0.430670
0.147001
1.710351
1.373273
1.910914
1.318675
0.904480
1.418133
1.612361
1.825987
0.965258
1.613952
0.659364
1.464326
0.655639
0.455802
1.256123
0.172144
0.507852
0.379754
0.241129
0.117321
1.927766
0.475068
0.665471
0.854769
0.561467
1.934302
1.296061
1.501877
1.353369
0.189110
0.381304
1.128699
1.104825
0.980342
0.514247
1.842263
0.871643
0.432907
0.964815
0.424651
0.737452
1.380886
1.655797
0.723756
1.450729
1.644838
1.460527
1.371107
0.404217
0.798930
1.768763
0.111567
0.978279
0.851625
0.451624
0.834763
0.157904
0.763780
1.373689
1.903821
0.783729
0.843134
0.474582
1.207944
1.287921
0.085444
0.637190
1.386299
1.587575
1.660107
0.928798
1.453993
1.684581
1.564877
0.913604
0.259532
1.928620
1.493425
1.439276
0.157531
1.030557
1.127097
1.902035
0.901308
1.682706
0.785834
1.868282
0.168675
0.446019
0.169989
0.671780
1.753613
1.053585
1.663445
1.316139
1.127510
0.167170
0.675890
1.303258
0.140878
0.219239
1.112443
1.683616
1.394933
0.244262
0.106221
1.161619
1.809134
0.660281
1.951516
0.935963
0.785247
1.479785
0.443285
0.817168
0.489660
0.628881
1.568534
1.760240
1.493890
1.564434
0.173965
0.140004
0.679095
1.740088
1.568556
0.133517
1.139717
0.854502
1.097224
0.806919
1.594864
0.134665
1.325397
0.409664
0.732068
1.700871
0.574550
1.039648
0.641844
1.519160
0.343483
0.060108
0.366929
1.889508
0.668678
1.417033
1.684706
0.854463
1.652185
0.288517
1.224874
0.101723
0.458187
0.251719
1.935522
1.547462
1.333118
1.301147
0.099843
0.295764
1.797467
0.535195
1.531795
1.319507
1.818575
0.955290
0.098442
0.481259
1.006323
1.739240
1.471958
0.740914
1.848212
1.367109
0.101180
1.654528
1.466173
1.062860
0.764441
0.555655
0.593971
0.818655
1.681612
0.114003
0.553899
0.392651
1.396732
1.069992
0.733456
1.355500
1.520398
1.436746
0.146551
0.047671
0.152042
1.181995
0.194431
0.659273
1.427098
0.600060
1.557706
0.652875
0.732975
1.582012
0.377952
1.059811
1.603162
1.130634
1.326410
1.538420
1.155298
0.548755
1.882837
1.746887
1.255182
0.992784
0.206036
1.118041
0.456968
0.767112
1.014341
1.224622
0.188238
0.297337
1.693262
1.967611
1.566860
0.123055
0.206115
1.350389
1.331292
1.613257
0.213025
0.561403
1.101190
1.728090
0.225446
0.290381
1.832493
0.131352
0.528862
1.145474
1.550888
1.767341
1.470414
1.200197
1.497552
0.120356
0.884937
0.856407
0.794455
1.392711
0.540699
0.826304
0.895377
1.078488
0.171503
1.207282
1.637931
0.677829
1.314458
1.445565
1.636157
0.305674
1.265459
1.789811
1.216565
1.202909
1.536159
0.233384
0.861232
1.258396
0.952159
0.903709
0.573401
1.206977
0.782447
1.010514
0.893959
1.611444
0.819391
1.282499
1.457858
1.142880
0.190020
1.151738
1.552854
0.341226
1.392553
0.088485
0.090963
1.491332
1.204231
1.660013
1.348256
0.295295
1.298049
0.805513
1.468504
0.439446
0.161766
0.269631
1.249608
0.611549
0.428416
0.906249
1.267059
0.650825
0.595166
0.564034
1.373798
1.027480
0.174544
1.827080
1.285810
1.442781
0.819803
1.405344
0.943272
0.319606
0.426540
0.903305
1.846649
1.928001
0.587413
0.689779
1.171414
1.632487
1.516150
1.313997
1.036186
0.130582
0.977371
0.942565
1.579073
0.647957
1.292489
1.737847
1.388921
1.541264
0.649698
1.763062
1.870107
0.120933
1.111666
1.354222
0.412190
0.106425
1.578871
0.383499
1.473213
0.893380
0.414299
0.823650
0.267830
0.740873
1.466023
1.471520
0.838810
1.567274
1.189200
1.702833
0.949622
1.707830
0.528678
1.923148
0.084926
1.356184
0.370477
1.407819
1.581206
0.974117
0.424268
0.693444
1.272788
1.450055
0.832415
1.031303
0.647570
1.917844
1.893361
1.377005
1.178278
1.698988
0.836720
0.391181
1.769058
1.422334
1.554982
1.771172
0.991644
0.419813
0.264930
1.750349
0.694416
0.269227
1.521120
0.634291
1.339221
0.059256
0.754179
1.800564
0.349489
0.077750
1.594910
1.596724
0.711136
0.299872
1.292762
0.470816
1.376506
0.561589
0.073070
0.852135
0.618292
1.129466
0.184238
0.576559
0.839022
1.518971
0.187611
0.175863
0.616234
1.249276
1.512147
1.694636
0.380198
0.501545
0.888732
0.305819
0.713031
1.440165
0.297022
1.297520
1.692092
1.291472
0.085970
1.089445
1.424692
0.327872
0.892646
0.078394
1.575450
0.705808
0.169302
0.907164
0.333490
1.523577
1.386442
1.295548
1.725115
0.746216
0.776997
0.270106
0.304924
1.079257
0.387697
1.979391
0.217479
1.832642
0.808388
0.207528
0.733754
0.232610
0.943071
0.946669
0.986090
0.411487
1.484490
1.229940
1.687291
0.713518
0.906768
0.247465
0.970014
1.835219
0.658791
0.810852
1.456301
1.531086
1.739646
1.893313
1.182815
1.596475
0.422179
1.887472
1.933260
0.229201
0.778360
1.332386
1.098790
0.370277
0.925081
1.488449
0.457400
1.901183
1.317921
1.518433
0.562627
0.166522
0.279461
1.393723
1.137126
0.199187
1.615595
0.113473
0.753210
1.903546
0.934089
0.316230
0.160756
0.708018
1.956571
0.363645
0.995688
0.132102
0.261303
0.162109
0.286662
0.638004
0.692298
1.203892
1.785558
0.939500
1.239423
1.843216
0.641404
1.248362
0.076453
0.546391
0.337686
1.272661
0.677559
0.947922
1.199677
1.714848
1.954987
1.770577
1.869241
1.460439
1.344802
0.279771
1.364740
0.515368
0.530165
1.139083
1.547738
1.273580
1.893861
0.744554
0.457730
1.339985
1.323036
0.923727
1.130819
0.712255
1.665406
1.376468
0.949102
1.349581
1.388416
0.204347
1.886446
0.550135
0.245661
1.424541
0.154960
0.096618
0.955066
1.949898
1.801632
0.325754
0.452464
1.660016
0.134746
0.640979
1.709768
0.369209
0.068380
1.917974
1.703204
0.134895
0.518568
1.629971
0.169603
0.174368
1.784020
1.590865
0.880383
0.308904
0.876079
1.238690
0.776078
0.611835
0.138949
1.665234
1.956486
1.858610
1.675101
0.097456
0.126478
0.728531
0.794148
0.315234
1.604248
0.908590
1.756559
1.434182
1.745604
1.443922
0.934060
1.729393
1.532527
0.306530
1.718414
1.051670
1.927672
1.754698
0.882260
0.742559
0.157823
0.962532
0.096816
1.167597
0.233281
1.638190
1.056469
1.174577
0.772679
0.334308
0.739868
0.339942
1.486132
0.479899
0.690346
0.195491
0.657247
1.255054
1.629248
1.992537
0.986518
0.300672
0.138312
1.130152
1.009987
0.076671
0.729129
1.533866
1.230470
0.940978
0.975283
0.327500
0.512617
0.808080
1.540924
0.765392
0.943693
1.852727
0.275007
0.627370
1.543306
1.734766
0.977602
1.675099
1.819477
1.605732
0.790608
0.922624
0.467861
0.051255
1.339863
1.647479
1.418272
1.812671
0.177285
1.397877
1.969731
1.348543
1.883267
0.647350
1.138360
0.823431
0.134279
1.656538
1.279838
0.841286
1.733799
0.227767
1.175578
1.437707
0.588044
0.354606
1.706658
1.735124
0.645266
0.477387
0.952850
0.283838
0.378949
1.056473
1.506708
1.159547
1.908646
0.047821
0.083872
0.871332
0.928360
1.568720
0.541419
0.549141
0.217676
0.581190
0.937909
1.219922
0.160364
0.490530
1.228569
1.678401
1.590885
0.234671
0.394378
0.123361
1.541404
1.133528
0.171469
1.252170
1.296019
0.561656
0.208874
1.768872
1.436805
0.953778
1.063959
1.309889
0.092945
0.145711
1.170485
1.051780
0.231730
0.681427
1.554348
1.965040
0.547136
0.153174
0.971314
1.406423
0.148828
0.051803
1.242920
1.092640
1.381404
1.188733
1.393077
1.433158
0.130976
1.448006
0.191937
1.153091
1.480075
1.928394
0.316439
0.530111
0.714143
0.410087
0.938893
1.460590
0.389710
1.343085
1.917991
0.887935
1.418051
0.985634
1.039796
0.636858
0.424965
1.167986
1.520228
1.215744
0.184037
1.946103
0.127365
0.125956
0.568128
0.753828
1.561267
0.692130
1.813338
0.536637
1.553861
1.432724
1.247245
0.534319
1.356567
1.298454
1.767489
1.423279
0.762324
1.598498
1.636695
1.519567
0.724111
0.819108
1.654681
0.668615
1.689284
0.545692
1.154106
1.659631
1.681666
1.811890
1.945510
0.576073
1.857918
1.730264
1.913680
0.515754
0.767009
0.494663
0.438335
1.032076
1.923403
1.828198
0.371569
0.202688
0.429341
1.100452
1.010747
0.383633
1.623533
0.148536
0.090428
0.262133
1.713171
1.144082
1.556390
0.174880
1.105970
0.220857
0.757038
1.744092
0.554706
1.190404
1.198349
0.531492
0.074271
0.156241
0.957357
0.418397
1.197242
0.387471
1.780159
1.583532
0.648705
0.591357
1.141187
1.267603
0.893131
1.038604
0.268430
1.831869
1.544721
0.770721
1.732468
1.397331
1.075595
1.870559
0.920489
0.856626
1.379029
0.591151
0.656011
0.345696
0.166165
1.920299
1.937538
1.732220
0.659461
1.188102
1.932712
0.682129
1.268832
1.953166
1.665321
0.910730
0.393065
0.909459
1.625380
1.053249
1.681393
1.579652
1.822472
0.507131
1.572009
0.284790
1.749223
0.307774
1.159578
1.228168
0.733661
0.178648
1.423214
0.528184
1.765680
0.958306
0.687091
0.610276
1.105165
0.145931
1.834366
0.471394
0.840275
0.773007
1.269845
0.994469
0.680657
0.273775
1.833981
0.221522
1.696079
0.754472
0.249646
1.645621
1.506004
1.066266
0.353308
0.195882
1.892200
1.184534
0.747400
0.440388
1.396886
1.767230
0.141592
1.405205
0.959829
0.830527
0.376430
0.300531
1.803396
1.610137
1.152216
1.461352
0.827540
1.800189
0.532616
0.087343
1.836615
1.952021
1.982836
1.281702
0.973362
1.806448
1.851177
1.824730
1.181427
0.124157
0.210881
0.695865
1.254183
1.948002
1.739578
1.878700
0.067553
1.044913
0.280273
1.870003
0.911371
0.935540
1.793592
1.295142
1.296048
1.672207
0.250860
0.198679
1.544417
0.190832
0.977423
1.009143
0.047406
1.055876
1.771931
0.355798
1.733701
1.682266
0.114219
1.173202
0.271786
1.189486
0.102341
1.823174
0.939343
0.682570
0.392002
1.832927
0.651543
0.112979
0.850630
0.605097
1.456143
1.301187
1.401429
0.525312
1.415741
0.051892
0.461624
0.181051
1.764220
0.830135
0.277110
0.326025
0.736579
0.859629
1.889290
0.862153
1.879060
1.138296
0.262116
1.261847
0.938313
0.282762
1.141693
0.231695
1.661531
1.573588
1.652290
1.964029
0.869350
0.163571
0.401932
0.387435
0.795238
1.879162
1.075740
1.176894
0.511423
0.914443
1.291122
0.633712
1.319297
0.985406
0.670685
0.544721
0.149322
1.403796
1.594172
1.816828
0.908934
1.367172
1.829715
0.918274
0.822659
1.566589
0.156297
0.523146
1.323324
1.729901
1.617634
1.707413
1.779018
0.954869
1.670250
0.106597
1.751105
1.692440
0.614698
1.274240
1.640113
0.099055
0.918977
0.232304
1.069722
0.252385
0.779344
1.530478
0.915747
0.218663
1.856564
0.227358
0.967083
0.149137
0.640591
1.283108
0.146536
1.481043
0.835787
0.837363
1.674424
1.173514
0.696441
1.307284
0.472754
1.662768
0.233303
1.454251
1.590105
0.925600
0.060887
0.190126
0.653930
1.873342
1.910905
1.757102
1.960517
1.828611
1.214536
0.483355
0.837945
0.485786
1.510897
1.366638
1.159570
1.731689
0.242152
1.436510
1.762622
0.427844
0.087150
0.377344
0.965896
1.401195
0.108298
0.179334
0.103387
1.758961
0.305921
0.556982
0.362709
0.767756
1.859254
1.484016
1.803453
1.290621
1.643108
0.704798
1.712670
0.584179
1.559530
0.193841
1.026788
0.226277
0.175177
1.722268
0.264239
0.561945
1.868056
1.658831
1.321788
0.072422
0.641772
1.343748
0.305200
1.892699
1.877348
1.645291
1.527422
0.471563
0.708383
1.796430
0.597596
1.127581
0.939354
0.184936
1.169902
0.287774
0.323777
0.383053
1.547135
0.219551
1.151876
0.280577
1.965415
0.379791
0.140864
0.703891
0.114631
0.704130
1.862402
0.882804
0.709061
1.593988
1.984278
1.785360
0.147053
1.070061
1.725095
1.206252
1.889297
1.750530
0.323356
0.556990
1.178715
0.240442
0.561068
0.214825
1.191727
0.180075
1.048063
0.764546
1.064114
0.578802
1.944031
1.225485
0.182585
0.561999
0.140186
0.821335
1.834384
0.645736
0.084736
0.157109
0.191926
0.752672
1.344015
1.118114
1.641383
1.900755
1.514878
0.674249
0.176915
1.501052
0.925871
0.200236
0.910389
0.690623
0.407337
1.298574
0.099174
0.098585
1.926902
0.153595
1.371871
0.595036
0.409821
1.933806
0.946054
0.126380
1.291173
0.665782
1.043086
1.620253
0.309934
0.376456
1.563013
0.937217
0.973133
0.575594
1.759828
0.988341
0.173199
1.072153
0.745571
0.124484
1.900338
1.177166
1.579112
0.601786
0.914374
1.624410
0.922953
0.900913
0.061187
0.343725
0.789688
1.693354
0.589351
1.805800
1.093085
1.307194
1.968560
1.387637
1.143654
0.949600
1.333287
0.930674
1.608285
0.804757
1.334766
0.047533
0.045224
0.215448
1.327862
1.769142
1.752468
1.395127
0.565970
1.469156
1.682643
1.147382
0.689481
1.584742
1.137121
0.134001
1.875390
1.056510
1.408114
1.006533
1.928569
1.221771
0.212216
1.270564
0.663246
0.349100
1.112915
1.065791
1.090477
0.118598
0.234654
1.578675
0.406111
0.467413
0.123438
1.638564
1.942291
1.438596
0.115601
1.479890
1.257006
0.317008
0.876444
1.810179
0.913074
1.494505
1.920071
0.597418
1.505229
0.761487
1.010157
1.786541
0.462758
1.000434
1.527411
1.692169
1.400722
1.757670
0.543387
1.013123
1.256048
1.450166
0.926422
0.176887
0.985557
0.678601
1.807910
1.237056
0.519379
0.265940
1.568368
1.291030
1.027428
0.134836
1.765520
0.577264
1.222721
1.757527
1.569826
0.320115
0.624264
0.997365
1.502326
1.424755
0.293273
1.860963
0.167558
1.665357
1.252555
0.539772
0.690974
0.286765
1.638336
0.301232
1.609845
1.956330
1.245319
0.107210
0.269440
1.747404
0.907889
1.540828
0.081002
0.349081
0.550533
0.966639
0.930584
1.748652
0.999421
0.788048
1.250091
0.073283
1.235320
0.184871
1.829293
1.368450
0.764642
1.347963
1.086288
1.174335
1.849957
1.775721
0.958492
0.627519
1.530873
0.388025
1.011817
1.524728
0.052835
1.548449
0.488924
1.775870
1.148311
1.266947
1.759509
1.320228
1.421870
1.823760
0.343936
0.394516
0.117437
0.591906
0.465013
0.907464
0.518852
0.689871
1.506285
0.128233
1.402951
0.461485
1.295991
1.888514
0.106960
1.454392
0.965955
1.236250
1.951645
1.634441
0.477916
1.845848
1.335557
0.137998
1.277602
0.347773
0.684971
0.491377
0.876098
0.141357
0.864452
0.579085
0.945730
0.377855
0.796960
0.840622
0.826018
0.326237
0.946182
0.552178
0.310335
0.521224
0.362542
1.733784
1.125919
0.892763
1.625865
0.936469
0.731354
1.925068
0.611123
1.361819
1.385825
0.965732
0.198772
0.166433
0.070362
0.082380
0.790271
0.975886
1.473509
1.740583
0.682161
0.689676
0.467920
1.408165
0.798958
0.323768
1.013508
1.209311
0.575239
1.960475
1.384382
1.123501
1.260239
0.105567
0.607923
0.588752
0.444152
0.951996
0.421179
0.746654
0.379739
1.781040
0.267656
0.500810
1.610492
1.442891
1.767882
1.149347
1.133291
0.740862
0.881661
1.786343
0.501433
1.452585
1.352437
0.879061
0.099101
0.067727
0.854034
0.270348
1.103282
0.178948
0.152753
1.491173
1.314776
1.207225
1.547682
0.601300
1.717237
0.416108
0.513460
1.921946
0.632564
0.253205
1.364471
0.937929
1.916895
1.948300
0.364017
1.565398
1.201290
1.908413
0.143277
0.875970
0.628521
0.176066
0.547389
1.259185
1.006472
1.117683
1.896905
0.683951
0.097993
0.158348
0.263833
0.556792
1.834556
0.492337
1.115178
1.759648
0.861094
0.113321
0.783610
1.922952
0.183423
1.419290
1.281088
0.550796
0.636349
1.357448
0.145390
0.694668
0.388218
0.104415
0.174656
0.552080
0.789337
0.082176
0.502403
1.782959
1.786424
1.255577
0.490231
1.960605
0.450888
0.534498
1.881736
0.510806
0.208177
0.372732
1.653630
1.337613
0.798510
1.531772
0.436193
0.985814
0.506207
0.588796
1.570553
0.735206
1.772156
0.274896
0.577795
0.475656
1.473361
0.662600
0.256287
0.135864
1.444951
0.843328
0.242858
0.220646
0.145289
0.794006
1.117231
1.115860
0.291274
0.166594
0.488502
0.063074
0.637413
1.785817
1.446282
1.121749
0.128287
0.130067
0.367866
0.268150
1.060951
1.711034
0.089572
0.421359
1.279843
1.107134
1.387489
1.616605
1.641089
1.837909
0.692385
1.579766
0.558757
1.461956
1.919718
0.932272
0.659452
1.332434
1.582482
0.442753
0.470862
1.870274
0.697176
1.444260
1.398323
0.771354
0.712680
0.673449
0.209840
0.083757
0.354550
0.112444
0.485748
0.282204
1.879611
0.150499
0.384441
1.457667
1.468424
0.263027
1.014394
0.217216
1.067278
0.500174
1.421942
1.652683
1.354683
0.919897
1.791386
0.821689
1.599341
0.788668
1.193785
0.358121
0.382403
0.123908
0.854689
0.786585
0.268323
0.264501
0.819354
1.343698
1.826906
0.665172
0.990269
0.848276
0.139667
1.736264
0.498475
0.659274
1.065199
0.645205
0.969509
1.490245
1.085112
1.222365
0.196772
0.527336
1.794819
1.232676
1.210682
1.781304
1.784715
1.543035
0.903042
1.884350
1.544412
0.319482
1.702370
0.843450
1.676285
0.163815
0.812212
1.127394
0.288238
0.843192
1.981026
0.402509
0.714165
0.896062
0.166700
1.367476
0.315762
0.216124
1.430200
0.091802
1.848907
1.111373
1.783623
1.699328
0.965249
1.534592
0.421908
0.954302
0.634729
1.905176
0.582001
1.452054
0.506706
1.522818
0.864865
1.286662
0.181217
1.281313
1.971671
0.174130
0.607851
0.518815
0.528321
1.597357
1.061140
0.158973
0.207915
1.966928
1.435237
0.527312
0.382434
0.603121
1.923923
0.964464
0.917493
1.963444
1.263367
0.535474
1.543434
0.120806
1.231960
1.939304
0.802530
1.306167
0.775553
0.226948
1.804947
1.713901
0.998457
1.474630
1.944617
1.606125
1.498461
1.727651
0.903369
1.837122
0.950711
1.395539
1.960709
1.471539
0.416399
1.317948
0.126190
1.347011
1.759766
0.369333
0.435707
1.592964
0.552141
0.516330
0.770499
1.726239
1.921253
1.546299
0.245701
0.476190
0.526609
0.858685
1.649790
0.820625
1.488571
0.443197
0.456335
0.637872
0.882250
1.256924
0.582546
1.940907
0.988572
0.690362
1.213676
0.252384
1.305727
1.737185
1.652650
1.197754
0.671912
1.315313
0.041470
1.155689
1.197775
1.385097
1.636015
0.637072
1.725941
1.031463
0.951066
1.289499
0.525406
0.960742
1.829477
1.746293
0.469201
0.465939
0.719866
1.897125
0.761126
0.599404
0.933541
1.079527
1.701590
1.069410
1.004816
1.027052
0.207182
0.913830
1.198076
1.333762
0.115574
1.855628
1.254893
1.557661
0.285776
0.647995
1.307388
1.829061
1.426272
0.557106
1.526824
0.208748
1.213239
0.510754
1.016102
0.888473
1.545512
1.092775
0.267549
1.898688
1.691047
1.799166
0.135711
1.083397
1.141278
0.299577
0.331064
0.289750
0.337169
1.866180
0.183602
1.292756
0.097237
0.386635
1.516331
0.865722
0.552689
1.695530
1.142406
1.743656
1.769473
0.229533
1.865777
1.122366
1.163904
0.067361
1.218163
0.808045
0.345714
1.148833
0.547224
1.758068
0.222118
1.008249
0.907660
0.160362
0.139078
1.169372
0.808397
1.789363
0.162009
1.038595
0.135777
0.680415
0.921537
1.071854
0.602857
1.787370
0.267814
0.944666
0.140652
1.488209
0.452872
1.612535
1.290785
1.121858
1.032295
1.891297
1.190194
1.388514
0.733650
1.917764
0.111977
0.807909
0.530236
1.055252
0.522359
0.416882
0.256259
1.252589
1.884285
1.476548
0.303140
1.705549
0.461647
1.285110
0.376897
1.407966
0.409418
1.739856
1.583736
1.094885
0.680976
1.104723
0.137657
0.139822
1.352129
0.054906
0.364218
1.877468
1.858518
0.201639
0.962004
1.100098
1.281525
1.379897
0.499888
0.163272
1.668617
0.763846
0.048525
0.308158
0.591908
0.172728
0.153856
0.130419
0.246315
0.513999
0.287268
0.403422
1.690299
1.399177
1.120577
0.937683
1.951086
1.280478
1.858725
0.146534
0.067208
0.650278
0.179534
0.780286
1.538226
1.556737
1.653025
0.518637
0.634202
0.962965
0.390225
1.158910
0.607482
0.916731
0.681443
0.274395
1.674439
1.832164
0.249231
0.924989
1.834011
0.375181
0.652552
1.630187
0.520864
1.029532
1.565898
0.689422
0.412353
0.190387
1.424269
0.746198
1.772119
1.946770
0.431898
1.150140
0.975988
0.085316
1.858973
1.514000
1.132317
1.775956
1.565335
1.852472
0.308645
1.623124
0.246081
1.902847
0.091361
1.624396
0.219471
0.939382
1.344447
1.325171
0.622494
0.436808
1.914473
0.290495
0.874392
0.963718
0.201953
1.928606
1.166925
1.940864
1.404145
0.315110
0.336423
1.797489
1.481196
0.450068
1.046400
0.614312
1.541967
1.598337
1.941513
0.618559
0.203799
1.094897
1.227990
0.278639
1.564094
0.202728
1.905960
1.579896
1.979763
1.870505
1.224869
0.981143
1.118475
0.757805
1.070145
0.153860
0.279687
0.470494
1.304584
0.254257
0.717447
0.923348
1.398113
1.195584
0.662861
1.652786
1.841016
0.232157
0.603298
0.956166
0.312500
1.456020
1.578401
1.702024
1.291495
0.993062
1.089020
1.473235
1.614053
1.050784
0.780443
1.692729
1.285732
1.820565
0.931938
0.813206
0.638918
0.266127
1.267487
0.732464
0.484062
1.460011
0.204131
0.800883
1.928046
0.672348
1.337708
0.374939
1.896870
1.685614
0.468916
1.804499
0.287883
0.448823
0.288556
0.318175
1.035875
0.813263
0.523456
0.562342
0.813291
0.208100
0.611544
1.570943
0.901542
0.938872
1.583062
0.078135
1.454410
1.947206
1.055685
1.737929
0.978365
1.723292
0.738081
0.082290
1.749603
0.646601
1.246692
1.890252
1.900246
1.868447
1.698736
1.849885
1.851591
0.695042
1.113044
0.915180
0.890800
1.826722
1.429546
0.698880
1.555522
0.444031
1.024528
0.610987
1.568858
0.892184
0.807283
0.556094
0.828196
1.940732
1.353940
1.368201
0.975819
0.973166
0.825974
1.876205
1.090829
1.404273
0.541123
0.159796
1.201734
1.133675
0.193640
1.108218
1.062436
1.134702
1.617688
1.424134
0.184554
1.880001
1.323521
1.306811
1.411663
1.678020
1.039046
0.197775
1.929568
1.598202
0.940527
1.015973
1.635481
1.729393
0.966288
0.086873
0.436024
0.158836
1.561252
0.996778
1.471994
1.246125
1.681635
1.308906
0.702557
1.589502
0.174666
0.545196
1.809507
1.365380
1.872721
0.759665
0.708348
0.365255
0.648095
0.319660
0.518078
1.550304
1.818003
1.186066
1.349600
0.072372
1.751128
1.951001
1.932733
0.894667
1.345687
1.552770
1.367394
0.477077
1.321915
0.126741
1.601187
1.134746
0.596393
0.871585
0.393017
1.422320
1.324453
1.942826
1.462843
1.435896
0.752074
1.732120
1.253323
0.198500
1.733351
1.676014
0.936819
0.666700
0.729022
0.479785
1.088779
1.611408
0.205012
1.209251
0.913734
1.745165
0.922460
0.513946
1.811410
1.089431
1.856336
0.859754
0.437954
1.162613
1.148402
1.896158
0.904070
0.168933
0.860592
0.706806
0.916351
0.516676
0.909330
1.787507
1.375429
1.440162
1.049485
0.417840
0.156218
1.216293
0.491256
0.553646
0.089768
0.492057
0.651432
1.155040
0.624837
1.611932
1.161860
1.217949
0.231715
1.194239
0.628447
1.589261
1.364625
1.939219
1.005595
0.669682
0.642900
1.322939
1.284181
1.545253
0.467792
1.317882
1.619667
1.936726
1.897653
1.553339
0.106911
0.903600
1.724747
0.519533
1.833030
1.303594
1.477294
1.633338
1.566535
1.872997
0.119210
0.927645
0.872004
1.299078
0.217918
1.332467
0.738184
1.750819
1.898368
1.623757
0.994723
1.913417
1.571785
1.138378
1.562131
0.686263
1.915481
1.392378
0.072776
0.900772
1.271400
0.571591
1.137410
0.588696
0.588207
1.212441
1.162020
0.235949
0.476085
1.876005
1.013522
1.699859
1.138481
0.440931
1.747523
0.110096
1.724406
1.854259
0.750670
1.147945
0.881787
1.580739
0.428164
0.065055
1.309994
1.157384
0.534724
1.449108
0.680764
1.194648
1.252320
0.125333
0.806451
0.596545
1.751070
1.855141
1.237633
0.818630
1.423098
0.745113
0.272966
0.954054
1.948952
1.623121
0.239807
1.918621
0.111231
0.986884
1.109299
1.743241
0.495735
1.380216
1.271780
0.908331
1.354163
1.560648
0.888051
1.754128
1.687162
0.948238
0.501026
1.426961
1.005148
1.165339
0.261564
1.211682
1.341417
0.563837
0.563911
1.560051
1.765575
0.222888
1.058965
0.854657
1.749665
1.422513
1.278780
1.147921
0.112287
1.574655
0.972260
0.692795
0.282284
0.682011
0.813760
1.929464
0.917942
1.832302
0.261753
1.201581
1.735753
0.045085
0.303097
1.506908
0.164310
1.230903
0.689894
0.492989
0.474867
1.537781
0.827002
0.885645
1.271883
1.636070
0.577110
1.330286
1.644012
0.380137
0.352936
1.123313
1.819828
0.565271
1.822887
1.606747
1.446453
0.224022
0.568691
1.505928
1.342916
0.474222
1.765379
0.435384
0.713241
1.726932
1.852460
1.198675
0.245799
0.944903
0.216883
0.150316
1.700359
0.119243
0.166666
1.702131
1.736583
1.603745
0.145537
0.149209
1.002743
0.569559
0.634780
0.218165
1.456926
0.906759
0.049551
1.046327
1.939241
1.946397
1.736711
1.815880
0.529585
0.864483
1.745738
1.234465
0.942158
1.734199
0.197940
1.735206
0.492888
1.220243
0.296340
1.280841
1.918294
0.665313
1.695985
1.289968
1.586090
1.904051
1.956973
1.218935
1.951787
1.810456
1.255760
1.416510
1.590565
0.105377
0.454877
1.150203
1.772888
1.757257
0.726897
1.496740
0.181666
1.164520
0.877368
0.635314
1.714077
1.401789
1.608252
1.591643
1.042135
0.161515
1.790565
1.867831
0.582389
0.225162
0.842009
0.960119
1.786199
1.678432
1.037348
1.286939
1.867297
1.080070
1.669120
1.673555
1.889947
0.989110
0.194010
1.404119
0.691863
1.823041
1.509562
1.304199
1.443152
1.565322
0.410304
1.180160
1.110724
0.160453
1.901392
1.790127
1.887226
1.736232
0.933746
1.936057
0.699543
0.535995
0.153185
1.309361
1.569009
1.736915
1.380751
1.346638
0.238653
1.876794
0.488758
1.171148
0.654843
1.664258
0.772996
0.240563
0.139871
0.135302
1.285503
0.880840
0.938455
1.418530
0.585493
1.184348
1.338466
1.001252
0.254859
1.069813
0.532624
1.747155
1.906434
1.828392
0.655712
1.551012
0.416849
0.292530
0.554893
0.864581
1.788450
0.098238
0.962735
0.133412
0.539724
1.120564
0.707241
1.445200
1.037947
1.311861
1.262595
1.219977
1.645797
0.710073
0.195595
1.734280
0.446079
1.094548
0.302569
0.834680
0.796144
1.871048
1.113639
0.376534
1.938565
0.490678
0.517168
1.813474
1.489678
1.624243
1.255374
1.169026
0.315261
0.265393
1.316218
0.720622
0.409871
0.155403
1.594262
1.864509
0.981430
0.773989
0.422763
1.193151
0.080554
1.292487
1.705673
1.354784
0.726972
0.639569
1.874597
0.751958
1.951603
0.464399
0.744698
0.822612
1.066113
0.798312
0.587506
1.470617
0.957034
1.919155
1.476150
1.241331
0.610467
1.933059
0.067188
0.402911
1.304804
1.798698
0.347695
1.294574
1.214473
0.290992
1.476605
1.318358
0.302762
0.684176
1.872617
1.306032
1.666929
0.805506
0.183708
0.934312
0.391405
0.740818
0.155089
0.592728
0.896695
1.942248
0.134300
1.041291
1.352529
0.918271
0.633715
1.270026
1.504745
1.516827
1.625477
0.271738
1.554527
0.907594
1.599061
0.540313
0.123876
0.836119
1.314900
1.201993
1.513561
1.358753
1.424707
1.678691
1.561347
0.191335
0.909436
0.896975
1.832712
0.769894
1.069124
0.366955
1.354645
1.413631
1.483402
1.188214
0.279577
0.542775
0.908083
0.656149
0.567377
1.300404
1.271170
0.107705
1.951030
1.254638
0.395947
0.890776
0.530481
0.411833
0.175162
0.521408
1.636445
0.799402
1.300882
1.788500
0.167784
0.092923
1.400024
1.255514
0.634669
1.326257
0.429629
0.393136
1.498169
1.795985
0.107590
1.384581
0.629349
1.310748
0.786680
1.768390
1.259618
0.516221
0.980813
0.333421
1.300742
0.550180
1.220378
1.589078
1.433085
1.792580
1.546143
0.251698
1.550697
0.607551
0.096061
1.973030
0.188154
0.321309
1.463087
0.212481
1.798405
1.875831
1.050124
0.260101
1.928673
0.163957
1.285046
0.157977
0.533882
1.328139
0.649364
1.900045
1.781420
1.457090
1.205939
0.175295
1.175342
0.207715
1.631216
1.230778
0.628790
1.875211
1.408039
1.444594
0.201766
1.166966
0.294942
1.085361
1.085311
1.391550
1.874451
0.790365
1.891251
1.277107
0.633493
0.903240
0.432771
1.933646
0.731151
0.098013
1.751776
1.029807
0.735727
0.710049
0.185421
1.235177
0.721977
1.316192
1.399577
0.233153
1.614227
1.053654
0.689514
0.152109
1.889064
1.341118
1.561620
0.413009
0.302361
0.179381
1.907167
1.603521
0.686134
1.955892
0.461799
0.172489
0.078268
0.112498
0.723452
1.631497
0.441376
0.174376
0.623640
0.579907
0.155395
1.726300
0.679778
0.312324
1.564521
1.530797
1.165437
1.340561
1.812509
1.770538
1.159103
1.497185
1.304209
1.497021
0.796927
1.545394
1.146439
